"raceId","year","round","positionDisplayOrder","positionNumber","positionText","driverNumber","driverId","constructorId","engineManufacturerId","tyreManufacturerId","time","timeMillis","q1","q1Millis","q2","q2Millis","q3","q3Millis","gap","gapMillis","interval","intervalMillis","laps"
1,1950,1,1,1,"1","2","nino-farina","alfa-romeo","alfa-romeo","pirelli","1:50.800",110800,,,,,,,,,,,
1,1950,1,2,2,"2","3","luigi-fagioli","alfa-romeo","alfa-romeo","pirelli","1:51.000",111000,,,,,,,"+0.200",200,"+0.200",200,
1,1950,1,3,3,"3","1","juan-manuel-fangio","alfa-romeo","alfa-romeo","pirelli","1:51.000",111000,,,,,,,"+0.200",200,"+0.000",0,
1,1950,1,4,4,"4","4","reg-parnell","alfa-romeo","alfa-romeo","pirelli","1:52.200",112200,,,,,,,"+1.400",1400,"+1.200",1200,
1,1950,1,5,5,"5","21","birabongse-bhanudej","maserati","maserati","pirelli","1:52.600",112600,,,,,,,"+1.800",1800,"+0.400",400,
1,1950,1,6,6,"6","14","yves-giraud-cabantous","talbot-lago","talbot-lago","dunlop","1:53.400",113400,,,,,,,"+2.600",2600,"+0.800",800,
1,1950,1,7,7,"7","17","eugene-martin","talbot-lago","talbot-lago","dunlop","1:55.400",115400,,,,,,,"+4.600",4600,"+2.000",2000,
1,1950,1,8,8,"8","20","emmanuel-de-graffenried","maserati","maserati","pirelli","1:55.800",115800,,,,,,,"+5.000",5000,"+0.400",400,
1,1950,1,9,9,"9","15","louis-rosier","talbot-lago","talbot-lago","dunlop","1:56.000",116000,,,,,,,"+5.200",5200,"+0.200",200,
1,1950,1,10,10,"10","9","peter-walker","era","era","dunlop","1:56.600",116600,,,,,,,"+5.800",5800,"+0.600",600,
1,1950,1,11,11,"11","19","louis-chiron","maserati","maserati","pirelli","1:56.600",116600,,,,,,,"+5.800",5800,"+0.000",0,
1,1950,1,12,12,"12","8","leslie-johnson","era","era","dunlop","1:57.400",117400,,,,,,,"+6.600",6600,"+0.800",800,
1,1950,1,13,13,"13","12","bob-gerard","era","era","dunlop","1:57.400",117400,,,,,,,"+6.600",6600,"+0.000",0,
1,1950,1,14,14,"14","16","philippe-etancelin","talbot-lago","talbot-lago","dunlop","1:57.800",117800,,,,,,,"+7.000",7000,"+0.400",400,
1,1950,1,15,15,"15","11","cuth-harrison","era","era","dunlop","1:58.400",118400,,,,,,,"+7.600",7600,"+0.600",600,
1,1950,1,16,16,"16","6","david-hampshire","maserati","maserati","dunlop","2:01.000",121000,,,,,,,"+10.200",10200,"+2.600",2600,
1,1950,1,17,17,"17","24","geoffrey-crossley","alta","alta","dunlop","2:02.600",122600,,,,,,,"+11.800",11800,"+1.600",1600,
1,1950,1,18,18,"18","5","david-murray","maserati","maserati","dunlop","2:05.600",125600,,,,,,,"+14.800",14800,"+3.000",3000,
1,1950,1,19,19,"19","23","joe-kelly","alta","alta","dunlop","2:06.200",126200,,,,,,,"+15.400",15400,"+0.600",600,
1,1950,1,20,20,"20","10","joe-fry","maserati","maserati","dunlop","2:07.000",127000,,,,,,,"+16.200",16200,"+0.800",800,
1,1950,1,21,21,"21","18","johnny-claes","talbot-lago","talbot-lago","dunlop","2:08.800",128800,,,,,,,"+18.000",18000,"+1.800",1800,
2,1950,2,1,1,"1","34","juan-manuel-fangio","alfa-romeo","alfa-romeo","pirelli","1:50.200",110200,,,,,,,,,,,
2,1950,2,2,2,"2","32","nino-farina","alfa-romeo","alfa-romeo","pirelli","1:52.800",112800,,,,,,,"+2.600",2600,"+2.600",2600,
2,1950,2,3,3,"3","2","jose-froilan-gonzalez","maserati","maserati","pirelli","1:53.700",113700,,,,,,,"+3.500",3500,"+0.900",900,
2,1950,2,4,4,"4","14","philippe-etancelin","talbot-lago","talbot-lago","dunlop","1:54.100",114100,,,,,,,"+3.900",3900,"+0.400",400,
2,1950,2,5,5,"5","36","luigi-fagioli","alfa-romeo","alfa-romeo","pirelli","1:54.200",114200,,,,,,,"+4.000",4000,"+0.100",100,
2,1950,2,6,6,"6","38","luigi-villoresi","ferrari","ferrari","pirelli","1:52.300",112300,,,,,,,"+2.100",2100,"-1.900",-100,
2,1950,2,7,7,"7","40","alberto-ascari","ferrari","ferrari","pirelli","1:53.800",113800,,,,,,,"+3.600",3600,"+1.500",1500,
2,1950,2,8,8,"8","48","louis-chiron","maserati","maserati","pirelli","1:56.300",116300,,,,,,,"+6.100",6100,"+2.500",2500,
2,1950,2,9,9,"9","42","raymond-sommer","ferrari","ferrari","pirelli","1:56.600",116600,,,,,,,"+6.400",6400,"+0.300",300,
2,1950,2,10,10,"10","16","louis-rosier","talbot-lago","talbot-lago","dunlop","1:57.700",117700,,,,,,,"+7.500",7500,"+1.100",1100,
2,1950,2,11,11,"11","10","robert-manzon","simca-gordini","gordini","englebert","2:00.400",120400,,,,,,,"+10.200",10200,"+2.700",2700,
2,1950,2,12,12,"12","52","emmanuel-de-graffenried","maserati","maserati","pirelli","2:00.700",120700,,,,,,,"+10.500",10500,"+0.300",300,
2,1950,2,13,13,"13","12","maurice-trintignant","simca-gordini","gordini","englebert","2:01.400",121400,,,,,,,"+11.200",11200,"+0.700",700,
2,1950,2,14,14,"14","24","cuth-harrison","era","era","dunlop","2:01.600",121600,,,,,,,"+11.400",11400,"+0.200",200,
2,1950,2,15,15,"15","50","birabongse-bhanudej","maserati","maserati","pirelli","2:02.200",122200,,,,,,,"+12.000",12000,"+0.600",600,
2,1950,2,16,16,"16","26","bob-gerard","era","era","dunlop","2:03.400",123400,,,,,,,"+13.200",13200,"+1.200",1200,
2,1950,2,17,17,"17","44","franco-rol","maserati","maserati","pirelli","2:04.500",124500,,,,,,,"+14.300",14300,"+1.100",1100,
2,1950,2,18,18,"18","4","alfredo-pian","maserati","maserati","pirelli",,,,,,,,,,,,,
2,1950,2,19,19,"19","6","johnny-claes","talbot-lago","talbot-lago","dunlop","2:12.000",132000,,,,,,,"+21.800",21800,,,
2,1950,2,20,20,"20","8","harry-schell","cooper","jap","dunlop",,,,,,,,,,,,,
2,1950,2,21,21,"21","28","peter-whitehead","ferrari","ferrari","dunlop",,,,,,,,,,,,,
3,1950,3,1,1,"1","98","walt-faulkner","kurtis-kraft","offenhauser","firestone","4:27.970",267970,,,,,,,,,,,
3,1950,3,2,2,"2","28","fred-agabashian","kurtis-kraft","offenhauser","firestone","4:31.100",271100,,,,,,,"+3.130",3130,"+3.130",3130,
3,1950,3,3,3,"3","31","mauri-rose","deidt","offenhauser","firestone","4:32.070",272070,,,,,,,"+4.100",4100,"+0.970",970,
3,1950,3,4,4,"4","5","george-connor","lesovsky","offenhauser","firestone","4:32.390",272390,,,,,,,"+4.420",4420,"+0.320",320,
3,1950,3,5,5,"5","1","johnnie-parsons","kurtis-kraft","offenhauser","firestone","4:32.640",272640,,,,,,,"+4.670",4670,"+0.250",250,
3,1950,3,6,6,"6","49","jack-mcgrath","kurtis-kraft","offenhauser","firestone","4:33.000",273000,,,,,,,"+5.030",5030,"+0.360",360,
3,1950,3,7,7,"7","69","duke-dinsmore","kurtis-kraft","offenhauser","firestone","4:34.670",274670,,,,,,,"+6.700",6700,"+1.670",1670,
3,1950,3,8,8,"8","14","tony-bettenhausen","deidt","offenhauser","firestone","4:34.920",274920,,,,,,,"+6.950",6950,"+0.250",250,
3,1950,3,9,9,"9","17","joie-chitwood","kurtis-kraft","offenhauser","firestone","4:35.320",275320,,,,,,,"+7.350",7350,"+0.400",400,
3,1950,3,10,10,"10","3","bill-holland","deidt","offenhauser","firestone","4:35.900",275900,,,,,,,"+7.930",7930,"+0.580",580,
3,1950,3,11,11,"11","59","pat-flaherty","kurtis-kraft","offenhauser","firestone","4:37.760",277760,,,,,,,"+9.790",9790,"+1.860",1860,
3,1950,3,12,12,"12","54","cecil-green","kurtis-kraft","offenhauser","firestone","4:30.860",270860,,,,,,,"+2.890",2890,"-6.900",-5100,
3,1950,3,13,13,"13","18","duane-carter","stevens","offenhauser","firestone","4:33.420",273420,,,,,,,"+5.450",5450,"+2.560",2560,
3,1950,3,14,14,"14","21","spider-webb","maserati","offenhauser","firestone","4:37.460",277460,,,,,,,"+9.490",9490,"+4.040",4040,
3,1950,3,15,15,"15","81","jerry-hoyt","kurtis-kraft","offenhauser","firestone","4:37.950",277950,,,,,,,"+9.980",9980,"+0.490",490,
3,1950,3,16,16,"16","2","myron-fohr","marchese","offenhauser","firestone","4:33.320",273320,,,,,,,"+5.350",5350,"-4.630",-3370,
3,1950,3,17,17,"17","24","bayliss-levrett","adams","offenhauser","firestone","4:34.430",274430,,,,,,,"+6.460",6460,"+1.110",1110,
3,1950,3,18,18,"18","45","dick-rathmann","watson","offenhauser","firestone","4:34.960",274960,,,,,,,"+6.990",6990,"+0.530",530,
3,1950,3,19,19,"19","7","paul-russo","nichels","offenhauser","firestone","4:35.250",275250,,,,,,,"+7.280",7280,"+0.290",290,
3,1950,3,20,20,"20","4","walt-brown","kurtis-kraft","offenhauser","firestone","4:35.960",275960,,,,,,,"+7.990",7990,"+0.710",710,
3,1950,3,21,21,"21","12","henry-banks","maserati","offenhauser","firestone","4:37.680",277680,,,,,,,"+9.710",9710,"+1.720",1720,
3,1950,3,22,22,"22","67","bill-schindler","snowberger","offenhauser","firestone","4:31.310",271310,,,,,,,"+3.340",3340,"-6.370",-5630,
3,1950,3,23,23,"23","8","lee-wallard","moore","offenhauser","firestone","4:31.830",271830,,,,,,,"+3.860",3860,"+0.520",520,
3,1950,3,24,24,"24","55","troy-ruttman","lesovsky","offenhauser","firestone","4:32.910",272910,,,,,,,"+4.940",4940,"+1.080",1080,
3,1950,3,25,25,"25","23","sam-hanks","kurtis-kraft","offenhauser","firestone","4:33.570",273570,,,,,,,"+5.600",5600,"+0.660",660,
3,1950,3,26,26,"26","15","mack-hellings","kurtis-kraft","offenhauser","firestone","4:35.470",275470,,,,,,,"+7.500",7500,"+1.900",1900,
3,1950,3,27,27,"27","22","jimmy-davies","ewing","offenhauser","firestone","4:36.070",276070,,,,,,,"+8.100",8100,"+0.600",600,
3,1950,3,28,28,"28","76","jim-rathmann","wetteroth","offenhauser","firestone","4:37.010",277010,,,,,,,"+9.040",9040,"+0.940",940,
3,1950,3,29,29,"29","27","walt-ader","rae","offenhauser","firestone","4:37.050",277050,,,,,,,"+9.080",9080,"+0.040",40,
3,1950,3,30,30,"30","77","jackie-holmes","olson","offenhauser","firestone","4:37.570",277570,,,,,,,"+9.600",9600,"+0.520",520,
3,1950,3,31,31,"31","75","gene-hartley","langley","offenhauser","firestone","4:38.610",278610,,,,,,,"+10.640",10640,"+1.040",1040,
3,1950,3,32,32,"32","61","jimmy-jackson","kurtis-kraft","cummins","firestone","4:38.620",278620,,,,,,,"+10.650",10650,"+0.010",10,
3,1950,3,33,33,"33","62","johnny-mcdowell","kurtis-kraft","offenhauser","firestone","4:37.580",277580,,,,,,,"+9.610",9610,"-1.040",-960,
4,1950,4,1,1,"1","14","juan-manuel-fangio","alfa-romeo","alfa-romeo","pirelli","2:42.100",162100,,,,,,,,,,,
4,1950,4,2,2,"2","16","nino-farina","alfa-romeo","alfa-romeo","pirelli","2:42.800",162800,,,,,,,"+0.700",700,"+0.700",700,
4,1950,4,3,3,"3","12","luigi-fagioli","alfa-romeo","alfa-romeo","pirelli","2:45.200",165200,,,,,,,"+3.100",3100,"+2.400",2400,
4,1950,4,4,4,"4","22","luigi-villoresi","ferrari","ferrari","pirelli","2:46.100",166100,,,,,,,"+4.000",4000,"+0.900",900,
4,1950,4,5,5,"5","18","alberto-ascari","ferrari","ferrari","pirelli","2:46.800",166800,,,,,,,"+4.700",4700,"+0.700",700,
4,1950,4,6,6,"6","42","philippe-etancelin","talbot-lago","talbot-lago","dunlop","2:51.100",171100,,,,,,,"+9.000",9000,"+4.300",4300,
4,1950,4,7,7,"7","6","yves-giraud-cabantous","talbot-lago","talbot-lago","dunlop","2:52.700",172700,,,,,,,"+10.600",10600,"+1.600",1600,
4,1950,4,8,8,"8","30","birabongse-bhanudej","maserati","maserati","pirelli","2:53.200",173200,,,,,,,"+11.100",11100,"+0.500",500,
4,1950,4,9,9,"9","8","eugene-martin","talbot-lago","talbot-lago","dunlop","2:53.700",173700,,,,,,,"+11.600",11600,"+0.500",500,
4,1950,4,10,10,"10","10","louis-rosier","talbot-lago","talbot-lago","dunlop","2:54.000",174000,,,,,,,"+11.900",11900,"+0.300",300,
4,1950,4,11,11,"11","32","emmanuel-de-graffenried","maserati","maserati","pirelli","2:54.200",174200,,,,,,,"+12.100",12100,"+0.200",200,
4,1950,4,12,12,"12","34","felice-bonetto","maserati","maserati","pirelli","2:54.600",174600,,,,,,,"+12.500",12500,"+0.400",400,
4,1950,4,13,13,"13","20","raymond-sommer","ferrari","ferrari","pirelli","2:54.600",174600,,,,,,,"+12.500",12500,"+0.000",0,
4,1950,4,14,14,"14","4","johnny-claes","talbot-lago","talbot-lago","dunlop","2:59.000",179000,,,,,,,"+16.900",16900,"+4.400",4400,
4,1950,4,15,15,"15","2","nello-pagani","maserati","maserati","pirelli","3:06.900",186900,,,,,,,"+24.800",24800,"+7.900",7900,
4,1950,4,16,16,"16","26","louis-chiron","maserati","maserati","pirelli","3:06.900",186900,,,,,,,"+24.800",24800,"+0.000",0,
4,1950,4,17,17,"17","40","toni-branca","maserati","maserati","pirelli","3:10.000",190000,,,,,,,"+27.900",27900,"+3.100",3100,
4,1950,4,18,18,"18","44","harry-schell","talbot-lago","talbot-lago","dunlop","3:11.500",191500,,,,,,,"+29.400",29400,"+1.500",1500,
5,1950,5,1,1,"1","8","nino-farina","alfa-romeo","alfa-romeo","pirelli","4:37.000",277000,,,,,,,,,,,
5,1950,5,2,2,"2","10","juan-manuel-fangio","alfa-romeo","alfa-romeo","pirelli","4:37.000",277000,,,,,,,"+0.000",0,"+0.000",0,
5,1950,5,3,3,"3","12","luigi-fagioli","alfa-romeo","alfa-romeo","pirelli","4:41.000",281000,,,,,,,"+4.000",4000,"+4.000",4000,
5,1950,5,4,4,"4","2","luigi-villoresi","ferrari","ferrari","pirelli","4:47.000",287000,,,,,,,"+10.000",10000,"+6.000",6000,
5,1950,5,5,5,"5","6","raymond-sommer","talbot-lago","talbot-lago","dunlop","4:47.000",287000,,,,,,,"+10.000",10000,"+0.000",0,
5,1950,5,6,6,"6","16","philippe-etancelin","talbot-lago","talbot-lago","dunlop","4:49.000",289000,,,,,,,"+12.000",12000,"+2.000",2000,
5,1950,5,7,7,"7","4","alberto-ascari","ferrari","ferrari","pirelli","4:52.000",292000,,,,,,,"+15.000",15000,"+3.000",3000,
5,1950,5,8,8,"8","14","louis-rosier","talbot-lago","talbot-lago","dunlop","4:53.000",293000,,,,,,,"+16.000",16000,"+1.000",1000,
5,1950,5,9,9,"9","18","yves-giraud-cabantous","talbot-lago","talbot-lago","dunlop","4:56.000",296000,,,,,,,"+19.000",19000,"+3.000",3000,
5,1950,5,10,10,"10","22","pierre-levegh","talbot-lago","talbot-lago","dunlop","5:01.000",301000,,,,,,,"+24.000",24000,"+5.000",5000,
5,1950,5,11,11,"11","20","eugene-chaboud","talbot-lago","talbot-lago","dunlop","5:13.000",313000,,,,,,,"+36.000",36000,"+12.000",12000,
5,1950,5,12,12,"12","26","geoffrey-crossley","alta","alta","dunlop","5:44.000",344000,,,,,,,"+1:07.000",67000,"+31.000",31000,
5,1950,5,13,13,"13","30","toni-branca","maserati","maserati","pirelli","5:45.000",345000,,,,,,,"+1:08.000",68000,"+1.000",1000,
5,1950,5,14,14,"14","24","johnny-claes","talbot-lago","talbot-lago","dunlop",,,,,,,,,,,,,
6,1950,6,1,1,"1","6","juan-manuel-fangio","alfa-romeo","alfa-romeo","pirelli","2:30.600",150600,,,,,,,,,,,
6,1950,6,2,2,"2","2","nino-farina","alfa-romeo","alfa-romeo","pirelli","2:32.500",152500,,,,,,,"+1.900",1900,"+1.900",1900,
6,1950,6,3,3,"3","4","luigi-fagioli","alfa-romeo","alfa-romeo","pirelli","2:34.700",154700,,,,,,,"+4.100",4100,"+2.200",2200,
6,1950,6,4,4,"4","16","philippe-etancelin","talbot-lago","talbot-lago","dunlop","2:39.000",159000,,,,,,,"+8.400",8400,"+4.300",4300,
6,1950,6,5,5,"5","18","yves-giraud-cabantous","talbot-lago","talbot-lago","dunlop","2:42.700",162700,,,,,,,"+12.100",12100,"+3.700",3700,
6,1950,6,6,6,"6","20","louis-rosier","talbot-lago","talbot-lago","dunlop","2:46.000",166000,,,,,,,"+15.400",15400,"+3.300",3300,
6,1950,6,7,7,"7","28","franco-rol","maserati","maserati","pirelli","2:46.700",166700,,,,,,,"+16.100",16100,"+0.700",700,
6,1950,6,8,8,"8","36","jose-froilan-gonzalez","maserati","maserati","pirelli","2:48.000",168000,,,,,,,"+17.400",17400,"+1.300",1300,
6,1950,6,9,9,"9","22","pierre-levegh","talbot-lago","talbot-lago","dunlop","2:49.000",169000,,,,,,,"+18.400",18400,"+1.000",1000,
6,1950,6,10,10,"10","16","eugene-chaboud","talbot-lago","talbot-lago","dunlop",,,,,,,,,,,,,
6,1950,6,11,11,"11","40","felice-bonetto","maserati","milano","pirelli","2:51.000",171000,,,,,,,"+20.400",20400,,,
6,1950,6,12,12,"12","32","reg-parnell","maserati","maserati","dunlop","2:54.000",174000,,,,,,,"+23.400",23400,"+3.000",3000,
6,1950,6,13,13,"13","44","robert-manzon","simca-gordini","gordini","englebert","2:55.500",175500,,,,,,,"+24.900",24900,"+1.500",1500,
6,1950,6,14,14,"14","30","louis-chiron","maserati","maserati","pirelli","2:55.900",175900,,,,,,,"+25.300",25300,"+0.400",400,
6,1950,6,15,15,"15","42","johnny-claes","talbot-lago","talbot-lago","dunlop","2:57.400",177400,,,,,,,"+26.800",26800,"+1.500",1500,
6,1950,6,16,16,"16","26","charles-pozzi","talbot-lago","talbot-lago","dunlop","2:58.000",178000,,,,,,,"+27.400",27400,"+0.600",600,
6,1950,6,17,17,"17","12","raymond-sommer","talbot-lago","talbot-lago","dunlop","2:59.300",179300,,,,,,,"+28.700",28700,"+1.300",1300,
6,1950,6,18,18,"18","34","david-hampshire","maserati","maserati","dunlop","2:59.500",179500,,,,,,,"+28.900",28900,"+0.200",200,
6,1950,6,19,19,"19","14","peter-whitehead","ferrari","ferrari","pirelli","3:01.000",181000,,,,,,,"+30.400",30400,"+1.500",1500,
7,1950,7,1,1,"1","18","juan-manuel-fangio","alfa-romeo","alfa-romeo","pirelli","1:58.600",118600,,,,,,,,,,,
7,1950,7,2,2,"2","16","alberto-ascari","ferrari","ferrari","pirelli","1:58.800",118800,,,,,,,"+0.200",200,"+0.200",200,
7,1950,7,3,3,"3","10","nino-farina","alfa-romeo","alfa-romeo","pirelli","2:00.200",120200,,,,,,,"+1.600",1600,"+1.400",1400,
7,1950,7,4,4,"4","46","consalvo-sanesi","alfa-romeo","alfa-romeo","pirelli","2:00.400",120400,,,,,,,"+1.800",1800,"+0.200",200,
7,1950,7,5,5,"5","36","luigi-fagioli","alfa-romeo","alfa-romeo","pirelli","2:04.000",124000,,,,,,,"+5.400",5400,"+3.600",3600,
7,1950,7,6,6,"6","48","dorino-serafini","ferrari","ferrari","pirelli","2:05.200",125200,,,,,,,"+6.600",6600,"+1.200",1200,
7,1950,7,7,7,"7","60","piero-taruffi","alfa-romeo","alfa-romeo","pirelli","2:05.800",125800,,,,,,,"+7.200",7200,"+0.600",600,
7,1950,7,8,8,"8","12","raymond-sommer","talbot-lago","talbot-lago","dunlop","2:08.600",128600,,,,,,,"+10.000",10000,"+2.800",2800,
7,1950,7,9,9,"9","4","franco-rol","maserati","maserati","pirelli","2:10.000",130000,,,,,,,"+11.400",11400,"+1.400",1400,
7,1950,7,10,10,"10","44","robert-manzon","simca-gordini","gordini","englebert","2:12.400",132400,,,,,,,"+13.800",13800,"+2.400",2400,
7,1950,7,11,11,"11","40","guy-mairesse","talbot-lago","talbot-lago","dunlop","2:13.200",133200,,,,,,,"+14.600",14600,"+0.800",800,
7,1950,7,12,12,"12","42","maurice-trintignant","simca-gordini","gordini","englebert","2:13.400",133400,,,,,,,"+14.800",14800,"+0.200",200,
7,1950,7,13,13,"13","58","louis-rosier","talbot-lago","talbot-lago","dunlop","2:13.400",133400,,,,,,,"+14.800",14800,"+0.000",0,
7,1950,7,14,14,"14","64","henri-louveau","talbot-lago","talbot-lago","dunlop","2:13.800",133800,,,,,,,"+15.200",15200,"+0.400",400,
7,1950,7,15,15,"15","30","birabongse-bhanudej","maserati","maserati","pirelli","2:14.000",134000,,,,,,,"+15.400",15400,"+0.200",200,
7,1950,7,16,16,"16","24","philippe-etancelin","talbot-lago","talbot-lago","dunlop","2:14.400",134400,,,,,,,"+15.800",15800,"+0.400",400,
7,1950,7,17,17,"17","38","emmanuel-de-graffenried","maserati","maserati","pirelli","2:14.400",134400,,,,,,,"+15.800",15800,"+0.000",0,
7,1950,7,18,18,"18","8","peter-whitehead","ferrari","ferrari","dunlop","2:16.200",136200,,,,,,,"+17.600",17600,"+1.800",1800,
7,1950,7,19,19,"19","6","louis-chiron","maserati","maserati","pirelli","2:17.200",137200,,,,,,,"+18.600",18600,"+1.000",1000,
7,1950,7,20,20,"20","56","pierre-levegh","talbot-lago","talbot-lago","dunlop","2:17.200",137200,,,,,,,"+18.600",18600,"+0.000",0,
7,1950,7,21,21,"21","32","cuth-harrison","era","era","dunlop","2:18.400",138400,,,,,,,"+19.800",19800,"+1.200",1200,
7,1950,7,22,22,"22","2","johnny-claes","talbot-lago","talbot-lago","dunlop","2:18.600",138600,,,,,,,"+20.000",20000,"+0.200",200,
7,1950,7,23,23,"23","52","felice-bonetto","maserati","milano","pirelli","2:19.800",139800,,,,,,,"+21.200",21200,"+1.200",1200,
7,1950,7,24,24,"24","50","david-murray","maserati","maserati","dunlop","2:22.000",142000,,,,,,,"+23.400",23400,"+2.200",2200,
7,1950,7,25,25,"25","22","clemente-biondetti","ferrari","jaguar","pirelli","2:30.600",150600,,,,,,,"+32.000",32000,"+8.600",8600,
7,1950,7,26,26,"26","62","franco-comotti","maserati","milano","pirelli","2:33.600",153600,,,,,,,"+35.000",35000,"+3.000",3000,
7,1950,7,27,27,"27","28","paul-pietsch","maserati","maserati","pirelli","3:00.400",180400,,,,,,,"+1:01.800",61800,"+26.800",26800,
8,1951,1,1,1,"1","24","juan-manuel-fangio","alfa-romeo","alfa-romeo","pirelli","2:35.900",155900,,,,,,,,,,,
8,1951,1,2,2,"2","22","nino-farina","alfa-romeo","alfa-romeo","pirelli","2:37.800",157800,,,,,,,"+1.900",1900,"+1.900",1900,
8,1951,1,3,3,"3","18","luigi-villoresi","ferrari","ferrari","pirelli","2:39.300",159300,,,,,,,"+3.400",3400,"+1.500",1500,
8,1951,1,4,4,"4","28","consalvo-sanesi","alfa-romeo","alfa-romeo","pirelli","2:40.300",160300,,,,,,,"+4.400",4400,"+1.000",1000,
8,1951,1,5,5,"5","26","emmanuel-de-graffenried","alfa-romeo","alfa-romeo","pirelli","2:41.800",161800,,,,,,,"+5.900",5900,"+1.500",1500,
8,1951,1,6,6,"6","44","piero-taruffi","ferrari","ferrari","pirelli","2:45.200",165200,,,,,,,"+9.300",9300,"+3.400",3400,
8,1951,1,7,7,"7","20","alberto-ascari","ferrari","ferrari","pirelli","2:46.000",166000,,,,,,,"+10.100",10100,"+0.800",800,
8,1951,1,8,8,"8","8","louis-rosier","talbot-lago","talbot-lago","dunlop","2:52.700",172700,,,,,,,"+16.800",16800,"+6.700",6700,
8,1951,1,9,9,"9","16","peter-whitehead","ferrari","ferrari","dunlop","2:52.900",172900,,,,,,,"+17.000",17000,"+0.200",200,
8,1951,1,10,10,"10","38","rudi-fischer","ferrari","ferrari","pirelli","2:54.100",174100,,,,,,,"+18.200",18200,"+1.200",1200,
8,1951,1,11,11,"11","10","henri-louveau","talbot-lago","talbot-lago","dunlop","2:56.200",176200,,,,,,,"+20.300",20300,"+2.100",2100,
8,1951,1,12,12,"12","4","philippe-etancelin","talbot-lago","talbot-lago","dunlop","2:57.300",177300,,,,,,,"+21.400",21400,"+1.100",1100,
8,1951,1,13,13,"13","42","jose-froilan-gonzalez","talbot-lago","talbot-lago","dunlop","2:57.300",177300,,,,,,,"+21.400",21400,"+0.000",0,
8,1951,1,14,14,"14","14","stirling-moss","hwm","alta","dunlop","2:58.400",178400,,,,,,,"+22.500",22500,"+1.100",1100,
8,1951,1,15,15,"15","6","yves-giraud-cabantous","talbot-lago","talbot-lago","dunlop","3:00.300",180300,,,,,,,"+24.400",24400,"+1.900",1900,
8,1951,1,16,16,"16","52","peter-hirt","veritas","veritas","pirelli","3:01.600",181600,,,,,,,"+25.700",25700,"+1.300",1300,
8,1951,1,17,17,"17","32","harry-schell","maserati","maserati","pirelli","3:02.400",182400,,,,,,,"+26.500",26500,"+0.800",800,
8,1951,1,18,18,"18","2","johnny-claes","talbot-lago","talbot-lago","dunlop","3:02.500",182500,,,,,,,"+26.600",26600,"+0.100",100,
8,1951,1,19,19,"19","30","louis-chiron","maserati","maserati","pirelli","3:03.100",183100,,,,,,,"+27.200",27200,"+0.600",600,
8,1951,1,20,20,"20","12","george-abecassis","hwm","alta","dunlop","3:03.800",183800,,,,,,,"+27.900",27900,"+0.700",700,
8,1951,1,21,21,"21","40","guy-mairesse","talbot-lago","talbot-lago","dunlop","3:12.000",192000,,,,,,,"+36.100",36100,"+8.200",8200,
9,1951,2,1,1,"1","18","duke-nalon","kurtis-kraft","novi","firestone","4:23.740",263740,,,,,,,,,,,
9,1951,2,2,2,"2","99","lee-wallard","kurtis-kraft","offenhauser","firestone","4:26.590",266590,,,,,,,"+2.850",2850,"+2.850",2850,
9,1951,2,3,3,"3","9","jack-mcgrath","kurtis-kraft","offenhauser","firestone","4:28.050",268050,,,,,,,"+4.310",4310,"+1.460",1460,
9,1951,2,4,4,"4","27","duane-carter","deidt","offenhauser","firestone","4:29.160",269160,,,,,,,"+5.420",5420,"+1.110",1110,
9,1951,2,5,5,"5","16","mauri-rose","deidt","offenhauser","firestone","4:29.820",269820,,,,,,,"+6.080",6080,"+0.660",660,
9,1951,2,6,6,"6","98","troy-ruttman","kurtis-kraft","offenhauser","firestone","4:32.080",272080,,,,,,,"+8.340",8340,"+2.260",2260,
9,1951,2,7,7,"7","83","mike-nazaruk","kurtis-kraft","offenhauser","firestone","4:32.350",272350,,,,,,,"+8.610",8610,"+0.270",270,
9,1951,2,8,8,"8","3","johnnie-parsons","kurtis-kraft","offenhauser","firestone","4:32.410",272410,,,,,,,"+8.670",8670,"+0.060",60,
9,1951,2,9,9,"9","5","tony-bettenhausen","deidt","offenhauser","firestone","4:32.830",272830,,,,,,,"+9.090",9090,"+0.420",420,
9,1951,2,10,10,"10","4","cecil-green","kurtis-kraft","offenhauser","firestone","4:32.950",272950,,,,,,,"+9.210",9210,"+0.120",120,
9,1951,2,11,11,"11","59","fred-agabashian","kurtis-kraft","offenhauser","firestone","4:26.610",266610,,,,,,,"+2.870",2870,"-6.340",-5660,
9,1951,2,12,12,"12","25","sam-hanks","kurtis-kraft","offenhauser","firestone","4:30.680",270680,,,,,,,"+6.940",6940,"+4.070",4070,
9,1951,2,13,13,"13","44","walt-brown","kurtis-kraft","offenhauser","firestone","4:32.920",272920,,,,,,,"+9.180",9180,"+2.240",2240,
9,1951,2,14,14,"14","2","walt-faulkner","kuzma","offenhauser","firestone","4:23.020",263020,,,,,,,"-0.720",720,"-9.900",-8100,
9,1951,2,15,15,"15","73","carl-scarborough","kurtis-kraft","offenhauser","firestone","4:25.460",265460,,,,,,,"+1.720",1720,"+2.440",2440,
9,1951,2,16,16,"16","10","bill-schindler","kurtis-kraft","offenhauser","firestone","4:28.590",268590,,,,,,,"+4.850",4850,"+3.130",3130,
9,1951,2,17,17,"17","1","henry-banks","moore","offenhauser","firestone","4:28.860",268860,,,,,,,"+5.120",5120,"+0.270",270,
9,1951,2,18,18,"18","23","cliff-griffith","kurtis-kraft","offenhauser","firestone","4:28.980",268980,,,,,,,"+5.240",5240,"+0.120",120,
9,1951,2,19,19,"19","8","chuck-stevenson","marchese","offenhauser","firestone","4:29.130",269130,,,,,,,"+5.390",5390,"+0.150",150,
9,1951,2,20,20,"20","81","bill-vukovich","trevis","offenhauser","firestone","4:29.210",269210,,,,,,,"+5.470",5470,"+0.080",80,
9,1951,2,21,21,"21","22","george-connor","lesovsky","offenhauser","firestone","4:29.960",269960,,,,,,,"+6.220",6220,"+0.750",750,
9,1951,2,22,22,"22","69","gene-force","kurtis-kraft","offenhauser","firestone","4:30.470",270470,,,,,,,"+6.730",6730,"+0.510",510,
9,1951,2,23,23,"23","19","mack-hellings","deidt","offenhauser","firestone","4:30.830",270830,,,,,,,"+7.090",7090,"+0.360",360,
9,1951,2,24,24,"24","68","carl-forberg","kurtis-kraft","offenhauser","firestone","4:30.900",270900,,,,,,,"+7.160",7160,"+0.070",70,
9,1951,2,25,25,"25","48","rodger-ward","bromme","offenhauser","firestone","4:26.930",266930,,,,,,,"+3.190",3190,"-3.970",-2030,
9,1951,2,26,26,"26","12","johnny-mcdowell","maserati","offenhauser","firestone","4:31.750",271750,,,,,,,"+8.010",8010,"+4.820",4820,
9,1951,2,27,27,"27","76","jimmy-davies","pawl","offenhauser","firestone","4:29.630",269630,,,,,,,"+5.890",5890,"-2.120",-1880,
9,1951,2,28,28,"28","32","chet-miller","kurtis-kraft","novi","firestone","4:25.100",265100,,,,,,,"+1.360",1360,"-4.530",-3470,
9,1951,2,29,29,"29","52","bobby-ball","schroeder","offenhauser","firestone","4:28.460",268460,,,,,,,"+4.720",4720,"+3.360",3360,
9,1951,2,30,30,"30","26","joe-james","watson","offenhauser","firestone","4:28.460",268460,,,,,,,"+4.720",4720,"+0.000",0,
9,1951,2,31,31,"31","57","andy-linden","sherman","offenhauser","firestone","4:32.260",272260,,,,,,,"+8.520",8520,"+3.800",3800,
9,1951,2,32,32,"32","6","duke-dinsmore","schroeder","offenhauser","firestone","4:32.780",272780,,,,,,,"+9.040",9040,"+0.520",520,
9,1951,2,33,33,"33","71","bill-mackey","hall","offenhauser","firestone","4:38.820",278820,,,,,,,"+15.080",15080,"+6.040",6040,
10,1951,3,1,1,"1","2","juan-manuel-fangio","alfa-romeo","alfa-romeo","pirelli","4:25.000",265000,,,,,,,,,,,
10,1951,3,2,2,"2","4","nino-farina","alfa-romeo","alfa-romeo","pirelli","4:28.000",268000,,,,,,,"+3.000",3000,"+3.000",3000,
10,1951,3,3,3,"3","10","luigi-villoresi","ferrari","ferrari","pirelli","4:29.000",269000,,,,,,,"+4.000",4000,"+1.000",1000,
10,1951,3,4,4,"4","8","alberto-ascari","ferrari","ferrari","pirelli","4:30.000",270000,,,,,,,"+5.000",5000,"+1.000",1000,
10,1951,3,5,5,"5","12","piero-taruffi","ferrari","ferrari","pirelli","4:32.000",272000,,,,,,,"+7.000",7000,"+2.000",2000,
10,1951,3,6,6,"6","6","consalvo-sanesi","alfa-romeo","alfa-romeo","pirelli","4:36.000",276000,,,,,,,"+11.000",11000,"+4.000",4000,
10,1951,3,7,7,"7","14","louis-rosier","talbot-lago","talbot-lago","dunlop","4:45.000",285000,,,,,,,"+20.000",20000,"+9.000",9000,
10,1951,3,8,8,"8","22","yves-giraud-cabantous","talbot-lago","talbot-lago","dunlop","4:52.000",292000,,,,,,,"+27.000",27000,"+7.000",7000,
10,1951,3,9,9,"9","18","louis-chiron","talbot-lago","talbot-lago","dunlop","5:01.000",301000,,,,,,,"+36.000",36000,"+9.000",9000,
10,1951,3,10,10,"10","20","philippe-etancelin","talbot-lago","talbot-lago","dunlop","5:04.000",304000,,,,,,,"+39.000",39000,"+3.000",3000,
10,1951,3,11,11,"11","16","johnny-claes","talbot-lago","talbot-lago","dunlop","5:09.000",309000,,,,,,,"+44.000",44000,"+5.000",5000,
10,1951,3,12,12,"12","24","andre-pilette","talbot-lago","talbot-lago","dunlop","5:16.000",316000,,,,,,,"+51.000",51000,"+7.000",7000,
10,1951,3,13,13,"13","26","pierre-levegh","talbot-lago","talbot-lago","dunlop","5:17.000",317000,,,,,,,"+52.000",52000,"+1.000",1000,
11,1951,4,1,1,"1","4","juan-manuel-fangio","alfa-romeo","alfa-romeo","pirelli","2:25.700",145700,,,,,,,,,,,
11,1951,4,2,2,"2","2","nino-farina","alfa-romeo","alfa-romeo","pirelli","2:27.400",147400,,,,,,,"+1.700",1700,"+1.700",1700,
11,1951,4,3,3,"3","12","alberto-ascari","ferrari","ferrari","englebert","2:28.100",148100,,,,,,,"+2.400",2400,"+0.700",700,
11,1951,4,4,4,"4","10","luigi-villoresi","ferrari","ferrari","englebert","2:28.500",148500,,,,,,,"+2.800",2800,"+0.400",400,
11,1951,4,5,5,"5","6","consalvo-sanesi","alfa-romeo","alfa-romeo","pirelli","2:28.900",148900,,,,,,,"+3.200",3200,"+0.400",400,
11,1951,4,6,6,"6","14","jose-froilan-gonzalez","ferrari","ferrari","englebert","2:30.800",150800,,,,,,,"+5.100",5100,"+1.900",1900,
11,1951,4,7,7,"7","8","luigi-fagioli","alfa-romeo","alfa-romeo","pirelli","2:33.100",153100,,,,,,,"+7.400",7400,"+2.300",2300,
11,1951,4,8,8,"8","42","louis-chiron","talbot-lago","talbot-lago","dunlop","2:43.700",163700,,,,,,,"+18.000",18000,"+10.600",10600,
11,1951,4,9,9,"9","26","reg-parnell","ferrari","ferrari","pirelli","2:44.000",164000,,,,,,,"+18.300",18300,"+0.300",300,
11,1951,4,10,10,"10","38","philippe-etancelin","talbot-lago","talbot-lago","dunlop","2:44.800",164800,,,,,,,"+19.100",19100,"+0.800",800,
11,1951,4,11,11,"11","46","yves-giraud-cabantous","talbot-lago","talbot-lago","dunlop","2:45.700",165700,,,,,,,"+20.000",20000,"+0.900",900,
11,1951,4,12,12,"12","28","johnny-claes","talbot-lago","talbot-lago","dunlop","2:46.600",166600,,,,,,,"+20.900",20900,"+0.900",900,
11,1951,4,13,13,"13","40","louis-rosier","talbot-lago","talbot-lago","dunlop","2:48.000",168000,,,,,,,"+22.300",22300,"+1.400",1400,
11,1951,4,14,14,"14","44","eugene-chaboud","talbot-lago","talbot-lago","dunlop","2:49.600",169600,,,,,,,"+23.900",23900,"+1.600",1600,
11,1951,4,15,15,"15","50","onofre-marimon","maserati","milano","pirelli","2:49.800",169800,,,,,,,"+24.100",24100,"+0.200",200,
11,1951,4,16,16,"16","18","emmanuel-de-graffenried","maserati","maserati","pirelli","2:50.100",170100,,,,,,,"+24.400",24400,"+0.300",300,
11,1951,4,17,17,"17","36","aldo-gordini","simca-gordini","gordini","englebert","2:50.300",170300,,,,,,,"+24.600",24600,"+0.200",200,
11,1951,4,18,18,"18","32","maurice-trintignant","simca-gordini","gordini","englebert","2:50.300",170300,,,,,,,"+24.600",24600,"+0.000",0,
11,1951,4,19,19,"19","48","guy-mairesse","talbot-lago","talbot-lago","dunlop","2:58.400",178400,,,,,,,"+32.700",32700,"+8.100",8100,
11,1951,4,20,20,"20","24","peter-whitehead","ferrari","ferrari","dunlop","2:59.000",179000,,,,,,,"+33.300",33300,"+0.600",600,
11,1951,4,21,21,"21","34","andre-simon","simca-gordini","gordini","englebert","2:59.500",179500,,,,,,,"+33.800",33800,"+0.500",500,
11,1951,4,22,22,"22","20","harry-schell","maserati","maserati","pirelli","3:02.000",182000,,,,,,,"+36.300",36300,"+2.500",2500,
11,1951,4,23,23,"23","30","robert-manzon","simca-gordini","gordini","englebert","3:06.000",186000,,,,,,,"+40.300",40300,"+4.000",4000,
12,1951,5,1,1,"1","12","jose-froilan-gonzalez","ferrari","ferrari","pirelli","1:43.400",103400,,,,,,,,,,,
12,1951,5,2,2,"2","2","juan-manuel-fangio","alfa-romeo","alfa-romeo","pirelli","1:44.400",104400,,,,,,,"+1.000",1000,"+1.000",1000,
12,1951,5,3,3,"3","1","nino-farina","alfa-romeo","alfa-romeo","pirelli","1:45.000",105000,,,,,,,"+1.600",1600,"+0.600",600,
12,1951,5,4,4,"4","11","alberto-ascari","ferrari","ferrari","pirelli","1:45.400",105400,,,,,,,"+2.000",2000,"+0.400",400,
12,1951,5,5,5,"5","10","luigi-villoresi","ferrari","ferrari","pirelli","1:45.800",105800,,,,,,,"+2.400",2400,"+0.400",400,
12,1951,5,6,6,"6","3","consalvo-sanesi","alfa-romeo","alfa-romeo","pirelli","1:50.200",110200,,,,,,,"+6.800",6800,"+4.400",4400,
12,1951,5,7,7,"7","4","felice-bonetto","alfa-romeo","alfa-romeo","pirelli","1:52.000",112000,,,,,,,"+8.600",8600,"+1.800",1800,
12,1951,5,8,8,"8","14","peter-whitehead","ferrari","ferrari","pirelli","1:54.600",114600,,,,,,,"+11.200",11200,"+2.600",2600,
12,1951,5,9,9,"9","22","louis-rosier","talbot-lago","talbot-lago","dunlop","1:56.000",116000,,,,,,,"+12.600",12600,"+1.400",1400,
12,1951,5,10,10,"10","8","bob-gerard","era","era","dunlop","1:57.000",117000,,,,,,,"+13.600",13600,"+1.000",1000,
12,1951,5,11,11,"11","18","duncan-hamilton","talbot-lago","talbot-lago","dunlop","1:57.200",117200,,,,,,,"+13.800",13800,"+0.200",200,
12,1951,5,12,12,"12","9","brian-shawe-taylor","era","era","dunlop","1:58.200",118200,,,,,,,"+14.800",14800,"+1.000",1000,
12,1951,5,13,13,"13","23","louis-chiron","talbot-lago","talbot-lago","dunlop","2:00.200",120200,,,,,,,"+16.800",16800,"+2.000",2000,
12,1951,5,14,14,"14","25","johnny-claes","talbot-lago","talbot-lago","dunlop","2:05.800",125800,,,,,,,"+22.400",22400,"+5.600",5600,
12,1951,5,15,15,"15","15","david-murray","maserati","maserati","dunlop","2:06.000",126000,,,,,,,"+22.600",22600,"+0.200",200,
12,1951,5,16,16,"16","17","philip-fotheringham-parker","maserati","maserati","dunlop","2:13.200",133200,,,,,,,"+29.800",29800,"+7.200",7200,
12,1951,5,17,17,"17","16","john-james","maserati","maserati","dunlop","2:17.000",137000,,,,,,,"+33.600",33600,"+3.800",3800,
12,1951,5,18,18,"18","5","joe-kelly","alta","alta","dunlop","2:18.400",138400,,,,,,,"+35.000",35000,"+1.400",1400,
12,1951,5,19,19,"19","7","peter-walker","brm","brm","dunlop",,,,,,,,,,,,,
12,1951,5,20,20,"20","6","reg-parnell","brm","brm","dunlop",,,,,,,,,,,,,
13,1951,6,1,1,"1","71","alberto-ascari","ferrari","ferrari","pirelli","9:55.800",595800,,,,,,,,,,,
13,1951,6,2,2,"2","74","jose-froilan-gonzalez","ferrari","ferrari","pirelli","9:57.500",597500,,,,,,,"+1.700",1700,"+1.700",1700,
13,1951,6,3,3,"3","75","juan-manuel-fangio","alfa-romeo","alfa-romeo","pirelli","9:59.000",599000,,,,,,,"+3.200",3200,"+1.500",1500,
13,1951,6,4,4,"4","76","nino-farina","alfa-romeo","alfa-romeo","pirelli","10:01.000",601000,,,,,,,"+5.200",5200,"+2.000",2000,
13,1951,6,5,5,"5","72","luigi-villoresi","ferrari","ferrari","pirelli","10:06.600",606600,,,,,,,"+10.800",10800,"+5.600",5600,
13,1951,6,6,6,"6","73","piero-taruffi","ferrari","ferrari","pirelli","10:12.900",612900,,,,,,,"+17.100",17100,"+6.300",6300,
13,1951,6,7,7,"7","78","paul-pietsch","alfa-romeo","alfa-romeo","pirelli","10:15.700",615700,,,,,,,"+19.900",19900,"+2.800",2800,
13,1951,6,8,8,"8","91","rudi-fischer","ferrari","ferrari","pirelli","10:23.800",623800,,,,,,,"+28.000",28000,"+8.100",8100,
13,1951,6,9,9,"9","82","robert-manzon","simca-gordini","gordini","englebert","10:28.900",628900,,,,,,,"+33.100",33100,"+5.100",5100,
13,1951,6,10,10,"10","77","felice-bonetto","alfa-romeo","alfa-romeo","pirelli","10:46.100",646100,,,,,,,"+50.300",50300,"+17.200",17200,
13,1951,6,11,11,"11","87","yves-giraud-cabantous","talbot-lago","talbot-lago","dunlop","10:52.800",652800,,,,,,,"+57.000",57000,"+6.700",6700,
13,1951,6,12,12,"12","83","andre-simon","simca-gordini","gordini","englebert","10:57.500",657500,,,,,,,"+1:01.700",61700,"+4.700",4700,
13,1951,6,13,13,"13","85","louis-chiron","talbot-lago","talbot-lago","dunlop","11:00.200",660200,,,,,,,"+1:04.400",64400,"+2.700",2700,
13,1951,6,14,14,"14","81","maurice-trintignant","simca-gordini","gordini","englebert","11:07.500",667500,,,,,,,"+1:11.700",71700,"+7.300",7300,
13,1951,6,15,15,"15","84","louis-rosier","talbot-lago","talbot-lago","dunlop","11:08.200",668200,,,,,,,"+1:12.400",72400,"+0.700",700,
13,1951,6,16,16,"16","79","emmanuel-de-graffenried","maserati","maserati","pirelli","11:25.600",685600,,,,,,,"+1:29.800",89800,"+17.400",17400,
13,1951,6,17,17,"17","92","toni-branca","maserati","maserati","pirelli","11:26.700",686700,,,,,,,"+1:30.900",90900,"+1.100",1100,
13,1951,6,18,18,"18","94","johnny-claes","talbot-lago","talbot-lago","dunlop","11:33.600",693600,,,,,,,"+1:37.800",97800,"+6.900",6900,
13,1951,6,19,19,"19","90","pierre-levegh","talbot-lago","talbot-lago","dunlop","11:41.900",701900,,,,,,,"+1:46.100",106100,"+8.300",8300,
13,1951,6,20,20,"20","88","duncan-hamilton","talbot-lago","talbot-lago","dunlop","11:49.300",709300,,,,,,,"+1:53.500",113500,"+7.400",7400,
13,1951,6,21,21,"21","86","philippe-etancelin","talbot-lago","talbot-lago","dunlop","11:52.900",712900,,,,,,,"+1:57.100",117100,"+3.600",3600,
13,1951,6,22,22,"22","93","jacques-swaters","talbot-lago","talbot-lago","dunlop","12:09.100",729100,,,,,,,"+2:13.300",133300,"+16.200",16200,
14,1951,7,1,1,"1","38","juan-manuel-fangio","alfa-romeo","alfa-romeo","pirelli","1:53.200",113200,,,,,,,,,,,
14,1951,7,2,2,"2","34","nino-farina","alfa-romeo","alfa-romeo","pirelli","1:53.900",113900,,,,,,,"+0.700",700,"+0.700",700,
14,1951,7,3,3,"3","2","alberto-ascari","ferrari","ferrari","pirelli","1:55.100",115100,,,,,,,"+1.900",1900,"+1.200",1200,
14,1951,7,4,4,"4","6","jose-froilan-gonzalez","ferrari","ferrari","pirelli","1:55.900",115900,,,,,,,"+2.700",2700,"+0.800",800,
14,1951,7,5,5,"5","4","luigi-villoresi","ferrari","ferrari","pirelli","1:57.900",117900,,,,,,,"+4.700",4700,"+2.000",2000,
14,1951,7,6,6,"6","8","piero-taruffi","ferrari","ferrari","pirelli","1:58.200",118200,,,,,,,"+5.000",5000,"+0.300",300,
14,1951,7,7,7,"7","40","felice-bonetto","alfa-romeo","alfa-romeo","pirelli","1:58.300",118300,,,,,,,"+5.100",5100,"+0.100",100,
14,1951,7,8,8,"8","30","reg-parnell","brm","brm","dunlop","2:02.200",122200,,,,,,,"+9.000",9000,"+3.900",3900,
14,1951,7,9,9,"9","36","emmanuel-de-graffenried","alfa-romeo","alfa-romeo","pirelli","2:05.200",125200,,,,,,,"+12.000",12000,"+3.000",3000,
14,1951,7,10,10,"10","32","ken-richardson","brm","brm","dunlop","2:05.600",125600,,,,,,,"+12.400",12400,"+0.400",400,
14,1951,7,11,11,"11","48","andre-simon","simca-gordini","gordini","englebert","2:08.000",128000,,,,,,,"+14.800",14800,"+2.400",2400,
14,1951,7,12,12,"12","50","maurice-trintignant","simca-gordini","gordini","englebert","2:08.900",128900,,,,,,,"+15.700",15700,"+0.900",900,
14,1951,7,13,13,"13","46","robert-manzon","simca-gordini","gordini","englebert","2:09.000",129000,,,,,,,"+15.800",15800,"+0.100",100,
14,1951,7,14,14,"14","24","yves-giraud-cabantous","talbot-lago","talbot-lago","dunlop","2:09.300",129300,,,,,,,"+16.100",16100,"+0.300",300,
14,1951,7,15,15,"15","18","louis-rosier","talbot-lago","talbot-lago","dunlop","2:10.800",130800,,,,,,,"+17.600",17600,"+1.500",1500,
14,1951,7,16,16,"16","12","chico-landi","ferrari","ferrari","pirelli","2:11.200",131200,,,,,,,"+18.000",18000,"+0.400",400,
14,1951,7,17,17,"17","20","louis-chiron","talbot-lago","talbot-lago","dunlop","2:12.100",132100,,,,,,,"+18.900",18900,"+0.900",900,
14,1951,7,18,18,"18","44","franco-rol","osca","osca","pirelli","2:13.400",133400,,,,,,,"+20.200",20200,"+1.300",1300,
14,1951,7,19,19,"19","16","peter-whitehead","ferrari","ferrari","dunlop","2:16.200",136200,,,,,,,"+23.000",23000,"+2.800",2800,
14,1951,7,20,20,"20","22","pierre-levegh","talbot-lago","talbot-lago","dunlop","2:16.500",136500,,,,,,,"+23.300",23300,"+0.300",300,
14,1951,7,21,21,"21","26","johnny-claes","talbot-lago","talbot-lago","dunlop","2:18.600",138600,,,,,,,"+25.400",25400,"+2.100",2100,
14,1951,7,22,22,"22","28","jacques-swaters","talbot-lago","talbot-lago","dunlop","2:18.800",138800,,,,,,,"+25.600",25600,"+0.200",200,
15,1951,8,1,1,"1","2","alberto-ascari","ferrari","ferrari","pirelli","2:10.590",130590,,,,,,,,,,,
15,1951,8,2,2,"2","22","juan-manuel-fangio","alfa-romeo","alfa-romeo","pirelli","2:12.270",132270,,,,,,,"+1.680",1680,"+1.680",1680,
15,1951,8,3,3,"3","6","jose-froilan-gonzalez","ferrari","ferrari","pirelli","2:14.010",134010,,,,,,,"+3.420",3420,"+1.740",1740,
15,1951,8,4,4,"4","20","nino-farina","alfa-romeo","alfa-romeo","pirelli","2:14.940",134940,,,,,,,"+4.350",4350,"+0.930",930,
15,1951,8,5,5,"5","4","luigi-villoresi","ferrari","ferrari","pirelli","2:16.380",136380,,,,,,,"+5.790",5790,"+1.440",1440,
15,1951,8,6,6,"6","26","emmanuel-de-graffenried","alfa-romeo","alfa-romeo","pirelli","2:16.400",136400,,,,,,,"+5.810",5810,"+0.020",20,
15,1951,8,7,7,"7","8","piero-taruffi","ferrari","ferrari","pirelli","2:16.800",136800,,,,,,,"+6.210",6210,"+0.400",400,
15,1951,8,8,8,"8","24","felice-bonetto","alfa-romeo","alfa-romeo","pirelli","2:21.800",141800,,,,,,,"+11.210",11210,"+5.000",5000,
15,1951,8,9,9,"9","14","robert-manzon","simca-gordini","gordini","englebert","2:23.810",143810,,,,,,,"+13.220",13220,"+2.010",2010,
15,1951,8,10,10,"10","16","andre-simon","simca-gordini","gordini","englebert","2:24.600",144600,,,,,,,"+14.010",14010,"+0.790",790,
15,1951,8,11,11,"11","12","maurice-trintignant","simca-gordini","gordini","englebert","2:25.250",145250,,,,,,,"+14.660",14660,"+0.650",650,
15,1951,8,12,12,"12","30","louis-chiron","talbot-lago","talbot-lago","dunlop","2:30.320",150320,,,,,,,"+19.730",19730,"+5.070",5070,
15,1951,8,13,13,"13","34","philippe-etancelin","talbot-lago","talbot-lago","dunlop","2:31.000",151000,,,,,,,"+20.410",20410,"+0.680",680,
15,1951,8,14,14,"14","32","yves-giraud-cabantous","talbot-lago","talbot-lago","dunlop","2:32.180",152180,,,,,,,"+21.590",21590,"+1.180",1180,
15,1951,8,15,15,"15","36","johnny-claes","talbot-lago","talbot-lago","dunlop","2:34.460",154460,,,,,,,"+23.870",23870,"+2.280",2280,
15,1951,8,16,16,"16","38","georges-grignard","talbot-lago","talbot-lago","dunlop","2:36.580",156580,,,,,,,"+25.990",25990,"+2.120",2120,
15,1951,8,17,17,"17","44","paco-godia","maserati","maserati","pirelli","2:37.450",157450,,,,,,,"+26.860",26860,"+0.870",870,
15,1951,8,18,18,"18","46","juan-jover","maserati","maserati","pirelli","2:41.990",161990,,,,,,,"+31.400",31400,"+4.540",4540,
15,1951,8,19,19,"19","18","birabongse-bhanudej","maserati","osca","pirelli","2:45.990",165990,,,,,,,"+35.400",35400,"+4.000",4000,
15,1951,8,20,20,"20","28","louis-rosier","talbot-lago","talbot-lago","dunlop","2:46.780",166780,,,,,,,"+36.190",36190,"+0.790",790,
16,1952,1,1,1,"1","28","nino-farina","ferrari","ferrari","pirelli","2:47.500",167500,,,,,,,,,,,
16,1952,1,2,2,"2","30","piero-taruffi","ferrari","ferrari","pirelli","2:50.100",170100,,,,,,,"+2.600",2600,"+2.600",2600,
16,1952,1,3,3,"3","8","robert-manzon","gordini","gordini","englebert","2:52.100",172100,,,,,,,"+4.600",4600,"+2.000",2000,
16,1952,1,4,4,"4","32","andre-simon","ferrari","ferrari","pirelli","2:52.400",172400,,,,,,,"+4.900",4900,"+0.300",300,
16,1952,1,5,5,"5","42","rudi-fischer","ferrari","ferrari","pirelli","2:53.300",173300,,,,,,,"+5.800",5800,"+0.900",900,
16,1952,1,6,6,"6","18","peter-collins","hwm","alta","dunlop","2:55.900",175900,,,,,,,"+8.400",8400,"+2.600",2600,
16,1952,1,7,7,"7","6","jean-behra","gordini","gordini","englebert","2:55.900",175900,,,,,,,"+8.400",8400,"+0.000",0,
16,1952,1,8,8,"8","38","emmanuel-de-graffenried","maserati","plate","pirelli","2:56.400",176400,,,,,,,"+8.900",8900,"+0.500",500,
16,1952,1,9,9,"9","46","stirling-moss","hwm","alta","dunlop","2:56.400",176400,,,,,,,"+8.900",8900,"+0.000",0,
16,1952,1,10,10,"10","16","george-abecassis","hwm","alta","dunlop","2:56.900",176900,,,,,,,"+9.400",9400,"+0.500",500,
16,1952,1,11,11,"11","10","birabongse-bhanudej","gordini","gordini","englebert","2:59.300",179300,,,,,,,"+11.800",11800,"+2.400",2400,
16,1952,1,12,12,"12","20","lance-macklin","hwm","alta","dunlop","3:00.200",180200,,,,,,,"+12.700",12700,"+0.900",900,
16,1952,1,13,13,"13","22","ken-wharton","frazer-nash","bristol","dunlop","3:00.900",180900,,,,,,,"+13.400",13400,"+0.700",700,
16,1952,1,14,14,"14","2","hans-stuck","afm","kuchen","englebert","3:01.700",181700,,,,,,,"+14.200",14200,"+0.800",800,
16,1952,1,15,15,"15","26","alan-brown","cooper","bristol","dunlop","3:02.500",182500,,,,,,,"+15.000",15000,"+0.800",800,
16,1952,1,16,16,"16","4","toni-ulmen","veritas","veritas","dunlop","3:05.600",185600,,,,,,,"+18.100",18100,"+3.100",3100,
16,1952,1,17,17,"17","24","eric-brandon","cooper","bristol","dunlop","3:05.800",185800,,,,,,,"+18.300",18300,"+0.200",200,
16,1952,1,18,18,"18","40","harry-schell","maserati","plate","pirelli","3:07.600",187600,,,,,,,"+20.100",20100,"+1.800",1800,
16,1952,1,19,19,"19","44","peter-hirt","ferrari","ferrari","pirelli","3:10.200",190200,,,,,,,"+22.700",22700,"+2.600",2600,
16,1952,1,20,20,"20","12","louis-rosier","ferrari","ferrari","dunlop",,,,,,,,,,,,,
16,1952,1,21,21,"21","50","max-de-terra","simca-gordini","gordini","englebert",,,,,,,,,,,,,
16,1952,1,22,22,"22","14","maurice-trintignant","ferrari","ferrari","pirelli",,,,,,,,,,,,,
17,1952,2,1,1,"1","28","fred-agabashian","kurtis-kraft","cummins","firestone","4:20.850",260850,,,,,,,,,,,
17,1952,2,2,2,"2","9","andy-linden","kurtis-kraft","offenhauser","firestone","4:22.770",262770,,,,,,,"+1.920",1920,"+1.920",1920,
17,1952,2,3,3,"3","4","jack-mcgrath","kurtis-kraft","offenhauser","firestone","4:23.420",263420,,,,,,,"+2.570",2570,"+0.650",650,
17,1952,2,4,4,"4","36","duke-nalon","kurtis-kraft","novi","firestone","4:24.340",264340,,,,,,,"+3.490",3490,"+0.920",920,
17,1952,2,5,5,"5","18","sam-hanks","kurtis-kraft","offenhauser","firestone","4:25.220",265220,,,,,,,"+4.370",4370,"+0.880",880,
17,1952,2,6,6,"6","1","duane-carter","lesovsky","offenhauser","firestone","4:25.640",265640,,,,,,,"+4.790",4790,"+0.420",420,
17,1952,2,7,7,"7","98","troy-ruttman","kuzma","offenhauser","firestone","4:25.950",265950,,,,,,,"+5.100",5100,"+0.310",310,
17,1952,2,8,8,"8","26","bill-vukovich","kurtis-kraft","offenhauser","firestone","4:20.470",260470,,,,,,,"-0.380",380,"-5.480",-4520,
17,1952,2,9,9,"9","22","cliff-griffith","kurtis-kraft","offenhauser","firestone","4:23.510",263510,,,,,,,"+2.660",2660,"+3.040",3040,
17,1952,2,10,10,"10","59","jim-rathmann","kurtis-kraft","offenhauser","firestone","4:24.040",264040,,,,,,,"+3.190",3190,"+0.530",530,
17,1952,2,11,11,"11","16","chuck-stevenson","kurtis-kraft","offenhauser","firestone","4:24.430",264430,,,,,,,"+3.580",3580,"+0.390",390,
17,1952,2,12,12,"12","2","henry-banks","lesovsky","offenhauser","firestone","4:24.780",264780,,,,,,,"+3.930",3930,"+0.350",350,
17,1952,2,13,13,"13","65","george-fonder","sherman","offenhauser","firestone","4:24.810",264810,,,,,,,"+3.960",3960,"+0.030",30,
17,1952,2,14,14,"14","54","george-connor","kurtis-kraft","offenhauser","firestone","4:25.470",265470,,,,,,,"+4.620",4620,"+0.660",660,
17,1952,2,15,15,"15","7","bill-schindler","stevens","offenhauser","firestone","4:26.690",266690,,,,,,,"+5.840",5840,"+1.220",1220,
17,1952,2,16,16,"16","14","joe-james","kurtis-kraft","offenhauser","firestone","4:26.760",266760,,,,,,,"+5.910",5910,"+0.070",70,
17,1952,2,17,17,"17","55","bobby-ball","stevens","offenhauser","firestone","4:27.210",267210,,,,,,,"+6.360",6360,"+0.450",450,
17,1952,2,18,18,"18","67","gene-hartley","kurtis-kraft","offenhauser","firestone","4:27.970",267970,,,,,,,"+7.120",7120,"+0.760",760,
17,1952,2,19,19,"19","12","alberto-ascari","ferrari","ferrari","firestone","4:28.040",268040,,,,,,,"+7.190",7190,"+0.070",70,
17,1952,2,20,20,"20","33","art-cross","kurtis-kraft","offenhauser","firestone","4:28.080",268080,,,,,,,"+7.230",7230,"+0.040",40,
17,1952,2,21,21,"21","77","jimmy-bryan","kurtis-kraft","offenhauser","firestone","4:28.370",268370,,,,,,,"+7.520",7520,"+0.290",290,
17,1952,2,22,22,"22","34","rodger-ward","kurtis-kraft","offenhauser","firestone","4:28.380",268380,,,,,,,"+7.530",7530,"+0.010",10,
17,1952,2,23,23,"23","37","jimmy-reece","kurtis-kraft","offenhauser","firestone","4:28.670",268670,,,,,,,"+7.820",7820,"+0.290",290,
17,1952,2,24,24,"24","81","eddie-johnson","trevis","offenhauser","firestone","4:28.710",268710,,,,,,,"+7.860",7860,"+0.040",40,
17,1952,2,25,25,"25","93","bob-scott","kurtis-kraft","offenhauser","firestone","4:28.750",268750,,,,,,,"+7.900",7900,"+0.040",40,
17,1952,2,26,26,"26","29","jim-rigsby","watson","offenhauser","firestone","4:28.850",268850,,,,,,,"+8.000",8000,"+0.100",100,
17,1952,2,27,27,"27","21","chet-miller","kurtis-kraft","novi","firestone","4:18.930",258930,,,,,,,"-1.920",-80,"-9.920",-8080,
17,1952,2,28,28,"28","8","manny-ayulo","lesovsky","offenhauser","firestone","4:24.740",264740,,,,,,,"+3.890",3890,"+5.810",5810,
17,1952,2,29,29,"29","48","spider-webb","bromme","offenhauser","firestone","4:24.800",264800,,,,,,,"+3.950",3950,"+0.060",60,
17,1952,2,30,30,"30","27","tony-bettenhausen","deidt","offenhauser","firestone","4:25.910",265910,,,,,,,"+5.060",5060,"+1.110",1110,
17,1952,2,31,31,"31","5","johnnie-parsons","kurtis-kraft","offenhauser","firestone","4:26.020",266020,,,,,,,"+5.170",5170,"+0.110",110,
17,1952,2,32,32,"32","73","bob-sweikert","kurtis-kraft","offenhauser","firestone","4:26.700",266700,,,,,,,"+5.850",5850,"+0.680",680,
17,1952,2,33,33,"33","31","johnny-mcdowell","kurtis-kraft","offenhauser","firestone","4:28.780",268780,,,,,,,"+7.930",7930,"+2.080",2080,
18,1952,3,1,1,"1","4","alberto-ascari","ferrari","ferrari","pirelli","4:37.000",277000,,,,,,,,,,,
18,1952,3,2,2,"2","2","nino-farina","ferrari","ferrari","pirelli","4:40.000",280000,,,,,,,"+3.000",3000,"+3.000",3000,
18,1952,3,3,3,"3","6","piero-taruffi","ferrari","ferrari","pirelli","4:46.000",286000,,,,,,,"+9.000",9000,"+6.000",6000,
18,1952,3,4,4,"4","14","robert-manzon","gordini","gordini","englebert","4:52.000",292000,,,,,,,"+15.000",15000,"+6.000",6000,
18,1952,3,5,5,"5","16","jean-behra","gordini","gordini","englebert","4:56.000",296000,,,,,,,"+19.000",19000,"+4.000",4000,
18,1952,3,6,6,"6","8","mike-hawthorn","cooper","bristol","dunlop","4:58.000",298000,,,,,,,"+21.000",21000,"+2.000",2000,
18,1952,3,7,7,"7","36","ken-wharton","frazer-nash","bristol","dunlop","5:01.000",301000,,,,,,,"+24.000",24000,"+3.000",3000,
18,1952,3,8,8,"8","28","paul-frere","hwm","alta","dunlop","5:05.000",305000,,,,,,,"+28.000",28000,"+4.000",4000,
18,1952,3,9,9,"9","10","alan-brown","cooper","bristol","dunlop","5:07.000",307000,,,,,,,"+30.000",30000,"+2.000",2000,
18,1952,3,10,10,"10","32","stirling-moss","era","bristol","dunlop","5:08.000",308000,,,,,,,"+31.000",31000,"+1.000",1000,
18,1952,3,11,11,"11","26","peter-collins","hwm","alta","dunlop","5:10.000",310000,,,,,,,"+33.000",33000,"+2.000",2000,
18,1952,3,12,12,"12","12","eric-brandon","cooper","bristol","dunlop","5:12.000",312000,,,,,,,"+35.000",35000,"+2.000",2000,
18,1952,3,13,13,"13","34","charles-de-tornaco","ferrari","ferrari","englebert","5:13.000",313000,,,,,,,"+36.000",36000,"+1.000",1000,
18,1952,3,14,14,"14","24","lance-macklin","hwm","alta","dunlop","5:15.000",315000,,,,,,,"+38.000",38000,"+2.000",2000,
18,1952,3,15,15,"15","40","robin-montgomerie-charrington","aston-butterworth","butterworth","dunlop","5:17.000",317000,,,,,,,"+40.000",40000,"+2.000",2000,
18,1952,3,16,16,"16","42","tony-gaze","hwm","alta","dunlop","5:20.000",320000,,,,,,,"+43.000",43000,"+3.000",3000,
18,1952,3,17,17,"17","22","louis-rosier","ferrari","ferrari","dunlop","5:23.000",323000,,,,,,,"+46.000",46000,"+3.000",3000,
18,1952,3,18,18,"18","20","birabongse-bhanudej","gordini","gordini","englebert","5:29.000",329000,,,,,,,"+52.000",52000,"+6.000",6000,
18,1952,3,19,19,"19","18","johnny-claes","gordini","gordini","englebert","5:33.000",333000,,,,,,,"+56.000",56000,"+4.000",4000,
18,1952,3,20,20,"20","30","roger-laurent","hwm","alta","dunlop","5:35.000",335000,,,,,,,"+58.000",58000,"+2.000",2000,
18,1952,3,21,21,"21","38","arthur-legat","veritas","veritas","englebert","5:37.000",337000,,,,,,,"+1:00.000",60000,"+2.000",2000,
18,1952,3,22,22,"22","44","robert-obrien","simca-gordini","gordini","englebert","6:00.000",360000,,,,,,,"+1:23.000",83000,"+23.000",23000,
19,1952,4,1,1,"1","8","alberto-ascari","ferrari","ferrari","pirelli","2:14.800",134800,,,,,,,,,,,
19,1952,4,2,2,"2","10","nino-farina","ferrari","ferrari","pirelli","2:16.200",136200,,,,,,,"+1.400",1400,"+1.400",1400,
19,1952,4,3,3,"3","12","piero-taruffi","ferrari","ferrari","pirelli","2:17.100",137100,,,,,,,"+2.300",2300,"+0.900",900,
19,1952,4,4,4,"4","4","jean-behra","gordini","gordini","englebert","2:19.300",139300,,,,,,,"+4.500",4500,"+2.200",2200,
19,1952,4,5,5,"5","2","robert-manzon","gordini","gordini","englebert","2:20.400",140400,,,,,,,"+5.600",5600,"+1.100",1100,
19,1952,4,6,6,"6","44","maurice-trintignant","gordini","gordini","englebert","2:21.600",141600,,,,,,,"+6.800",6800,"+1.200",1200,
19,1952,4,7,7,"7","22","peter-collins","hwm","alta","dunlop","2:21.900",141900,,,,,,,"+7.100",7100,"+0.300",300,
19,1952,4,8,8,"8","6","birabongse-bhanudej","gordini","gordini","englebert","2:23.000",143000,,,,,,,"+8.200",8200,"+1.100",1100,
19,1952,4,9,9,"9","14","louis-rosier","ferrari","ferrari","dunlop","2:27.000",147000,,,,,,,"+12.200",12200,"+4.000",4000,
19,1952,4,10,10,"10","24","yves-giraud-cabantous","hwm","alta","dunlop","2:27.500",147500,,,,,,,"+12.700",12700,"+0.500",500,
19,1952,4,11,11,"11","16","emmanuel-de-graffenried","maserati","plate","pirelli","2:28.600",148600,,,,,,,"+13.800",13800,"+1.100",1100,
19,1952,4,12,12,"12","18","harry-schell","maserati","plate","pirelli","2:29.000",149000,,,,,,,"+14.200",14200,"+0.400",400,
19,1952,4,13,13,"13","26","peter-whitehead","alta","alta","dunlop","2:29.500",149500,,,,,,,"+14.700",14700,"+0.500",500,
19,1952,4,14,14,"14","20","lance-macklin","hwm","alta","dunlop","2:30.900",150900,,,,,,,"+16.100",16100,"+1.400",1400,
19,1952,4,15,15,"15","42","mike-hawthorn","cooper","bristol","dunlop","2:32.000",152000,,,,,,,"+17.200",17200,"+1.100",1100,
19,1952,4,16,16,"16","28","philippe-etancelin","maserati","maserati","pirelli","2:33.700",153700,,,,,,,"+18.900",18900,"+1.700",1700,
19,1952,4,17,17,"17","36","rudi-fischer","ferrari","ferrari","pirelli","2:34.600",154600,,,,,,,"+19.800",19800,"+0.900",900,
19,1952,4,18,18,"18","38","franco-comotti","ferrari","ferrari","pirelli","2:36.000",156000,,,,,,,"+21.200",21200,"+1.400",1400,
19,1952,4,19,19,"19","40","piero-carini","ferrari","ferrari","pirelli","2:37.700",157700,,,,,,,"+22.900",22900,"+1.700",1700,
19,1952,4,20,20,"20","32","johnny-claes","simca-gordini","gordini","englebert","2:39.600",159600,,,,,,,"+24.800",24800,"+1.900",1900,
20,1952,5,1,1,"1","16","nino-farina","ferrari","ferrari","pirelli","1:50.000",110000,,,,,,,,,,,
20,1952,5,2,2,"2","15","alberto-ascari","ferrari","ferrari","pirelli","1:50.000",110000,,,,,,,"+0.000",0,"+0.000",0,
20,1952,5,3,3,"3","17","piero-taruffi","ferrari","ferrari","pirelli","1:53.000",113000,,,,,,,"+3.000",3000,"+3.000",3000,
20,1952,5,4,4,"4","24","robert-manzon","gordini","gordini","englebert","1:54.000",114000,,,,,,,"+4.000",4000,"+1.000",1000,
20,1952,5,5,5,"5","4","ken-downing","connaught","lea-francis","dunlop","1:56.000",116000,,,,,,,"+6.000",6000,"+2.000",2000,
20,1952,5,6,6,"6","8","reg-parnell","cooper","bristol","dunlop","1:56.000",116000,,,,,,,"+6.000",6000,"+0.000",0,
20,1952,5,7,7,"7","9","mike-hawthorn","cooper","bristol","dunlop","1:56.000",116000,,,,,,,"+6.000",6000,"+0.000",0,
20,1952,5,8,8,"8","6","dennis-poore","connaught","lea-francis","dunlop","1:56.000",116000,,,,,,,"+6.000",6000,"+0.000",0,
20,1952,5,9,9,"9","5","eric-thompson","connaught","lea-francis","dunlop","1:57.000",117000,,,,,,,"+7.000",7000,"+1.000",1000,
20,1952,5,10,10,"10","26","birabongse-bhanudej","gordini","gordini","englebert","1:57.000",117000,,,,,,,"+7.000",7000,"+0.000",0,
20,1952,5,11,11,"11","30","duncan-hamilton","hwm","alta","dunlop","1:57.000",117000,,,,,,,"+7.000",7000,"+0.000",0,
20,1952,5,12,12,"12","1","graham-whitehead","alta","alta","dunlop","1:58.000",118000,,,,,,,"+8.000",8000,"+1.000",1000,
20,1952,5,13,13,"13","11","alan-brown","cooper","bristol","dunlop","1:58.000",118000,,,,,,,"+8.000",8000,"+0.000",0,
20,1952,5,14,14,"14","29","peter-collins","hwm","alta","dunlop","1:58.000",118000,,,,,,,"+8.000",8000,"+0.000",0,
20,1952,5,15,15,"15","19","rudi-fischer","ferrari","ferrari","pirelli","1:58.000",118000,,,,,,,"+8.000",8000,"+0.000",0,
20,1952,5,16,16,"16","12","stirling-moss","era","bristol","dunlop","1:59.000",119000,,,,,,,"+9.000",9000,"+1.000",1000,
20,1952,5,17,17,"17","3","kenneth-mcalpine","connaught","lea-francis","dunlop","2:00.000",120000,,,,,,,"+10.000",10000,"+1.000",1000,
20,1952,5,18,18,"18","10","eric-brandon","cooper","bristol","dunlop","2:00.000",120000,,,,,,,"+10.000",10000,"+0.000",0,
20,1952,5,19,19,"19","14","roy-salvadori","ferrari","ferrari","dunlop","2:00.000",120000,,,,,,,"+10.000",10000,"+0.000",0,
20,1952,5,20,20,"20","21","peter-whitehead","ferrari","ferrari","dunlop","2:00.000",120000,,,,,,,"+10.000",10000,"+0.000",0,
20,1952,5,21,21,"21","25","maurice-trintignant","gordini","gordini","englebert","2:00.000",120000,,,,,,,"+10.000",10000,"+0.000",0,
20,1952,5,22,22,"22","7","david-murray","cooper","bristol","dunlop","2:02.000",122000,,,,,,,"+12.000",12000,"+2.000",2000,
20,1952,5,23,23,"23","27","johnny-claes","simca-gordini","gordini","englebert","2:02.000",122000,,,,,,,"+12.000",12000,"+0.000",0,
20,1952,5,24,24,"24","20","peter-hirt","ferrari","ferrari","pirelli","2:03.000",123000,,,,,,,"+13.000",13000,"+1.000",1000,
20,1952,5,25,25,"25","23","tony-crook","frazer-nash","bmw","dunlop","2:03.000",123000,,,,,,,"+13.000",13000,"+0.000",0,
20,1952,5,26,26,"26","28","tony-gaze","hwm","alta","dunlop","2:05.000",125000,,,,,,,"+15.000",15000,"+2.000",2000,
20,1952,5,27,27,"27","35","eitel-cantoni","maserati","maserati","pirelli","2:06.000",126000,,,,,,,"+16.000",16000,"+1.000",1000,
20,1952,5,28,28,"28","34","gino-bianco","maserati","maserati","pirelli","2:07.000",127000,,,,,,,"+17.000",17000,"+1.000",1000,
20,1952,5,29,29,"29","31","lance-macklin","hwm","alta","dunlop","2:08.000",128000,,,,,,,"+18.000",18000,"+1.000",1000,
20,1952,5,30,30,"30","2","bill-aston","aston-butterworth","butterworth","dunlop","3:28.000",208000,,,,,,,"+1:38.000",98000,"+1:20.000",80000,
20,1952,5,31,31,"31","32","emmanuel-de-graffenried","maserati","plate","pirelli",,,,,,,,,,,,,
20,1952,5,32,32,"32","33","harry-schell","maserati","plate","pirelli",,,,,,,,,,,,,
21,1952,6,1,1,"1","101","alberto-ascari","ferrari","ferrari","pirelli","10:04.400",604400,,,,,,,,,,,
21,1952,6,2,2,"2","102","nino-farina","ferrari","ferrari","pirelli","10:07.300",607300,,,,,,,"+2.900",2900,"+2.900",2900,
21,1952,6,3,3,"3","109","maurice-trintignant","gordini","gordini","englebert","10:19.100",619100,,,,,,,"+14.700",14700,"+11.800",11800,
21,1952,6,4,4,"4","107","robert-manzon","gordini","gordini","englebert","10:25.300",625300,,,,,,,"+20.900",20900,"+6.200",6200,
21,1952,6,5,5,"5","103","piero-taruffi","ferrari","ferrari","pirelli","10:26.300",626300,,,,,,,"+21.900",21900,"+1.000",1000,
21,1952,6,6,6,"6","117","rudi-fischer","ferrari","ferrari","pirelli","10:41.900",641900,,,,,,,"+37.500",37500,"+15.600",15600,
21,1952,6,7,7,"7","127","paul-pietsch","veritas","veritas","dunlop","10:56.300",656300,,,,,,,"+51.900",51900,"+14.400",14400,
21,1952,6,8,8,"8","128","hans-klenk","veritas","veritas","dunlop",,,,,,,,,,,,,
21,1952,6,9,9,"9","123","willi-heeks","afm","bmw","dunlop",,,,,,,,,,,,,
21,1952,6,10,10,"10","105","felice-bonetto","maserati","maserati","pirelli",,,,,,,,,,,,,
21,1952,6,11,11,"11","108","jean-behra","gordini","gordini","englebert",,,,,,,,,,,,,
21,1952,6,12,12,"12","121","fritz-riess","veritas","veritas","dunlop",,,,,,,,,,,,,
21,1952,6,13,13,"13","112","paul-frere","hwm","alta","dunlop",,,,,,,,,,,,,
21,1952,6,14,14,"14","120","tony-gaze","hwm","alta","dunlop",,,,,,,,,,,,,
21,1952,6,15,15,"15","125","toni-ulmen","veritas","veritas","dunlop",,,,,,,,,,,,,
21,1952,6,16,16,"16","115","gino-bianco","maserati","maserati","pirelli",,,,,,,,,,,,,
21,1952,6,17,17,"17","119","roger-laurent","ferrari","ferrari","englebert",,,,,,,,,,,,,
21,1952,6,18,18,"18","122","theo-helfrich","veritas","veritas","dunlop",,,,,,,,,,,,,
21,1952,6,19,19,"19","126","adolf-brudes","veritas","veritas","dunlop",,,,,,,,,,,,,
21,1952,6,20,20,"20","129","josef-peters","veritas","veritas","dunlop",,,,,,,,,,,,,
21,1952,6,21,21,"21","114","bill-aston","aston-butterworth","butterworth","dunlop",,,,,,,,,,,,,
21,1952,6,22,22,"22","124","helmut-niedermayr","afm","bmw","dunlop",,,,,,,,,,,,,
21,1952,6,23,23,"23","136","rudolf-krause","reif","bmw","dunlop",,,,,,,,,,,,,
21,1952,6,24,24,"24","118","rudolf-schoeller","ferrari","ferrari","pirelli",,,,,,,,,,,,,
21,1952,6,25,25,"25","110","marcel-balsa","balsa","bmw","dunlop",,,,,,,,,,,,,
21,1952,6,26,26,"26","116","eitel-cantoni","maserati","maserati","pirelli",,,,,,,,,,,,,
21,1952,6,27,27,"27","104","piero-carini","ferrari","ferrari","pirelli",,,,,,,,,,,,,
21,1952,6,28,29,"29","135","ernst-klodwig","heck","bmw","dunlop",,,,,,,,,,,,,
21,1952,6,29,30,"30","130","karl-gunther-bechem","nacke","bmw","dunlop",,,,,,,,,,,,,
21,1952,6,30,32,"32","113","johnny-claes","hwm","alta","dunlop",,,,,,,,,,,,,
22,1952,7,1,1,"1","2","alberto-ascari","ferrari","ferrari","pirelli","1:46.500",106500,,,,,,,,,,,
22,1952,7,2,2,"2","4","nino-farina","ferrari","ferrari","pirelli","1:48.600",108600,,,,,,,"+2.100",2100,"+2.100",2100,
22,1952,7,3,3,"3","32","mike-hawthorn","cooper","bristol","dunlop","1:51.600",111600,,,,,,,"+5.100",5100,"+3.000",3000,
22,1952,7,4,4,"4","6","luigi-villoresi","ferrari","ferrari","pirelli","1:51.800",111800,,,,,,,"+5.300",5300,"+0.200",200,
22,1952,7,5,5,"5","12","maurice-trintignant","gordini","gordini","englebert","1:53.000",113000,,,,,,,"+6.500",6500,"+1.200",1200,
22,1952,7,6,6,"6","8","jean-behra","gordini","gordini","englebert","1:54.500",114500,,,,,,,"+8.000",8000,"+1.500",1500,
22,1952,7,7,7,"7","34","ken-wharton","frazer-nash","bristol","dunlop","1:54.700",114700,,,,,,,"+8.200",8200,"+0.200",200,
22,1952,7,8,8,"8","10","robert-manzon","gordini","gordini","englebert","1:54.800",114800,,,,,,,"+8.300",8300,"+0.100",100,
22,1952,7,9,9,"9","26","lance-macklin","hwm","alta","dunlop","1:55.200",115200,,,,,,,"+8.700",8700,"+0.400",400,
22,1952,7,10,10,"10","28","duncan-hamilton","hwm","alta","dunlop","1:55.800",115800,,,,,,,"+9.300",9300,"+0.600",600,
22,1952,7,11,11,"11","14","paul-frere","simca-gordini","gordini","englebert","1:58.200",118200,,,,,,,"+11.700",11700,"+2.400",2400,
22,1952,7,12,12,"12","18","gino-bianco","maserati","maserati","pirelli","1:58.200",118200,,,,,,,"+11.700",11700,"+0.000",0,
22,1952,7,13,13,"13","22","ken-downing","connaught","lea-francis","dunlop","1:58.600",118600,,,,,,,"+12.100",12100,"+0.400",400,
22,1952,7,14,14,"14","30","dries-van-der-lof","hwm","alta","dunlop","1:59.400",119400,,,,,,,"+12.900",12900,"+0.800",800,
22,1952,7,15,15,"15","20","jan-flinterman","maserati","maserati","pirelli","2:01.800",121800,,,,,,,"+15.300",15300,"+2.400",2400,
22,1952,7,16,16,"16","16","chico-landi","maserati","maserati","pirelli","2:02.100",122100,,,,,,,"+15.600",15600,"+0.300",300,
22,1952,7,17,17,"17","24","charles-de-tornaco","ferrari","ferrari","englebert","2:03.700",123700,,,,,,,"+17.200",17200,"+1.600",1600,
22,1952,7,18,18,"18","36","stirling-moss","era","bristol","dunlop","2:04.500",124500,,,,,,,"+18.000",18000,"+0.800",800,
23,1952,8,1,1,"1","12","alberto-ascari","ferrari","ferrari","pirelli","2:05.700",125700,,,,,,,,,,,
23,1952,8,2,2,"2","16","luigi-villoresi","ferrari","ferrari","pirelli","2:06.600",126600,,,,,,,"+0.900",900,"+0.900",900,
23,1952,8,3,3,"3","10","nino-farina","ferrari","ferrari","pirelli","2:07.000",127000,,,,,,,"+1.300",1300,"+0.400",400,
23,1952,8,4,4,"4","4","maurice-trintignant","gordini","gordini","englebert","2:07.200",127200,,,,,,,"+1.500",1500,"+0.200",200,
23,1952,8,5,5,"5","26","jose-froilan-gonzalez","maserati","maserati","pirelli","2:07.600",127600,,,,,,,"+1.900",1900,"+0.400",400,
23,1952,8,6,6,"6","14","piero-taruffi","ferrari","ferrari","pirelli","2:07.800",127800,,,,,,,"+2.100",2100,"+0.200",200,
23,1952,8,7,7,"7","2","robert-manzon","gordini","gordini","englebert","2:08.200",128200,,,,,,,"+2.500",2500,"+0.400",400,
23,1952,8,8,8,"8","8","andre-simon","ferrari","ferrari","pirelli","2:09.100",129100,,,,,,,"+3.400",3400,"+0.900",900,
23,1952,8,9,9,"9","32","stirling-moss","connaught","lea-francis","dunlop","2:09.800",129800,,,,,,,"+4.100",4100,"+0.700",700,
23,1952,8,10,10,"10","34","elie-bayol","osca","osca","pirelli","2:10.600",130600,,,,,,,"+4.900",4900,"+0.800",800,
23,1952,8,11,11,"11","6","jean-behra","gordini","gordini","englebert","2:10.800",130800,,,,,,,"+5.100",5100,"+0.200",200,
23,1952,8,12,12,"12","42","mike-hawthorn","cooper","bristol","dunlop","2:11.200",131200,,,,,,,"+5.500",5500,"+0.400",400,
23,1952,8,13,13,"13","22","felice-bonetto","maserati","maserati","pirelli","2:11.600",131600,,,,,,,"+5.900",5900,"+0.400",400,
23,1952,8,14,14,"14","18","rudi-fischer","ferrari","ferrari","pirelli","2:11.800",131800,,,,,,,"+6.100",6100,"+0.200",200,
23,1952,8,15,15,"15","40","ken-wharton","cooper","bristol","dunlop","2:12.200",132200,,,,,,,"+6.500",6500,"+0.400",400,
23,1952,8,16,16,"16","24","franco-rol","maserati","maserati","pirelli","2:12.700",132700,,,,,,,"+7.000",7000,"+0.500",500,
23,1952,8,17,17,"17","62","louis-rosier","ferrari","ferrari","dunlop","2:12.700",132700,,,,,,,"+7.000",7000,"+0.000",0,
23,1952,8,18,18,"18","48","chico-landi","maserati","maserati","pirelli","2:13.000",133000,,,,,,,"+7.300",7300,"+0.300",300,
23,1952,8,19,19,"19","30","dennis-poore","connaught","lea-francis","dunlop","2:14.000",134000,,,,,,,"+8.300",8300,"+1.000",1000,
23,1952,8,20,20,"20","36","eric-brandon","cooper","bristol","dunlop","2:14.000",134000,,,,,,,"+8.300",8300,"+0.000",0,
23,1952,8,21,21,"21","38","alan-brown","cooper","bristol","dunlop","2:15.000",135000,,,,,,,"+9.300",9300,"+1.000",1000,
23,1952,8,22,22,"22","28","kenneth-mcalpine","connaught","lea-francis","dunlop","2:15.100",135100,,,,,,,"+9.400",9400,"+0.100",100,
23,1952,8,23,23,"23","50","eitel-cantoni","maserati","maserati","pirelli","2:15.900",135900,,,,,,,"+10.200",10200,"+0.800",800,
23,1952,8,24,24,"24","46","gino-bianco","maserati","maserati","pirelli","2:17.100",137100,,,,,,,"+11.400",11400,"+1.200",1200,
23,1952,8,25,25,"25","70","charles-de-tornaco","ferrari","ferrari","englebert","2:17.500",137500,,,,,,,"+11.800",11800,"+0.400",400,
23,1952,8,26,26,"26","58","alberto-crespo","maserati","plate","pirelli","2:17.800",137800,,,,,,,"+12.100",12100,"+0.300",300,
23,1952,8,27,27,"27","60","emmanuel-de-graffenried","maserati","plate","pirelli","2:18.400",138400,,,,,,,"+12.700",12700,"+0.600",600,
23,1952,8,28,28,"28","54","peter-collins","hwm","alta","dunlop","2:18.600",138600,,,,,,,"+12.900",12900,"+0.200",200,
23,1952,8,29,29,"29","68","peter-whitehead","ferrari","ferrari","dunlop","2:18.800",138800,,,,,,,"+13.100",13100,"+0.200",200,
23,1952,8,30,30,"30","56","tony-gaze","hwm","alta","dunlop","2:20.300",140300,,,,,,,"+14.600",14600,"+1.500",1500,
23,1952,8,31,31,"31","64","bill-aston","aston-butterworth","butterworth","dunlop","2:20.700",140700,,,,,,,"+15.000",15000,"+0.400",400,
23,1952,8,32,32,"32","52","lance-macklin","hwm","alta","dunlop","2:21.000",141000,,,,,,,"+15.300",15300,"+0.300",300,
23,1952,8,33,33,"33","20","hans-stuck","ferrari","ferrari","pirelli","2:22.800",142800,,,,,,,"+17.100",17100,"+1.800",1800,
23,1952,8,34,34,"34","66","johnny-claes","simca-gordini","gordini","englebert",,,,,,,,,,,,,
23,1952,8,35,35,"35","44","piero-dusio","cisitalia","bpm","pirelli",,,,,,,,,,,,,
24,1953,1,1,1,"1","10","alberto-ascari","ferrari","ferrari","pirelli","1:55.400",115400,,,,,,,,,,,
24,1953,1,2,2,"2","2","juan-manuel-fangio","maserati","maserati","pirelli","1:56.100",116100,,,,,,,"+0.700",700,"+0.700",700,
24,1953,1,3,3,"3","14","luigi-villoresi","ferrari","ferrari","pirelli","1:56.500",116500,,,,,,,"+1.100",1100,"+0.400",400,
24,1953,1,4,4,"4","12","nino-farina","ferrari","ferrari","pirelli","1:57.100",117100,,,,,,,"+1.700",1700,"+0.600",600,
24,1953,1,5,5,"5","4","jose-froilan-gonzalez","maserati","maserati","pirelli","1:58.500",118500,,,,,,,"+3.100",3100,"+1.400",1400,
24,1953,1,6,6,"6","16","mike-hawthorn","ferrari","ferrari","pirelli","1:59.400",119400,,,,,,,"+4.000",4000,"+0.900",900,
24,1953,1,7,7,"7","28","maurice-trintignant","gordini","gordini","englebert","2:00.400",120400,,,,,,,"+5.000",5000,"+1.000",1000,
24,1953,1,8,8,"8","26","robert-manzon","gordini","gordini","englebert","2:00.900",120900,,,,,,,"+5.500",5500,"+0.500",500,
24,1953,1,9,9,"9","8","oscar-alfredo-galvez","maserati","maserati","pirelli","2:01.300",121300,,,,,,,"+5.900",5900,"+0.400",400,
24,1953,1,10,10,"10","32","carlos-menditeguy","gordini","gordini","englebert","2:01.800",121800,,,,,,,"+6.400",6400,"+0.500",500,
24,1953,1,11,11,"11","30","jean-behra","gordini","gordini","englebert","2:02.600",122600,,,,,,,"+7.200",7200,"+0.800",800,
24,1953,1,12,12,"12","20","alan-brown","cooper","bristol","dunlop","2:03.200",123200,,,,,,,"+7.800",7800,"+0.600",600,
24,1953,1,13,13,"13","24","adolfo-schwelm-cruz","cooper","bristol","dunlop","2:03.700",123700,,,,,,,"+8.300",8300,"+0.500",500,
24,1953,1,14,14,"14","34","pablo-birger","simca-gordini","gordini","englebert","2:03.800",123800,,,,,,,"+8.400",8400,"+0.100",100,
24,1953,1,15,15,"15","6","felice-bonetto","maserati","maserati","pirelli","2:04.200",124200,,,,,,,"+8.800",8800,"+0.400",400,
24,1953,1,16,16,"16","22","john-barber","cooper","bristol","dunlop","2:06.800",126800,,,,,,,"+11.400",11400,"+2.600",2600,
25,1953,2,1,1,"1","14","bill-vukovich","kurtis-kraft","offenhauser","firestone","4:20.130",260130,,,,,,,,,,,
25,1953,2,2,2,"2","59","fred-agabashian","kurtis-kraft","offenhauser","firestone","4:21.730",261730,,,,,,,"+1.600",1600,"+1.600",1600,
25,1953,2,3,3,"3","5","jack-mcgrath","kurtis-kraft","offenhauser","firestone","4:23.540",263540,,,,,,,"+3.410",3410,"+1.810",1810,
25,1953,2,4,4,"4","88","manny-ayulo","kuzma","offenhauser","firestone","4:23.960",263960,,,,,,,"+3.830",3830,"+0.420",420,
25,1953,2,5,5,"5","32","andy-linden","stevens","offenhauser","firestone","4:24.590",264590,,,,,,,"+4.460",4460,"+0.630",630,
25,1953,2,6,6,"6","98","tony-bettenhausen","kuzma","offenhauser","firestone","4:24.660",264660,,,,,,,"+4.530",4530,"+0.070",70,
25,1953,2,7,7,"7","55","jerry-hoyt","kurtis-kraft","offenhauser","firestone","4:25.230",265230,,,,,,,"+5.100",5100,"+0.570",570,
25,1953,2,8,8,"8","21","johnnie-parsons","kurtis-kraft","offenhauser","firestone","4:21.500",261500,,,,,,,"+1.370",1370,"-3.730",-2270,
25,1953,2,9,9,"9","3","sam-hanks","kurtis-kraft","offenhauser","firestone","4:21.760",261760,,,,,,,"+1.630",1630,"+0.260",260,
25,1953,2,10,10,"10","92","rodger-ward","kurtis-kraft","offenhauser","firestone","4:21.880",261880,,,,,,,"+1.750",1750,"+0.120",120,
25,1953,2,11,11,"11","29","bob-scott","bromme","offenhauser","firestone","4:21.950",261950,,,,,,,"+1.820",1820,"+0.070",70,
25,1953,2,12,12,"12","16","art-cross","kurtis-kraft","offenhauser","firestone","4:22.180",262180,,,,,,,"+2.050",2050,"+0.230",230,
25,1953,2,13,13,"13","41","gene-hartley","kurtis-kraft","offenhauser","firestone","4:22.270",262270,,,,,,,"+2.140",2140,"+0.090",90,
25,1953,2,14,14,"14","23","walt-faulkner","kurtis-kraft","offenhauser","firestone","4:22.550",262550,,,,,,,"+2.420",2420,"+0.280",280,
25,1953,2,15,15,"15","38","don-freeland","watson","offenhauser","firestone","4:23.030",263030,,,,,,,"+2.900",2900,"+0.480",480,
25,1953,2,16,16,"16","97","chuck-stevenson","kuzma","offenhauser","firestone","4:23.620",263620,,,,,,,"+3.490",3490,"+0.590",590,
25,1953,2,17,17,"17","7","paul-russo","kurtis-kraft","offenhauser","firestone","4:24.280",264280,,,,,,,"+4.150",4150,"+0.660",660,
25,1953,2,18,18,"18","62","spider-webb","kurtis-kraft","offenhauser","firestone","4:24.380",264380,,,,,,,"+4.250",4250,"+0.100",100,
25,1953,2,19,19,"19","73","carl-scarborough","kurtis-kraft","offenhauser","firestone","4:24.830",264830,,,,,,,"+4.700",4700,"+0.450",450,
25,1953,2,20,20,"20","12","ernie-mccoy","stevens","offenhauser","firestone","4:24.850",264850,,,,,,,"+4.720",4720,"+0.020",20,
25,1953,2,21,21,"21","48","jimmy-daywalt","kurtis-kraft","offenhauser","firestone","4:25.200",265200,,,,,,,"+5.070",5070,"+0.350",350,
25,1953,2,22,22,"22","22","marshall-teague","kurtis-kraft","offenhauser","firestone","4:25.250",265250,,,,,,,"+5.120",5120,"+0.050",50,
25,1953,2,23,23,"23","83","mike-nazaruk","turner","offenhauser","firestone","4:25.280",265280,,,,,,,"+5.150",5150,"+0.030",30,
25,1953,2,24,24,"24","77","pat-flaherty","kurtis-kraft","offenhauser","firestone","4:25.350",265350,,,,,,,"+5.220",5220,"+0.070",70,
25,1953,2,25,25,"25","2","jim-rathmann","kurtis-kraft","offenhauser","firestone","4:25.360",265360,,,,,,,"+5.230",5230,"+0.010",10,
25,1953,2,26,26,"26","9","duke-nalon","kurtis-kraft","novi","firestone","4:25.760",265760,,,,,,,"+5.630",5630,"+0.400",400,
25,1953,2,27,27,"27","4","duane-carter","lesovsky","offenhauser","firestone","4:26.140",266140,,,,,,,"+6.010",6010,"+0.380",380,
25,1953,2,28,28,"28","49","bill-holland","kurtis-kraft","offenhauser","firestone","4:21.120",261120,,,,,,,"+0.990",990,"-5.020",-4980,
25,1953,2,29,29,"29","51","bob-sweikert","kuzma","offenhauser","firestone","4:23.020",263020,,,,,,,"+2.890",2890,"+1.900",1900,
25,1953,2,30,30,"30","99","cal-niday","kurtis-kraft","offenhauser","firestone","4:24.520",264520,,,,,,,"+4.390",4390,"+1.500",1500,
25,1953,2,31,31,"31","8","jimmy-bryan","schroeder","offenhauser","firestone","4:25.760",265760,,,,,,,"+5.630",5630,"+1.240",1240,
25,1953,2,32,32,"32","53","jimmy-davies","kurtis-kraft","offenhauser","firestone","4:26.150",266150,,,,,,,"+6.020",6020,"+0.390",390,
25,1953,2,33,33,"33","56","johnny-thomson","del-roy","offenhauser","firestone","4:26.150",266150,,,,,,,"+6.020",6020,"+0.000",0,
26,1953,3,1,1,"1","2","alberto-ascari","ferrari","ferrari","pirelli","1:51.100",111100,,,,,,,,,,,
26,1953,3,2,2,"2","12","juan-manuel-fangio","maserati","maserati","pirelli","1:52.700",112700,,,,,,,"+1.600",1600,"+1.600",1600,
26,1953,3,3,3,"3","6","nino-farina","ferrari","ferrari","pirelli","1:53.000",113000,,,,,,,"+1.900",1900,"+0.300",300,
26,1953,3,4,4,"4","4","luigi-villoresi","ferrari","ferrari","pirelli","1:53.700",113700,,,,,,,"+2.600",2600,"+0.700",700,
26,1953,3,5,5,"5","14","jose-froilan-gonzalez","maserati","maserati","pirelli","1:54.100",114100,,,,,,,"+3.000",3000,"+0.400",400,
26,1953,3,6,6,"6","8","mike-hawthorn","ferrari","ferrari","pirelli","1:54.600",114600,,,,,,,"+3.500",3500,"+0.500",500,
26,1953,3,7,7,"7","18","emmanuel-de-graffenried","maserati","maserati","pirelli","1:58.700",118700,,,,,,,"+7.600",7600,"+4.100",4100,
26,1953,3,8,8,"8","10","louis-rosier","ferrari","ferrari","dunlop","1:59.500",119500,,,,,,,"+8.400",8400,"+0.800",800,
26,1953,3,9,9,"9","34","stirling-moss","connaught","lea-francis","dunlop","2:00.000",120000,,,,,,,"+8.900",8900,"+0.500",500,
26,1953,3,10,10,"10","20","harry-schell","gordini","gordini","englebert","2:00.100",120100,,,,,,,"+9.000",9000,"+0.100",100,
26,1953,3,11,11,"11","26","roy-salvadori","connaught","lea-francis","dunlop","2:00.500",120500,,,,,,,"+9.400",9400,"+0.400",400,
26,1953,3,12,12,"12","24","maurice-trintignant","gordini","gordini","englebert","2:01.200",121200,,,,,,,"+10.100",10100,"+0.700",700,
26,1953,3,13,13,"13","16","felice-bonetto","maserati","maserati","pirelli","2:01.500",121500,,,,,,,"+10.400",10400,"+0.300",300,
26,1953,3,14,14,"14","28","kenneth-mcalpine","connaught","lea-francis","dunlop","2:01.900",121900,,,,,,,"+10.800",10800,"+0.400",400,
26,1953,3,15,15,"15","38","lance-macklin","hwm","alta","dunlop","2:02.400",122400,,,,,,,"+11.300",11300,"+0.500",500,
26,1953,3,16,16,"16","36","peter-collins","hwm","alta","dunlop","2:03.100",123100,,,,,,,"+12.000",12000,"+0.700",700,
26,1953,3,17,17,"17","30","johnny-claes","connaught","lea-francis","englebert","2:03.900",123900,,,,,,,"+12.800",12800,"+0.800",800,
26,1953,3,18,18,"18","32","ken-wharton","cooper","bristol","dunlop","2:06.400",126400,,,,,,,"+15.300",15300,"+2.500",2500,
26,1953,3,19,19,"19","22","roberto-mieres","gordini","gordini","englebert","2:08.500",128500,,,,,,,"+17.400",17400,"+2.100",2100,
26,1953,3,20,20,"20","40","fred-wacker","gordini","gordini","englebert",,,,,,,,,,,,,
27,1953,4,1,1,"1","4","juan-manuel-fangio","maserati","maserati","pirelli","4:30.100",270100,,,,,,,,,,,
27,1953,4,2,2,"2","10","alberto-ascari","ferrari","ferrari","pirelli","4:32.000",272000,,,,,,,"+1.900",1900,"+1.900",1900,
27,1953,4,3,3,"3","2","jose-froilan-gonzalez","maserati","maserati","pirelli","4:32.000",272000,,,,,,,"+1.900",1900,"+0.000",0,
27,1953,4,4,4,"4","12","nino-farina","ferrari","ferrari","pirelli","4:36.000",276000,,,,,,,"+5.900",5900,"+4.000",4000,
27,1953,4,5,5,"5","8","luigi-villoresi","ferrari","ferrari","pirelli","4:39.000",279000,,,,,,,"+8.900",8900,"+3.000",3000,
27,1953,4,6,6,"6","28","onofre-marimon","maserati","maserati","pirelli","4:40.000",280000,,,,,,,"+9.900",9900,"+1.000",1000,
27,1953,4,7,7,"7","14","mike-hawthorn","ferrari","ferrari","pirelli","4:42.000",282000,,,,,,,"+11.900",11900,"+2.000",2000,
27,1953,4,8,8,"8","18","maurice-trintignant","gordini","gordini","englebert","4:45.000",285000,,,,,,,"+14.900",14900,"+3.000",3000,
27,1953,4,9,9,"9","30","emmanuel-de-graffenried","maserati","maserati","pirelli","4:49.000",289000,,,,,,,"+18.900",18900,"+4.000",4000,
27,1953,4,10,10,"10","6","johnny-claes","maserati","maserati","pirelli","4:50.000",290000,,,,,,,"+19.900",19900,"+1.000",1000,
27,1953,4,11,11,"11","24","paul-frere","hwm","alta","dunlop","4:52.000",292000,,,,,,,"+21.900",21900,"+2.000",2000,
27,1953,4,12,12,"12","20","harry-schell","gordini","gordini","englebert","4:53.000",293000,,,,,,,"+22.900",22900,"+1.000",1000,
27,1953,4,13,13,"13","32","louis-rosier","ferrari","ferrari","dunlop","4:56.000",296000,,,,,,,"+25.900",25900,"+3.000",3000,
27,1953,4,14,14,"14","16","jean-behra","gordini","gordini","englebert","4:57.000",297000,,,,,,,"+26.900",26900,"+1.000",1000,
27,1953,4,15,15,"15","38","fred-wacker","gordini","gordini","englebert","5:03.000",303000,,,,,,,"+32.900",32900,"+6.000",6000,
27,1953,4,16,16,"16","26","peter-collins","hwm","alta","dunlop","5:03.000",303000,,,,,,,"+32.900",32900,"+0.000",0,
27,1953,4,17,17,"17","22","lance-macklin","hwm","alta","dunlop","5:14.000",314000,,,,,,,"+43.900",43900,"+11.000",11000,
27,1953,4,18,18,"18","40","andre-pilette","connaught","lea-francis","englebert","5:23.000",323000,,,,,,,"+52.900",52900,"+9.000",9000,
27,1953,4,19,19,"19","36","arthur-legat","veritas","veritas","englebert","5:41.000",341000,,,,,,,"+1:10.900",70900,"+18.000",18000,
27,1953,4,20,20,"20","34","georges-berger","simca-gordini","gordini","englebert","5:58.000",358000,,,,,,,"+1:27.900",87900,"+17.000",17000,
27,1953,4,21,21,"21","42","jacques-swaters","ferrari","ferrari","englebert",,,,,,,,,,,,,
27,1953,4,22,22,"22","44","charles-de-tornaco","ferrari","ferrari","englebert",,,,,,,,,,,,,
28,1953,5,1,1,"1","10","alberto-ascari","ferrari","ferrari","pirelli","2:41.200",161200,,,,,,,,,,,
28,1953,5,2,2,"2","24","felice-bonetto","maserati","maserati","pirelli","2:41.500",161500,,,,,,,"+0.300",300,"+0.300",300,
28,1953,5,3,3,"3","12","luigi-villoresi","ferrari","ferrari","pirelli","2:41.900",161900,,,,,,,"+0.700",700,"+0.400",400,
28,1953,5,4,4,"4","18","juan-manuel-fangio","maserati","maserati","pirelli","2:42.000",162000,,,,,,,"+0.800",800,"+0.100",100,
28,1953,5,5,5,"5","20","jose-froilan-gonzalez","maserati","maserati","pirelli","2:42.400",162400,,,,,,,"+1.200",1200,"+0.400",400,
28,1953,5,6,6,"6","14","nino-farina","ferrari","ferrari","pirelli","2:42.500",162500,,,,,,,"+1.300",1300,"+0.100",100,
28,1953,5,7,7,"7","16","mike-hawthorn","ferrari","ferrari","pirelli","2:43.500",163500,,,,,,,"+2.300",2300,"+1.000",1000,
28,1953,5,8,8,"8","22","onofre-marimon","maserati","maserati","pirelli","2:44.700",164700,,,,,,,"+3.500",3500,"+1.200",1200,
28,1953,5,9,9,"9","46","emmanuel-de-graffenried","maserati","maserati","pirelli","2:46.100",166100,,,,,,,"+4.900",4900,"+1.400",1400,
28,1953,5,10,10,"10","44","louis-rosier","ferrari","ferrari","dunlop","2:49.600",169600,,,,,,,"+8.400",8400,"+3.500",3500,
28,1953,5,11,11,"11","42","birabongse-bhanudej","connaught","lea-francis","dunlop","2:53.200",173200,,,,,,,"+12.000",12000,"+3.600",3600,
28,1953,5,12,12,"12","38","bob-gerard","cooper","bristol","dunlop","2:54.200",174200,,,,,,,"+13.000",13000,"+1.000",1000,
28,1953,5,13,13,"13","36","stirling-moss","cooper","alta","dunlop","2:55.700",175700,,,,,,,"+14.500",14500,"+1.500",1500,
28,1953,5,14,14,"14","40","ken-wharton","cooper","bristol","dunlop","2:55.800",175800,,,,,,,"+14.600",14600,"+0.100",100,
28,1953,5,15,15,"15","34","elie-bayol","osca","osca","pirelli","2:56.900",176900,,,,,,,"+15.700",15700,"+1.100",1100,
28,1953,5,16,16,"16","26","lance-macklin","hwm","alta","dunlop","2:57.200",177200,,,,,,,"+16.000",16000,"+0.300",300,
28,1953,5,17,17,"17","28","peter-collins","hwm","alta","dunlop","3:02.000",182000,,,,,,,"+20.800",20800,"+4.800",4800,
28,1953,5,18,18,"18","30","yves-giraud-cabantous","hwm","alta","dunlop","3:06.700",186700,,,,,,,"+25.500",25500,"+4.700",4700,
28,1953,5,19,19,"19","50","roy-salvadori","connaught","lea-francis","dunlop","3:23.000",203000,,,,,,,"+41.800",41800,"+16.300",16300,
28,1953,5,20,20,"20","6","harry-schell","gordini","gordini","englebert","3:25.800",205800,,,,,,,"+44.600",44600,"+2.800",2800,
28,1953,5,21,21,"21","48","johnny-claes","connaught","lea-francis","englebert","4:06.500",246500,,,,,,,"+1:25.300",85300,"+40.700",40700,
28,1953,5,22,22,"22","2","jean-behra","gordini","gordini","englebert",,,,,,,,,,,,,
28,1953,5,23,23,"23","4","maurice-trintignant","gordini","gordini","englebert",,,,,,,,,,,,,
28,1953,5,24,24,"24","8","roberto-mieres","gordini","gordini","englebert",,,,,,,,,,,,,
28,1953,5,25,25,"25","32","louis-chiron","osca","osca","pirelli",,,,,,,,,,,,,
29,1953,6,1,1,"1","5","alberto-ascari","ferrari","ferrari","pirelli","1:48.000",108000,,,,,,,,,,,
29,1953,6,2,2,"2","24","jose-froilan-gonzalez","maserati","maserati","pirelli","1:49.000",109000,,,,,,,"+1.000",1000,"+1.000",1000,
29,1953,6,3,3,"3","8","mike-hawthorn","ferrari","ferrari","pirelli","1:49.000",109000,,,,,,,"+1.000",1000,"+0.000",0,
29,1953,6,4,4,"4","23","juan-manuel-fangio","maserati","maserati","pirelli","1:50.000",110000,,,,,,,"+2.000",2000,"+1.000",1000,
29,1953,6,5,5,"5","6","nino-farina","ferrari","ferrari","pirelli","1:50.000",110000,,,,,,,"+2.000",2000,"+0.000",0,
29,1953,6,6,6,"6","7","luigi-villoresi","ferrari","ferrari","pirelli","1:51.000",111000,,,,,,,"+3.000",3000,"+1.000",1000,
29,1953,6,7,7,"7","26","onofre-marimon","maserati","maserati","pirelli","1:51.000",111000,,,,,,,"+3.000",3000,"+0.000",0,
29,1953,6,8,8,"8","29","maurice-trintignant","gordini","gordini","englebert","1:52.000",112000,,,,,,,"+4.000",4000,"+1.000",1000,
29,1953,6,9,9,"9","28","harry-schell","gordini","gordini","englebert","1:52.000",112000,,,,,,,"+4.000",4000,"+0.000",0,
29,1953,6,10,10,"10","14","tony-rolt","connaught","lea-francis","dunlop","1:54.000",114000,,,,,,,"+6.000",6000,"+2.000",2000,
29,1953,6,11,11,"11","16","ken-wharton","cooper","bristol","dunlop","1:54.000",114000,,,,,,,"+6.000",6000,"+0.000",0,
29,1953,6,12,12,"12","1","lance-macklin","hwm","alta","dunlop","1:57.000",117000,,,,,,,"+9.000",9000,"+3.000",3000,
29,1953,6,13,13,"13","11","kenneth-mcalpine","connaught","lea-francis","dunlop","1:57.000",117000,,,,,,,"+9.000",9000,"+0.000",0,
29,1953,6,14,14,"14","20","peter-whitehead","cooper","alta","dunlop","1:57.000",117000,,,,,,,"+9.000",9000,"+0.000",0,
29,1953,6,15,15,"15","18","jimmy-stewart","cooper","bristol","dunlop","1:58.000",118000,,,,,,,"+10.000",10000,"+1.000",1000,
29,1953,6,16,16,"16","25","felice-bonetto","maserati","maserati","pirelli","1:58.000",118000,,,,,,,"+10.000",10000,"+0.000",0,
29,1953,6,17,17,"17","3","duncan-hamilton","hwm","alta","dunlop","2:02.000",122000,,,,,,,"+14.000",14000,"+4.000",4000,
29,1953,6,18,18,"18","17","bob-gerard","cooper","bristol","dunlop","2:02.000",122000,,,,,,,"+14.000",14000,"+0.000",0,
29,1953,6,19,19,"19","10","birabongse-bhanudej","connaught","lea-francis","dunlop","2:04.000",124000,,,,,,,"+16.000",16000,"+2.000",2000,
29,1953,6,20,20,"20","15","ian-stewart","connaught","lea-francis","dunlop","2:04.000",124000,,,,,,,"+16.000",16000,"+0.000",0,
29,1953,6,21,21,"21","19","alan-brown","cooper","bristol","dunlop","2:04.000",124000,,,,,,,"+16.000",16000,"+0.000",0,
29,1953,6,22,22,"22","30","jean-behra","gordini","gordini","englebert","2:04.000",124000,,,,,,,"+16.000",16000,"+0.000",0,
29,1953,6,23,23,"23","2","peter-collins","hwm","alta","dunlop","2:06.000",126000,,,,,,,"+18.000",18000,"+2.000",2000,
29,1953,6,24,24,"24","9","louis-rosier","ferrari","ferrari","dunlop","2:07.000",127000,,,,,,,"+19.000",19000,"+1.000",1000,
29,1953,6,25,25,"25","22","tony-crook","cooper","bristol","dunlop","2:07.000",127000,,,,,,,"+19.000",19000,"+0.000",0,
29,1953,6,26,26,"26","31","emmanuel-de-graffenried","maserati","maserati","pirelli","2:09.000",129000,,,,,,,"+21.000",21000,"+2.000",2000,
29,1953,6,27,27,"27","4","jack-fairman","hwm","alta","dunlop","2:32.000",152000,,,,,,,"+44.000",44000,"+23.000",23000,
29,1953,6,28,28,"28","12","roy-salvadori","connaught","lea-francis","dunlop",,,,,,,,,,,,,
29,1953,6,29,29,"29","27","louis-chiron","osca","osca","pirelli",,,,,,,,,,,,,
30,1953,7,1,1,"1","1","alberto-ascari","ferrari","ferrari","pirelli","9:59.800",599800,,,,,,,,,,,
30,1953,7,2,2,"2","5","juan-manuel-fangio","maserati","maserati","pirelli","10:03.700",603700,,,,,,,"+3.900",3900,"+3.900",3900,
30,1953,7,3,3,"3","2","nino-farina","ferrari","ferrari","pirelli","10:04.100",604100,,,,,,,"+4.300",4300,"+0.400",400,
30,1953,7,4,4,"4","3","mike-hawthorn","ferrari","ferrari","pirelli","10:12.600",612600,,,,,,,"+12.800",12800,"+8.500",8500,
30,1953,7,5,5,"5","10","maurice-trintignant","gordini","gordini","englebert","10:21.700",621700,,,,,,,"+21.900",21900,"+9.100",9100,
30,1953,7,6,6,"6","4","luigi-villoresi","ferrari","ferrari","pirelli","10:22.800",622800,,,,,,,"+23.000",23000,"+1.100",1100,
30,1953,7,7,7,"7","7","felice-bonetto","maserati","maserati","pirelli","10:40.800",640800,,,,,,,"+41.000",41000,"+18.000",18000,
30,1953,7,8,8,"8","8","onofre-marimon","maserati","maserati","pirelli","10:41.000",641000,,,,,,,"+41.200",41200,"+0.200",200,
30,1953,7,9,9,"9","9","jean-behra","gordini","gordini","englebert","10:45.500",645500,,,,,,,"+45.700",45700,"+4.500",4500,
30,1953,7,10,10,"10","11","harry-schell","gordini","gordini","englebert","10:46.200",646200,,,,,,,"+46.400",46400,"+0.700",700,
30,1953,7,11,11,"11","17","emmanuel-de-graffenried","maserati","maserati","pirelli","10:46.600",646600,,,,,,,"+46.800",46800,"+0.400",400,
30,1953,7,12,12,"12","19","stirling-moss","cooper","alta","dunlop","10:48.300",648300,,,,,,,"+48.500",48500,"+1.700",1700,
30,1953,7,13,13,"13","15","roy-salvadori","connaught","lea-francis","dunlop","10:57.500",657500,,,,,,,"+57.700",57700,"+9.200",9200,
30,1953,7,14,14,"14","31","hans-herrmann","veritas","veritas","dunlop","10:59.800",659800,,,,,,,"+1:00.000",60000,"+2.300",2300,
30,1953,7,15,15,"15","14","birabongse-bhanudej","connaught","lea-francis","dunlop","11:02.100",662100,,,,,,,"+1:02.300",62300,"+2.300",2300,
30,1953,7,16,16,"16","16","kenneth-mcalpine","connaught","lea-francis","dunlop","11:07.300",667300,,,,,,,"+1:07.500",67500,"+5.200",5200,
30,1953,7,17,17,"17","38","alan-brown","cooper","bristol","dunlop","11:08.700",668700,,,,,,,"+1:08.900",68900,"+1.400",1400,
30,1953,7,18,18,"18","23","willi-heeks","veritas","veritas","dunlop","11:18.000",678000,,,,,,,"+1:18.200",78200,"+9.300",9300,
30,1953,7,19,19,"19","18","jacques-swaters","ferrari","ferrari","englebert","11:18.900",678900,,,,,,,"+1:19.100",79100,"+0.900",900,
30,1953,7,20,20,"20","40","rodney-nuckey","cooper","bristol","dunlop","11:22.100",682100,,,,,,,"+1:22.300",82300,"+3.200",3200,
30,1953,7,21,21,"21","28","theo-fitzau","afm","bmw","dunlop","11:23.400",683400,,,,,,,"+1:23.600",83600,"+1.300",1300,
30,1953,7,22,22,"22","20","louis-rosier","ferrari","ferrari","dunlop","11:27.400",687400,,,,,,,"+1:27.600",87600,"+4.000",4000,
30,1953,7,23,23,"23","21","hans-stuck","afm","bristol","dunlop","11:37.200",697200,,,,,,,"+1:37.400",97400,"+9.800",9800,
30,1953,7,24,24,"24","35","edgar-barth","emw","emw","dunlop","11:40.800",700800,,,,,,,"+1:41.000",101000,"+3.600",3600,
30,1953,7,25,25,"25","12","johnny-claes","connaught","lea-francis","englebert","11:45.500",705500,,,,,,,"+1:45.700",105700,"+4.700",4700,
30,1953,7,26,26,"26","36","rudolf-krause","greifzu","bmw","dunlop","11:49.500",709500,,,,,,,"+1:49.700",109700,"+4.000",4000,
30,1953,7,27,27,"27","34","kurt-adolff","ferrari","ferrari","pirelli","11:53.100",713100,,,,,,,"+1:53.300",113300,"+3.600",3600,
30,1953,7,28,28,"28","24","theo-helfrich","veritas","veritas","dunlop","11:56.300",716300,,,,,,,"+1:56.500",116500,"+3.200",3200,
30,1953,7,29,29,"29","22","wolfgang-seidel","veritas","veritas","dunlop","11:59.300",719300,,,,,,,"+1:59.500",119500,"+3.000",3000,
30,1953,7,30,30,"30","41","karl-gunther-bechem","afm","bmw","dunlop","12:13.300",733300,,,,,,,"+2:13.500",133500,"+14.000",14000,
30,1953,7,31,31,"31","30","ernst-loof","veritas","veritas","dunlop","12:16.800",736800,,,,,,,"+2:17.000",137000,"+3.500",3500,
30,1953,7,32,32,"32","37","ernst-klodwig","heck","bmw","dunlop","12:24.600",744600,,,,,,,"+2:24.800",144800,"+7.800",7800,
30,1953,7,33,33,"33","32","erwin-bauer","veritas","veritas","dunlop",,,,,,,,,,,,,
30,1953,7,34,34,"34","26","oswald-karch","veritas","veritas","dunlop",,,,,,,,,,,,,
30,1953,7,35,35,"35","39","helm-glockler","cooper","bristol","dunlop",,,,,,,,,,,,,
31,1953,8,1,1,"1","32","juan-manuel-fangio","maserati","maserati","pirelli","2:40.100",160100,,,,,,,,,,,
31,1953,8,2,2,"2","46","alberto-ascari","ferrari","ferrari","pirelli","2:40.700",160700,,,,,,,"+0.600",600,"+0.600",600,
31,1953,8,3,3,"3","24","nino-farina","ferrari","ferrari","pirelli","2:42.600",162600,,,,,,,"+2.500",2500,"+1.900",1900,
31,1953,8,4,4,"4","8","maurice-trintignant","gordini","gordini","englebert","2:43.800",163800,,,,,,,"+3.700",3700,"+1.200",1200,
31,1953,8,5,5,"5","36","onofre-marimon","maserati","maserati","pirelli","2:44.500",164500,,,,,,,"+4.400",4400,"+0.700",700,
31,1953,8,6,6,"6","28","luigi-villoresi","ferrari","ferrari","pirelli","2:44.600",164600,,,,,,,"+4.500",4500,"+0.100",100,
31,1953,8,7,7,"7","26","mike-hawthorn","ferrari","ferrari","pirelli","2:48.100",168100,,,,,,,"+8.000",8000,"+3.500",3500,
31,1953,8,8,8,"8","42","emmanuel-de-graffenried","maserati","maserati","pirelli","2:49.900",169900,,,,,,,"+9.800",9800,"+1.800",1800,
31,1953,8,9,9,"9","20","ken-wharton","cooper","bristol","dunlop","2:51.500",171500,,,,,,,"+11.400",11400,"+1.600",1600,
31,1953,8,10,10,"10","30","felice-bonetto","maserati","maserati","pirelli","2:52.000",172000,,,,,,,"+11.900",11900,"+0.500",500,
31,1953,8,11,11,"11","34","hermann-lang","maserati","maserati","pirelli","2:54.800",174800,,,,,,,"+14.700",14700,"+2.800",2800,
31,1953,8,12,12,"12","6","jean-behra","gordini","gordini","englebert","2:55.000",175000,,,,,,,"+14.900",14900,"+0.200",200,
31,1953,8,13,13,"13","2","jacques-swaters","ferrari","ferrari","englebert","2:55.100",175100,,,,,,,"+15.000",15000,"+0.100",100,
31,1953,8,14,14,"14","10","louis-rosier","ferrari","ferrari","englebert","2:55.400",175400,,,,,,,"+15.300",15300,"+0.300",300,
31,1953,8,15,15,"15","16","lance-macklin","hwm","alta","dunlop","2:57.100",177100,,,,,,,"+17.000",17000,"+1.700",1700,
31,1953,8,16,16,"16","14","paul-frere","hwm","alta","dunlop","2:57.900",177900,,,,,,,"+17.800",17800,"+0.800",800,
31,1953,8,17,17,"17","38","peter-hirt","ferrari","ferrari","pirelli","3:01.500",181500,,,,,,,"+21.400",21400,"+3.600",3600,
31,1953,8,18,18,"18","18","albert-scherrer","hwm","alta","dunlop","3:07.400",187400,,,,,,,"+27.300",27300,"+5.900",5900,
31,1953,8,19,19,"19","40","max-de-terra","ferrari","ferrari","pirelli","3:21.100",201100,,,,,,,"+41.000",41000,"+13.700",13700,
31,1953,8,20,20,"20","4","chico-landi","maserati","maserati","pirelli","3:29.700",209700,,,,,,,"+49.600",49600,"+8.600",8600,
32,1953,9,1,1,"1","4","alberto-ascari","ferrari","ferrari","pirelli","2:02.700",122700,,,,,,,,,,,
32,1953,9,2,2,"2","50","juan-manuel-fangio","maserati","maserati","pirelli","2:03.200",123200,,,,,,,"+0.500",500,"+0.500",500,
32,1953,9,3,3,"3","6","nino-farina","ferrari","ferrari","pirelli","2:03.900",123900,,,,,,,"+1.200",1200,"+0.700",700,
32,1953,9,4,4,"4","54","onofre-marimon","maserati","maserati","pirelli","2:04.100",124100,,,,,,,"+1.400",1400,"+0.200",200,
32,1953,9,5,5,"5","2","luigi-villoresi","ferrari","ferrari","pirelli","2:04.600",124600,,,,,,,"+1.900",1900,"+0.500",500,
32,1953,9,6,6,"6","8","mike-hawthorn","ferrari","ferrari","pirelli","2:04.900",124900,,,,,,,"+2.200",2200,"+0.300",300,
32,1953,9,7,7,"7","52","felice-bonetto","maserati","maserati","pirelli","2:05.100",125100,,,,,,,"+2.400",2400,"+0.200",200,
32,1953,9,8,8,"8","36","maurice-trintignant","gordini","gordini","englebert","2:05.700",125700,,,,,,,"+3.000",3000,"+0.600",600,
32,1953,9,9,9,"9","58","emmanuel-de-graffenried","maserati","maserati","pirelli","2:05.900",125900,,,,,,,"+3.200",3200,"+0.200",200,
32,1953,9,10,10,"10","28","stirling-moss","cooper","alta","dunlop","2:06.600",126600,,,,,,,"+3.900",3900,"+0.700",700,
32,1953,9,11,11,"11","10","umberto-maglioli","ferrari","ferrari","pirelli","2:06.900",126900,,,,,,,"+4.200",4200,"+0.300",300,
32,1953,9,12,12,"12","56","sergio-mantovani","maserati","maserati","pirelli","2:07.500",127500,,,,,,,"+4.800",4800,"+0.600",600,
32,1953,9,13,13,"13","34","elie-bayol","osca","osca","pirelli","2:07.800",127800,,,,,,,"+5.100",5100,"+0.300",300,
32,1953,9,14,14,"14","22","roy-salvadori","connaught","lea-francis","dunlop","2:08.000",128000,,,,,,,"+5.300",5300,"+0.200",200,
32,1953,9,15,15,"15","38","harry-schell","gordini","gordini","englebert","2:08.000",128000,,,,,,,"+5.300",5300,"+0.000",0,
32,1953,9,16,16,"16","40","roberto-mieres","gordini","gordini","englebert","2:08.700",128700,,,,,,,"+6.000",6000,"+0.700",700,
32,1953,9,17,17,"17","64","louis-rosier","ferrari","ferrari","dunlop","2:09.300",129300,,,,,,,"+6.600",6600,"+0.600",600,
32,1953,9,18,18,"18","24","kenneth-mcalpine","connaught","lea-francis","dunlop","2:09.500",129500,,,,,,,"+6.800",6800,"+0.200",200,
32,1953,9,19,19,"19","30","ken-wharton","cooper","bristol","dunlop","2:10.100",130100,,,,,,,"+7.400",7400,"+0.600",600,
32,1953,9,20,20,"20","12","piero-carini","ferrari","ferrari","pirelli","2:11.200",131200,,,,,,,"+8.500",8500,"+1.100",1100,
32,1953,9,21,21,"21","42","chico-landi","maserati","maserati","pirelli","2:12.800",132800,,,,,,,"+10.100",10100,"+1.600",1600,
32,1953,9,22,22,"22","20","jack-fairman","connaught","lea-francis","dunlop","2:13.500",133500,,,,,,,"+10.800",10800,"+0.700",700,
32,1953,9,23,23,"23","44","birabongse-bhanudej","maserati","maserati","pirelli","2:13.600",133600,,,,,,,"+10.900",10900,"+0.100",100,
32,1953,9,24,24,"24","46","alan-brown","cooper","bristol","dunlop","2:14.800",134800,,,,,,,"+12.100",12100,"+1.200",1200,
32,1953,9,25,25,"25","32","louis-chiron","osca","osca","pirelli","2:15.000",135000,,,,,,,"+12.300",12300,"+0.200",200,
32,1953,9,26,26,"26","18","john-fitch","hwm","alta","dunlop","2:18.100",138100,,,,,,,"+15.400",15400,"+3.100",3100,
32,1953,9,27,27,"27","14","lance-macklin","hwm","alta","dunlop","2:18.200",138200,,,,,,,"+15.500",15500,"+0.100",100,
32,1953,9,28,28,"28","16","yves-giraud-cabantous","hwm","alta","dunlop","2:20.800",140800,,,,,,,"+18.100",18100,"+2.600",2600,
32,1953,9,29,29,"29","48","hans-stuck","afm","bristol","dunlop","2:24.100",144100,,,,,,,"+21.400",21400,"+3.300",3300,
32,1953,9,30,30,"30","26","johnny-claes","connaught","lea-francis","englebert","2:28.200",148200,,,,,,,"+25.500",25500,"+4.100",4100,
33,1954,1,1,1,"1","10","nino-farina","ferrari","ferrari","pirelli","1:44.800",104800,,,,,,,,,,,
33,1954,1,2,2,"2","12","jose-froilan-gonzalez","ferrari","ferrari","pirelli","1:44.900",104900,,,,,,,"+0.100",100,"+0.100",100,
33,1954,1,3,3,"3","2","juan-manuel-fangio","maserati","maserati","pirelli","1:45.600",105600,,,,,,,"+0.800",800,"+0.700",700,
33,1954,1,4,4,"4","14","mike-hawthorn","ferrari","ferrari","pirelli","1:47.000",107000,,,,,,,"+2.200",2200,"+1.400",1400,
33,1954,1,5,5,"5","26","maurice-trintignant","ferrari","ferrari","pirelli","1:47.400",107400,,,,,,,"+2.600",2600,"+0.400",400,
33,1954,1,6,6,"6","4","onofre-marimon","maserati","maserati","pirelli","1:47.400",107400,,,,,,,"+2.600",2600,"+0.000",0,
33,1954,1,7,7,"7","6","luigi-musso","maserati","maserati","pirelli","1:48.200",108200,,,,,,,"+3.400",3400,"+0.800",800,
33,1954,1,8,8,"8","32","roberto-mieres","maserati","maserati","pirelli","1:49.000",109000,,,,,,,"+4.200",4200,"+0.800",800,
33,1954,1,9,9,"9","36","carlos-menditeguy","maserati","maserati","pirelli","1:49.200",109200,,,,,,,"+4.400",4400,"+0.200",200,
33,1954,1,10,10,"10","8","birabongse-bhanudej","maserati","maserati","pirelli","1:49.300",109300,,,,,,,"+4.500",4500,"+0.100",100,
33,1954,1,11,11,"11","28","harry-schell","maserati","maserati","pirelli","1:50.000",110000,,,,,,,"+5.200",5200,"+0.700",700,
33,1954,1,12,12,"12","16","umberto-maglioli","ferrari","ferrari","pirelli","1:50.200",110200,,,,,,,"+5.400",5400,"+0.200",200,
33,1954,1,13,13,"13","30","emmanuel-de-graffenried","maserati","maserati","pirelli","1:51.000",111000,,,,,,,"+6.200",6200,"+0.800",800,
33,1954,1,14,14,"14","24","louis-rosier","ferrari","ferrari","dunlop","1:51.600",111600,,,,,,,"+6.800",6800,"+0.600",600,
33,1954,1,15,15,"15","20","elie-bayol","gordini","gordini","englebert","1:52.600",112600,,,,,,,"+7.800",7800,"+1.000",1000,
33,1954,1,16,16,"16","22","roger-loyer","gordini","gordini","englebert","1:52.600",112600,,,,,,,"+7.800",7800,"+0.000",0,
33,1954,1,17,17,"17","18","jean-behra","gordini","gordini","englebert","1:53.000",113000,,,,,,,"+8.200",8200,"+0.400",400,
33,1954,1,18,18,"18","34","jorge-daponte","maserati","maserati","pirelli","1:56.700",116700,,,,,,,"+11.900",11900,"+3.700",3700,
34,1954,2,1,1,"1","2","jack-mcgrath","kurtis-kraft","offenhauser","firestone","4:15.260",255260,,,,,,,,,,,
34,1954,2,2,2,"2","19","jimmy-daywalt","kurtis-kraft","offenhauser","firestone","4:17.530",257530,,,,,,,"+2.270",2270,"+2.270",2270,
34,1954,2,3,3,"3","9","jimmy-bryan","kuzma","offenhauser","firestone","4:17.760",257760,,,,,,,"+2.500",2500,"+0.230",230,
34,1954,2,4,4,"4","43","johnny-thomson","nichels","offenhauser","firestone","4:19.390",259390,,,,,,,"+4.130",4130,"+1.630",1630,
34,1954,2,5,5,"5","98","chuck-stevenson","kuzma","offenhauser","firestone","4:19.410",259410,,,,,,,"+4.150",4150,"+0.020",20,
34,1954,2,6,6,"6","7","don-freeland","phillips","offenhauser","firestone","4:20.230",260230,,,,,,,"+4.970",4970,"+0.820",820,
34,1954,2,7,7,"7","25","jimmy-reece","pankratz","offenhauser","firestone","4:20.280",260280,,,,,,,"+5.020",5020,"+0.050",50,
34,1954,2,8,8,"8","16","duane-carter","kurtis-kraft","offenhauser","firestone","4:20.420",260420,,,,,,,"+5.160",5160,"+0.140",140,
34,1954,2,9,9,"9","17","bob-sweikert","kurtis-kraft","offenhauser","firestone","4:20.480",260480,,,,,,,"+5.220",5220,"+0.060",60,
34,1954,2,10,10,"10","1","sam-hanks","kurtis-kraft","offenhauser","firestone","4:20.880",260880,,,,,,,"+5.620",5620,"+0.400",400,
34,1954,2,11,11,"11","34","troy-ruttman","kurtis-kraft","offenhauser","firestone","4:21.370",261370,,,,,,,"+6.110",6110,"+0.490",490,
34,1954,2,12,12,"12","35","pat-oconnor","kurtis-kraft","offenhauser","firestone","4:20.710",260710,,,,,,,"+5.450",5450,"-0.660",660,
34,1954,2,13,13,"13","24","cal-niday","stevens","offenhauser","firestone","4:17.460",257460,,,,,,,"+2.200",2200,"-3.250",-2750,
34,1954,2,14,14,"14","73","mike-nazaruk","kurtis-kraft","offenhauser","firestone","4:17.900",257900,,,,,,,"+2.640",2640,"+0.440",440,
34,1954,2,15,15,"15","15","johnnie-parsons","kurtis-kraft","offenhauser","firestone","4:17.920",257920,,,,,,,"+2.660",2660,"+0.020",20,
34,1954,2,16,16,"16","12","rodger-ward","pawl","offenhauser","firestone","4:18.440",258440,,,,,,,"+3.180",3180,"+0.520",520,
34,1954,2,17,17,"17","31","gene-hartley","kurtis-kraft","offenhauser","firestone","4:18.880",258880,,,,,,,"+3.620",3620,"+0.440",440,
34,1954,2,18,18,"18","51","bill-homeier","kurtis-kraft","offenhauser","firestone","4:19.090",259090,,,,,,,"+3.830",3830,"+0.210",210,
34,1954,2,19,19,"19","14","bill-vukovich","kurtis-kraft","offenhauser","firestone","4:19.970",259970,,,,,,,"+4.710",4710,"+0.880",880,
34,1954,2,20,20,"20","32","ernie-mccoy","kurtis-kraft","offenhauser","firestone","4:20.080",260080,,,,,,,"+4.820",4820,"+0.110",110,
34,1954,2,21,21,"21","10","tony-bettenhausen","kurtis-kraft","offenhauser","firestone","4:20.350",260350,,,,,,,"+5.090",5090,"+0.270",270,
34,1954,2,22,22,"22","88","manny-ayulo","kuzma","offenhauser","firestone","4:20.560",260560,,,,,,,"+5.300",5300,"+0.210",210,
34,1954,2,23,23,"23","74","andy-linden","schroeder","offenhauser","firestone","4:21.210",261210,,,,,,,"+5.950",5950,"+0.650",650,
34,1954,2,24,24,"24","77","fred-agabashian","kurtis-kraft","offenhauser","firestone","4:21.350",261350,,,,,,,"+6.090",6090,"+0.140",140,
34,1954,2,25,25,"25","28","larry-crockett","kurtis-kraft","offenhauser","firestone","4:17.960",257960,,,,,,,"+2.700",2700,"-3.390",-2610,
34,1954,2,26,26,"26","33","len-duncan","schroeder","offenhauser","firestone","4:18.590",258590,,,,,,,"+3.330",3330,"+0.630",630,
34,1954,2,27,27,"27","45","art-cross","kurtis-kraft","offenhauser","firestone","4:19.600",259600,,,,,,,"+4.340",4340,"+1.010",1010,
34,1954,2,28,28,"28","38","jim-rathmann","kurtis-kraft","offenhauser","firestone","4:20.440",260440,,,,,,,"+5.180",5180,"+0.840",840,
34,1954,2,29,29,"29","65","spider-webb","bromme","offenhauser","firestone","4:20.910",260910,,,,,,,"+5.650",5650,"+0.470",470,
34,1954,2,30,30,"30","99","jerry-hoyt","kurtis-kraft","offenhauser","firestone","4:21.200",261200,,,,,,,"+5.940",5940,"+0.290",290,
34,1954,2,31,31,"31","27","ed-elisian","stevens","offenhauser","firestone","4:21.260",261260,,,,,,,"+6.000",6000,"+0.060",60,
34,1954,2,32,32,"32","5","paul-russo","kurtis-kraft","offenhauser","firestone","4:21.480",261480,,,,,,,"+6.220",6220,"+0.220",220,
34,1954,2,33,33,"33","71","frank-armi","kurtis-kraft","offenhauser","firestone","4:21.490",261490,,,,,,,"+6.230",6230,"+0.010",10,
35,1954,3,1,1,"1","26","juan-manuel-fangio","maserati","maserati","pirelli","4:22.100",262100,,,,,,,,,,,
35,1954,3,2,2,"2","6","jose-froilan-gonzalez","ferrari","ferrari","pirelli","4:23.600",263600,,,,,,,"+1.500",1500,"+1.500",1500,
35,1954,3,3,3,"3","4","nino-farina","ferrari","ferrari","pirelli","4:26.000",266000,,,,,,,"+3.900",3900,"+2.400",2400,
35,1954,3,4,4,"4","28","onofre-marimon","maserati","maserati","pirelli","4:27.600",267600,,,,,,,"+5.500",5500,"+1.600",1600,
35,1954,3,5,5,"5","10","mike-hawthorn","ferrari","ferrari","pirelli","4:29.400",269400,,,,,,,"+7.300",7300,"+1.800",1800,
35,1954,3,6,6,"6","8","maurice-trintignant","ferrari","ferrari","pirelli","4:30.000",270000,,,,,,,"+7.900",7900,"+0.600",600,
35,1954,3,7,7,"7","12","jean-behra","gordini","gordini","englebert","4:34.500",274500,,,,,,,"+12.400",12400,"+4.500",4500,
35,1954,3,8,8,"8","18","andre-pilette","gordini","gordini","englebert","4:40.000",280000,,,,,,,"+17.900",17900,"+5.500",5500,
35,1954,3,9,9,"9","22","stirling-moss","maserati","maserati","pirelli","4:40.800",280800,,,,,,,"+18.700",18700,"+0.800",800,
35,1954,3,10,10,"10","16","paul-frere","gordini","gordini","englebert","4:42.000",282000,,,,,,,"+19.900",19900,"+1.200",1200,
35,1954,3,11,11,"11","30","sergio-mantovani","maserati","maserati","pirelli","4:43.200",283200,,,,,,,"+21.100",21100,"+1.200",1200,
35,1954,3,12,12,"12","24","roberto-mieres","maserati","maserati","pirelli","4:43.800",283800,,,,,,,"+21.700",21700,"+0.600",600,
35,1954,3,13,13,"13","20","birabongse-bhanudej","maserati","maserati","pirelli","4:46.500",286500,,,,,,,"+24.400",24400,"+2.700",2700,
35,1954,3,14,14,"14","2","jacques-swaters","ferrari","ferrari","englebert","4:54.200",294200,,,,,,,"+32.100",32100,"+7.700",7700,
36,1954,4,1,1,"1","18","juan-manuel-fangio","mercedes","mercedes","continental","2:29.400",149400,,,,,,,,,,,
36,1954,4,2,2,"2","20","karl-kling","mercedes","mercedes","continental","2:30.400",150400,,,,,,,"+1.000",1000,"+1.000",1000,
36,1954,4,3,3,"3","10","alberto-ascari","maserati","maserati","pirelli","2:30.500",150500,,,,,,,"+1.100",1100,"+0.100",100,
36,1954,4,4,4,"4","2","jose-froilan-gonzalez","ferrari","ferrari","pirelli","2:30.600",150600,,,,,,,"+1.200",1200,"+0.100",100,
36,1954,4,5,5,"5","12","onofre-marimon","maserati","maserati","pirelli","2:31.600",151600,,,,,,,"+2.200",2200,"+1.000",1000,
36,1954,4,6,6,"6","46","birabongse-bhanudej","maserati","maserati","pirelli","2:35.100",155100,,,,,,,"+5.700",5700,"+3.500",3500,
36,1954,4,7,7,"7","22","hans-herrmann","mercedes","mercedes","continental","2:35.300",155300,,,,,,,"+5.900",5900,"+0.200",200,
36,1954,4,8,8,"8","6","mike-hawthorn","ferrari","ferrari","pirelli","2:35.600",155600,,,,,,,"+6.200",6200,"+0.300",300,
36,1954,4,9,9,"9","4","maurice-trintignant","ferrari","ferrari","pirelli","2:36.100",156100,,,,,,,"+6.700",6700,"+0.500",500,
36,1954,4,10,10,"10","44","roy-salvadori","maserati","maserati","dunlop","2:36.300",156300,,,,,,,"+6.900",6900,"+0.200",200,
36,1954,4,11,11,"11","16","roberto-mieres","maserati","maserati","pirelli","2:38.700",158700,,,,,,,"+9.300",9300,"+2.400",2400,
36,1954,4,12,12,"12","34","robert-manzon","ferrari","ferrari","pirelli","2:42.000",162000,,,,,,,"+12.600",12600,"+3.300",3300,
36,1954,4,13,13,"13","36","louis-rosier","ferrari","ferrari","dunlop","2:42.100",162100,,,,,,,"+12.700",12700,"+0.100",100,
36,1954,4,14,14,"14","14","luigi-villoresi","maserati","maserati","pirelli","2:42.700",162700,,,,,,,"+13.300",13300,"+0.600",600,
36,1954,4,15,15,"15","32","lance-macklin","hwm","alta","dunlop","2:52.500",172500,,,,,,,"+23.100",23100,"+9.800",9800,
36,1954,4,16,16,"16","42","ken-wharton","maserati","maserati","dunlop","3:09.300",189300,,,,,,,"+39.900",39900,"+16.800",16800,
36,1954,4,17,17,"17","24","jean-behra","gordini","gordini","englebert",,,,,,,,,,,,,
36,1954,4,18,18,"18","26","jacques-pollet","gordini","gordini","englebert",,,,,,,,,,,,,
36,1954,4,19,19,"19","28","paul-frere","gordini","gordini","englebert",,,,,,,,,,,,,
36,1954,4,20,20,"20","30","georges-berger","gordini","gordini","englebert",,,,,,,,,,,,,
36,1954,4,21,21,"21","48","harry-schell","maserati","maserati","pirelli",,,,,,,,,,,,,
37,1954,5,1,1,"1","1","juan-manuel-fangio","mercedes","mercedes","continental","1:45.000",105000,,,,,,,,,,,
37,1954,5,2,2,"2","9","jose-froilan-gonzalez","ferrari","ferrari","pirelli","1:46.000",106000,,,,,,,"+1.000",1000,"+1.000",1000,
37,1954,5,3,3,"3","11","mike-hawthorn","ferrari","ferrari","pirelli","1:46.000",106000,,,,,,,"+1.000",1000,"+0.000",0,
37,1954,5,4,4,"4","7","stirling-moss","maserati","maserati","pirelli","1:47.000",107000,,,,,,,"+2.000",2000,"+1.000",1000,
37,1954,5,5,5,"5","17","jean-behra","gordini","gordini","englebert","1:48.000",108000,,,,,,,"+3.000",3000,"+1.000",1000,
37,1954,5,6,6,"6","2","karl-kling","mercedes","mercedes","continental","1:48.000",108000,,,,,,,"+3.000",3000,"+0.000",0,
37,1954,5,7,7,"7","5","roy-salvadori","maserati","maserati","dunlop","1:48.000",108000,,,,,,,"+3.000",3000,"+0.000",0,
37,1954,5,8,8,"8","10","maurice-trintignant","ferrari","ferrari","pirelli","1:48.000",108000,,,,,,,"+3.000",3000,"+0.000",0,
37,1954,5,9,9,"9","8","ken-wharton","maserati","maserati","dunlop","1:49.000",109000,,,,,,,"+4.000",4000,"+1.000",1000,
37,1954,5,10,10,"10","6","birabongse-bhanudej","maserati","maserati","pirelli","1:49.000",109000,,,,,,,"+4.000",4000,"+0.000",0,
37,1954,5,11,11,"11","20","peter-collins","vanwall","vanwall","pirelli","1:50.000",110000,,,,,,,"+5.000",5000,"+1.000",1000,
37,1954,5,12,12,"12","19","andre-pilette","gordini","gordini","englebert","1:51.000",111000,,,,,,,"+6.000",6000,"+1.000",1000,
37,1954,5,13,13,"13","18","clemar-bucci","gordini","gordini","englebert","1:52.000",112000,,,,,,,"+7.000",7000,"+1.000",1000,
37,1954,5,14,14,"14","12","reg-parnell","ferrari","ferrari","avon","1:52.000",112000,,,,,,,"+7.000",7000,"+0.000",0,
37,1954,5,15,15,"15","14","robert-manzon","ferrari","ferrari","pirelli","1:52.000",112000,,,,,,,"+7.000",7000,"+0.000",0,
37,1954,5,16,16,"16","3","harry-schell","maserati","maserati","pirelli","1:53.000",113000,,,,,,,"+8.000",8000,"+1.000",1000,
37,1954,5,17,17,"17","25","don-beauman","connaught","lea-francis","dunlop","1:55.000",115000,,,,,,,"+10.000",10000,"+2.000",2000,
37,1954,5,18,18,"18","29","bob-gerard","cooper","bristol","dunlop","1:55.000",115000,,,,,,,"+10.000",10000,"+0.000",0,
37,1954,5,19,19,"19","22","bill-whitehouse","connaught","lea-francis","dunlop","1:56.000",116000,,,,,,,"+11.000",11000,"+1.000",1000,
37,1954,5,20,20,"20","28","horace-gould","cooper","bristol","dunlop","1:56.000",116000,,,,,,,"+11.000",11000,"+0.000",0,
37,1954,5,21,21,"21","24","john-riseley-prichard","connaught","lea-francis","dunlop","1:58.000",118000,,,,,,,"+13.000",13000,"+2.000",2000,
37,1954,5,22,22,"22","23","leslie-marr","connaught","lea-francis","dunlop","1:58.000",118000,,,,,,,"+13.000",13000,"+0.000",0,
37,1954,5,23,23,"23","26","leslie-thorne","connaught","lea-francis","dunlop","1:59.000",119000,,,,,,,"+14.000",14000,"+1.000",1000,
37,1954,5,24,24,"24","21","peter-whitehead","cooper","alta","dunlop","2:00.000",120000,,,,,,,"+15.000",15000,"+1.000",1000,
37,1954,5,25,25,"25","30","eric-brandon","cooper","bristol","dunlop","2:05.000",125000,,,,,,,"+20.000",20000,"+5.000",5000,
37,1954,5,26,26,"26","27","alan-brown","cooper","bristol","dunlop","2:12.000",132000,,,,,,,"+27.000",27000,"+7.000",7000,
37,1954,5,27,27,"27","32","luigi-villoresi","maserati","maserati","pirelli",,,,,,,,,,,,,
37,1954,5,28,28,"28","33","onofre-marimon","maserati","maserati","pirelli",,,,,,,,,,,,,
37,1954,5,29,29,"29","30","rodney-nuckey","cooper","bristol","dunlop",,,,,,,,,,,,,
37,1954,5,30,30,"30","31","alberto-ascari","maserati","maserati","pirelli",,,,,,,,,,,,,
37,1954,5,31,31,"31","15","louis-rosier","ferrari","ferrari","dunlop",,,,,,,,,,,,,
37,1954,5,32,32,"32","4","roberto-mieres","maserati","maserati","pirelli",,,,,,,,,,,,,
38,1954,6,1,1,"1","18","juan-manuel-fangio","mercedes","mercedes","continental","9:50.100",590100,,,,,,,,,,,
38,1954,6,2,2,"2","3","mike-hawthorn","ferrari","ferrari","pirelli","9:53.300",593300,,,,,,,"+3.200",3200,"+3.200",3200,
38,1954,6,3,3,"3","16","stirling-moss","maserati","maserati","pirelli","10:00.700",600700,,,,,,,"+10.600",10600,"+7.400",7400,
38,1954,6,4,4,"4","20","hans-herrmann","mercedes","mercedes","continental","10:01.500",601500,,,,,,,"+11.400",11400,"+0.800",800,
38,1954,6,5,5,"5","1","jose-froilan-gonzalez","ferrari","ferrari","pirelli","10:01.800",601800,,,,,,,"+11.700",11700,"+0.300",300,
38,1954,6,6,6,"6","10","paul-frere","gordini","gordini","englebert","10:05.900",605900,,,,,,,"+15.800",15800,"+4.100",4100,
38,1954,6,7,7,"7","2","maurice-trintignant","ferrari","ferrari","pirelli","10:07.500",607500,,,,,,,"+17.400",17400,"+1.600",1600,
38,1954,6,8,8,"8","6","onofre-marimon","maserati","maserati","pirelli","10:11.300",611300,,,,,,,"+21.200",21200,"+3.800",3800,
38,1954,6,9,9,"9","9","jean-behra","gordini","gordini","englebert","10:11.900",611900,,,,,,,"+21.800",21800,"+0.600",600,
38,1954,6,10,10,"10","5","luigi-villoresi","maserati","maserati","pirelli",,,,,,,,,,,,,
38,1954,6,11,11,"11","21","hermann-lang","mercedes","mercedes","continental","10:13.100",613100,,,,,,,"+23.000",23000,,,
38,1954,6,12,12,"12","24","robert-manzon","ferrari","ferrari","pirelli","10:16.100",616100,,,,,,,"+26.000",26000,"+3.000",3000,
38,1954,6,13,13,"13","4","piero-taruffi","ferrari","ferrari","pirelli","10:23.000",623000,,,,,,,"+32.900",32900,"+6.900",6900,
38,1954,6,14,14,"14","15","harry-schell","maserati","maserati","pirelli","10:28.700",628700,,,,,,,"+38.600",38600,"+5.700",5700,
38,1954,6,15,15,"15","7","sergio-mantovani","maserati","maserati","pirelli","10:39.100",639100,,,,,,,"+49.000",49000,"+10.400",10400,
38,1954,6,16,16,"16","11","clemar-bucci","gordini","gordini","englebert","10:43.700",643700,,,,,,,"+53.600",53600,"+4.600",4600,
38,1954,6,17,17,"17","8","roberto-mieres","maserati","maserati","pirelli","10:47.000",647000,,,,,,,"+56.900",56900,"+3.300",3300,
38,1954,6,18,18,"18","25","louis-rosier","ferrari","ferrari","dunlop","11:04.300",664300,,,,,,,"+1:14.200",74200,"+17.300",17300,
38,1954,6,19,19,"19","14","birabongse-bhanudej","maserati","maserati","pirelli","11:10.300",670300,,,,,,,"+1:20.200",80200,"+6.000",6000,
38,1954,6,20,20,"20","12","andre-pilette","gordini","gordini","englebert","11:13.400",673400,,,,,,,"+1:23.300",83300,"+3.100",3100,
38,1954,6,21,21,"21","22","theo-helfrich","klenk","bmw","pirelli","11:18.300",678300,,,,,,,"+1:28.200",88200,"+4.900",4900,
38,1954,6,22,22,"22","17","ken-wharton","maserati","maserati","dunlop",,,,,,,,,,,,,
38,1954,6,23,23,"23","19","karl-kling","mercedes","mercedes","continental",,,,,,,,,,,,,
39,1954,7,1,1,"1","20","jose-froilan-gonzalez","ferrari","ferrari","pirelli","2:39.500",159500,,,,,,,,,,,
39,1954,7,2,2,"2","4","juan-manuel-fangio","mercedes","mercedes","continental","2:39.700",159700,,,,,,,"+0.200",200,"+0.200",200,
39,1954,7,3,3,"3","32","stirling-moss","maserati","maserati","pirelli","2:41.400",161400,,,,,,,"+1.900",1900,"+1.700",1700,
39,1954,7,4,4,"4","26","maurice-trintignant","ferrari","ferrari","pirelli","2:41.700",161700,,,,,,,"+2.200",2200,"+0.300",300,
39,1954,7,5,5,"5","8","karl-kling","mercedes","mercedes","continental","2:41.900",161900,,,,,,,"+2.400",2400,"+0.200",200,
39,1954,7,6,6,"6","22","mike-hawthorn","ferrari","ferrari","pirelli","2:43.200",163200,,,,,,,"+3.700",3700,"+1.300",1300,
39,1954,7,7,7,"7","6","hans-herrmann","mercedes","mercedes","continental","2:45.000",165000,,,,,,,"+5.500",5500,"+1.800",1800,
39,1954,7,8,8,"8","18","ken-wharton","maserati","maserati","dunlop","2:46.200",166200,,,,,,,"+6.700",6700,"+1.200",1200,
39,1954,7,9,9,"9","28","sergio-mantovani","maserati","maserati","pirelli","2:56.900",176900,,,,,,,"+17.400",17400,"+10.700",10700,
39,1954,7,10,10,"10","12","clemar-bucci","gordini","gordini","englebert","3:04.100",184100,,,,,,,"+24.600",24600,"+7.200",7200,
39,1954,7,11,11,"11","24","umberto-maglioli","ferrari","ferrari","pirelli","3:08.200",188200,,,,,,,"+28.700",28700,"+4.100",4100,
39,1954,7,12,12,"12","30","roberto-mieres","maserati","maserati","pirelli","3:09.300",189300,,,,,,,"+29.800",29800,"+1.100",1100,
39,1954,7,13,13,"13","34","harry-schell","maserati","maserati","pirelli","3:12.100",192100,,,,,,,"+32.600",32600,"+2.800",2800,
39,1954,7,14,14,"14","10","jean-behra","gordini","gordini","englebert","3:16.400",196400,,,,,,,"+36.900",36900,"+4.300",4300,
39,1954,7,15,15,"15","14","fred-wacker","gordini","gordini","englebert","3:20.300",200300,,,,,,,"+40.800",40800,"+3.900",3900,
39,1954,7,16,16,"16","2","jacques-swaters","ferrari","ferrari","englebert","3:20.400",200400,,,,,,,"+40.900",40900,"+0.100",100,
39,1954,7,17,17,"17","24","robert-manzon","ferrari","ferrari","pirelli",,,,,,,,,,,,,
40,1954,8,1,1,"1","16","juan-manuel-fangio","mercedes","mercedes","continental","1:59.000",119000,,,,,,,,,,,
40,1954,8,2,2,"2","34","alberto-ascari","ferrari","ferrari","pirelli","1:59.200",119200,,,,,,,"+0.200",200,"+0.200",200,
40,1954,8,3,3,"3","28","stirling-moss","maserati","maserati","pirelli","1:59.300",119300,,,,,,,"+0.300",300,"+0.100",100,
40,1954,8,4,4,"4","14","karl-kling","mercedes","mercedes","continental","1:59.600",119600,,,,,,,"+0.600",600,"+0.300",300,
40,1954,8,5,5,"5","32","jose-froilan-gonzalez","ferrari","ferrari","pirelli","2:00.000",120000,,,,,,,"+1.000",1000,"+0.400",400,
40,1954,8,6,6,"6","22","luigi-villoresi","maserati","maserati","pirelli","2:00.200",120200,,,,,,,"+1.200",1200,"+0.200",200,
40,1954,8,7,7,"7","40","mike-hawthorn","ferrari","ferrari","pirelli","2:00.200",120200,,,,,,,"+1.200",1200,"+0.000",0,
40,1954,8,8,8,"8","12","hans-herrmann","mercedes","mercedes","continental","2:01.400",121400,,,,,,,"+2.400",2400,"+1.200",1200,
40,1954,8,9,9,"9","18","sergio-mantovani","maserati","maserati","pirelli","2:01.600",121600,,,,,,,"+2.600",2600,"+0.200",200,
40,1954,8,10,10,"10","24","roberto-mieres","maserati","maserati","pirelli","2:01.700",121700,,,,,,,"+2.700",2700,"+0.100",100,
40,1954,8,11,11,"11","30","maurice-trintignant","ferrari","ferrari","pirelli","2:02.300",122300,,,,,,,"+3.300",3300,"+0.600",600,
40,1954,8,12,12,"12","44","jean-behra","gordini","gordini","englebert","2:02.400",122400,,,,,,,"+3.400",3400,"+0.100",100,
40,1954,8,13,13,"13","38","umberto-maglioli","ferrari","ferrari","pirelli","2:03.500",123500,,,,,,,"+4.500",4500,"+1.100",1100,
40,1954,8,14,14,"14","20","luigi-musso","maserati","maserati","pirelli","2:03.500",123500,,,,,,,"+4.500",4500,"+0.000",0,
40,1954,8,15,15,"15","6","robert-manzon","ferrari","ferrari","pirelli","2:04.700",124700,,,,,,,"+5.700",5700,"+1.200",1200,
40,1954,8,16,16,"16","10","peter-collins","vanwall","vanwall","pirelli","2:05.200",125200,,,,,,,"+6.200",6200,"+0.500",500,
40,1954,8,17,17,"17","46","clemar-bucci","gordini","gordini","englebert","2:05.500",125500,,,,,,,"+6.500",6500,"+0.300",300,
40,1954,8,18,18,"18","42","fred-wacker","gordini","gordini","englebert","2:08.000",128000,,,,,,,"+9.000",9000,"+2.500",2500,
40,1954,8,19,19,"19","8","jorge-daponte","maserati","maserati","pirelli","2:09.500",129500,,,,,,,"+10.500",10500,"+1.500",1500,
40,1954,8,20,20,"20","26","louis-rosier","maserati","maserati","pirelli","2:11.000",131000,,,,,,,"+12.000",12000,"+1.500",1500,
40,1954,8,21,21,"21","2","giovanni-de-riu","maserati","maserati","pirelli","3:47.900",227900,,,,,,,"+1:48.900",108900,"+1:36.900",96900,
41,1954,9,1,1,"1","34","alberto-ascari","lancia","lancia","pirelli","2:18.100",138100,,,,,,,,,,,
41,1954,9,2,2,"2","2","juan-manuel-fangio","mercedes","mercedes","continental","2:19.100",139100,,,,,,,"+1.000",1000,"+1.000",1000,
41,1954,9,3,3,"3","38","mike-hawthorn","ferrari","ferrari","pirelli","2:20.600",140600,,,,,,,"+2.500",2500,"+1.500",1500,
41,1954,9,4,4,"4","24","harry-schell","maserati","maserati","pirelli","2:20.600",140600,,,,,,,"+2.500",2500,"+0.000",0,
41,1954,9,5,5,"5","36","luigi-villoresi","lancia","lancia","pirelli","2:21.000",141000,,,,,,,"+2.900",2900,"+0.400",400,
41,1954,9,6,6,"6","8","stirling-moss","maserati","maserati","pirelli","2:21.100",141100,,,,,,,"+3.000",3000,"+0.100",100,
41,1954,9,7,7,"7","14","luigi-musso","maserati","maserati","pirelli","2:21.500",141500,,,,,,,"+3.400",3400,"+0.400",400,
41,1954,9,8,8,"8","40","maurice-trintignant","ferrari","ferrari","pirelli","2:21.900",141900,,,,,,,"+3.800",3800,"+0.400",400,
41,1954,9,9,9,"9","6","hans-herrmann","mercedes","mercedes","continental","2:21.900",141900,,,,,,,"+3.800",3800,"+0.000",0,
41,1954,9,10,10,"10","12","sergio-mantovani","maserati","maserati","pirelli","2:22.000",142000,,,,,,,"+3.900",3900,"+0.100",100,
41,1954,9,11,11,"11","10","roberto-mieres","maserati","maserati","pirelli","2:22.300",142300,,,,,,,"+4.200",4200,"+0.300",300,
41,1954,9,12,12,"12","4","karl-kling","mercedes","mercedes","continental","2:23.400",143400,,,,,,,"+5.300",5300,"+1.100",1100,
41,1954,9,13,13,"13","16","paco-godia","maserati","maserati","pirelli","2:24.200",144200,,,,,,,"+6.100",6100,"+0.800",800,
41,1954,9,14,14,"14","28","ken-wharton","maserati","maserati","dunlop","2:25.700",145700,,,,,,,"+7.600",7600,"+1.500",1500,
41,1954,9,15,15,"15","18","birabongse-bhanudej","maserati","maserati","pirelli","2:26.100",146100,,,,,,,"+8.000",8000,"+0.400",400,
41,1954,9,16,16,"16","48","jacques-pollet","gordini","gordini","englebert","2:27.400",147400,,,,,,,"+9.300",9300,"+1.300",1300,
41,1954,9,17,17,"17","20","robert-manzon","ferrari","ferrari","pirelli","2:27.500",147500,,,,,,,"+9.400",9400,"+0.100",100,
41,1954,9,18,18,"18","46","jean-behra","gordini","gordini","englebert","2:27.800",147800,,,,,,,"+9.700",9700,"+0.300",300,
41,1954,9,19,19,"19","30","jacques-swaters","ferrari","ferrari","englebert","2:28.000",148000,,,,,,,"+9.900",9900,"+0.200",200,
41,1954,9,20,20,"20","26","louis-rosier","maserati","maserati","dunlop","2:29.800",149800,,,,,,,"+11.700",11700,"+1.800",1800,
41,1954,9,21,21,"21","22","emmanuel-de-graffenried","maserati","maserati","pirelli","2:29.800",149800,,,,,,,"+11.700",11700,"+0.000",0,
42,1955,1,1,1,"1","12","jose-froilan-gonzalez","ferrari","ferrari","englebert","1:43.100",103100,,,,,,,,,,,
42,1955,1,2,2,"2","32","alberto-ascari","lancia","lancia","pirelli","1:43.200",103200,,,,,,,"+0.100",100,"+0.100",100,
42,1955,1,3,3,"3","2","juan-manuel-fangio","mercedes","mercedes","continental","1:43.600",103600,,,,,,,"+0.500",500,"+0.400",400,
42,1955,1,4,4,"4","16","jean-behra","maserati","maserati","pirelli","1:43.800",103800,,,,,,,"+0.700",700,"+0.200",200,
42,1955,1,5,5,"5","10","nino-farina","ferrari","ferrari","englebert","1:43.800",103800,,,,,,,"+0.700",700,"+0.000",0,
42,1955,1,6,6,"6","4","karl-kling","mercedes","mercedes","continental","1:44.100",104100,,,,,,,"+1.000",1000,"+0.300",300,
42,1955,1,7,7,"7","28","harry-schell","maserati","maserati","pirelli","1:44.300",104300,,,,,,,"+1.200",1200,"+0.200",200,
42,1955,1,8,8,"8","6","stirling-moss","mercedes","mercedes","continental","1:44.600",104600,,,,,,,"+1.500",1500,"+0.300",300,
42,1955,1,9,9,"9","40","pablo-birger","gordini","gordini","englebert","1:44.800",104800,,,,,,,"+1.700",1700,"+0.200",200,
42,1955,1,10,10,"10","8","hans-herrmann","mercedes","mercedes","continental","1:44.900",104900,,,,,,,"+1.800",1800,"+0.100",100,
42,1955,1,11,11,"11","34","luigi-villoresi","lancia","lancia","pirelli","1:45.200",105200,,,,,,,"+2.100",2100,"+0.300",300,
42,1955,1,12,12,"12","36","eugenio-castellotti","lancia","lancia","pirelli","1:45.300",105300,,,,,,,"+2.200",2200,"+0.100",100,
42,1955,1,13,13,"13","24","carlos-menditeguy","maserati","maserati","pirelli","1:45.400",105400,,,,,,,"+2.300",2300,"+0.100",100,
42,1955,1,14,14,"14","14","maurice-trintignant","ferrari","ferrari","englebert","1:45.800",105800,,,,,,,"+2.700",2700,"+0.400",400,
42,1955,1,15,15,"15","38","elie-bayol","gordini","gordini","englebert","1:46.100",106100,,,,,,,"+3.000",3000,"+0.300",300,
42,1955,1,16,16,"16","18","roberto-mieres","maserati","maserati","pirelli","1:46.200",106200,,,,,,,"+3.100",3100,"+0.100",100,
42,1955,1,17,17,"17","42","jesus-iglesias","gordini","gordini","englebert","1:46.300",106300,,,,,,,"+3.200",3200,"+0.100",100,
42,1955,1,18,18,"18","22","luigi-musso","maserati","maserati","pirelli","1:46.400",106400,,,,,,,"+3.300",3300,"+0.100",100,
42,1955,1,19,19,"19","20","sergio-mantovani","maserati","maserati","pirelli","1:47.600",107600,,,,,,,"+4.500",4500,"+1.200",1200,
42,1955,1,20,20,"20","26","clemar-bucci","maserati","maserati","pirelli","1:48.800",108800,,,,,,,"+5.700",5700,"+1.200",1200,
42,1955,1,21,21,"21","30","alberto-uria","maserati","maserati","pirelli","1:51.200",111200,,,,,,,"+8.100",8100,"+2.400",2400,
43,1955,2,1,1,"1","2","juan-manuel-fangio","mercedes","mercedes","continental","1:41.100",101100,,,,,,,,,,,
43,1955,2,2,2,"2","26","alberto-ascari","lancia","lancia","pirelli","1:41.100",101100,,,,,,,"+0.000",0,"+0.000",0,
43,1955,2,3,3,"3","6","stirling-moss","mercedes","mercedes","continental","1:41.200",101200,,,,,,,"+0.100",100,"+0.100",100,
43,1955,2,4,4,"4","30","eugenio-castellotti","lancia","lancia","pirelli","1:42.000",102000,,,,,,,"+0.900",900,"+0.800",800,
43,1955,2,5,5,"5","34","jean-behra","maserati","maserati","pirelli","1:42.500",102500,,,,,,,"+1.400",1400,"+0.500",500,
43,1955,2,6,6,"6","36","roberto-mieres","maserati","maserati","pirelli","1:43.700",103700,,,,,,,"+2.600",2600,"+1.200",1200,
43,1955,2,7,7,"7","28","luigi-villoresi","lancia","lancia","pirelli","1:43.700",103700,,,,,,,"+2.600",2600,"+0.000",0,
43,1955,2,8,8,"8","38","luigi-musso","maserati","maserati","pirelli","1:44.300",104300,,,,,,,"+3.200",3200,"+0.600",600,
43,1955,2,9,9,"9","44","maurice-trintignant","ferrari","ferrari","englebert","1:44.400",104400,,,,,,,"+3.300",3300,"+0.100",100,
43,1955,2,10,10,"10","4","andre-simon","mercedes","mercedes","continental","1:45.500",105500,,,,,,,"+4.400",4400,"+1.100",1100,
43,1955,2,11,11,"11","40","cesare-perdisa","maserati","maserati","pirelli","1:45.600",105600,,,,,,,"+4.500",4500,"+0.100",100,
43,1955,2,12,12,"12","18","mike-hawthorn","vanwall","vanwall","pirelli","1:45.600",105600,,,,,,,"+4.500",4500,"+0.000",0,
43,1955,2,13,13,"13","8","robert-manzon","gordini","gordini","englebert","1:46.000",106000,,,,,,,"+4.900",4900,"+0.400",400,
43,1955,2,14,14,"14","42","nino-farina","ferrari","ferrari","englebert","1:46.000",106000,,,,,,,"+4.900",4900,"+0.000",0,
43,1955,2,15,15,"15","48","piero-taruffi","ferrari","ferrari","englebert","1:46.000",106000,,,,,,,"+4.900",4900,"+0.000",0,
43,1955,2,16,16,"16","12","elie-bayol","gordini","gordini","englebert","1:46.500",106500,,,,,,,"+5.400",5400,"+0.500",500,
43,1955,2,17,17,"17","14","louis-rosier","maserati","maserati","pirelli","1:46.700",106700,,,,,,,"+5.600",5600,"+0.200",200,
43,1955,2,18,18,"18","46","harry-schell","ferrari","ferrari","englebert","1:46.800",106800,,,,,,,"+5.700",5700,"+0.100",100,
43,1955,2,19,19,"19","32","louis-chiron","lancia","lancia","pirelli","1:47.300",107300,,,,,,,"+6.200",6200,"+0.500",500,
43,1955,2,20,20,"20","10","jacques-pollet","gordini","gordini","englebert","1:49.400",109400,,,,,,,"+8.300",8300,"+2.100",2100,
43,1955,2,21,21,"21","22","lance-macklin","maserati","maserati","dunlop","1:49.400",109400,,,,,,,"+8.300",8300,"+0.000",0,
43,1955,2,22,22,"22","24","ted-whiteaway","hwm","alta","dunlop","1:57.200",117200,,,,,,,"+16.100",16100,"+7.800",7800,
44,1955,3,1,1,"1","23","jerry-hoyt","stevens","offenhauser","firestone","4:17.060",257060,,,,,,,,,,,
44,1955,3,2,2,"2","10","tony-bettenhausen","kurtis-kraft","offenhauser","firestone","4:17.170",257170,,,,,,,"+0.110",110,"+0.110",110,
44,1955,3,3,3,"3","3","jack-mcgrath","kurtis-kraft","offenhauser","firestone","4:12.490",252490,,,,,,,"-4.570",-3430,"-4.680",-3320,
44,1955,3,4,4,"4","14","fred-agabashian","kurtis-kraft","offenhauser","firestone","4:13.640",253640,,,,,,,"-3.420",-2580,"+1.150",1150,
44,1955,3,5,5,"5","4","bill-vukovich","kurtis-kraft","offenhauser","firestone","4:15.190",255190,,,,,,,"-1.870",-130,"+1.550",1550,
44,1955,3,6,6,"6","8","sam-hanks","kurtis-kraft","offenhauser","firestone","4:16.800",256800,,,,,,,"-0.260",260,"+1.610",1610,
44,1955,3,7,7,"7","77","walt-faulkner","kurtis-kraft","offenhauser","firestone","4:17.580",257580,,,,,,,"+0.520",520,"+0.780",780,
44,1955,3,8,8,"8","19","andy-linden","kurtis-kraft","offenhauser","firestone","4:18.810",258810,,,,,,,"+1.750",1750,"+1.230",1230,
44,1955,3,9,9,"9","22","cal-niday","kurtis-kraft","offenhauser","firestone","4:16.590",256590,,,,,,,"-0.470",470,"-2.220",-1780,
44,1955,3,10,10,"10","15","jimmy-davies","kurtis-kraft","offenhauser","firestone","4:16.640",256640,,,,,,,"-0.420",420,"+0.050",50,
44,1955,3,11,11,"11","1","jimmy-bryan","kuzma","offenhauser","firestone","4:16.580",256580,,,,,,,"-0.480",480,"-0.060",60,
44,1955,3,12,12,"12","89","pat-flaherty","kurtis-kraft","offenhauser","firestone","4:16.870",256870,,,,,,,"-0.190",190,"+0.290",290,
44,1955,3,13,13,"13","37","eddie-russo","pawl","offenhauser","firestone","4:16.930",256930,,,,,,,"-0.130",130,"+0.060",60,
44,1955,3,14,14,"14","6","bob-sweikert","kurtis-kraft","offenhauser","firestone","4:17.150",257150,,,,,,,"+0.090",90,"+0.220",220,
44,1955,3,15,15,"15","5","jimmy-reece","pankratz","offenhauser","firestone","4:17.160",257160,,,,,,,"+0.100",100,"+0.010",10,
44,1955,3,16,16,"16","71","al-herman","kurtis-kraft","offenhauser","firestone","4:17.490",257490,,,,,,,"+0.430",430,"+0.330",330,
44,1955,3,17,17,"17","48","jimmy-daywalt","kurtis-kraft","offenhauser","firestone","4:18.220",258220,,,,,,,"+1.160",1160,"+0.730",730,
44,1955,3,18,18,"18","98","duane-carter","kuzma","offenhauser","firestone","4:18.380",258380,,,,,,,"+1.320",1320,"+0.160",160,
44,1955,3,19,19,"19","29","pat-oconnor","kurtis-kraft","offenhauser","firestone","4:18.380",258380,,,,,,,"+1.320",1320,"+0.000",0,
44,1955,3,20,20,"20","33","jim-rathmann","epperly","offenhauser","firestone","4:19.540",259540,,,,,,,"+2.480",2480,"+1.160",1160,
44,1955,3,21,21,"21","12","don-freeland","phillips","offenhauser","firestone","4:17.390",257390,,,,,,,"+0.330",330,"-2.150",-1850,
44,1955,3,22,22,"22","42","al-keller","kurtis-kraft","offenhauser","firestone","4:17.970",257970,,,,,,,"+0.910",910,"+0.580",580,
44,1955,3,23,23,"23","49","ray-crawford","kurtis-kraft","offenhauser","firestone","4:18.610",258610,,,,,,,"+1.550",1550,"+0.640",640,
44,1955,3,24,24,"24","99","art-cross","kurtis-kraft","offenhauser","firestone","4:19.460",259460,,,,,,,"+2.400",2400,"+0.850",850,
44,1955,3,25,25,"25","41","chuck-weyant","kurtis-kraft","offenhauser","firestone","4:20.750",260750,,,,,,,"+3.690",3690,"+1.290",1290,
44,1955,3,26,26,"26","39","johnny-boyd","kurtis-kraft","offenhauser","firestone","4:22.810",262810,,,,,,,"+5.750",5750,"+2.060",2060,
44,1955,3,27,27,"27","16","johnnie-parsons","kurtis-kraft","offenhauser","firestone","4:23.140",263140,,,,,,,"+6.080",6080,"+0.330",330,
44,1955,3,28,28,"28","31","keith-andrews","schroeder","offenhauser","firestone","4:24.610",264610,,,,,,,"+7.550",7550,"+1.470",1470,
44,1955,3,29,29,"29","68","ed-elisian","kurtis-kraft","offenhauser","firestone","4:26.010",266010,,,,,,,"+8.950",8950,"+1.400",1400,
44,1955,3,30,30,"30","27","rodger-ward","kuzma","offenhauser","firestone","4:26.570",266570,,,,,,,"+9.510",9510,"+0.560",560,
44,1955,3,31,31,"31","81","shorty-templeman","trevis","offenhauser","firestone","4:26.640",266640,,,,,,,"+9.580",9580,"+0.070",70,
44,1955,3,32,32,"32","83","eddie-johnson","trevis","offenhauser","firestone","4:27.760",267760,,,,,,,"+10.700",10700,"+1.120",1120,
44,1955,3,33,33,"33","44","johnny-thomson","kuzma","offenhauser","firestone","4:28.430",268430,,,,,,,"+11.370",11370,"+0.670",670,
45,1955,4,1,1,"1","30","eugenio-castellotti","lancia","lancia","pirelli","4:18.100",258100,,,,,,,,,,,
45,1955,4,2,2,"2","10","juan-manuel-fangio","mercedes","mercedes","continental","4:18.600",258600,,,,,,,"+0.500",500,"+0.500",500,
45,1955,4,3,3,"3","14","stirling-moss","mercedes","mercedes","continental","4:19.200",259200,,,,,,,"+1.100",1100,"+0.600",600,
45,1955,4,4,4,"4","2","nino-farina","ferrari","ferrari","englebert","4:20.900",260900,,,,,,,"+2.800",2800,"+1.700",1700,
45,1955,4,5,5,"5","20","jean-behra","maserati","maserati","pirelli","4:23.600",263600,,,,,,,"+5.500",5500,"+2.700",2700,
45,1955,4,6,6,"6","12","karl-kling","mercedes","mercedes","continental","4:24.000",264000,,,,,,,"+5.900",5900,"+0.400",400,
45,1955,4,7,7,"7","22","luigi-musso","maserati","maserati","pirelli","4:26.400",266400,,,,,,,"+8.300",8300,"+2.400",2400,
45,1955,4,8,8,"8","6","paul-frere","ferrari","ferrari","englebert","4:29.700",269700,,,,,,,"+11.600",11600,"+3.300",3300,
45,1955,4,9,9,"9","40","mike-hawthorn","vanwall","vanwall","pirelli","4:33.000",273000,,,,,,,"+14.900",14900,"+3.300",3300,
45,1955,4,10,10,"10","4","maurice-trintignant","ferrari","ferrari","englebert","4:33.200",273200,,,,,,,"+15.100",15100,"+0.200",200,
45,1955,4,11,11,"11","26","cesare-perdisa","maserati","maserati","pirelli","4:50.900",290900,,,,,,,"+32.800",32800,"+17.700",17700,
45,1955,4,12,12,"12","28","louis-rosier","maserati","maserati","pirelli","4:55.400",295400,,,,,,,"+37.300",37300,"+4.500",4500,
45,1955,4,13,13,"13","24","roberto-mieres","maserati","maserati","pirelli","5:09.000",309000,,,,,,,"+50.900",50900,"+13.600",13600,
46,1955,5,1,1,"1","8","juan-manuel-fangio","mercedes","mercedes","continental","1:40.000",100000,,,,,,,,,,,
46,1955,5,2,2,"2","10","stirling-moss","mercedes","mercedes","continental","1:40.400",100400,,,,,,,"+0.400",400,"+0.400",400,
46,1955,5,3,3,"3","12","karl-kling","mercedes","mercedes","continental","1:41.100",101100,,,,,,,"+1.100",1100,"+0.700",700,
46,1955,5,4,4,"4","18","luigi-musso","maserati","maserati","pirelli","1:41.200",101200,,,,,,,"+1.200",1200,"+0.100",100,
46,1955,5,5,5,"5","2","mike-hawthorn","ferrari","ferrari","englebert","1:41.500",101500,,,,,,,"+1.500",1500,"+0.300",300,
46,1955,5,6,6,"6","14","jean-behra","maserati","maserati","pirelli","1:41.500",101500,,,,,,,"+1.500",1500,"+0.000",0,
46,1955,5,7,7,"7","16","roberto-mieres","maserati","maserati","pirelli","1:42.100",102100,,,,,,,"+2.100",2100,"+0.600",600,
46,1955,5,8,8,"8","4","maurice-trintignant","ferrari","ferrari","englebert","1:42.400",102400,,,,,,,"+2.400",2400,"+0.300",300,
46,1955,5,9,9,"9","6","eugenio-castellotti","ferrari","ferrari","englebert","1:42.700",102700,,,,,,,"+2.700",2700,"+0.300",300,
46,1955,5,10,10,"10","26","peter-walker","maserati","maserati","dunlop","1:44.900",104900,,,,,,,"+4.900",4900,"+2.200",2200,
46,1955,5,11,11,"11","20","robert-manzon","gordini","gordini","englebert","1:46.000",106000,,,,,,,"+6.000",6000,"+1.100",1100,
46,1955,5,12,12,"12","24","jacques-pollet","gordini","gordini","englebert","1:48.400",108400,,,,,,,"+8.400",8400,"+2.400",2400,
46,1955,5,13,13,"13","28","louis-rosier","maserati","maserati","pirelli","1:49.200",109200,,,,,,,"+9.200",9200,"+0.800",800,
46,1955,5,14,14,"14","22","hermano-da-silva-ramos","gordini","gordini","englebert","1:50.200",110200,,,,,,,"+10.200",10200,"+1.000",1000,
46,1955,5,15,15,"15","32","horace-gould","maserati","maserati","dunlop","1:50.400",110400,,,,,,,"+10.400",10400,"+0.200",200,
46,1955,5,16,16,"16","30","johnny-claes","ferrari","ferrari","englebert","1:53.300",113300,,,,,,,"+13.300",13300,"+2.900",2900,
47,1955,6,1,1,"1","12","stirling-moss","mercedes","mercedes","continental","2:00.400",120400,,,,,,,,,,,
47,1955,6,2,2,"2","10","juan-manuel-fangio","mercedes","mercedes","continental","2:00.600",120600,,,,,,,"+0.200",200,"+0.200",200,
47,1955,6,3,3,"3","2","jean-behra","maserati","maserati","pirelli","2:01.400",121400,,,,,,,"+1.000",1000,"+0.800",800,
47,1955,6,4,4,"4","14","karl-kling","mercedes","mercedes","continental","2:02.000",122000,,,,,,,"+1.600",1600,"+0.600",600,
47,1955,6,5,5,"5","50","piero-taruffi","mercedes","mercedes","continental","2:03.000",123000,,,,,,,"+2.600",2600,"+1.000",1000,
47,1955,6,6,6,"6","6","roberto-mieres","maserati","maserati","pirelli","2:03.200",123200,,,,,,,"+2.800",2800,"+0.200",200,
47,1955,6,7,7,"7","30","harry-schell","vanwall","vanwall","pirelli","2:03.800",123800,,,,,,,"+3.400",3400,"+0.600",600,
47,1955,6,8,8,"8","8","andre-simon","maserati","maserati","pirelli","2:04.000",124000,,,,,,,"+3.600",3600,"+0.200",200,
47,1955,6,9,9,"9","4","luigi-musso","maserati","maserati","pirelli","2:04.200",124200,,,,,,,"+3.800",3800,"+0.200",200,
47,1955,6,10,10,"10","20","eugenio-castellotti","ferrari","ferrari","englebert","2:05.000",125000,,,,,,,"+4.600",4600,"+0.800",800,
47,1955,6,11,11,"11","22","robert-manzon","gordini","gordini","englebert","2:05.000",125000,,,,,,,"+4.600",4600,"+0.000",0,
47,1955,6,12,12,"12","16","mike-hawthorn","ferrari","ferrari","englebert","2:05.400",125400,,,,,,,"+5.000",5000,"+0.400",400,
47,1955,6,13,13,"13","18","maurice-trintignant","ferrari","ferrari","englebert","2:05.400",125400,,,,,,,"+5.000",5000,"+0.000",0,
47,1955,6,14,14,"14","36","tony-rolt","connaught","alta","dunlop","2:06.600",126600,,,,,,,"+6.200",6200,"+1.200",1200,
47,1955,6,15,15,"15","28","ken-wharton","vanwall","vanwall","pirelli","2:08.400",128400,,,,,,,"+8.000",8000,"+1.800",1800,
47,1955,6,16,16,"16","46","lance-macklin","maserati","maserati","dunlop","2:08.400",128400,,,,,,,"+8.000",8000,"+0.000",0,
47,1955,6,17,17,"17","32","kenneth-mcalpine","connaught","alta","dunlop","2:09.600",129600,,,,,,,"+9.200",9200,"+1.200",1200,
47,1955,6,18,18,"18","24","hermano-da-silva-ramos","gordini","gordini","englebert","2:10.600",130600,,,,,,,"+10.200",10200,"+1.000",1000,
47,1955,6,19,19,"19","38","leslie-marr","connaught","alta","dunlop","2:11.600",131600,,,,,,,"+11.200",11200,"+1.000",1000,
47,1955,6,20,20,"20","44","roy-salvadori","maserati","maserati","dunlop","2:11.600",131600,,,,,,,"+11.200",11200,"+0.000",0,
47,1955,6,21,21,"21","34","jack-fairman","connaught","alta","dunlop","2:11.600",131600,,,,,,,"+11.200",11200,"+0.000",0,
47,1955,6,22,22,"22","48","horace-gould","maserati","maserati","dunlop","2:11.800",131800,,,,,,,"+11.400",11400,"+0.200",200,
47,1955,6,23,23,"23","26","mike-sparken","gordini","gordini","englebert","2:12.800",132800,,,,,,,"+12.400",12400,"+1.000",1000,
47,1955,6,24,24,"24","42","peter-collins","maserati","maserati","dunlop","2:13.400",133400,,,,,,,"+13.000",13000,"+0.600",600,
47,1955,6,25,25,"25","40","jack-brabham","cooper","bristol","dunlop","2:27.400",147400,,,,,,,"+27.000",27000,"+14.000",14000,
48,1955,7,1,1,"1","18","juan-manuel-fangio","mercedes","mercedes","continental","2:46.500",166500,,,,,,,,,,,
48,1955,7,2,2,"2","16","stirling-moss","mercedes","mercedes","continental","2:46.800",166800,,,,,,,"+0.300",300,"+0.300",300,
48,1955,7,3,3,"3","20","karl-kling","mercedes","mercedes","continental","2:48.300",168300,,,,,,,"+1.800",1800,"+1.500",1500,
48,1955,7,4,4,"4","4","eugenio-castellotti","ferrari","ferrari","englebert","2:49.600",169600,,,,,,,"+3.100",3100,"+1.300",1300,
48,1955,7,5,5,"5","2","nino-farina","lancia","lancia","englebert","2:49.900",169900,,,,,,,"+3.400",3400,"+0.300",300,
48,1955,7,6,6,"6","36","jean-behra","maserati","maserati","pirelli","2:50.100",170100,,,,,,,"+3.600",3600,"+0.200",200,
48,1955,7,7,7,"7","28","roberto-mieres","maserati","maserati","pirelli","2:51.100",171100,,,,,,,"+4.600",4600,"+1.000",1000,
48,1955,7,8,8,"8","10","luigi-villoresi","lancia","lancia","pirelli","2:51.600",171600,,,,,,,"+5.100",5100,"+0.500",500,
48,1955,7,9,9,"9","14","piero-taruffi","mercedes","mercedes","continental","2:51.800",171800,,,,,,,"+5.300",5300,"+0.200",200,
48,1955,7,10,10,"10","30","luigi-musso","maserati","maserati","pirelli","2:52.200",172200,,,,,,,"+5.700",5700,"+0.400",400,
48,1955,7,11,11,"11","32","peter-collins","maserati","maserati","pirelli","2:55.300",175300,,,,,,,"+8.800",8800,"+3.100",3100,
48,1955,7,12,12,"12","12","umberto-maglioli","ferrari","ferrari","englebert","2:55.400",175400,,,,,,,"+8.900",8900,"+0.100",100,
48,1955,7,13,13,"13","42","harry-schell","vanwall","vanwall","pirelli","2:55.500",175500,,,,,,,"+9.000",9000,"+0.100",100,
48,1955,7,14,14,"14","6","mike-hawthorn","ferrari","ferrari","englebert","2:56.200",176200,,,,,,,"+9.700",9700,"+0.700",700,
48,1955,7,15,15,"15","8","maurice-trintignant","ferrari","ferrari","englebert","2:56.600",176600,,,,,,,"+10.100",10100,"+0.400",400,
48,1955,7,16,16,"16","34","carlos-menditeguy","maserati","maserati","pirelli","2:58.400",178400,,,,,,,"+11.900",11900,"+1.800",1800,
48,1955,7,17,17,"17","44","ken-wharton","vanwall","vanwall","pirelli","2:59.500",179500,,,,,,,"+13.000",13000,"+1.100",1100,
48,1955,7,18,18,"18","22","hermano-da-silva-ramos","gordini","gordini","englebert","2:59.800",179800,,,,,,,"+13.300",13300,"+0.300",300,
48,1955,7,19,19,"19","26","jacques-pollet","gordini","gordini","englebert","2:59.900",179900,,,,,,,"+13.400",13400,"+0.100",100,
48,1955,7,20,20,"20","40","john-fitch","maserati","maserati","dunlop","3:03.100",183100,,,,,,,"+16.600",16600,"+3.200",3200,
48,1955,7,21,21,"21","38","horace-gould","maserati","maserati","pirelli","3:05.200",185200,,,,,,,"+18.700",18700,"+2.100",2100,
48,1955,7,22,22,"22","24","jean-lucas","gordini","gordini","englebert","3:15.900",195900,,,,,,,"+29.400",29400,"+10.700",10700,
49,1956,1,1,1,"1","30","juan-manuel-fangio","ferrari","ferrari","englebert","1:42.500",102500,,,,,,,,,,,
49,1956,1,2,2,"2","32","eugenio-castellotti","ferrari","ferrari","englebert","1:44.700",104700,,,,,,,"+2.200",2200,"+2.200",2200,
49,1956,1,3,3,"3","34","luigi-musso","ferrari","ferrari","englebert","1:44.700",104700,,,,,,,"+2.200",2200,"+0.000",0,
49,1956,1,4,4,"4","4","jean-behra","maserati","maserati","pirelli","1:45.100",105100,,,,,,,"+2.600",2600,"+0.400",400,
49,1956,1,5,5,"5","12","jose-froilan-gonzalez","maserati","maserati","pirelli","1:45.400",105400,,,,,,,"+2.900",2900,"+0.300",300,
49,1956,1,6,6,"6","6","carlos-menditeguy","maserati","maserati","pirelli","1:45.600",105600,,,,,,,"+3.100",3100,"+0.200",200,
49,1956,1,7,7,"7","2","stirling-moss","maserati","maserati","pirelli","1:45.900",105900,,,,,,,"+3.400",3400,"+0.300",300,
49,1956,1,8,8,"8","14","mike-hawthorn","maserati","maserati","dunlop","1:47.400",107400,,,,,,,"+4.900",4900,"+1.500",1500,
49,1956,1,9,9,"9","36","peter-collins","ferrari","ferrari","englebert","1:47.700",107700,,,,,,,"+5.200",5200,"+0.300",300,
49,1956,1,10,10,"10","38","olivier-gendebien","ferrari","ferrari","englebert","1:50.400",110400,,,,,,,"+7.900",7900,"+2.700",2700,
49,1956,1,11,11,"11","10","chico-landi","maserati","maserati","pirelli","1:57.900",117900,,,,,,,"+15.400",15400,"+7.500",7500,
49,1956,1,12,12,"12","8","luigi-piotti","maserati","maserati","pirelli","1:57.900",117900,,,,,,,"+15.400",15400,"+0.000",0,
49,1956,1,13,13,"13","16","alberto-uria","maserati","maserati","pirelli",,,,,,,,,,,,,
50,1956,2,1,1,"1","20","juan-manuel-fangio","ferrari","ferrari","englebert","1:44.000",104000,,,,,,,,,,,
50,1956,2,2,2,"2","28","stirling-moss","maserati","maserati","pirelli","1:44.600",104600,,,,,,,"+0.600",600,"+0.600",600,
50,1956,2,3,3,"3","22","eugenio-castellotti","ferrari","ferrari","englebert","1:44.900",104900,,,,,,,"+0.900",900,"+0.300",300,
50,1956,2,4,4,"4","30","jean-behra","maserati","maserati","pirelli","1:45.300",105300,,,,,,,"+1.300",1300,"+0.400",400,
50,1956,2,5,5,"5","16","harry-schell","vanwall","vanwall","pirelli","1:45.600",105600,,,,,,,"+1.600",1600,"+0.300",300,
50,1956,2,6,6,"6","14","maurice-trintignant","vanwall","vanwall","pirelli","1:45.600",105600,,,,,,,"+1.600",1600,"+0.000",0,
50,1956,2,7,7,"7","32","cesare-perdisa","maserati","maserati","pirelli","1:46.000",106000,,,,,,,"+2.000",2000,"+0.400",400,
50,1956,2,8,8,"8","24","luigi-musso","ferrari","ferrari","englebert","1:46.800",106800,,,,,,,"+2.800",2800,"+0.800",800,
50,1956,2,9,9,"9","26","peter-collins","ferrari","ferrari","englebert","1:47.000",107000,,,,,,,"+3.000",3000,"+0.200",200,
50,1956,2,10,10,"10","10","mike-hawthorn","brm","brm","dunlop","1:49.300",109300,,,,,,,"+5.300",5300,"+2.300",2300,
50,1956,2,11,11,"11","4","elie-bayol","gordini","gordini","englebert","1:50.000",110000,,,,,,,"+6.000",6000,"+0.700",700,
50,1956,2,12,12,"12","2","robert-manzon","gordini","gordini","englebert","1:50.300",110300,,,,,,,"+6.300",6300,"+0.300",300,
50,1956,2,13,13,"13","12","tony-brooks","brm","brm","dunlop","1:50.400",110400,,,,,,,"+6.400",6400,"+0.100",100,
50,1956,2,14,14,"14","6","hermano-da-silva-ramos","gordini","gordini","englebert","1:50.600",110600,,,,,,,"+6.600",6600,"+0.200",200,
50,1956,2,15,15,"15","8","louis-rosier","maserati","maserati","pirelli","1:51.600",111600,,,,,,,"+7.600",7600,"+1.000",1000,
50,1956,2,16,16,"16","18","horace-gould","maserati","maserati","dunlop","1:51.700",111700,,,,,,,"+7.700",7700,"+0.100",100,
50,1956,2,17,17,"17","36","giorgio-scarlatti","ferrari","ferrari","pirelli","2:09.100",129100,,,,,,,"+25.100",25100,"+17.400",17400,
51,1956,3,1,1,"1","8","pat-flaherty","watson","offenhauser","firestone","4:07.260",247260,,,,,,,,,,,
51,1956,3,2,2,"2","24","jim-rathmann","kurtis-kraft","offenhauser","firestone","4:08.070",248070,,,,,,,"+0.810",810,"+0.810",810,
51,1956,3,3,3,"3","7","pat-oconnor","kurtis-kraft","offenhauser","firestone","4:08.310",248310,,,,,,,"+1.050",1050,"+0.240",240,
51,1956,3,4,4,"4","73","dick-rathmann","kurtis-kraft","offenhauser","firestone","4:09.180",249180,,,,,,,"+1.920",1920,"+0.870",870,
51,1956,3,5,5,"5","99","tony-bettenhausen","kurtis-kraft","offenhauser","firestone","4:08.960",248960,,,,,,,"+1.700",1700,"-0.220",220,
51,1956,3,6,6,"6","98","johnnie-parsons","kuzma","offenhauser","firestone","4:09.750",249750,,,,,,,"+2.490",2490,"+0.790",790,
51,1956,3,7,7,"7","42","fred-agabashian","kurtis-kraft","offenhauser","firestone","4:09.880",249880,,,,,,,"+2.620",2620,"+0.130",130,
51,1956,3,8,8,"8","29","paul-russo","kurtis-kraft","novi","firestone","4:10.790",250790,,,,,,,"+3.530",3530,"+0.910",910,
51,1956,3,9,9,"9","5","andy-linden","kurtis-kraft","offenhauser","firestone","4:11.650",251650,,,,,,,"+4.390",4390,"+0.860",860,
51,1956,3,10,10,"10","1","bob-sweikert","kuzma","offenhauser","firestone","4:11.690",251690,,,,,,,"+4.430",4430,"+0.040",40,
51,1956,3,11,11,"11","53","troy-ruttman","kurtis-kraft","offenhauser","firestone","4:12.660",252660,,,,,,,"+5.400",5400,"+0.970",970,
51,1956,3,12,12,"12","15","johnny-boyd","kurtis-kraft","offenhauser","firestone","4:12.920",252920,,,,,,,"+5.660",5660,"+0.260",260,
51,1956,3,13,13,"13","4","sam-hanks","kurtis-kraft","offenhauser","firestone","4:13.430",253430,,,,,,,"+6.170",6170,"+0.510",510,
51,1956,3,14,14,"14","10","ed-elisian","kurtis-kraft","offenhauser","firestone","4:14.630",254630,,,,,,,"+7.370",7370,"+1.200",1200,
51,1956,3,15,15,"15","19","rodger-ward","kurtis-kraft","offenhauser","firestone","4:15.010",255010,,,,,,,"+7.750",7750,"+0.380",380,
51,1956,3,16,16,"16","48","jimmy-daywalt","kurtis-kraft","offenhauser","firestone","4:15.360",255360,,,,,,,"+8.100",8100,"+0.350",350,
51,1956,3,17,17,"17","49","ray-crawford","kurtis-kraft","offenhauser","firestone","4:15.530",255530,,,,,,,"+8.270",8270,"+0.170",170,
51,1956,3,18,18,"18","88","johnny-thomson","kuzma","offenhauser","firestone","4:07.340",247340,,,,,,,"+0.080",80,"-8.190",-7810,
51,1956,3,19,19,"19","2","jimmy-bryan","kuzma","offenhauser","firestone","4:10.450",250450,,,,,,,"+3.190",3190,"+3.110",3110,
51,1956,3,20,20,"20","89","keith-andrews","kurtis-kraft","offenhauser","firestone","4:11.790",251790,,,,,,,"+4.530",4530,"+1.340",1340,
51,1956,3,21,21,"21","26","jimmy-reece","lesovsky","offenhauser","firestone","4:11.950",251950,,,,,,,"+4.690",4690,"+0.160",160,
51,1956,3,22,22,"22","82","gene-hartley","kuzma","offenhauser","firestone","4:12.020",252020,,,,,,,"+4.760",4760,"+0.070",70,
51,1956,3,23,23,"23","14","bob-veith","kurtis-kraft","offenhauser","firestone","4:12.570",252570,,,,,,,"+5.310",5310,"+0.550",550,
51,1956,3,24,24,"24","54","jack-turner","kurtis-kraft","offenhauser","firestone","4:12.820",252820,,,,,,,"+5.560",5560,"+0.250",250,
51,1956,3,25,25,"25","57","bob-christie","kurtis-kraft","offenhauser","firestone","4:13.100",253100,,,,,,,"+5.840",5840,"+0.280",280,
51,1956,3,26,26,"26","16","don-freeland","phillips","offenhauser","firestone","4:14.060",254060,,,,,,,"+6.800",6800,"+0.960",960,
51,1956,3,27,27,"27","12","al-herman","kurtis-kraft","offenhauser","firestone","4:14.220",254220,,,,,,,"+6.960",6960,"+0.160",160,
51,1956,3,28,28,"28","55","al-keller","kurtis-kraft","offenhauser","firestone","4:14.970",254970,,,,,,,"+7.710",7710,"+0.750",750,
51,1956,3,29,29,"29","41","billy-garrett","kuzma","offenhauser","firestone","4:16.120",256120,,,,,,,"+8.860",8860,"+1.150",1150,
51,1956,3,30,30,"30","27","cliff-griffith","stevens","offenhauser","firestone","4:14.470",254470,,,,,,,"+7.210",7210,"-1.650",-350,
51,1956,3,31,31,"31","34","johnnie-tolan","kurtis-kraft","offenhauser","firestone","4:17.030",257030,,,,,,,"+9.770",9770,"+2.560",2560,
51,1956,3,32,32,"32","81","eddie-johnson","kuzma","offenhauser","firestone","4:18.820",258820,,,,,,,"+11.560",11560,"+1.790",1790,
51,1956,3,33,33,"33","64","duke-dinsmore","kurtis-kraft","offenhauser","firestone","4:19.870",259870,,,,,,,"+12.610",12610,"+1.050",1050,
52,1956,4,1,1,"1","2","juan-manuel-fangio","ferrari","ferrari","englebert","4:09.800",249800,,,,,,,,,,,
52,1956,4,2,2,"2","30","stirling-moss","maserati","maserati","pirelli","4:14.700",254700,,,,,,,"+4.900",4900,"+4.900",4900,
52,1956,4,3,3,"3","8","peter-collins","ferrari","ferrari","englebert","4:15.300",255300,,,,,,,"+5.500",5500,"+0.600",600,
52,1956,4,4,4,"4","32","jean-behra","maserati","maserati","pirelli","4:16.000",256000,,,,,,,"+6.200",6200,"+0.700",700,
52,1956,4,5,5,"5","4","eugenio-castellotti","ferrari","ferrari","englebert","4:16.000",256000,,,,,,,"+6.200",6200,"+0.000",0,
52,1956,4,6,6,"6","10","harry-schell","vanwall","vanwall","pirelli","4:19.000",259000,,,,,,,"+9.200",9200,"+3.000",3000,
52,1956,4,7,7,"7","12","maurice-trintignant","vanwall","vanwall","pirelli","4:22.200",262200,,,,,,,"+12.400",12400,"+3.200",3200,
52,1956,4,8,8,"8","6","paul-frere","ferrari","ferrari","englebert","4:23.200",263200,,,,,,,"+13.400",13400,"+1.000",1000,
52,1956,4,9,9,"9","34","cesare-perdisa","maserati","maserati","pirelli","4:35.700",275700,,,,,,,"+25.900",25900,"+12.500",12500,
52,1956,4,10,10,"10","24","louis-rosier","maserati","maserati","pirelli","4:35.900",275900,,,,,,,"+26.100",26100,"+0.200",200,
52,1956,4,11,11,"11","22","luigi-villoresi","maserati","maserati","pirelli","4:37.200",277200,,,,,,,"+27.400",27400,"+1.300",1300,
52,1956,4,12,12,"12","28","piero-scotti","connaught","alta","pirelli","4:41.900",281900,,,,,,,"+32.100",32100,"+4.700",4700,
52,1956,4,13,13,"13","38","mike-hawthorn","maserati","maserati","pirelli","4:48.900",288900,,,,,,,"+39.100",39100,"+7.000",7000,
52,1956,4,14,14,"14","36","paco-godia","maserati","maserati","pirelli","4:49.800",289800,,,,,,,"+40.000",40000,"+0.900",900,
52,1956,4,15,15,"15","26","horace-gould","maserati","maserati","dunlop","4:50.400",290400,,,,,,,"+40.600",40600,"+0.600",600,
52,1956,4,16,16,"16","20","andre-pilette","ferrari","ferrari","englebert","4:51.900",291900,,,,,,,"+42.100",42100,"+1.500",1500,
53,1956,5,1,1,"1","10","juan-manuel-fangio","ferrari","ferrari","englebert","2:23.300",143300,,,,,,,,,,,
53,1956,5,2,2,"2","12","eugenio-castellotti","ferrari","ferrari","englebert","2:24.600",144600,,,,,,,"+1.300",1300,"+1.300",1300,
53,1956,5,3,3,"3","14","peter-collins","ferrari","ferrari","englebert","2:24.900",144900,,,,,,,"+1.600",1600,"+0.300",300,
53,1956,5,4,4,"4","22","harry-schell","vanwall","vanwall","pirelli","2:26.100",146100,,,,,,,"+2.800",2800,"+1.200",1200,
53,1956,5,5,5,"5","26","colin-chapman","vanwall","vanwall","pirelli","2:26.800",146800,,,,,,,"+3.500",3500,"+0.700",700,
53,1956,5,6,6,"6","24","mike-hawthorn","vanwall","vanwall","pirelli","2:27.000",147000,,,,,,,"+3.700",3700,"+0.200",200,
53,1956,5,7,7,"7","4","jean-behra","maserati","maserati","pirelli","2:27.800",147800,,,,,,,"+4.500",4500,"+0.800",800,
53,1956,5,8,8,"8","2","stirling-moss","maserati","maserati","pirelli","2:29.900",149900,,,,,,,"+6.600",6600,"+2.100",2100,
53,1956,5,9,9,"9","16","alfonso-de-portago","ferrari","ferrari","englebert","2:32.800",152800,,,,,,,"+9.500",9500,"+2.900",2900,
53,1956,5,10,10,"10","38","luigi-villoresi","maserati","maserati","pirelli","2:33.300",153300,,,,,,,"+10.000",10000,"+0.500",500,
53,1956,5,11,11,"11","44","olivier-gendebien","ferrari","ferrari","englebert","2:34.500",154500,,,,,,,"+11.200",11200,"+1.200",1200,
53,1956,5,12,12,"12","36","louis-rosier","maserati","maserati","pirelli","2:35.300",155300,,,,,,,"+12.000",12000,"+0.800",800,
53,1956,5,13,13,"13","6","cesare-perdisa","maserati","maserati","pirelli","2:35.600",155600,,,,,,,"+12.300",12300,"+0.300",300,
53,1956,5,14,14,"14","32","hermano-da-silva-ramos","gordini","gordini","englebert","2:35.900",155900,,,,,,,"+12.600",12600,"+0.300",300,
53,1956,5,15,15,"15","30","robert-manzon","gordini","gordini","englebert","2:36.900",156900,,,,,,,"+13.600",13600,"+1.000",1000,
53,1956,5,16,16,"16","8","piero-taruffi","maserati","maserati","pirelli","2:37.500",157500,,,,,,,"+14.200",14200,"+0.600",600,
53,1956,5,17,17,"17","40","paco-godia","maserati","maserati","pirelli","2:40.400",160400,,,,,,,"+17.100",17100,"+2.900",2900,
53,1956,5,18,18,"18","28","maurice-trintignant","bugatti","bugatti","englebert","2:42.000",162000,,,,,,,"+18.700",18700,"+1.600",1600,
53,1956,5,19,19,"19","34","andre-pilette","gordini","gordini","englebert","2:46.800",166800,,,,,,,"+23.500",23500,"+4.800",4800,
53,1956,5,20,20,"20","42","andre-simon","maserati","maserati","pirelli","2:47.900",167900,,,,,,,"+24.600",24600,"+1.100",1100,
54,1956,6,1,1,"1","7","stirling-moss","maserati","maserati","pirelli","1:41.000",101000,,,,,,,,,,,
54,1956,6,2,2,"2","1","juan-manuel-fangio","ferrari","ferrari","englebert","1:42.000",102000,,,,,,,"+1.000",1000,"+1.000",1000,
54,1956,6,3,3,"3","23","mike-hawthorn","brm","brm","dunlop","1:43.000",103000,,,,,,,"+2.000",2000,"+1.000",1000,
54,1956,6,4,4,"4","2","peter-collins","ferrari","ferrari","englebert","1:43.000",103000,,,,,,,"+2.000",2000,"+0.000",0,
54,1956,6,5,5,"5","16","harry-schell","vanwall","vanwall","pirelli","1:44.000",104000,,,,,,,"+3.000",3000,"+1.000",1000,
54,1956,6,6,6,"6","18","jose-froilan-gonzalez","vanwall","vanwall","pirelli","1:44.000",104000,,,,,,,"+3.000",3000,"+0.000",0,
54,1956,6,7,7,"7","28","roy-salvadori","maserati","maserati","dunlop","1:44.000",104000,,,,,,,"+3.000",3000,"+0.000",0,
54,1956,6,8,8,"8","3","eugenio-castellotti","ferrari","ferrari","englebert","1:44.000",104000,,,,,,,"+3.000",3000,"+0.000",0,
54,1956,6,9,9,"9","24","tony-brooks","brm","brm","dunlop","1:45.000",105000,,,,,,,"+4.000",4000,"+1.000",1000,
54,1956,6,10,10,"10","19","archie-scott-brown","connaught","alta","pirelli","1:45.000",105000,,,,,,,"+4.000",4000,"+0.000",0,
54,1956,6,11,11,"11","20","desmond-titterington","connaught","alta","pirelli","1:46.000",106000,,,,,,,"+5.000",5000,"+1.000",1000,
54,1956,6,12,12,"12","4","alfonso-de-portago","ferrari","ferrari","englebert","1:47.000",107000,,,,,,,"+6.000",6000,"+1.000",1000,
54,1956,6,13,13,"13","8","jean-behra","maserati","maserati","pirelli","1:47.000",107000,,,,,,,"+6.000",6000,"+0.000",0,
54,1956,6,14,14,"14","31","horace-gould","maserati","maserati","dunlop","1:48.000",108000,,,,,,,"+7.000",7000,"+1.000",1000,
54,1956,6,15,15,"15","9","cesare-perdisa","maserati","maserati","pirelli","1:49.000",109000,,,,,,,"+8.000",8000,"+1.000",1000,
54,1956,6,16,16,"16","17","maurice-trintignant","vanwall","vanwall","pirelli","1:49.000",109000,,,,,,,"+8.000",8000,"+0.000",0,
54,1956,6,17,17,"17","25","ron-flockhart","brm","brm","dunlop","1:49.000",109000,,,,,,,"+8.000",8000,"+0.000",0,
54,1956,6,18,18,"18","15","robert-manzon","gordini","gordini","englebert","1:49.000",109000,,,,,,,"+8.000",8000,"+0.000",0,
54,1956,6,19,19,"19","11","luigi-villoresi","maserati","maserati","pirelli","1:50.000",110000,,,,,,,"+9.000",9000,"+1.000",1000,
54,1956,6,20,20,"20","29","bruce-halford","maserati","maserati","dunlop","1:51.000",111000,,,,,,,"+10.000",10000,"+1.000",1000,
54,1956,6,21,21,"21","21","jack-fairman","connaught","alta","pirelli","1:51.000",111000,,,,,,,"+10.000",10000,"+0.000",0,
54,1956,6,22,22,"22","26","bob-gerard","cooper","bristol","dunlop","1:53.000",113000,,,,,,,"+12.000",12000,"+2.000",2000,
54,1956,6,23,23,"23","32","paul-emery","emeryson","alta","dunlop","1:54.000",114000,,,,,,,"+13.000",13000,"+1.000",1000,
54,1956,6,24,24,"24","12","umberto-maglioli","maserati","maserati","pirelli","1:54.000",114000,,,,,,,"+13.000",13000,"+0.000",0,
54,1956,6,25,25,"25","10","paco-godia","maserati","maserati","pirelli","1:55.000",115000,,,,,,,"+14.000",14000,"+1.000",1000,
54,1956,6,26,26,"26","14","hermano-da-silva-ramos","gordini","gordini","englebert","1:56.000",116000,,,,,,,"+15.000",15000,"+1.000",1000,
54,1956,6,27,27,"27","27","louis-rosier","maserati","maserati","pirelli","1:59.000",119000,,,,,,,"+18.000",18000,"+3.000",3000,
54,1956,6,28,28,"28","30","jack-brabham","maserati","maserati","dunlop","2:01.000",121000,,,,,,,"+20.000",20000,"+2.000",2000,
55,1956,7,1,1,"1","1","juan-manuel-fangio","ferrari","ferrari","englebert","9:51.200",591200,,,,,,,,,,,
55,1956,7,2,2,"2","2","peter-collins","ferrari","ferrari","englebert","9:51.500",591500,,,,,,,"+0.300",300,"+0.300",300,
55,1956,7,3,3,"3","3","eugenio-castellotti","ferrari","ferrari","englebert","9:54.400",594400,,,,,,,"+3.200",3200,"+2.900",2900,
55,1956,7,4,4,"4","7","stirling-moss","maserati","maserati","pirelli","10:03.400",603400,,,,,,,"+12.200",12200,"+9.000",9000,
55,1956,7,5,5,"5","4","luigi-musso","ferrari","ferrari","englebert","10:20.300",620300,,,,,,,"+29.100",29100,"+16.900",16900,
55,1956,7,6,6,"6","8","cesare-perdisa","maserati","maserati","pirelli","10:21.000",621000,,,,,,,"+29.800",29800,"+0.700",700,
55,1956,7,7,7,"7","8","umberto-maglioli","maserati","maserati","pirelli","10:23.500",623500,,,,,,,"+32.300",32300,"+2.500",2500,
55,1956,7,8,8,"8","6","jean-behra","maserati","maserati","pirelli","10:31.600",631600,,,,,,,"+40.400",40400,"+8.100",8100,
55,1956,7,9,9,"9","16","roy-salvadori","maserati","maserati","dunlop","10:32.400",632400,,,,,,,"+41.200",41200,"+0.800",800,
55,1956,7,10,10,"10","5","alfonso-de-portago","ferrari","ferrari","englebert","10:37.100",637100,,,,,,,"+45.900",45900,"+4.700",4700,
55,1956,7,11,11,"11","21","bruce-halford","maserati","maserati","dunlop","11:04.100",664100,,,,,,,"+1:12.900",72900,"+27.000",27000,
55,1956,7,12,12,"12","12","harry-schell","maserati","maserati","pirelli","11:16.500",676500,,,,,,,"+1:25.300",85300,"+12.400",12400,
55,1956,7,13,13,"13","19","horace-gould","maserati","maserati","dunlop","11:33.200",693200,,,,,,,"+1:42.000",102000,"+16.700",16700,
55,1956,7,14,14,"14","15","louis-rosier","maserati","maserati","pirelli","11:39.000",699000,,,,,,,"+1:47.800",107800,"+5.800",5800,
55,1956,7,15,15,"15","10","robert-manzon","gordini","gordini","englebert","11:55.800",715800,,,,,,,"+2:04.600",124600,"+16.800",16800,
55,1956,7,16,16,"16","20","paco-godia","maserati","maserati","pirelli","11:57.600",717600,,,,,,,"+2:06.400",126400,"+1.800",1800,
55,1956,7,17,17,"17","14","giorgio-scarlatti","ferrari","ferrari","pirelli","13:05.200",785200,,,,,,,"+3:14.000",194000,"+1:07.600",67600,
55,1956,7,18,18,"18","11","andre-pilette","gordini","gordini","englebert","13:31.000",811000,,,,,,,"+3:39.800",219800,"+25.800",25800,
55,1956,7,19,19,"19","18","luigi-piotti","maserati","maserati","pirelli","13:50.100",830100,,,,,,,"+3:58.900",238900,"+19.100",19100,
55,1956,7,20,20,"20","22","ottorino-volonterio","maserati","maserati","pirelli","14:17.100",857100,,,,,,,"+4:25.900",265900,"+27.000",27000,
55,1956,7,21,21,"21","18","luigi-villoresi","maserati","maserati","pirelli",,,,,,,,,,,,,
55,1956,7,22,22,"22","11","andre-milhoux","gordini","gordini","englebert",,,,,,,,,,,,,
56,1956,8,1,1,"1","22","juan-manuel-fangio","ferrari","ferrari","englebert","2:42.600",162600,,,,,,,,,,,
56,1956,8,2,2,"2","24","eugenio-castellotti","ferrari","ferrari","englebert","2:43.400",163400,,,,,,,"+0.800",800,"+0.800",800,
56,1956,8,3,3,"3","28","luigi-musso","ferrari","ferrari","englebert","2:43.700",163700,,,,,,,"+1.100",1100,"+0.300",300,
56,1956,8,4,4,"4","16","piero-taruffi","vanwall","vanwall","pirelli","2:45.400",165400,,,,,,,"+2.800",2800,"+1.700",1700,
56,1956,8,5,5,"5","32","jean-behra","maserati","maserati","pirelli","2:45.600",165600,,,,,,,"+3.000",3000,"+0.200",200,
56,1956,8,6,6,"6","36","stirling-moss","maserati","maserati","pirelli","2:45.900",165900,,,,,,,"+3.300",3300,"+0.300",300,
56,1956,8,7,7,"7","26","peter-collins","ferrari","ferrari","englebert","2:46.000",166000,,,,,,,"+3.400",3400,"+0.100",100,
56,1956,8,8,8,"8","34","luigi-villoresi","maserati","maserati","pirelli","2:47.700",167700,,,,,,,"+5.100",5100,"+1.700",1700,
56,1956,8,9,9,"9","30","alfonso-de-portago","ferrari","ferrari","englebert","2:47.800",167800,,,,,,,"+5.200",5200,"+0.100",100,
56,1956,8,10,10,"10","18","harry-schell","vanwall","vanwall","pirelli","2:50.100",170100,,,,,,,"+7.500",7500,"+2.300",2300,
56,1956,8,11,11,"11","20","maurice-trintignant","vanwall","vanwall","pirelli","2:51.600",171600,,,,,,,"+9.000",9000,"+1.500",1500,
56,1956,8,12,12,"12","50","wolfgang-von-trips","ferrari","ferrari","englebert","2:51.600",171600,,,,,,,"+9.000",9000,"+0.000",0,
56,1956,8,13,13,"13","46","umberto-maglioli","maserati","maserati","pirelli","2:52.700",172700,,,,,,,"+10.100",10100,"+1.100",1100,
56,1956,8,14,14,"14","44","roy-salvadori","maserati","maserati","dunlop","2:54.600",174600,,,,,,,"+12.000",12000,"+1.900",1900,
56,1956,8,15,15,"15","40","luigi-piotti","maserati","maserati","pirelli","2:58.400",178400,,,,,,,"+15.800",15800,"+3.800",3800,
56,1956,8,16,16,"16","6","jack-fairman","connaught","alta","pirelli","2:59.200",179200,,,,,,,"+16.600",16600,"+0.800",800,
56,1956,8,17,17,"17","42","gerino-gerini","maserati","maserati","pirelli","3:02.600",182600,,,,,,,"+20.000",20000,"+3.400",3400,
56,1956,8,18,18,"18","38","paco-godia","maserati","maserati","pirelli","3:02.900",182900,,,,,,,"+20.300",20300,"+0.300",300,
56,1956,8,19,19,"19","14","emmanuel-de-graffenried","maserati","maserati","pirelli","3:03.300",183300,,,,,,,"+20.700",20700,"+0.400",400,
56,1956,8,20,20,"20","2","les-leston","connaught","alta","pirelli","3:04.300",184300,,,,,,,"+21.700",21700,"+1.000",1000,
56,1956,8,21,21,"21","8","hermano-da-silva-ramos","gordini","gordini","englebert","3:04.800",184800,,,,,,,"+22.200",22200,"+0.500",500,
56,1956,8,22,22,"22","48","bruce-halford","maserati","maserati","dunlop","3:05.000",185000,,,,,,,"+22.400",22400,"+0.200",200,
56,1956,8,23,23,"23","10","robert-manzon","gordini","gordini","englebert","3:06.600",186600,,,,,,,"+24.000",24000,"+1.600",1600,
56,1956,8,24,24,"24","4","ron-flockhart","connaught","alta","pirelli","3:08.100",188100,,,,,,,"+25.500",25500,"+1.500",1500,
56,1956,8,25,25,"25","12","andre-simon","gordini","gordini","englebert","3:13.300",193300,,,,,,,"+30.700",30700,"+5.200",5200,
57,1957,1,1,1,"1","4","stirling-moss","maserati","maserati","pirelli","1:42.600",102600,,,,,,,,,,,
57,1957,1,2,2,"2","2","juan-manuel-fangio","maserati","maserati","pirelli","1:43.700",103700,,,,,,,"+1.100",1100,"+1.100",1100,
57,1957,1,3,3,"3","6","jean-behra","maserati","maserati","pirelli","1:44.000",104000,,,,,,,"+1.400",1400,"+0.300",300,
57,1957,1,4,4,"4","14","eugenio-castellotti","ferrari","ferrari","englebert","1:44.200",104200,,,,,,,"+1.600",1600,"+0.200",200,
57,1957,1,5,5,"5","10","peter-collins","ferrari","ferrari","englebert","1:44.600",104600,,,,,,,"+2.000",2000,"+0.400",400,
57,1957,1,6,6,"6","12","luigi-musso","ferrari","ferrari","englebert","1:44.800",104800,,,,,,,"+2.200",2200,"+0.200",200,
57,1957,1,7,7,"7","16","mike-hawthorn","ferrari","ferrari","englebert","1:44.800",104800,,,,,,,"+2.200",2200,"+0.000",0,
57,1957,1,8,8,"8","8","carlos-menditeguy","maserati","maserati","pirelli","1:45.100",105100,,,,,,,"+2.500",2500,"+0.300",300,
57,1957,1,9,9,"9","22","harry-schell","maserati","maserati","pirelli","1:46.400",106400,,,,,,,"+3.800",3800,"+1.300",1300,
57,1957,1,10,10,"10","20","alfonso-de-portago","ferrari","ferrari","englebert","1:46.800",106800,,,,,,,"+4.200",4200,"+0.400",400,
57,1957,1,11,11,"11","18","cesare-perdisa","ferrari","ferrari","englebert","1:48.600",108600,,,,,,,"+6.000",6000,"+1.800",1800,
57,1957,1,12,12,"12","26","alejandro-de-tomaso","ferrari","ferrari","pirelli","1:56.100",116100,,,,,,,"+13.500",13500,"+7.500",7500,
57,1957,1,13,13,"13","24","jo-bonnier","maserati","maserati","pirelli","1:58.200",118200,,,,,,,"+15.600",15600,"+2.100",2100,
57,1957,1,14,14,"14","28","luigi-piotti","maserati","maserati","pirelli","1:58.200",118200,,,,,,,"+15.600",15600,"+0.000",0,
58,1957,2,1,1,"1","32","juan-manuel-fangio","maserati","maserati","pirelli","1:42.700",102700,,,,,,,,,,,
58,1957,2,2,2,"2","26","peter-collins","ferrari","ferrari","englebert","1:43.300",103300,,,,,,,"+0.600",600,"+0.600",600,
58,1957,2,3,3,"3","18","stirling-moss","vanwall","vanwall","pirelli","1:43.600",103600,,,,,,,"+0.900",900,"+0.300",300,
58,1957,2,4,4,"4","20","tony-brooks","vanwall","vanwall","pirelli","1:44.400",104400,,,,,,,"+1.700",1700,"+0.800",800,
58,1957,2,5,5,"5","28","mike-hawthorn","ferrari","ferrari","englebert","1:46.400",106400,,,,,,,"+3.700",3700,"+2.000",2000,
58,1957,2,6,6,"6","30","maurice-trintignant","ferrari","ferrari","englebert","1:46.700",106700,,,,,,,"+4.000",4000,"+0.300",300,
58,1957,2,7,7,"7","36","carlos-menditeguy","maserati","maserati","pirelli","1:46.700",106700,,,,,,,"+4.000",4000,"+0.000",0,
58,1957,2,8,8,"8","38","harry-schell","maserati","maserati","pirelli","1:47.300",107300,,,,,,,"+4.600",4600,"+0.600",600,
58,1957,2,9,9,"9","24","wolfgang-von-trips","ferrari","ferrari","englebert","1:47.900",107900,,,,,,,"+5.200",5200,"+0.600",600,
58,1957,2,10,10,"10","2","masten-gregory","maserati","maserati","pirelli","1:48.400",108400,,,,,,,"+5.700",5700,"+0.500",500,
58,1957,2,11,11,"11","6","ron-flockhart","brm","brm","dunlop","1:48.600",108600,,,,,,,"+5.900",5900,"+0.200",200,
58,1957,2,12,12,"12","22","horace-gould","maserati","maserati","dunlop","1:48.700",108700,,,,,,,"+6.000",6000,"+0.100",100,
58,1957,2,13,13,"13","10","stuart-lewis-evans","connaught","alta","dunlop","1:49.100",109100,,,,,,,"+6.400",6400,"+0.400",400,
58,1957,2,14,14,"14","34","giorgio-scarlatti","maserati","maserati","pirelli","1:49.200",109200,,,,,,,"+6.500",6500,"+0.100",100,
58,1957,2,15,15,"15","14","jack-brabham","cooper","climax","dunlop","1:49.300",109300,,,,,,,"+6.600",6600,"+0.100",100,
58,1957,2,16,16,"16","12","ivor-bueb","connaught","alta","dunlop","1:49.400",109400,,,,,,,"+6.700",6700,"+0.100",100,
58,1957,2,17,17,"17","8","roy-salvadori","brm","brm","dunlop","1:49.600",109600,,,,,,,"+6.900",6900,"+0.200",200,
58,1957,2,18,18,"18","40","hans-herrmann","maserati","maserati","pirelli","1:49.900",109900,,,,,,,"+7.200",7200,"+0.300",300,
58,1957,2,19,19,"19","4","andre-simon","maserati","maserati","pirelli","1:51.700",111700,,,,,,,"+9.000",9000,"+1.800",1800,
58,1957,2,20,20,"20","42","luigi-piotti","maserati","maserati","pirelli","1:54.300",114300,,,,,,,"+11.600",11600,"+2.600",2600,
58,1957,2,21,21,"21","16","les-leston","cooper","climax","dunlop","1:58.900",118900,,,,,,,"+16.200",16200,"+4.600",4600,
59,1957,3,1,1,"1","12","pat-oconnor","kurtis-kraft","offenhauser","firestone","4:10.090",250090,,,,,,,,,,,
59,1957,3,2,2,"2","88","eddie-sachs","kuzma","offenhauser","firestone","4:10.220",250220,,,,,,,"+0.130",130,"+0.130",130,
59,1957,3,3,3,"3","52","troy-ruttman","watson","offenhauser","firestone","4:12.150",252150,,,,,,,"+2.060",2060,"+1.930",1930,
59,1957,3,4,4,"4","14","fred-agabashian","kurtis-kraft","offenhauser","firestone","4:12.530",252530,,,,,,,"+2.440",2440,"+0.380",380,
59,1957,3,5,5,"5","6","johnny-boyd","kurtis-kraft","offenhauser","firestone","4:13.340",253340,,,,,,,"+3.250",3250,"+0.810",810,
59,1957,3,6,6,"6","5","jimmy-reece","kurtis-kraft","offenhauser","firestone","4:13.510",253510,,,,,,,"+3.420",3420,"+0.170",170,
59,1957,3,7,7,"7","83","ed-elisian","kurtis-kraft","offenhauser","firestone","4:13.920",253920,,,,,,,"+3.830",3830,"+0.410",410,
59,1957,3,8,8,"8","16","al-keller","kurtis-kraft","offenhauser","firestone","4:14.600",254600,,,,,,,"+4.510",4510,"+0.680",680,
59,1957,3,9,9,"9","23","elmer-george","kurtis-kraft","offenhauser","firestone","4:15.810",255810,,,,,,,"+5.720",5720,"+1.210",1210,
59,1957,3,10,10,"10","54","paul-russo","kurtis-kraft","novi","firestone","4:08.590",248590,,,,,,,"-1.500",-500,"-7.220",-6780,
59,1957,3,11,11,"11","10","johnny-thomson","kuzma","offenhauser","firestone","4:10.820",250820,,,,,,,"+0.730",730,"+2.230",2230,
59,1957,3,12,12,"12","73","andy-linden","kurtis-kraft","offenhauser","firestone","4:11.320",251320,,,,,,,"+1.230",1230,"+0.500",500,
59,1957,3,13,13,"13","9","sam-hanks","epperly","offenhauser","firestone","4:12.080",252080,,,,,,,"+1.990",1990,"+0.760",760,
59,1957,3,14,14,"14","22","gene-hartley","lesovsky","offenhauser","firestone","4:14.830",254830,,,,,,,"+4.740",4740,"+2.750",2750,
59,1957,3,15,15,"15","1","jimmy-bryan","kuzma","offenhauser","firestone","4:14.980",254980,,,,,,,"+4.890",4890,"+0.150",150,
59,1957,3,16,16,"16","7","bob-veith","phillips","offenhauser","firestone","4:15.290",255290,,,,,,,"+5.200",5200,"+0.310",310,
59,1957,3,17,17,"17","18","johnnie-parsons","kurtis-kraft","offenhauser","firestone","4:15.710",255710,,,,,,,"+5.620",5620,"+0.420",420,
59,1957,3,18,18,"18","77","mike-magill","kurtis-kraft","offenhauser","firestone","4:16.390",256390,,,,,,,"+6.300",6300,"+0.680",680,
59,1957,3,19,19,"19","19","jack-turner","kurtis-kraft","offenhauser","firestone","4:16.470",256470,,,,,,,"+6.380",6380,"+0.080",80,
59,1957,3,20,20,"20","43","eddie-johnson","kurtis-kraft","offenhauser","firestone","4:16.830",256830,,,,,,,"+6.740",6740,"+0.360",360,
59,1957,3,21,21,"21","3","don-freeland","kurtis-kraft","offenhauser","firestone","4:17.790",257790,,,,,,,"+7.700",7700,"+0.960",960,
59,1957,3,22,22,"22","27","tony-bettenhausen","kurtis-kraft","novi","firestone","4:12.740",252740,,,,,,,"+2.650",2650,"-5.050",-4950,
59,1957,3,23,23,"23","31","bill-cheesbourg","kurtis-kraft","offenhauser","firestone","4:14.300",254300,,,,,,,"+4.210",4210,"+1.560",1560,
59,1957,3,24,24,"24","8","rodger-ward","lesovsky","offenhauser","firestone","4:14.740",254740,,,,,,,"+4.650",4650,"+0.440",440,
59,1957,3,25,25,"25","82","chuck-weyant","kuzma","offenhauser","firestone","4:15.130",255130,,,,,,,"+5.040",5040,"+0.390",390,
59,1957,3,26,26,"26","55","eddie-russo","kurtis-kraft","offenhauser","firestone","4:15.570",255570,,,,,,,"+5.480",5480,"+0.440",440,
59,1957,3,27,27,"27","92","don-edmunds","kurtis-kraft","offenhauser","firestone","4:16.320",256320,,,,,,,"+6.230",6230,"+0.750",750,
59,1957,3,28,28,"28","48","marshall-teague","kurtis-kraft","offenhauser","firestone","4:16.540",256540,,,,,,,"+6.450",6450,"+0.220",220,
59,1957,3,29,29,"29","57","jimmy-daywalt","kurtis-kraft","offenhauser","firestone","4:16.770",256770,,,,,,,"+6.680",6680,"+0.230",230,
59,1957,3,30,30,"30","89","al-herman","dunn","offenhauser","firestone","4:17.130",257130,,,,,,,"+7.040",7040,"+0.360",360,
59,1957,3,31,31,"31","28","johnnie-tolan","kuzma","offenhauser","firestone","4:17.430",257430,,,,,,,"+7.340",7340,"+0.300",300,
59,1957,3,32,32,"32","26","jim-rathmann","epperly","offenhauser","firestone","4:17.500",257500,,,,,,,"+7.410",7410,"+0.070",70,
59,1957,3,33,33,"33","95","bob-christie","kurtis-kraft","offenhauser","firestone","4:17.550",257550,,,,,,,"+7.460",7460,"+0.050",50,
60,1957,4,1,1,"1","2","juan-manuel-fangio","maserati","maserati","pirelli","2:21.500",141500,,,,,,,,,,,
60,1957,4,2,2,"2","4","jean-behra","maserati","maserati","pirelli","2:22.600",142600,,,,,,,"+1.100",1100,"+1.100",1100,
60,1957,4,3,3,"3","10","luigi-musso","ferrari","ferrari","englebert","2:22.700",142700,,,,,,,"+1.200",1200,"+0.100",100,
60,1957,4,4,4,"4","6","harry-schell","maserati","maserati","pirelli","2:23.200",143200,,,,,,,"+1.700",1700,"+0.500",500,
60,1957,4,5,5,"5","12","peter-collins","ferrari","ferrari","englebert","2:23.300",143300,,,,,,,"+1.800",1800,"+0.100",100,
60,1957,4,6,6,"6","20","roy-salvadori","vanwall","vanwall","pirelli","2:25.100",145100,,,,,,,"+3.600",3600,"+1.800",1800,
60,1957,4,7,7,"7","14","mike-hawthorn","ferrari","ferrari","englebert","2:25.600",145600,,,,,,,"+4.100",4100,"+0.500",500,
60,1957,4,8,8,"8","16","maurice-trintignant","ferrari","ferrari","englebert","2:25.900",145900,,,,,,,"+4.400",4400,"+0.300",300,
60,1957,4,9,9,"9","8","carlos-menditeguy","maserati","maserati","pirelli","2:26.100",146100,,,,,,,"+4.600",4600,"+0.200",200,
60,1957,4,10,10,"10","18","stuart-lewis-evans","vanwall","vanwall","pirelli","2:27.600",147600,,,,,,,"+6.100",6100,"+1.500",1500,
60,1957,4,11,11,"11","26","ron-flockhart","brm","brm","dunlop","2:27.800",147800,,,,,,,"+6.300",6300,"+0.200",200,
60,1957,4,12,12,"12","28","herbert-mackay-fraser","brm","brm","dunlop","2:29.900",149900,,,,,,,"+8.400",8400,"+2.100",2100,
60,1957,4,13,13,"13","24","jack-brabham","cooper","climax","dunlop","2:30.900",150900,,,,,,,"+9.400",9400,"+1.000",1000,
60,1957,4,14,14,"14","30","horace-gould","maserati","maserati","dunlop","2:35.000",155000,,,,,,,"+13.500",13500,"+4.100",4100,
60,1957,4,15,15,"15","24","mike-macdowel","cooper","climax","dunlop","2:38.900",158900,,,,,,,"+17.400",17400,"+3.900",3900,
61,1957,5,1,1,"1","18","stirling-moss","vanwall","vanwall","pirelli","2:00.200",120200,,,,,,,,,,,
61,1957,5,2,2,"2","4","jean-behra","maserati","maserati","pirelli","2:00.400",120400,,,,,,,"+0.200",200,"+0.200",200,
61,1957,5,3,3,"3","20","tony-brooks","vanwall","vanwall","pirelli","2:00.400",120400,,,,,,,"+0.200",200,"+0.000",0,
61,1957,5,4,4,"4","2","juan-manuel-fangio","maserati","maserati","pirelli","2:00.600",120600,,,,,,,"+0.400",400,"+0.200",200,
61,1957,5,5,5,"5","10","mike-hawthorn","ferrari","ferrari","englebert","2:01.200",121200,,,,,,,"+1.000",1000,"+0.600",600,
61,1957,5,6,6,"6","22","stuart-lewis-evans","vanwall","vanwall","pirelli","2:01.200",121200,,,,,,,"+1.000",1000,"+0.000",0,
61,1957,5,7,7,"7","6","harry-schell","maserati","maserati","pirelli","2:01.400",121400,,,,,,,"+1.200",1200,"+0.200",200,
61,1957,5,8,8,"8","12","peter-collins","ferrari","ferrari","englebert","2:01.800",121800,,,,,,,"+1.600",1600,"+0.400",400,
61,1957,5,9,9,"9","16","maurice-trintignant","ferrari","ferrari","englebert","2:03.200",123200,,,,,,,"+3.000",3000,"+1.400",1400,
61,1957,5,10,10,"10","14","luigi-musso","ferrari","ferrari","englebert","2:03.400",123400,,,,,,,"+3.200",3200,"+0.200",200,
61,1957,5,11,11,"11","8","carlos-menditeguy","maserati","maserati","pirelli","2:05.400",125400,,,,,,,"+5.200",5200,"+2.000",2000,
61,1957,5,12,12,"12","26","les-leston","brm","brm","dunlop","2:05.600",125600,,,,,,,"+5.400",5400,"+0.200",200,
61,1957,5,13,13,"13","34","jack-brabham","cooper","climax","dunlop","2:07.000",127000,,,,,,,"+6.800",6800,"+1.400",1400,
61,1957,5,14,14,"14","30","horace-gould","maserati","maserati","dunlop","2:07.000",127000,,,,,,,"+6.800",6800,"+0.000",0,
61,1957,5,15,15,"15","36","roy-salvadori","cooper","climax","dunlop","2:07.400",127400,,,,,,,"+7.200",7200,"+0.400",400,
61,1957,5,16,16,"16","24","jack-fairman","brm","brm","dunlop","2:08.600",128600,,,,,,,"+8.400",8400,"+1.200",1200,
61,1957,5,17,17,"17","28","jo-bonnier","maserati","maserati","pirelli","2:12.600",132600,,,,,,,"+12.400",12400,"+4.000",4000,
61,1957,5,18,18,"18","38","bob-gerard","cooper","bristol","dunlop","2:12.600",132600,,,,,,,"+12.400",12400,"+0.000",0,
61,1957,5,19,19,"19","32","ivor-bueb","maserati","maserati","dunlop","2:15.400",135400,,,,,,,"+15.200",15200,"+2.800",2800,
62,1957,6,1,1,"1","1","juan-manuel-fangio","maserati","maserati","pirelli","9:25.600",565600,,,,,,,,,,,
62,1957,6,2,2,"2","8","mike-hawthorn","ferrari","ferrari","englebert","9:28.400",568400,,,,,,,"+2.800",2800,"+2.800",2800,
62,1957,6,3,3,"3","2","jean-behra","maserati","maserati","pirelli","9:30.500",570500,,,,,,,"+4.900",4900,"+2.100",2100,
62,1957,6,4,4,"4","7","peter-collins","ferrari","ferrari","englebert","9:34.700",574700,,,,,,,"+9.100",9100,"+4.200",4200,
62,1957,6,5,5,"5","11","tony-brooks","vanwall","vanwall","pirelli","9:36.100",576100,,,,,,,"+10.500",10500,"+1.400",1400,
62,1957,6,6,6,"6","3","harry-schell","maserati","maserati","pirelli","9:39.200",579200,,,,,,,"+13.600",13600,"+3.100",3100,
62,1957,6,7,7,"7","10","stirling-moss","vanwall","vanwall","pirelli","9:41.200",581200,,,,,,,"+15.600",15600,"+2.000",2000,
62,1957,6,8,8,"8","6","luigi-musso","ferrari","ferrari","englebert","9:43.100",583100,,,,,,,"+17.500",17500,"+1.900",1900,
62,1957,6,9,9,"9","12","stuart-lewis-evans","vanwall","vanwall","pirelli","9:45.000",585000,,,,,,,"+19.400",19400,"+1.900",1900,
62,1957,6,10,10,"10","16","masten-gregory","maserati","maserati","pirelli","9:45.000",585000,,,,,,,"+19.400",19400,"+0.000",0,
62,1957,6,11,11,"11","17","hans-herrmann","maserati","maserati","pirelli","10:00.000",600000,,,,,,,"+34.400",34400,"+15.000",15000,
62,1957,6,12,12,"12","21","edgar-barth","porsche","porsche","dunlop","10:02.200",602200,,,,,,,"+36.600",36600,"+2.200",2200,
62,1957,6,13,13,"13","4","giorgio-scarlatti","maserati","maserati","pirelli","10:04.900",604900,,,,,,,"+39.300",39300,"+2.700",2700,
62,1957,6,14,14,"14","23","roy-salvadori","cooper","climax","dunlop","10:06.000",606000,,,,,,,"+40.400",40400,"+1.100",1100,
62,1957,6,15,15,"15","20","umberto-maglioli","porsche","porsche","dunlop","10:08.900",608900,,,,,,,"+43.300",43300,"+2.900",2900,
62,1957,6,16,16,"16","15","bruce-halford","maserati","maserati","dunlop","10:14.500",614500,,,,,,,"+48.900",48900,"+5.600",5600,
62,1957,6,17,17,"17","28","brian-naylor","cooper","climax","dunlop","10:15.000",615000,,,,,,,"+49.400",49400,"+0.500",500,
62,1957,6,18,18,"18","24","jack-brabham","cooper","climax","dunlop","10:18.800",618800,,,,,,,"+53.200",53200,"+3.800",3800,
62,1957,6,19,19,"19","19","horace-gould","maserati","maserati","dunlop","10:20.800",620800,,,,,,,"+55.200",55200,"+2.000",2000,
62,1957,6,20,20,"20","27","carel-godin-de-beaufort","porsche","porsche","dunlop","10:25.900",625900,,,,,,,"+1:00.300",60300,"+5.100",5100,
62,1957,6,21,21,"21","18","paco-godia","maserati","maserati","pirelli","10:32.300",632300,,,,,,,"+1:06.700",66700,"+6.400",6400,
62,1957,6,22,22,"22","25","tony-marsh","cooper","climax","dunlop","10:48.200",648200,,,,,,,"+1:22.600",82600,"+15.900",15900,
62,1957,6,23,23,"23","26","paul-england","cooper","climax","dunlop","11:08.400",668400,,,,,,,"+1:42.800",102800,"+20.200",20200,
62,1957,6,24,24,"24","29","dick-gibson","cooper","climax","dunlop","11:46.400",706400,,,,,,,"+2:20.800",140800,"+38.000",38000,
63,1957,7,1,1,"1","2","juan-manuel-fangio","maserati","maserati","pirelli","9:44.600",584600,,,,,,,,,,,
63,1957,7,2,2,"2","26","stirling-moss","vanwall","vanwall","pirelli","9:54.700",594700,,,,,,,"+10.100",10100,"+10.100",10100,
63,1957,7,3,3,"3","34","luigi-musso","ferrari","ferrari","englebert","10:00.000",600000,,,,,,,"+15.400",15400,"+5.300",5300,
63,1957,7,4,4,"4","4","jean-behra","maserati","maserati","pirelli","10:03.100",603100,,,,,,,"+18.500",18500,"+3.100",3100,
63,1957,7,5,5,"5","6","harry-schell","maserati","maserati","pirelli","10:04.600",604600,,,,,,,"+20.000",20000,"+1.500",1500,
63,1957,7,6,6,"6","28","tony-brooks","vanwall","vanwall","pirelli","10:08.800",608800,,,,,,,"+24.200",24200,"+4.200",4200,
63,1957,7,7,7,"7","14","masten-gregory","maserati","maserati","pirelli","10:26.100",626100,,,,,,,"+41.500",41500,"+17.300",17300,
63,1957,7,8,8,"8","30","stuart-lewis-evans","vanwall","vanwall","pirelli","10:29.600",629600,,,,,,,"+45.000",45000,"+3.500",3500,
63,1957,7,9,9,"9","16","jo-bonnier","maserati","maserati","pirelli","10:36.200",636200,,,,,,,"+51.600",51600,"+6.600",6600,
63,1957,7,10,10,"10","8","giorgio-scarlatti","maserati","maserati","pirelli","10:36.600",636600,,,,,,,"+52.000",52000,"+0.400",400,
63,1957,7,11,11,"11","18","horace-gould","maserati","maserati","dunlop","10:49.600",649600,,,,,,,"+1:05.000",65000,"+13.000",13000,
63,1957,7,12,12,"12","10","paco-godia","maserati","maserati","pirelli","11:09.800",669800,,,,,,,"+1:25.200",85200,"+20.200",20200,
63,1957,7,13,13,"13","12","luigi-piotti","maserati","maserati","pirelli","11:10.600",670600,,,,,,,"+1:26.000",86000,"+0.800",800,
63,1957,7,14,14,"14","20","bruce-halford","maserati","maserati","dunlop","11:16.300",676300,,,,,,,"+1:31.700",91700,"+5.700",5700,
63,1957,7,15,15,"15","22","roy-salvadori","cooper","climax","dunlop","11:24.200",684200,,,,,,,"+1:39.600",99600,"+7.900",7900,
63,1957,7,16,16,"16","24","jack-brabham","cooper","climax","dunlop","11:35.200",695200,,,,,,,"+1:50.600",110600,"+11.000",11000,
64,1957,8,1,1,"1","20","stuart-lewis-evans","vanwall","vanwall","pirelli","1:42.400",102400,,,,,,,,,,,
64,1957,8,2,2,"2","18","stirling-moss","vanwall","vanwall","pirelli","1:42.700",102700,,,,,,,"+0.300",300,"+0.300",300,
64,1957,8,3,3,"3","22","tony-brooks","vanwall","vanwall","pirelli","1:42.900",102900,,,,,,,"+0.500",500,"+0.200",200,
64,1957,8,4,4,"4","2","juan-manuel-fangio","maserati","maserati","pirelli","1:43.100",103100,,,,,,,"+0.700",700,"+0.200",200,
64,1957,8,5,5,"5","6","jean-behra","maserati","maserati","pirelli","1:43.400",103400,,,,,,,"+1.000",1000,"+0.300",300,
64,1957,8,6,6,"6","4","harry-schell","maserati","maserati","pirelli","1:45.100",105100,,,,,,,"+2.700",2700,"+1.700",1700,
64,1957,8,7,7,"7","30","peter-collins","ferrari","ferrari","englebert","1:45.300",105300,,,,,,,"+2.900",2900,"+0.200",200,
64,1957,8,8,8,"8","36","wolfgang-von-trips","ferrari","ferrari","englebert","1:45.500",105500,,,,,,,"+3.100",3100,"+0.200",200,
64,1957,8,9,9,"9","32","luigi-musso","ferrari","ferrari","englebert","1:45.700",105700,,,,,,,"+3.300",3300,"+0.200",200,
64,1957,8,10,10,"10","34","mike-hawthorn","ferrari","ferrari","englebert","1:46.100",106100,,,,,,,"+3.700",3700,"+0.400",400,
64,1957,8,11,11,"11","26","masten-gregory","maserati","maserati","pirelli","1:48.900",108900,,,,,,,"+6.500",6500,"+2.800",2800,
64,1957,8,12,12,"12","8","giorgio-scarlatti","maserati","maserati","pirelli","1:49.200",109200,,,,,,,"+6.800",6800,"+0.300",300,
64,1957,8,13,13,"13","24","jo-bonnier","maserati","maserati","pirelli","1:49.700",109700,,,,,,,"+7.300",7300,"+0.500",500,
64,1957,8,14,14,"14","16","bruce-halford","maserati","maserati","dunlop","1:51.600",111600,,,,,,,"+9.200",9200,"+1.900",1900,
64,1957,8,15,15,"15","10","paco-godia","maserati","maserati","pirelli","1:52.200",112200,,,,,,,"+9.800",9800,"+0.600",600,
64,1957,8,16,16,"16","28","andre-simon","maserati","maserati","pirelli","1:52.800",112800,,,,,,,"+10.400",10400,"+0.600",600,
64,1957,8,17,17,"17","12","luigi-piotti","maserati","maserati","pirelli","1:52.900",112900,,,,,,,"+10.500",10500,"+0.100",100,
64,1957,8,18,18,"18","14","horace-gould","maserati","maserati","dunlop","1:53.700",113700,,,,,,,"+11.300",11300,"+0.800",800,
65,1958,1,1,1,"1","2","juan-manuel-fangio","maserati","maserati","pirelli","1:42.000",102000,,,,,,,,,,,
65,1958,1,2,2,"2","20","mike-hawthorn","ferrari","ferrari","englebert","1:42.600",102600,,,,,,,"+0.600",600,"+0.600",600,
65,1958,1,3,3,"3","18","peter-collins","ferrari","ferrari","englebert","1:42.600",102600,,,,,,,"+0.600",600,"+0.000",0,
65,1958,1,4,4,"4","4","jean-behra","maserati","maserati","pirelli","1:42.700",102700,,,,,,,"+0.700",700,"+0.100",100,
65,1958,1,5,5,"5","16","luigi-musso","ferrari","ferrari","englebert","1:42.900",102900,,,,,,,"+0.900",900,"+0.200",200,
65,1958,1,6,6,"6","6","carlos-menditeguy","maserati","maserati","pirelli","1:43.700",103700,,,,,,,"+1.700",1700,"+0.800",800,
65,1958,1,7,7,"7","14","stirling-moss","cooper","climax","continental","1:44.000",104000,,,,,,,"+2.000",2000,"+0.300",300,
65,1958,1,8,8,"8","8","harry-schell","maserati","maserati","pirelli","1:44.200",104200,,,,,,,"+2.200",2200,"+0.200",200,
65,1958,1,9,9,"9","10","paco-godia","maserati","maserati","pirelli","1:49.300",109300,,,,,,,"+7.300",7300,"+5.100",5100,
65,1958,1,10,10,"10","12","horace-gould","maserati","maserati","dunlop","1:51.700",111700,,,,,,,"+9.700",9700,"+2.400",2400,
66,1958,2,1,1,"1","30","tony-brooks","vanwall","vanwall","dunlop","1:39.800",99800,,,,,,,,,,,
66,1958,2,2,2,"2","6","jean-behra","brm","brm","dunlop","1:40.800",100800,,,,,,,"+1.000",1000,"+1.000",1000,
66,1958,2,3,3,"3","16","jack-brabham","cooper","climax","dunlop","1:41.000",101000,,,,,,,"+1.200",1200,"+0.200",200,
66,1958,2,4,4,"4","18","roy-salvadori","cooper","climax","dunlop","1:41.000",101000,,,,,,,"+1.200",1200,"+0.000",0,
66,1958,2,5,5,"5","20","maurice-trintignant","cooper","climax","dunlop","1:41.100",101100,,,,,,,"+1.300",1300,"+0.100",100,
66,1958,2,6,6,"6","38","mike-hawthorn","ferrari","ferrari","englebert","1:41.500",101500,,,,,,,"+1.700",1700,"+0.400",400,
66,1958,2,7,7,"7","32","stuart-lewis-evans","vanwall","vanwall","dunlop","1:41.800",101800,,,,,,,"+2.000",2000,"+0.300",300,
66,1958,2,8,8,"8","28","stirling-moss","vanwall","vanwall","dunlop","1:42.300",102300,,,,,,,"+2.500",2500,"+0.500",500,
66,1958,2,9,9,"9","36","peter-collins","ferrari","ferrari","englebert","1:42.400",102400,,,,,,,"+2.600",2600,"+0.100",100,
66,1958,2,10,10,"10","34","luigi-musso","ferrari","ferrari","englebert","1:42.600",102600,,,,,,,"+2.800",2800,"+0.200",200,
66,1958,2,11,11,"11","8","harry-schell","brm","brm","dunlop","1:43.800",103800,,,,,,,"+4.000",4000,"+1.200",1200,
66,1958,2,12,12,"12","40","wolfgang-von-trips","ferrari","ferrari","englebert","1:44.300",104300,,,,,,,"+4.500",4500,"+0.500",500,
66,1958,2,13,13,"13","24","cliff-allison","lotus","climax","dunlop","1:44.600",104600,,,,,,,"+4.800",4800,"+0.300",300,
66,1958,2,14,14,"14","46","giorgio-scarlatti","maserati","maserati","pirelli","1:44.700",104700,,,,,,,"+4.900",4900,"+0.100",100,
66,1958,2,15,15,"15","26","graham-hill","lotus","climax","dunlop","1:45.000",105000,,,,,,,"+5.200",5200,"+0.300",300,
66,1958,2,16,16,"16","58","jo-bonnier","maserati","maserati","pirelli","1:45.000",105000,,,,,,,"+5.200",5200,"+0.000",0,
66,1958,2,17,17,"17","22","ron-flockhart","cooper","climax","dunlop","1:45.900",105900,,,,,,,"+6.100",6100,"+0.900",900,
66,1958,2,18,18,"18","4","paco-godia","maserati","maserati","pirelli","1:46.000",106000,,,,,,,"+6.200",6200,"+0.100",100,
66,1958,2,19,19,"19","50","luigi-taramazzo","maserati","maserati","pirelli","1:49.000",109000,,,,,,,"+9.200",9200,"+3.000",3000,
66,1958,2,20,20,"20","48","gerino-gerini","maserati","maserati","pirelli","1:49.800",109800,,,,,,,"+10.000",10000,"+0.800",800,
66,1958,2,21,21,"21","12","bruce-kessler","connaught","alta","avon","1:50.500",110500,,,,,,,"+10.700",10700,"+0.700",700,
66,1958,2,22,22,"22","44","maria-teresa-de-filippis","maserati","maserati","pirelli","1:50.800",110800,,,,,,,"+11.000",11000,"+0.300",300,
66,1958,2,23,23,"23","14","paul-emery","connaught","alta","avon","1:50.800",110800,,,,,,,"+11.000",11000,"+0.000",0,
66,1958,2,24,24,"24","56","andre-testut","maserati","maserati","pirelli","1:51.400",111400,,,,,,,"+11.600",11600,"+0.600",600,
66,1958,2,25,25,"25","52","giulio-cabianca","osca","osca","pirelli","1:52.000",112000,,,,,,,"+12.200",12200,"+0.600",600,
66,1958,2,26,26,"26","54","luigi-piotti","osca","osca","pirelli","1:52.400",112400,,,,,,,"+12.600",12600,"+0.400",400,
66,1958,2,27,27,"27","42","horace-gould","maserati","maserati","dunlop","1:54.000",114000,,,,,,,"+14.200",14200,"+1.600",1600,
67,1958,3,1,1,"1","3","stuart-lewis-evans","vanwall","vanwall","dunlop","1:37.100",97100,,,,,,,,,,,
67,1958,3,2,2,"2","1","stirling-moss","vanwall","vanwall","dunlop","1:38.000",98000,,,,,,,"+0.900",900,"+0.900",900,
67,1958,3,3,3,"3","2","tony-brooks","vanwall","vanwall","dunlop","1:38.100",98100,,,,,,,"+1.000",1000,"+0.100",100,
67,1958,3,4,4,"4","14","jean-behra","brm","brm","dunlop","1:38.400",98400,,,,,,,"+1.300",1300,"+0.300",300,
67,1958,3,5,5,"5","8","jack-brabham","cooper","climax","dunlop","1:38.500",98500,,,,,,,"+1.400",1400,"+0.100",100,
67,1958,3,6,6,"6","5","mike-hawthorn","ferrari","ferrari","englebert","1:39.100",99100,,,,,,,"+2.000",2000,"+0.600",600,
67,1958,3,7,7,"7","15","harry-schell","brm","brm","dunlop","1:39.200",99200,,,,,,,"+2.100",2100,"+0.100",100,
67,1958,3,8,8,"8","9","maurice-trintignant","cooper","climax","dunlop","1:39.200",99200,,,,,,,"+2.100",2100,"+0.000",0,
67,1958,3,9,9,"9","7","roy-salvadori","cooper","climax","dunlop","1:39.200",99200,,,,,,,"+2.100",2100,"+0.000",0,
67,1958,3,10,10,"10","4","peter-collins","ferrari","ferrari","englebert","1:39.300",99300,,,,,,,"+2.200",2200,"+0.100",100,
67,1958,3,11,11,"11","17","cliff-allison","lotus","climax","dunlop","1:39.400",99400,,,,,,,"+2.300",2300,"+0.100",100,
67,1958,3,12,12,"12","6","luigi-musso","ferrari","ferrari","englebert","1:39.500",99500,,,,,,,"+2.400",2400,"+0.100",100,
67,1958,3,13,13,"13","16","graham-hill","lotus","climax","dunlop","1:39.800",99800,,,,,,,"+2.700",2700,"+0.300",300,
67,1958,3,14,14,"14","12","masten-gregory","maserati","maserati","dunlop","1:42.000",102000,,,,,,,"+4.900",4900,"+2.200",2200,
67,1958,3,15,15,"15","11","jo-bonnier","maserati","maserati","pirelli","1:42.300",102300,,,,,,,"+5.200",5200,"+0.300",300,
67,1958,3,16,16,"16","10","giorgio-scarlatti","maserati","maserati","pirelli","1:44.600",104600,,,,,,,"+7.500",7500,"+2.300",2300,
67,1958,3,17,17,"17","18","carel-godin-de-beaufort","porsche","porsche","dunlop","1:46.700",106700,,,,,,,"+9.600",9600,"+2.100",2100,
68,1958,4,1,1,"1","97","dick-rathmann","watson","offenhauser","firestone","4:06.620",246620,,,,,,,,,,,
68,1958,4,2,2,"2","5","ed-elisian","watson","offenhauser","firestone","4:06.700",246700,,,,,,,"+0.080",80,"+0.080",80,
68,1958,4,3,3,"3","16","jimmy-reece","watson","offenhauser","firestone","4:07.400",247400,,,,,,,"+0.780",780,"+0.700",700,
68,1958,4,4,4,"4","14","bob-veith","kurtis-kraft","offenhauser","firestone","4:08.480",248480,,,,,,,"+1.860",1860,"+1.080",1080,
68,1958,4,5,5,"5","4","pat-oconnor","kurtis-kraft","offenhauser","firestone","4:08.580",248580,,,,,,,"+1.960",1960,"+0.100",100,
68,1958,4,6,6,"6","45","johnnie-parsons","kurtis-kraft","offenhauser","firestone","4:08.820",248820,,,,,,,"+2.200",2200,"+0.240",240,
68,1958,4,7,7,"7","1","jimmy-bryan","epperly","offenhauser","firestone","4:09.680",249680,,,,,,,"+3.060",3060,"+0.860",860,
68,1958,4,8,8,"8","9","johnny-boyd","kurtis-kraft","offenhauser","firestone","4:09.960",249960,,,,,,,"+3.340",3340,"+0.280",280,
68,1958,4,9,9,"9","33","tony-bettenhausen","epperly","offenhauser","firestone","4:10.140",250140,,,,,,,"+3.520",3520,"+0.180",180,
68,1958,4,10,10,"10","25","jack-turner","lesovsky","offenhauser","firestone","4:10.980",250980,,,,,,,"+4.360",4360,"+0.840",840,
68,1958,4,11,11,"11","8","rodger-ward","lesovsky","offenhauser","firestone","4:11.280",251280,,,,,,,"+4.660",4660,"+0.300",300,
68,1958,4,12,12,"12","29","anthony-joseph-foyt","kuzma","offenhauser","firestone","4:11.520",251520,,,,,,,"+4.900",4900,"+0.240",240,
68,1958,4,13,13,"13","26","don-freeland","phillips","offenhauser","firestone","4:11.690",251690,,,,,,,"+5.070",5070,"+0.170",170,
68,1958,4,14,14,"14","15","paul-russo","kurtis-kraft","novi","firestone","4:11.820",251820,,,,,,,"+5.200",5200,"+0.130",130,
68,1958,4,15,15,"15","43","billy-garrett","kurtis-kraft","offenhauser","firestone","4:12.140",252140,,,,,,,"+5.520",5520,"+0.320",320,
68,1958,4,16,16,"16","31","paul-goldsmith","kurtis-kraft","offenhauser","firestone","4:12.200",252200,,,,,,,"+5.580",5580,"+0.060",60,
68,1958,4,17,17,"17","65","bob-christie","kurtis-kraft","offenhauser","firestone","4:13.070",253070,,,,,,,"+6.450",6450,"+0.870",870,
68,1958,4,18,18,"18","88","eddie-sachs","kuzma","offenhauser","firestone","4:08.860",248860,,,,,,,"+2.240",2240,"-4.210",-3790,
68,1958,4,19,19,"19","44","jud-larson","watson","offenhauser","firestone","4:10.850",250850,,,,,,,"+4.230",4230,"+1.990",1990,
68,1958,4,20,20,"20","2","jim-rathmann","epperly","offenhauser","firestone","4:11.490",251490,,,,,,,"+4.870",4870,"+0.640",640,
68,1958,4,21,21,"21","52","al-keller","kurtis-kraft","offenhauser","firestone","4:11.870",251870,,,,,,,"+5.250",5250,"+0.380",380,
68,1958,4,22,22,"22","7","johnny-thomson","kurtis-kraft","offenhauser","firestone","4:11.910",251910,,,,,,,"+5.290",5290,"+0.040",40,
68,1958,4,23,23,"23","83","shorty-templeman","kurtis-kraft","offenhauser","firestone","4:12.070",252070,,,,,,,"+5.450",5450,"+0.160",160,
68,1958,4,24,24,"24","92","jerry-unser-jr","kurtis-kraft","offenhauser","firestone","4:12.180",252180,,,,,,,"+5.560",5560,"+0.110",110,
68,1958,4,25,25,"25","99","george-amick","epperly","offenhauser","firestone","4:12.260",252260,,,,,,,"+5.640",5640,"+0.080",80,
68,1958,4,26,26,"26","61","eddie-johnson","kurtis-kraft","offenhauser","firestone","4:12.330",252330,,,,,,,"+5.710",5710,"+0.070",70,
68,1958,4,27,27,"27","68","len-sutton","kurtis-kraft","offenhauser","firestone","4:12.360",252360,,,,,,,"+5.740",5740,"+0.030",30,
68,1958,4,28,28,"28","57","art-bisch","kuzma","offenhauser","firestone","4:12.400",252400,,,,,,,"+5.780",5780,"+0.040",40,
68,1958,4,29,29,"29","89","chuck-weyant","dunn","offenhauser","firestone","4:12.440",252440,,,,,,,"+5.820",5820,"+0.040",40,
68,1958,4,30,30,"30","19","johnnie-tolan","kuzma","offenhauser","firestone","4:12.970",252970,,,,,,,"+6.350",6350,"+0.530",530,
68,1958,4,31,31,"31","77","mike-magill","kurtis-kraft","offenhauser","firestone","4:13.030",253030,,,,,,,"+6.410",6410,"+0.060",60,
68,1958,4,32,32,"32","59","dempsey-wilson","kuzma","offenhauser","firestone","4:28.110",268110,,,,,,,"+21.490",21490,"+15.080",15080,
68,1958,4,33,33,"33","54","bill-cheesbourg","kurtis-kraft","novi","firestone","4:12.550",252550,,,,,,,"+5.930",5930,"-15.560",-14440,
69,1958,5,1,1,"1","16","mike-hawthorn","ferrari","ferrari","englebert","3:57.100",237100,,,,,,,,,,,
69,1958,5,2,2,"2","18","luigi-musso","ferrari","ferrari","englebert","3:57.500",237500,,,,,,,"+0.400",400,"+0.400",400,
69,1958,5,3,3,"3","2","stirling-moss","vanwall","vanwall","dunlop","3:57.600",237600,,,,,,,"+0.500",500,"+0.100",100,
69,1958,5,4,4,"4","14","peter-collins","ferrari","ferrari","englebert","3:57.700",237700,,,,,,,"+0.600",600,"+0.100",100,
69,1958,5,5,5,"5","4","tony-brooks","vanwall","vanwall","dunlop","3:59.100",239100,,,,,,,"+2.000",2000,"+1.400",1400,
69,1958,5,6,6,"6","20","olivier-gendebien","ferrari","ferrari","englebert","3:59.300",239300,,,,,,,"+2.200",2200,"+0.200",200,
69,1958,5,7,7,"7","10","harry-schell","brm","brm","dunlop","4:04.500",244500,,,,,,,"+7.400",7400,"+5.200",5200,
69,1958,5,8,8,"8","22","jack-brabham","cooper","climax","dunlop","4:05.100",245100,,,,,,,"+8.000",8000,"+0.600",600,
69,1958,5,9,9,"9","30","masten-gregory","maserati","maserati","pirelli","4:05.400",245400,,,,,,,"+8.300",8300,"+0.300",300,
69,1958,5,10,10,"10","8","jean-behra","brm","brm","dunlop","4:06.200",246200,,,,,,,"+9.100",9100,"+0.800",800,
69,1958,5,11,11,"11","6","stuart-lewis-evans","vanwall","vanwall","dunlop","4:07.200",247200,,,,,,,"+10.100",10100,"+1.000",1000,
69,1958,5,12,12,"12","40","cliff-allison","lotus","climax","dunlop","4:07.700",247700,,,,,,,"+10.600",10600,"+0.500",500,
69,1958,5,13,13,"13","24","roy-salvadori","cooper","climax","dunlop","4:15.600",255600,,,,,,,"+18.500",18500,"+7.900",7900,
69,1958,5,14,14,"14","36","jo-bonnier","maserati","maserati","pirelli","4:15.700",255700,,,,,,,"+18.600",18600,"+0.100",100,
69,1958,5,15,15,"15","42","graham-hill","lotus","climax","dunlop","4:17.900",257900,,,,,,,"+20.800",20800,"+2.200",2200,
69,1958,5,16,16,"16","28","maurice-trintignant","maserati","maserati","pirelli","4:21.700",261700,,,,,,,"+24.600",24600,"+3.800",3800,
69,1958,5,17,17,"17","32","wolfgang-seidel","maserati","maserati","pirelli","4:21.900",261900,,,,,,,"+24.800",24800,"+0.200",200,
69,1958,5,18,18,"18","38","paco-godia","maserati","maserati","pirelli","4:24.500",264500,,,,,,,"+27.400",27400,"+2.600",2600,
69,1958,5,19,19,"19","26","maria-teresa-de-filippis","maserati","maserati","pirelli","4:31.000",271000,,,,,,,"+33.900",33900,"+6.500",6500,
69,1958,5,20,20,"20","34","ken-kavanagh","maserati","maserati","pirelli","4:45.300",285300,,,,,,,"+48.200",48200,"+14.300",14300,
70,1958,6,1,1,"1","4","mike-hawthorn","ferrari","ferrari","englebert","2:21.700",141700,,,,,,,,,,,
70,1958,6,2,2,"2","2","luigi-musso","ferrari","ferrari","englebert","2:22.400",142400,,,,,,,"+0.700",700,"+0.700",700,
70,1958,6,3,3,"3","16","harry-schell","brm","brm","dunlop","2:23.100",143100,,,,,,,"+1.400",1400,"+0.700",700,
70,1958,6,4,4,"4","42","peter-collins","ferrari","ferrari","englebert","2:23.300",143300,,,,,,,"+1.600",1600,"+0.200",200,
70,1958,6,5,5,"5","10","tony-brooks","vanwall","vanwall","dunlop","2:23.400",143400,,,,,,,"+1.700",1700,"+0.100",100,
70,1958,6,6,6,"6","8","stirling-moss","vanwall","vanwall","dunlop","2:23.700",143700,,,,,,,"+2.000",2000,"+0.300",300,
70,1958,6,7,7,"7","18","maurice-trintignant","brm","brm","dunlop","2:23.700",143700,,,,,,,"+2.000",2000,"+0.000",0,
70,1958,6,8,8,"8","34","juan-manuel-fangio","maserati","maserati","pirelli","2:24.000",144000,,,,,,,"+2.300",2300,"+0.300",300,
70,1958,6,9,9,"9","14","jean-behra","brm","brm","dunlop","2:24.200",144200,,,,,,,"+2.500",2500,"+0.200",200,
70,1958,6,10,10,"10","12","stuart-lewis-evans","vanwall","vanwall","dunlop","2:25.300",145300,,,,,,,"+3.600",3600,"+1.100",1100,
70,1958,6,11,11,"11","40","paco-godia","maserati","maserati","pirelli","2:27.100",147100,,,,,,,"+5.400",5400,"+1.800",1800,
70,1958,6,12,12,"12","22","jack-brabham","cooper","climax","dunlop","2:27.300",147300,,,,,,,"+5.600",5600,"+0.200",200,
70,1958,6,13,13,"13","36","phil-hill","maserati","maserati","pirelli","2:29.500",149500,,,,,,,"+7.800",7800,"+2.200",2200,
70,1958,6,14,14,"14","20","roy-salvadori","cooper","climax","dunlop","2:30.000",150000,,,,,,,"+8.300",8300,"+0.500",500,
70,1958,6,15,15,"15","32","gerino-gerini","maserati","maserati","pirelli","2:30.700",150700,,,,,,,"+9.000",9000,"+0.700",700,
70,1958,6,16,16,"16","38","jo-bonnier","maserati","maserati","pirelli","2:30.900",150900,,,,,,,"+9.200",9200,"+0.200",200,
70,1958,6,17,17,"17","28","carroll-shelby","maserati","maserati","pirelli","2:32.000",152000,,,,,,,"+10.300",10300,"+1.100",1100,
70,1958,6,18,18,"18","30","troy-ruttman","maserati","maserati","pirelli","2:36.000",156000,,,,,,,"+14.300",14300,"+4.000",4000,
70,1958,6,19,19,"19","24","graham-hill","lotus","climax","dunlop","2:40.900",160900,,,,,,,"+19.200",19200,"+4.900",4900,
70,1958,6,20,20,"20","26","cliff-allison","lotus","climax","dunlop","2:49.700",169700,,,,,,,"+28.000",28000,"+8.800",8800,
70,1958,6,21,21,"21","6","wolfgang-von-trips","ferrari","ferrari","englebert",,,,,,,,,,,,,
71,1958,7,1,1,"1","7","stirling-moss","vanwall","vanwall","dunlop","1:39.400",99400,,,,,,,,,,,
71,1958,7,2,2,"2","20","harry-schell","brm","brm","dunlop","1:39.800",99800,,,,,,,"+0.400",400,"+0.400",400,
71,1958,7,3,3,"3","10","roy-salvadori","cooper","climax","dunlop","1:40.000",100000,,,,,,,"+0.600",600,"+0.200",200,
71,1958,7,4,4,"4","2","mike-hawthorn","ferrari","ferrari","englebert","1:40.400",100400,,,,,,,"+1.000",1000,"+0.400",400,
71,1958,7,5,5,"5","17","cliff-allison","lotus","climax","dunlop","1:40.400",100400,,,,,,,"+1.000",1000,"+0.000",0,
71,1958,7,6,6,"6","1","peter-collins","ferrari","ferrari","englebert","1:40.600",100600,,,,,,,"+1.200",1200,"+0.200",200,
71,1958,7,7,7,"7","9","stuart-lewis-evans","vanwall","vanwall","dunlop","1:41.400",101400,,,,,,,"+2.000",2000,"+0.800",800,
71,1958,7,8,8,"8","19","jean-behra","brm","brm","dunlop","1:41.400",101400,,,,,,,"+2.000",2000,"+0.000",0,
71,1958,7,9,9,"9","8","tony-brooks","vanwall","vanwall","dunlop","1:41.600",101600,,,,,,,"+2.200",2200,"+0.200",200,
71,1958,7,10,10,"10","11","jack-brabham","cooper","climax","dunlop","1:42.000",102000,,,,,,,"+2.600",2600,"+0.400",400,
71,1958,7,11,11,"11","3","wolfgang-von-trips","ferrari","ferrari","englebert","1:42.000",102000,,,,,,,"+2.600",2600,"+0.000",0,
71,1958,7,12,12,"12","4","maurice-trintignant","cooper","climax","dunlop","1:42.600",102600,,,,,,,"+3.200",3200,"+0.600",600,
71,1958,7,13,13,"13","22","jo-bonnier","maserati","maserati","pirelli","1:43.000",103000,,,,,,,"+3.600",3600,"+0.400",400,
71,1958,7,14,14,"14","16","graham-hill","lotus","climax","dunlop","1:43.000",103000,,,,,,,"+3.600",3600,"+0.000",0,
71,1958,7,15,15,"15","5","carroll-shelby","maserati","maserati","pirelli","1:44.200",104200,,,,,,,"+4.800",4800,"+1.200",1200,
71,1958,7,16,16,"16","12","ian-burgess","cooper","climax","dunlop","1:48.400",108400,,,,,,,"+9.000",9000,"+4.200",4200,
71,1958,7,17,17,"17","15","ivor-bueb","connaught","alta","avon","1:51.400",111400,,,,,,,"+12.000",12000,"+3.000",3000,
71,1958,7,18,18,"18","6","gerino-gerini","maserati","maserati","pirelli","1:53.000",113000,,,,,,,"+13.600",13600,"+1.600",1600,
71,1958,7,19,19,"19","14","jack-fairman","connaught","alta","avon","1:58.800",118800,,,,,,,"+19.400",19400,"+5.800",5800,
71,1958,7,20,20,"20","18","alan-stacey","lotus","climax","dunlop","1:58.800",118800,,,,,,,"+19.400",19400,"+0.000",0,
72,1958,8,1,1,"1","3","mike-hawthorn","ferrari","ferrari","englebert","9:14.000",554000,,,,,,,,,,,
72,1958,8,2,2,"2","8","tony-brooks","vanwall","vanwall","dunlop","9:15.000",555000,,,,,,,"+1.000",1000,"+1.000",1000,
72,1958,8,3,3,"3","7","stirling-moss","vanwall","vanwall","dunlop","9:19.100",559100,,,,,,,"+5.100",5100,"+4.100",4100,
72,1958,8,4,4,"4","2","peter-collins","ferrari","ferrari","englebert","9:21.900",561900,,,,,,,"+7.900",7900,"+2.800",2800,
72,1958,8,5,5,"5","4","wolfgang-von-trips","ferrari","ferrari","englebert","9:24.700",564700,,,,,,,"+10.700",10700,"+2.800",2800,
72,1958,8,6,6,"6","10","roy-salvadori","cooper","climax","dunlop","9:35.300",575300,,,,,,,"+21.300",21300,"+10.600",10600,
72,1958,8,7,7,"7","11","maurice-trintignant","cooper","climax","dunlop","9:36.900",576900,,,,,,,"+22.900",22900,"+1.600",1600,
72,1958,8,8,8,"8","6","harry-schell","brm","brm","dunlop","9:39.600",579600,,,,,,,"+25.600",25600,"+2.700",2700,
72,1958,8,9,9,"9","16","jo-bonnier","maserati","maserati","pirelli","9:42.700",582700,,,,,,,"+28.700",28700,"+3.100",3100,
72,1958,8,10,10,"10","24","jack-brabham","cooper","climax","dunlop","9:43.400",583400,,,,,,,"+29.400",29400,"+0.700",700,
72,1958,8,11,11,"11","12","cliff-allison","lotus","climax","dunlop","9:44.300",584300,,,,,,,"+30.300",30300,"+0.900",900,
72,1958,8,12,12,"12","5","jean-behra","brm","brm","dunlop","9:46.800",586800,,,,,,,"+32.800",32800,"+2.500",2500,
72,1958,8,13,13,"13","23","phil-hill","ferrari","ferrari","englebert","9:48.900",588900,,,,,,,"+34.900",34900,"+2.100",2100,
72,1958,8,14,14,"14","26","ian-burgess","cooper","climax","dunlop","9:55.300",595300,,,,,,,"+41.300",41300,"+6.400",6400,
72,1958,8,15,15,"15","20","bruce-mclaren","cooper","climax","dunlop","9:56.000",596000,,,,,,,"+42.000",42000,"+0.700",700,
72,1958,8,16,16,"16","21","edgar-barth","porsche","porsche","dunlop","9:57.200",597200,,,,,,,"+43.200",43200,"+1.200",1200,
72,1958,8,17,17,"17","30","tony-marsh","cooper","climax","dunlop","9:57.500",597500,,,,,,,"+43.500",43500,"+0.300",300,
72,1958,8,18,18,"18","18","carel-godin-de-beaufort","porsche","porsche","dunlop","10:01.500",601500,,,,,,,"+47.500",47500,"+4.000",4000,
72,1958,8,19,19,"19","28","ivor-bueb","lotus","climax","dunlop","10:02.600",602600,,,,,,,"+48.600",48600,"+1.100",1100,
72,1958,8,20,20,"20","17","hans-herrmann","maserati","maserati","pirelli","10:13.500",613500,,,,,,,"+59.500",59500,"+10.900",10900,
72,1958,8,21,21,"21","29","brian-naylor","cooper","climax","dunlop","10:17.900",617900,,,,,,,"+1:03.900",63900,"+4.400",4400,
72,1958,8,22,22,"22","22","wolfgang-seidel","cooper","climax","dunlop","10:21.000",621000,,,,,,,"+1:07.000",67000,"+3.100",3100,
72,1958,8,23,23,"23","19","dick-gibson","cooper","climax","dunlop","10:55.000",655000,,,,,,,"+1:41.000",101000,"+34.000",34000,
72,1958,8,24,24,"24","27","christian-goethals","cooper","climax","dunlop","11:22.900",682900,,,,,,,"+2:08.900",128900,"+27.900",27900,
72,1958,8,25,25,"25","25","graham-hill","lotus","climax","dunlop","18:56.000",1136000,,,,,,,"+9:42.000",582000,"+7:33.100",453100,
72,1958,8,26,26,"26","14","troy-ruttman","maserati","maserati","pirelli",,,,,,,,,,,,,
73,1958,9,1,1,"1","2","stirling-moss","vanwall","vanwall","dunlop","2:34.210",154210,,,,,,,,,,,
73,1958,9,2,2,"2","24","mike-hawthorn","ferrari","ferrari","englebert","2:34.260",154260,,,,,,,"+0.050",50,"+0.050",50,
73,1958,9,3,3,"3","6","stuart-lewis-evans","vanwall","vanwall","dunlop","2:34.600",154600,,,,,,,"+0.390",390,"+0.340",340,
73,1958,9,4,4,"4","8","jean-behra","brm","brm","dunlop","2:34.990",154990,,,,,,,"+0.780",780,"+0.390",390,
73,1958,9,5,5,"5","4","tony-brooks","vanwall","vanwall","dunlop","2:35.960",155960,,,,,,,"+1.750",1750,"+0.970",970,
73,1958,9,6,6,"6","22","wolfgang-von-trips","ferrari","ferrari","englebert","2:37.040",157040,,,,,,,"+2.830",2830,"+1.080",1080,
73,1958,9,7,7,"7","10","harry-schell","brm","brm","dunlop","2:37.050",157050,,,,,,,"+2.840",2840,"+0.010",10,
73,1958,9,8,8,"8","14","jack-brabham","cooper","climax","dunlop","2:37.460",157460,,,,,,,"+3.250",3250,"+0.410",410,
73,1958,9,9,9,"9","12","maurice-trintignant","cooper","climax","dunlop","2:37.970",157970,,,,,,,"+3.760",3760,"+0.510",510,
73,1958,9,10,10,"10","28","carroll-shelby","maserati","maserati","pirelli","2:40.440",160440,,,,,,,"+6.230",6230,"+2.470",2470,
73,1958,9,11,11,"11","16","roy-salvadori","cooper","climax","dunlop","2:43.030",163030,,,,,,,"+8.820",8820,"+2.590",2590,
73,1958,9,12,12,"12","20","graham-hill","lotus","climax","dunlop","2:46.220",166220,,,,,,,"+12.010",12010,"+3.190",3190,
73,1958,9,13,13,"13","18","cliff-allison","maserati","maserati","pirelli","2:46.270",166270,,,,,,,"+12.060",12060,"+0.050",50,
73,1958,9,14,14,"14","32","jo-bonnier","maserati","maserati","pirelli","2:46.600",166600,,,,,,,"+12.390",12390,"+0.330",330,
73,1958,9,15,15,"15","30","maria-teresa-de-filippis","maserati","maserati","pirelli","3:01.950",181950,,,,,,,"+27.740",27740,"+15.350",15350,
74,1958,10,1,1,"1","26","stirling-moss","vanwall","vanwall","dunlop","1:40.500",100500,,,,,,,,,,,
74,1958,10,2,2,"2","28","tony-brooks","vanwall","vanwall","dunlop","1:41.400",101400,,,,,,,"+0.900",900,"+0.900",900,
74,1958,10,3,3,"3","14","mike-hawthorn","ferrari","ferrari","englebert","1:41.800",101800,,,,,,,"+1.300",1300,"+0.400",400,
74,1958,10,4,4,"4","30","stuart-lewis-evans","vanwall","vanwall","dunlop","1:42.400",102400,,,,,,,"+1.900",1900,"+0.600",600,
74,1958,10,5,5,"5","20","olivier-gendebien","ferrari","ferrari","englebert","1:42.500",102500,,,,,,,"+2.000",2000,"+0.100",100,
74,1958,10,6,6,"6","16","wolfgang-von-trips","ferrari","ferrari","englebert","1:42.600",102600,,,,,,,"+2.100",2100,"+0.100",100,
74,1958,10,7,7,"7","18","phil-hill","ferrari","ferrari","englebert","1:42.700",102700,,,,,,,"+2.200",2200,"+0.100",100,
74,1958,10,8,8,"8","8","jean-behra","brm","brm","dunlop","1:43.200",103200,,,,,,,"+2.700",2700,"+0.500",500,
74,1958,10,9,9,"9","10","harry-schell","brm","brm","dunlop","1:43.200",103200,,,,,,,"+2.700",2700,"+0.000",0,
74,1958,10,10,10,"10","12","jo-bonnier","brm","brm","dunlop","1:44.700",104700,,,,,,,"+4.200",4200,"+1.500",1500,
74,1958,10,11,11,"11","32","masten-gregory","maserati","maserati","pirelli","1:44.900",104900,,,,,,,"+4.400",4400,"+0.200",200,
74,1958,10,12,12,"12","38","graham-hill","lotus","climax","dunlop","1:46.000",106000,,,,,,,"+5.500",5500,"+1.100",1100,
74,1958,10,13,13,"13","2","maurice-trintignant","cooper","climax","dunlop","1:46.400",106400,,,,,,,"+5.900",5900,"+0.400",400,
74,1958,10,14,14,"14","6","roy-salvadori","cooper","climax","dunlop","1:47.000",107000,,,,,,,"+6.500",6500,"+0.600",600,
74,1958,10,15,15,"15","4","jack-brabham","cooper","climax","dunlop","1:47.300",107300,,,,,,,"+6.800",6800,"+0.300",300,
74,1958,10,16,16,"16","36","cliff-allison","lotus","climax","dunlop","1:47.800",107800,,,,,,,"+7.300",7300,"+0.500",500,
74,1958,10,17,17,"17","34","carroll-shelby","maserati","maserati","pirelli","1:48.000",108000,,,,,,,"+7.500",7500,"+0.200",200,
74,1958,10,18,18,"18","24","hans-herrmann","maserati","maserati","pirelli","1:49.800",109800,,,,,,,"+9.300",9300,"+1.800",1800,
74,1958,10,19,19,"19","40","gerino-gerini","maserati","maserati","pirelli","1:50.100",110100,,,,,,,"+9.600",9600,"+0.300",300,
74,1958,10,20,20,"20","22","giulio-cabianca","maserati","maserati","pirelli","1:54.600",114600,,,,,,,"+14.100",14100,"+4.500",4500,
74,1958,10,21,21,"21","42","maria-teresa-de-filippis","maserati","maserati","pirelli","1:55.900",115900,,,,,,,"+15.400",15400,"+1.300",1300,
75,1958,11,1,1,"1","6","mike-hawthorn","ferrari","ferrari","englebert","2:23.100",143100,,,,,,,,,,,
75,1958,11,2,2,"2","8","stirling-moss","vanwall","vanwall","dunlop","2:23.200",143200,,,,,,,"+0.100",100,"+0.100",100,
75,1958,11,3,3,"3","12","stuart-lewis-evans","vanwall","vanwall","dunlop","2:23.700",143700,,,,,,,"+0.600",600,"+0.500",500,
75,1958,11,4,4,"4","14","jean-behra","brm","brm","dunlop","2:23.800",143800,,,,,,,"+0.700",700,"+0.100",100,
75,1958,11,5,5,"5","4","phil-hill","ferrari","ferrari","englebert","2:24.100",144100,,,,,,,"+1.000",1000,"+0.300",300,
75,1958,11,6,6,"6","2","olivier-gendebien","ferrari","ferrari","englebert","2:24.300",144300,,,,,,,"+1.200",1200,"+0.200",200,
75,1958,11,7,7,"7","10","tony-brooks","vanwall","vanwall","dunlop","2:24.400",144400,,,,,,,"+1.300",1300,"+0.100",100,
75,1958,11,8,8,"8","18","jo-bonnier","brm","brm","dunlop","2:24.900",144900,,,,,,,"+1.800",1800,"+0.500",500,
75,1958,11,9,9,"9","38","maurice-trintignant","cooper","climax","dunlop","2:26.100",146100,,,,,,,"+3.000",3000,"+1.200",1200,
75,1958,11,10,10,"10","16","harry-schell","brm","brm","dunlop","2:26.400",146400,,,,,,,"+3.300",3300,"+0.300",300,
75,1958,11,11,11,"11","32","jack-fairman","cooper","climax","dunlop","2:27.000",147000,,,,,,,"+3.900",3900,"+0.600",600,
75,1958,11,12,12,"12","36","graham-hill","lotus","climax","dunlop","2:27.100",147100,,,,,,,"+4.000",4000,"+0.100",100,
75,1958,11,13,13,"13","22","masten-gregory","maserati","maserati","pirelli","2:27.600",147600,,,,,,,"+4.500",4500,"+0.500",500,
75,1958,11,14,14,"14","30","roy-salvadori","cooper","climax","dunlop","2:28.600",148600,,,,,,,"+5.500",5500,"+1.000",1000,
75,1958,11,15,15,"15","20","ron-flockhart","brm","brm","dunlop","2:29.800",149800,,,,,,,"+6.700",6700,"+1.200",1200,
75,1958,11,16,16,"16","34","cliff-allison","lotus","climax","dunlop","2:33.700",153700,,,,,,,"+10.600",10600,"+3.900",3900,
75,1958,11,17,17,"17","28","gerino-gerini","maserati","maserati","pirelli","2:35.100",155100,,,,,,,"+12.000",12000,"+1.400",1400,
75,1958,11,18,18,"18","24","hans-herrmann","maserati","maserati","pirelli","2:35.100",155100,,,,,,,"+12.000",12000,"+0.000",0,
75,1958,11,19,19,"19","50","jack-brabham","cooper","climax","dunlop","2:36.600",156600,,,,,,,"+13.500",13500,"+1.500",1500,
75,1958,11,20,20,"20","26","wolfgang-seidel","maserati","maserati","pirelli","2:38.200",158200,,,,,,,"+15.100",15100,"+1.600",1600,
75,1958,11,21,21,"21","52","bruce-mclaren","cooper","climax","dunlop","2:41.200",161200,,,,,,,"+18.100",18100,"+3.000",3000,
75,1958,11,22,22,"22","56","tom-bridger","cooper","climax","dunlop","2:42.500",162500,,,,,,,"+19.400",19400,"+1.300",1300,
75,1958,11,23,23,"23","58","robert-la-caze","cooper","climax","dunlop","2:43.100",163100,,,,,,,"+20.000",20000,"+0.600",600,
75,1958,11,24,24,"24","54","francois-picard","cooper","climax","dunlop","2:46.600",166600,,,,,,,"+23.500",23500,"+3.500",3500,
75,1958,11,25,25,"25","60","andre-guelfi","cooper","climax","dunlop","2:47.000",167000,,,,,,,"+23.900",23900,"+0.400",400,
76,1959,1,1,1,"1","30","stirling-moss","cooper","climax","dunlop","1:39.600",99600,,,,,,,,,,,
76,1959,1,2,2,"2","46","jean-behra","ferrari","ferrari","dunlop","1:40.000",100000,,,,,,,"+0.400",400,"+0.400",400,
76,1959,1,3,3,"3","24","jack-brabham","cooper","climax","dunlop","1:40.100",100100,,,,,,,"+0.500",500,"+0.100",100,
76,1959,1,4,4,"4","50","tony-brooks","ferrari","ferrari","dunlop","1:41.000",101000,,,,,,,"+1.400",1400,"+0.900",900,
76,1959,1,5,5,"5","48","phil-hill","ferrari","ferrari","dunlop","1:41.300",101300,,,,,,,"+1.700",1700,"+0.300",300,
76,1959,1,6,6,"6","32","maurice-trintignant","cooper","climax","dunlop","1:41.700",101700,,,,,,,"+2.100",2100,"+0.400",400,
76,1959,1,7,7,"7","18","jo-bonnier","brm","brm","dunlop","1:42.300",102300,,,,,,,"+2.700",2700,"+0.600",600,
76,1959,1,8,8,"8","38","roy-salvadori","cooper","maserati","dunlop","1:42.400",102400,,,,,,,"+2.800",2800,"+0.100",100,
76,1959,1,9,9,"9","16","harry-schell","brm","brm","dunlop","1:43.000",103000,,,,,,,"+3.400",3400,"+0.600",600,
76,1959,1,10,10,"10","20","ron-flockhart","brm","brm","dunlop","1:43.100",103100,,,,,,,"+3.500",3500,"+0.100",100,
76,1959,1,11,11,"11","26","masten-gregory","cooper","climax","dunlop","1:43.200",103200,,,,,,,"+3.600",3600,"+0.100",100,
76,1959,1,12,12,"12","6","wolfgang-von-trips","porsche","porsche","dunlop","1:43.800",103800,,,,,,,"+4.200",4200,"+0.600",600,
76,1959,1,13,13,"13","22","bruce-mclaren","cooper","climax","dunlop","1:43.900",103900,,,,,,,"+4.300",4300,"+0.100",100,
76,1959,1,14,14,"14","40","graham-hill","lotus","climax","dunlop","1:43.900",103900,,,,,,,"+4.300",4300,"+0.000",0,
76,1959,1,15,15,"15","52","cliff-allison","ferrari","ferrari","dunlop","1:44.400",104400,,,,,,,"+4.800",4800,"+0.500",500,
76,1959,1,16,16,"16","44","bruce-halford","lotus","climax","dunlop","1:44.800",104800,,,,,,,"+5.200",5200,"+0.400",400,
76,1959,1,17,17,"17","34","ivor-bueb","cooper","climax","dunlop","1:44.900",104900,,,,,,,"+5.300",5300,"+0.100",100,
76,1959,1,18,18,"18","54","giorgio-scarlatti","maserati","maserati","dunlop","1:45.000",105000,,,,,,,"+5.400",5400,"+0.100",100,
76,1959,1,19,19,"19","10","lucien-bianchi","cooper","climax","dunlop","1:45.400",105400,,,,,,,"+5.800",5800,"+0.400",400,
76,1959,1,20,20,"20","12","alain-de-changy","cooper","climax","dunlop","1:45.400",105400,,,,,,,"+5.800",5800,"+0.000",0,
76,1959,1,21,21,"21","4","maria-teresa-de-filippis","behra-porsche","porsche","dunlop","1:47.800",107800,,,,,,,"+8.200",8200,"+2.400",2400,
76,1959,1,22,22,"22","42","pete-lovely","lotus","climax","dunlop","1:47.900",107900,,,,,,,"+8.300",8300,"+0.100",100,
76,1959,1,23,23,"23","14","jean-lucienbonnet","cooper","climax","dunlop","1:50.900",110900,,,,,,,"+11.300",11300,"+3.000",3000,
76,1959,1,24,24,"24","56","andre-testut","maserati","maserati","dunlop","1:59.100",119100,,,,,,,"+19.500",19500,"+8.200",8200,
77,1959,2,1,1,"1","3","johnny-thomson","lesovsky","offenhauser","firestone","4:06.730",246730,,,,,,,,,,,
77,1959,2,2,2,"2","44","eddie-sachs","kuzma","offenhauser","firestone","4:07.550",247550,,,,,,,"+0.820",820,"+0.820",820,
77,1959,2,3,3,"3","16","jim-rathmann","watson","offenhauser","firestone","4:09.250",249250,,,,,,,"+2.520",2520,"+1.700",1700,
77,1959,2,4,4,"4","73","dick-rathmann","watson","offenhauser","firestone","4:09.570",249570,,,,,,,"+2.840",2840,"+0.320",320,
77,1959,2,5,5,"5","48","bobby-grim","kurtis-kraft","offenhauser","firestone","4:09.610",249610,,,,,,,"+2.880",2880,"+0.040",40,
77,1959,2,6,6,"6","5","rodger-ward","watson","offenhauser","firestone","4:09.940",249940,,,,,,,"+3.210",3210,"+0.330",330,
77,1959,2,7,7,"7","74","bob-veith","moore","offenhauser","firestone","4:09.960",249960,,,,,,,"+3.230",3230,"+0.020",20,
77,1959,2,8,8,"8","19","eddie-johnson","kurtis-kraft","offenhauser","firestone","4:10.000",250000,,,,,,,"+3.270",3270,"+0.040",40,
77,1959,2,9,9,"9","88","gene-hartley","kuzma","offenhauser","firestone","4:10.740",250740,,,,,,,"+4.010",4010,"+0.740",740,
77,1959,2,10,10,"10","9","don-branson","phillips","offenhauser","firestone","4:11.200",251200,,,,,,,"+4.470",4470,"+0.460",460,
77,1959,2,11,11,"11","33","johnny-boyd","epperly","offenhauser","firestone","4:12.080",252080,,,,,,,"+5.350",5350,"+0.880",880,
77,1959,2,12,12,"12","37","duane-carter","kurtis-kraft","offenhauser","firestone","4:12.110",252110,,,,,,,"+5.380",5380,"+0.030",30,
77,1959,2,13,13,"13","66","jimmy-daywalt","kurtis-kraft","offenhauser","firestone","4:08.820",248820,,,,,,,"+2.090",2090,"-3.290",-2710,
77,1959,2,14,14,"14","24","jack-turner","christensen","offenhauser","firestone","4:10.910",250910,,,,,,,"+4.180",4180,"+2.090",2090,
77,1959,2,15,15,"15","1","tony-bettenhausen","epperly","offenhauser","firestone","4:12.240",252240,,,,,,,"+5.510",5510,"+1.330",1330,
77,1959,2,16,16,"16","99","paul-goldsmith","epperly","offenhauser","firestone","4:12.330",252330,,,,,,,"+5.600",5600,"+0.090",90,
77,1959,2,17,17,"17","10","anthony-joseph-foyt","kuzma","offenhauser","firestone","4:12.370",252370,,,,,,,"+5.640",5640,"+0.040",40,
77,1959,2,18,18,"18","64","pat-flaherty","watson","offenhauser","firestone","4:12.810",252810,,,,,,,"+6.080",6080,"+0.440",440,
77,1959,2,19,19,"19","7","jud-larson","kurtis-kraft","offenhauser","firestone","4:12.990",252990,,,,,,,"+6.260",6260,"+0.180",180,
77,1959,2,20,20,"20","6","jimmy-bryan","epperly","offenhauser","firestone","4:13.310",253310,,,,,,,"+6.580",6580,"+0.320",320,
77,1959,2,21,21,"21","71","chuck-arnold","kurtis-kraft","offenhauser","firestone","4:13.310",253310,,,,,,,"+6.580",6580,"+0.000",0,
77,1959,2,22,22,"22","8","len-sutton","lesovsky","offenhauser","firestone","4:13.330",253330,,,,,,,"+6.600",6600,"+0.020",20,
77,1959,2,23,23,"23","89","al-herman","dunn","offenhauser","firestone","4:13.630",253630,,,,,,,"+6.900",6900,"+0.300",300,
77,1959,2,24,24,"24","65","bob-christie","kurtis-kraft","offenhauser","firestone","4:11.320",251320,,,,,,,"+4.590",4590,"-2.310",-1690,
77,1959,2,25,25,"25","15","don-freeland","kurtis-kraft","offenhauser","firestone","4:11.650",251650,,,,,,,"+4.920",4920,"+0.330",330,
77,1959,2,26,26,"26","87","red-amick","kurtis-kraft","offenhauser","firestone","4:11.880",251880,,,,,,,"+5.150",5150,"+0.230",230,
77,1959,2,27,27,"27","45","paul-russo","kurtis-kraft","offenhauser","firestone","4:12.840",252840,,,,,,,"+6.110",6110,"+0.960",960,
77,1959,2,28,28,"28","57","al-keller","kuzma","offenhauser","firestone","4:13.420",253420,,,,,,,"+6.690",6690,"+0.580",580,
77,1959,2,29,29,"29","47","chuck-weyant","kurtis-kraft","offenhauser","firestone","4:13.610",253610,,,,,,,"+6.880",6880,"+0.190",190,
77,1959,2,30,30,"30","53","bill-cheesbourg","kuzma","offenhauser","firestone","4:13.900",253900,,,,,,,"+7.170",7170,"+0.290",290,
77,1959,2,31,31,"31","77","mike-magill","sutton","offenhauser","firestone","4:14.450",254450,,,,,,,"+7.720",7720,"+0.550",550,
77,1959,2,32,32,"32","49","ray-crawford","elder","offenhauser","firestone","4:14.690",254690,,,,,,,"+7.960",7960,"+0.240",240,
77,1959,2,33,33,"33","58","jim-mcwithey","kurtis-kraft","offenhauser","firestone","4:14.930",254930,,,,,,,"+8.200",8200,"+0.240",240,
78,1959,3,1,1,"1","7","jo-bonnier","brm","brm","dunlop","1:36.000",96000,,,,,,,,,,,
78,1959,3,2,2,"2","8","jack-brabham","cooper","climax","dunlop","1:36.000",96000,,,,,,,"+0.000",0,"+0.000",0,
78,1959,3,3,3,"3","11","stirling-moss","cooper","climax","dunlop","1:36.200",96200,,,,,,,"+0.200",200,"+0.200",200,
78,1959,3,4,4,"4","1","jean-behra","ferrari","ferrari","dunlop","1:36.600",96600,,,,,,,"+0.600",600,"+0.400",400,
78,1959,3,5,5,"5","14","graham-hill","lotus","climax","dunlop","1:36.700",96700,,,,,,,"+0.700",700,"+0.100",100,
78,1959,3,6,6,"6","6","harry-schell","brm","brm","dunlop","1:37.300",97300,,,,,,,"+1.300",1300,"+0.600",600,
78,1959,3,7,7,"7","9","masten-gregory","cooper","climax","dunlop","1:37.600",97600,,,,,,,"+1.600",1600,"+0.300",300,
78,1959,3,8,8,"8","2","tony-brooks","ferrari","ferrari","dunlop","1:37.900",97900,,,,,,,"+1.900",1900,"+0.300",300,
78,1959,3,9,9,"9","12","innes-ireland","lotus","climax","dunlop","1:38.300",98300,,,,,,,"+2.300",2300,"+0.400",400,
78,1959,3,10,10,"10","5","carroll-shelby","aston-martin","aston-martin","avon","1:38.500",98500,,,,,,,"+2.500",2500,"+0.200",200,
78,1959,3,11,11,"11","10","maurice-trintignant","cooper","climax","dunlop","1:38.700",98700,,,,,,,"+2.700",2700,"+0.200",200,
78,1959,3,12,12,"12","3","phil-hill","ferrari","ferrari","dunlop","1:39.200",99200,,,,,,,"+3.200",3200,"+0.500",500,
78,1959,3,13,13,"13","4","roy-salvadori","aston-martin","aston-martin","avon","1:39.700",99700,,,,,,,"+3.700",3700,"+0.500",500,
78,1959,3,14,14,"14","15","carel-godin-de-beaufort","porsche","porsche","dunlop","1:44.500",104500,,,,,,,"+8.500",8500,"+4.800",4800,
78,1959,3,15,15,"15","16","cliff-allison","ferrari","ferrari","dunlop",,,,,,,,,,,,,
79,1959,4,1,1,"1","24","tony-brooks","ferrari","ferrari","dunlop","2:19.400",139400,,,,,,,,,,,
79,1959,4,2,2,"2","8","jack-brabham","cooper","climax","dunlop","2:19.700",139700,,,,,,,"+0.300",300,"+0.300",300,
79,1959,4,3,3,"3","26","phil-hill","ferrari","ferrari","dunlop","2:19.800",139800,,,,,,,"+0.400",400,"+0.100",100,
79,1959,4,4,4,"4","2","stirling-moss","brm","brm","dunlop","2:19.900",139900,,,,,,,"+0.500",500,"+0.100",100,
79,1959,4,5,5,"5","30","jean-behra","ferrari","ferrari","dunlop","2:20.200",140200,,,,,,,"+0.800",800,"+0.300",300,
79,1959,4,6,6,"6","4","jo-bonnier","brm","brm","dunlop","2:20.600",140600,,,,,,,"+1.200",1200,"+0.400",400,
79,1959,4,7,7,"7","10","masten-gregory","cooper","climax","dunlop","2:20.800",140800,,,,,,,"+1.400",1400,"+0.200",200,
79,1959,4,8,8,"8","14","maurice-trintignant","cooper","climax","dunlop","2:21.300",141300,,,,,,,"+1.900",1900,"+0.500",500,
79,1959,4,9,9,"9","6","harry-schell","brm","brm","dunlop","2:21.500",141500,,,,,,,"+2.100",2100,"+0.200",200,
79,1959,4,10,10,"10","12","bruce-mclaren","cooper","climax","dunlop","2:21.500",141500,,,,,,,"+2.100",2100,"+0.000",0,
79,1959,4,11,11,"11","22","olivier-gendebien","ferrari","ferrari","dunlop","2:21.500",141500,,,,,,,"+2.100",2100,"+0.000",0,
79,1959,4,12,12,"12","28","dan-gurney","ferrari","ferrari","dunlop","2:21.900",141900,,,,,,,"+2.500",2500,"+0.400",400,
79,1959,4,13,13,"13","44","ron-flockhart","brm","brm","dunlop","2:23.400",143400,,,,,,,"+4.000",4000,"+1.500",1500,
79,1959,4,14,14,"14","32","graham-hill","lotus","climax","dunlop","2:23.700",143700,,,,,,,"+4.300",4300,"+0.300",300,
79,1959,4,15,15,"15","34","innes-ireland","lotus","climax","dunlop","2:24.200",144200,,,,,,,"+4.800",4800,"+0.500",500,
79,1959,4,16,16,"16","16","roy-salvadori","cooper","maserati","dunlop","2:26.400",146400,,,,,,,"+7.000",7000,"+2.200",2200,
79,1959,4,17,17,"17","20","colin-davis","cooper","maserati","dunlop","2:32.300",152300,,,,,,,"+12.900",12900,"+5.900",5900,
79,1959,4,18,18,"18","38","fritz-dorey","maserati","maserati","dunlop","2:34.000",154000,,,,,,,"+14.600",14600,"+1.700",1700,
79,1959,4,19,19,"19","18","ian-burgess","cooper","maserati","dunlop","2:35.200",155200,,,,,,,"+15.800",15800,"+1.200",1200,
79,1959,4,20,20,"20","42","carel-godin-de-beaufort","maserati","maserati","dunlop","2:35.400",155400,,,,,,,"+16.000",16000,"+0.200",200,
79,1959,4,21,21,"21","40","giorgio-scarlatti","maserati","maserati","dunlop","2:35.600",155600,,,,,,,"+16.200",16200,"+0.200",200,
80,1959,5,1,1,"1","12","jack-brabham","cooper","climax","dunlop","1:58.000",118000,,,,,,,,,,,
80,1959,5,2,2,"2","2","roy-salvadori","aston-martin","aston-martin","avon","1:58.000",118000,,,,,,,"+0.000",0,"+0.000",0,
80,1959,5,3,3,"3","8","harry-schell","brm","brm","dunlop","1:59.200",119200,,,,,,,"+1.200",1200,"+1.200",1200,
80,1959,5,4,4,"4","18","maurice-trintignant","cooper","climax","dunlop","1:59.200",119200,,,,,,,"+1.200",1200,"+0.000",0,
80,1959,5,5,5,"5","14","masten-gregory","cooper","climax","dunlop","1:59.400",119400,,,,,,,"+1.400",1400,"+0.200",200,
80,1959,5,6,6,"6","4","carroll-shelby","aston-martin","aston-martin","avon","1:59.600",119600,,,,,,,"+1.600",1600,"+0.200",200,
80,1959,5,7,7,"7","6","stirling-moss","brm","brm","dunlop","1:59.600",119600,,,,,,,"+1.600",1600,"+0.000",0,
80,1959,5,8,8,"8","16","bruce-mclaren","cooper","climax","dunlop","1:59.600",119600,,,,,,,"+1.600",1600,"+0.000",0,
80,1959,5,9,9,"9","28","graham-hill","lotus","climax","dunlop","2:00.000",120000,,,,,,,"+2.000",2000,"+0.400",400,
80,1959,5,10,10,"10","10","jo-bonnier","brm","brm","dunlop","2:00.000",120000,,,,,,,"+2.000",2000,"+0.000",0,
80,1959,5,11,11,"11","42","ron-flockhart","brm","brm","dunlop","2:00.200",120200,,,,,,,"+2.200",2200,"+0.200",200,
80,1959,5,12,12,"12","30","alan-stacey","lotus","climax","dunlop","2:02.800",122800,,,,,,,"+4.800",4800,"+2.600",2600,
80,1959,5,13,13,"13","22","ian-burgess","cooper","maserati","dunlop","2:03.000",123000,,,,,,,"+5.000",5000,"+0.200",200,
80,1959,5,14,14,"14","36","brian-naylor","jbw","maserati","dunlop","2:03.000",123000,,,,,,,"+5.000",5000,"+0.000",0,
80,1959,5,15,15,"15","38","jack-fairman","cooper","climax","dunlop","2:04.200",124200,,,,,,,"+6.200",6200,"+1.200",1200,
80,1959,5,16,16,"16","48","chris-bristow","cooper","borgward","dunlop","2:04.400",124400,,,,,,,"+6.400",6400,"+0.200",200,
80,1959,5,17,17,"17","20","tony-brooks","vanwall","vanwall","dunlop","2:04.600",124600,,,,,,,"+6.600",6600,"+0.200",200,
80,1959,5,18,18,"18","46","ivor-bueb","cooper","borgward","dunlop","2:04.800",124800,,,,,,,"+6.800",6800,"+0.200",200,
80,1959,5,19,19,"19","24","hans-herrmann","cooper","maserati","dunlop","2:05.600",125600,,,,,,,"+7.600",7600,"+0.800",800,
80,1959,5,20,20,"20","40","fritz-dorey","maserati","maserati","dunlop","2:05.600",125600,,,,,,,"+7.600",7600,"+0.000",0,
80,1959,5,21,21,"21","58","henry-taylor","cooper","climax","dunlop","2:05.600",125600,,,,,,,"+7.600",7600,"+0.000",0,
80,1959,5,22,22,"22","64","david-piper","lotus","climax","dunlop","2:06.000",126000,,,,,,,"+8.000",8000,"+0.400",400,
80,1959,5,23,23,"23","52","peter-ashdown","cooper","climax","dunlop","2:06.200",126200,,,,,,,"+8.200",8200,"+0.200",200,
80,1959,5,24,24,"24","50","mike-taylor","cooper","climax","dunlop","2:07.000",127000,,,,,,,"+9.000",9000,"+0.800",800,
80,1959,5,25,25,"25","56","bill-moss","cooper","climax","dunlop","2:07.200",127200,,,,,,,"+9.200",9200,"+0.200",200,
80,1959,5,26,26,"26","60","mike-parkes","fry","climax","dunlop","2:07.600",127600,,,,,,,"+9.600",9600,"+0.400",400,
80,1959,5,27,27,"27","44","trevor-taylor","cooper","climax","dunlop","2:08.200",128200,,,,,,,"+10.200",10200,"+0.600",600,
80,1959,5,28,28,"28","54","keith-greene","cooper","climax","dunlop","2:09.800",129800,,,,,,,"+11.800",11800,"+1.600",1600,
80,1959,5,29,29,"29","66","tim-parnell","cooper","climax","dunlop",,,,,,,,,,,,,
80,1959,5,30,30,"30","62","dennis-taylor","lotus","climax","dunlop",,,,,,,,,,,,,
81,1959,6,1,1,"1","17","cliff-allison","ferrari","ferrari","dunlop","2:05.800",125800,,,,,,,,,,,
81,1959,6,2,2,"2","4","tony-brooks","ferrari","ferrari","dunlop","2:05.900",125900,,,,,,,"+0.100",100,"+0.100",100,
81,1959,6,3,3,"3","7","stirling-moss","cooper","climax","dunlop","2:06.800",126800,,,,,,,"+1.000",1000,"+0.900",900,
81,1959,6,4,4,"4","6","dan-gurney","ferrari","ferrari","dunlop","2:07.200",127200,,,,,,,"+1.400",1400,"+0.400",400,
81,1959,6,5,5,"5","1","jack-brabham","cooper","climax","dunlop","2:07.400",127400,,,,,,,"+1.600",1600,"+0.200",200,
81,1959,6,6,6,"6","3","masten-gregory","cooper","climax","dunlop","2:07.500",127500,,,,,,,"+1.700",1700,"+0.100",100,
81,1959,6,7,7,"7","5","phil-hill","ferrari","ferrari","dunlop","2:07.600",127600,,,,,,,"+1.800",1800,"+0.100",100,
81,1959,6,8,8,"8","9","jo-bonnier","brm","brm","dunlop","2:10.300",130300,,,,,,,"+4.500",4500,"+2.700",2700,
81,1959,6,9,9,"9","10","harry-schell","brm","brm","dunlop","2:10.300",130300,,,,,,,"+4.500",4500,"+0.000",0,
81,1959,6,10,10,"10","2","bruce-mclaren","cooper","climax","dunlop","2:10.400",130400,,,,,,,"+4.600",4600,"+0.100",100,
81,1959,6,11,11,"11","16","graham-hill","lotus","climax","dunlop","2:10.800",130800,,,,,,,"+5.000",5000,"+0.400",400,
81,1959,6,12,12,"12","11","hans-herrmann","brm","brm","dunlop","2:11.400",131400,,,,,,,"+5.600",5600,"+0.600",600,
81,1959,6,13,13,"13","8","maurice-trintignant","cooper","climax","dunlop","2:12.700",132700,,,,,,,"+6.900",6900,"+1.300",1300,
81,1959,6,14,14,"14","15","innes-ireland","lotus","climax","dunlop","2:14.600",134600,,,,,,,"+8.800",8800,"+1.900",1900,
81,1959,6,15,15,"15","18","ian-burgess","cooper","maserati","dunlop","2:18.900",138900,,,,,,,"+13.100",13100,"+4.300",4300,
82,1959,7,1,1,"1","4","stirling-moss","cooper","climax","dunlop","2:02.890",122890,,,,,,,,,,,
82,1959,7,2,2,"2","1","jack-brabham","cooper","climax","dunlop","2:04.950",124950,,,,,,,"+2.060",2060,"+2.060",2060,
82,1959,7,3,3,"3","2","masten-gregory","cooper","climax","dunlop","2:06.330",126330,,,,,,,"+3.440",3440,"+1.380",1380,
82,1959,7,4,4,"4","5","maurice-trintignant","cooper","climax","dunlop","2:07.380",127380,,,,,,,"+4.490",4490,"+1.050",1050,
82,1959,7,5,5,"5","7","jo-bonnier","brm","brm","dunlop","2:07.860",127860,,,,,,,"+4.970",4970,"+0.480",480,
82,1959,7,6,6,"6","16","dan-gurney","ferrari","ferrari","dunlop","2:07.990",127990,,,,,,,"+5.100",5100,"+0.130",130,
82,1959,7,7,7,"7","15","phil-hill","ferrari","ferrari","dunlop","2:08.020",128020,,,,,,,"+5.130",5130,"+0.030",30,
82,1959,7,8,8,"8","3","bruce-mclaren","cooper","climax","dunlop","2:08.170",128170,,,,,,,"+5.280",5280,"+0.150",150,
82,1959,7,9,9,"9","6","harry-schell","brm","brm","dunlop","2:09.080",129080,,,,,,,"+6.190",6190,"+0.910",910,
82,1959,7,10,10,"10","14","tony-brooks","ferrari","ferrari","dunlop","2:10.960",130960,,,,,,,"+8.070",8070,"+1.880",1880,
82,1959,7,11,11,"11","8","ron-flockhart","brm","brm","dunlop","2:10.980",130980,,,,,,,"+8.090",8090,"+0.020",20,
82,1959,7,12,12,"12","10","roy-salvadori","aston-martin","aston-martin","avon","2:13.280",133280,,,,,,,"+10.390",10390,"+2.300",2300,
82,1959,7,13,13,"13","9","carroll-shelby","aston-martin","aston-martin","avon","2:13.580",133580,,,,,,,"+10.690",10690,"+0.300",300,
82,1959,7,14,14,"14","18","mario-de-araujo-cabral","cooper","maserati","dunlop","2:15.250",135250,,,,,,,"+12.360",12360,"+1.670",1670,
82,1959,7,15,15,"15","11","graham-hill","lotus","climax","dunlop","2:15.550",135550,,,,,,,"+12.660",12660,"+0.300",300,
82,1959,7,16,16,"16","12","innes-ireland","lotus","climax","dunlop","2:18.470",138470,,,,,,,"+15.580",15580,"+2.920",2920,
83,1959,8,1,1,"1","14","stirling-moss","cooper","climax","dunlop","1:39.700",99700,,,,,,,,,,,
83,1959,8,2,2,"2","30","tony-brooks","ferrari","ferrari","dunlop","1:39.800",99800,,,,,,,"+0.100",100,"+0.100",100,
83,1959,8,3,3,"3","12","jack-brabham","cooper","climax","dunlop","1:40.200",100200,,,,,,,"+0.500",500,"+0.400",400,
83,1959,8,4,4,"4","36","dan-gurney","ferrari","ferrari","dunlop","1:40.800",100800,,,,,,,"+1.100",1100,"+0.600",600,
83,1959,8,5,5,"5","32","phil-hill","ferrari","ferrari","dunlop","1:41.200",101200,,,,,,,"+1.500",1500,"+0.400",400,
83,1959,8,6,6,"6","38","olivier-gendebien","ferrari","ferrari","dunlop","1:41.400",101400,,,,,,,"+1.700",1700,"+0.200",200,
83,1959,8,7,7,"7","2","harry-schell","brm","brm","dunlop","1:41.600",101600,,,,,,,"+1.900",1900,"+0.200",200,
83,1959,8,8,8,"8","34","cliff-allison","ferrari","ferrari","dunlop","1:41.800",101800,,,,,,,"+2.100",2100,"+0.200",200,
83,1959,8,9,9,"9","8","bruce-mclaren","cooper","climax","dunlop","1:42.000",102000,,,,,,,"+2.300",2300,"+0.200",200,
83,1959,8,10,10,"10","18","graham-hill","lotus","climax","dunlop","1:42.900",102900,,,,,,,"+3.200",3200,"+0.900",900,
83,1959,8,11,11,"11","6","jo-bonnier","brm","brm","dunlop","1:43.100",103100,,,,,,,"+3.400",3400,"+0.200",200,
83,1959,8,12,12,"12","10","giorgio-scarlatti","cooper","climax","dunlop","1:43.300",103300,,,,,,,"+3.600",3600,"+0.200",200,
83,1959,8,13,13,"13","16","maurice-trintignant","cooper","climax","dunlop","1:43.400",103400,,,,,,,"+3.700",3700,"+0.100",100,
83,1959,8,14,14,"14","20","innes-ireland","lotus","climax","dunlop","1:43.500",103500,,,,,,,"+3.800",3800,"+0.100",100,
83,1959,8,15,15,"15","4","ron-flockhart","brm","brm","dunlop","1:43.600",103600,,,,,,,"+3.900",3900,"+0.100",100,
83,1959,8,16,16,"16","42","ian-burgess","cooper","maserati","dunlop","1:44.600",104600,,,,,,,"+4.900",4900,"+1.000",1000,
83,1959,8,17,17,"17","24","roy-salvadori","aston-martin","aston-martin","avon","1:44.700",104700,,,,,,,"+5.000",5000,"+0.100",100,
83,1959,8,18,18,"18","40","colin-davis","cooper","maserati","dunlop","1:44.900",104900,,,,,,,"+5.200",5200,"+0.200",200,
83,1959,8,19,19,"19","26","carroll-shelby","aston-martin","aston-martin","avon","1:46.400",106400,,,,,,,"+6.700",6700,"+1.500",1500,
83,1959,8,20,20,"20","22","jack-fairman","cooper","maserati","dunlop","1:49.400",109400,,,,,,,"+9.700",9700,"+3.000",3000,
83,1959,8,21,21,"21","28","giulio-cabianca","maserati","maserati","dunlop","1:51.500",111500,,,,,,,"+11.800",11800,"+2.100",2100,
84,1959,9,1,1,"1","7","stirling-moss","cooper","climax","dunlop","3:00.000",180000,,,,,,,,,,,
84,1959,9,2,2,"2","8","jack-brabham","cooper","climax","dunlop","3:03.000",183000,,,,,,,"+3.000",3000,"+3.000",3000,
84,1959,9,3,3,"3","19","harry-schell","cooper","climax","dunlop","3:05.200",185200,,,,,,,"+5.200",5200,"+2.200",2200,
84,1959,9,4,4,"4","2","tony-brooks","ferrari","ferrari","dunlop","3:05.900",185900,,,,,,,"+5.900",5900,"+0.700",700,
84,1959,9,5,5,"5","6","maurice-trintignant","cooper","climax","dunlop","3:06.000",186000,,,,,,,"+6.000",6000,"+0.100",100,
84,1959,9,6,6,"6","4","wolfgang-von-trips","ferrari","ferrari","dunlop","3:06.200",186200,,,,,,,"+6.200",6200,"+0.200",200,
84,1959,9,7,7,"7","3","cliff-allison","ferrari","ferrari","dunlop","3:06.200",186200,,,,,,,"+6.200",6200,"+0.000",0,
84,1959,9,8,8,"8","5","phil-hill","ferrari","ferrari","dunlop","3:07.200",187200,,,,,,,"+7.200",7200,"+1.000",1000,
84,1959,9,9,9,"9","10","innes-ireland","lotus","climax","dunlop","3:08.200",188200,,,,,,,"+8.200",8200,"+1.000",1000,
84,1959,9,10,10,"10","9","bruce-mclaren","cooper","climax","dunlop","3:08.600",188600,,,,,,,"+8.600",8600,"+0.400",400,
84,1959,9,11,11,"11","12","roy-salvadori","cooper","maserati","dunlop","3:12.000",192000,,,,,,,"+12.000",12000,"+3.400",3400,
84,1959,9,12,12,"12","11","alan-stacey","lotus","climax","dunlop","3:13.800",193800,,,,,,,"+13.800",13800,"+1.800",1800,
84,1959,9,13,13,"13","18","bob-said","connaught","alta","dunlop","3:27.300",207300,,,,,,,"+27.300",27300,"+13.500",13500,
84,1959,9,14,14,"14","14","alejandro-de-tomaso","cooper","osca","dunlop","3:28.000",208000,,,,,,,"+28.000",28000,"+0.700",700,
84,1959,9,15,15,"15","16","george-constantine","cooper","climax","dunlop","3:30.600",210600,,,,,,,"+30.600",30600,"+2.600",2600,
84,1959,9,16,16,"16","17","harry-blanchard","porsche","porsche","dunlop","3:32.700",212700,,,,,,,"+32.700",32700,"+2.100",2100,
84,1959,9,17,17,"17","15","fritz-dorey","tec-mec","maserati","dunlop","3:33.400",213400,,,,,,,"+33.400",33400,"+0.700",700,
84,1959,9,18,18,"18","22","phil-cade","maserati","maserati","dunlop","3:39.000",219000,,,,,,,"+39.000",39000,"+5.600",5600,
84,1959,9,19,19,"19","1","rodger-ward","kurtis-kraft","offenhauser","firestone","3:43.800",223800,,,,,,,"+43.800",43800,"+4.800",4800,
85,1960,1,1,1,"1","36","stirling-moss","cooper","climax","dunlop","1:36.900",96900,,,,,,,,,,,
85,1960,1,2,2,"2","20","innes-ireland","lotus","climax","dunlop","1:38.500",98500,,,,,,,"+1.600",1600,"+1.600",1600,
85,1960,1,3,3,"3","42","graham-hill","brm","brm","dunlop","1:38.900",98900,,,,,,,"+2.000",2000,"+0.400",400,
85,1960,1,4,4,"4","40","jo-bonnier","brm","brm","dunlop","1:38.900",98900,,,,,,,"+2.000",2000,"+0.000",0,
85,1960,1,5,5,"5","30","wolfgang-von-trips","ferrari","ferrari","dunlop","1:39.200",99200,,,,,,,"+2.300",2300,"+0.300",300,
85,1960,1,6,6,"6","26","phil-hill","ferrari","ferrari","dunlop","1:39.300",99300,,,,,,,"+2.400",2400,"+0.100",100,
85,1960,1,7,7,"7","24","cliff-allison","ferrari","ferrari","dunlop","1:39.700",99700,,,,,,,"+2.800",2800,"+0.400",400,
85,1960,1,8,8,"8","38","maurice-trintignant","cooper","climax","dunlop","1:39.900",99900,,,,,,,"+3.000",3000,"+0.200",200,
85,1960,1,9,9,"9","34","harry-schell","cooper","climax","dunlop","1:40.300",100300,,,,,,,"+3.400",3400,"+0.400",400,
85,1960,1,10,10,"10","18","jack-brabham","cooper","climax","dunlop","1:40.600",100600,,,,,,,"+3.700",3700,"+0.300",300,
85,1960,1,11,11,"11","32","jose-froilan-gonzalez","ferrari","ferrari","dunlop","1:41.000",101000,,,,,,,"+4.100",4100,"+0.400",400,
85,1960,1,12,12,"12","6","carlos-menditeguy","cooper","maserati","dunlop","1:41.800",101800,,,,,,,"+4.900",4900,"+0.800",800,
85,1960,1,13,13,"13","16","bruce-mclaren","cooper","climax","dunlop","1:41.800",101800,,,,,,,"+4.900",4900,"+0.000",0,
85,1960,1,14,14,"14","22","alan-stacey","lotus","climax","dunlop","1:43.600",103600,,,,,,,"+6.700",6700,"+1.800",1800,
85,1960,1,15,15,"15","46","alberto-rodriguez-larreta","lotus","climax","dunlop","1:45.000",105000,,,,,,,"+8.100",8100,"+1.400",1400,
85,1960,1,16,16,"16","2","masten-gregory","behra-porsche","porsche","dunlop","1:45.500",105500,,,,,,,"+8.600",8600,"+0.500",500,
85,1960,1,17,17,"17","4","roberto-bonomi","cooper","maserati","dunlop","1:46.100",106100,,,,,,,"+9.200",9200,"+0.600",600,
85,1960,1,18,18,"18","8","giorgio-scarlatti","maserati","maserati","dunlop","1:46.100",106100,,,,,,,"+9.200",9200,"+0.000",0,
85,1960,1,19,19,"19","14","gino-munaron","maserati","maserati","dunlop","1:49.000",109000,,,,,,,"+12.100",12100,"+2.900",2900,
85,1960,1,20,20,"20","10","nasif-estefano","maserati","maserati","dunlop","1:50.100",110100,,,,,,,"+13.200",13200,"+1.100",1100,
85,1960,1,21,21,"21","44","ettore-chimeri","maserati","maserati","dunlop","1:50.500",110500,,,,,,,"+13.600",13600,"+0.400",400,
85,1960,1,22,22,"22","12","antonio-creus","maserati","maserati","dunlop","1:52.800",112800,,,,,,,"+15.900",15900,"+2.300",2300,
86,1960,2,1,1,"1","28","stirling-moss","lotus","climax","dunlop","1:36.300",96300,,,,,,,,,,,
86,1960,2,2,2,"2","8","jack-brabham","cooper","climax","dunlop","1:37.300",97300,,,,,,,"+1.000",1000,"+1.000",1000,
86,1960,2,3,3,"3","18","tony-brooks","cooper","climax","dunlop","1:37.700",97700,,,,,,,"+1.400",1400,"+0.400",400,
86,1960,2,4,4,"4","16","chris-bristow","cooper","climax","dunlop","1:37.700",97700,,,,,,,"+1.400",1400,"+0.000",0,
86,1960,2,5,5,"5","2","jo-bonnier","brm","brm","dunlop","1:37.700",97700,,,,,,,"+1.400",1400,"+0.000",0,
86,1960,2,6,6,"6","6","graham-hill","brm","brm","dunlop","1:38.000",98000,,,,,,,"+1.700",1700,"+0.300",300,
86,1960,2,7,7,"7","22","innes-ireland","lotus","climax","dunlop","1:38.200",98200,,,,,,,"+1.900",1900,"+0.200",200,
86,1960,2,8,8,"8","38","wolfgang-von-trips","ferrari","ferrari","dunlop","1:38.300",98300,,,,,,,"+2.000",2000,"+0.100",100,
86,1960,2,9,9,"9","34","richie-ginther","ferrari","ferrari","dunlop","1:38.600",98600,,,,,,,"+2.300",2300,"+0.300",300,
86,1960,2,10,10,"10","36","phil-hill","ferrari","ferrari","dunlop","1:38.600",98600,,,,,,,"+2.300",2300,"+0.000",0,
86,1960,2,11,11,"11","10","bruce-mclaren","cooper","climax","dunlop","1:38.600",98600,,,,,,,"+2.300",2300,"+0.000",0,
86,1960,2,12,12,"12","14","roy-salvadori","cooper","climax","dunlop","1:38.700",98700,,,,,,,"+2.400",2400,"+0.100",100,
86,1960,2,13,13,"13","24","alan-stacey","lotus","climax","dunlop","1:38.900",98900,,,,,,,"+2.600",2600,"+0.200",200,
86,1960,2,14,14,"14","4","dan-gurney","brm","brm","dunlop","1:38.900",98900,,,,,,,"+2.600",2600,"+0.000",0,
86,1960,2,15,15,"15","26","john-surtees","lotus","climax","dunlop","1:39.000",99000,,,,,,,"+2.700",2700,"+0.100",100,
86,1960,2,16,16,"16","44","maurice-trintignant","cooper","maserati","dunlop","1:39.100",99100,,,,,,,"+2.800",2800,"+0.100",100,
86,1960,2,17,17,"17","12","bruce-halford","cooper","climax","dunlop","1:39.600",99600,,,,,,,"+3.300",3300,"+0.500",500,
86,1960,2,18,18,"18","32","cliff-allison","ferrari","ferrari","dunlop","1:39.700",99700,,,,,,,"+3.400",3400,"+0.100",100,
86,1960,2,19,19,"19","20","brian-naylor","jbw","maserati","dunlop","1:40.300",100300,,,,,,,"+4.000",4000,"+0.600",600,
86,1960,2,20,20,"20","40","masten-gregory","cooper","maserati","dunlop","1:41.600",101600,,,,,,,"+5.300",5300,"+1.300",1300,
86,1960,2,21,21,"21","46","chuck-daigh","scarab","scarab","dunlop","1:47.000",107000,,,,,,,"+10.700",10700,"+5.400",5400,
86,1960,2,22,22,"22","30","giorgio-scarlatti","cooper","castellotti","dunlop","1:47.400",107400,,,,,,,"+11.100",11100,"+0.400",400,
86,1960,2,23,23,"23","48","lance-reventlow","scarab","scarab","dunlop","1:48.500",108500,,,,,,,"+12.200",12200,"+1.100",1100,
86,1960,2,24,24,"24","42","ian-burgess","cooper","maserati","dunlop","1:49.100",109100,,,,,,,"+12.800",12800,"+0.600",600,
86,1960,2,25,25,"25","30","gino-munaron","cooper","castellotti","dunlop",,,,,,,,,,,,,
87,1960,3,1,1,"1","6","eddie-sachs","ewing","offenhauser","firestone","4:05.580",245580,,,,,,,,,,,
87,1960,3,2,2,"2","4","jim-rathmann","watson","offenhauser","firestone","4:05.950",245950,,,,,,,"+0.370",370,"+0.370",370,
87,1960,3,3,3,"3","1","rodger-ward","watson","offenhauser","firestone","4:07.320",247320,,,,,,,"+1.740",1740,"+1.370",1370,
87,1960,3,4,4,"4","97","dick-rathmann","watson","offenhauser","firestone","4:07.350",247350,,,,,,,"+1.770",1770,"+0.030",30,
87,1960,3,5,5,"5","9","len-sutton","watson","offenhauser","firestone","4:07.520",247520,,,,,,,"+1.940",1940,"+0.170",170,
87,1960,3,6,6,"6","28","troy-ruttman","watson","offenhauser","firestone","4:07.650",247650,,,,,,,"+2.070",2070,"+0.130",130,
87,1960,3,7,7,"7","22","eddie-johnson","trevis","offenhauser","firestone","4:08.270",248270,,,,,,,"+2.690",2690,"+0.620",620,
87,1960,3,8,8,"8","7","don-branson","phillips","offenhauser","firestone","4:08.700",248700,,,,,,,"+3.120",3120,"+0.430",430,
87,1960,3,9,9,"9","65","chuck-stevenson","watson","offenhauser","firestone","4:08.850",248850,,,,,,,"+3.270",3270,"+0.150",150,
87,1960,3,10,10,"10","10","jimmy-bryan","epperly","offenhauser","firestone","4:09.080",249080,,,,,,,"+3.500",3500,"+0.230",230,
87,1960,3,11,11,"11","73","don-freeland","kurtis-kraft","offenhauser","firestone","4:09.390",249390,,,,,,,"+3.810",3810,"+0.310",310,
87,1960,3,12,12,"12","98","lloyd-ruby","watson","offenhauser","firestone","4:09.640",249640,,,,,,,"+4.060",4060,"+0.250",250,
87,1960,3,13,13,"13","8","johnny-boyd","epperly","offenhauser","firestone","4:10.400",250400,,,,,,,"+4.820",4820,"+0.760",760,
87,1960,3,14,14,"14","38","bob-christie","kurtis-kraft","offenhauser","firestone","4:10.630",250630,,,,,,,"+5.050",5050,"+0.230",230,
87,1960,3,15,15,"15","32","wayne-weiler","epperly","offenhauser","firestone","4:10.850",250850,,,,,,,"+5.270",5270,"+0.220",220,
87,1960,3,16,16,"16","5","anthony-joseph-foyt","kurtis-kraft","offenhauser","firestone","4:10.930",250930,,,,,,,"+5.350",5350,"+0.080",80,
87,1960,3,17,17,"17","3","johnny-thomson","lesovsky","offenhauser","firestone","4:05.830",245830,,,,,,,"+0.250",250,"-5.100",-4900,
87,1960,3,18,18,"18","2","tony-bettenhausen","watson","offenhauser","firestone","4:07.910",247910,,,,,,,"+2.330",2330,"+2.080",2080,
87,1960,3,19,19,"19","26","shorty-templeman","kurtis-kraft","offenhauser","firestone","4:10.250",250250,,,,,,,"+4.670",4670,"+2.340",2340,
87,1960,3,20,20,"20","37","gene-force","kurtis-kraft","offenhauser","firestone","4:10.920",250920,,,,,,,"+5.340",5340,"+0.670",670,
87,1960,3,21,21,"21","14","bobby-grim","meskowski","offenhauser","firestone","4:11.470",251470,,,,,,,"+5.890",5890,"+0.550",550,
87,1960,3,22,22,"22","27","red-amick","epperly","offenhauser","firestone","4:11.600",251600,,,,,,,"+6.020",6020,"+0.130",130,
87,1960,3,23,23,"23","56","jim-hurtubise","christensen","offenhauser","firestone","4:01.520",241520,,,,,,,"-4.060",-3940,"-10.080",-9920,
87,1960,3,24,24,"24","48","gene-hartley","kurtis-kraft","offenhauser","firestone","4:10.180",250180,,,,,,,"+4.600",4600,"+8.660",8660,
87,1960,3,25,25,"25","44","bob-veith","meskowski","offenhauser","firestone","4:11.110",251110,,,,,,,"+5.530",5530,"+0.930",930,
87,1960,3,26,26,"26","99","paul-goldsmith","epperly","offenhauser","firestone","4:12.130",252130,,,,,,,"+6.550",6550,"+1.020",1020,
87,1960,3,27,27,"27","17","duane-carter","kuzma","offenhauser","firestone","4:12.400",252400,,,,,,,"+6.820",6820,"+0.270",270,
87,1960,3,28,28,"28","18","bud-tingelstad","trevis","offenhauser","firestone","4:12.890",252890,,,,,,,"+7.310",7310,"+0.490",490,
87,1960,3,29,29,"29","46","eddie-russo","kurtis-kraft","offenhauser","firestone","4:13.160",253160,,,,,,,"+7.580",7580,"+0.270",270,
87,1960,3,30,30,"30","76","al-herman","ewing","offenhauser","firestone","4:13.810",253810,,,,,,,"+8.230",8230,"+0.650",650,
87,1960,3,31,31,"31","39","bill-homeier","kuzma","offenhauser","firestone","4:14.870",254870,,,,,,,"+9.290",9290,"+1.060",1060,
87,1960,3,32,32,"32","16","jim-mcwithey","epperly","offenhauser","firestone","4:16.450",256450,,,,,,,"+10.870",10870,"+1.580",1580,
87,1960,3,33,33,"33","23","dempsey-wilson","kurtis-kraft","offenhauser","firestone","4:11.370",251370,,,,,,,"+5.790",5790,"-5.080",-4920,
88,1960,4,1,1,"1","7","stirling-moss","lotus","climax","dunlop","1:33.200",93200,,,,,,,,,,,
88,1960,4,2,2,"2","11","jack-brabham","cooper","climax","dunlop","1:33.400",93400,,,,,,,"+0.200",200,"+0.200",200,
88,1960,4,3,3,"3","4","innes-ireland","lotus","climax","dunlop","1:33.900",93900,,,,,,,"+0.700",700,"+0.500",500,
88,1960,4,4,4,"4","14","jo-bonnier","brm","brm","dunlop","1:34.300",94300,,,,,,,"+1.100",1100,"+0.400",400,
88,1960,4,5,5,"5","16","graham-hill","brm","brm","dunlop","1:35.100",95100,,,,,,,"+1.900",1900,"+0.800",800,
88,1960,4,6,6,"6","15","dan-gurney","brm","brm","dunlop","1:35.200",95200,,,,,,,"+2.000",2000,"+0.100",100,
88,1960,4,7,7,"7","8","chris-bristow","cooper","climax","dunlop","1:35.300",95300,,,,,,,"+2.100",2100,"+0.100",100,
88,1960,4,8,8,"8","5","alan-stacey","lotus","climax","dunlop","1:35.400",95400,,,,,,,"+2.200",2200,"+0.100",100,
88,1960,4,9,9,"9","12","bruce-mclaren","cooper","climax","dunlop","1:35.700",95700,,,,,,,"+2.500",2500,"+0.300",300,
88,1960,4,10,10,"10","9","tony-brooks","cooper","climax","dunlop","1:36.000",96000,,,,,,,"+2.800",2800,"+0.300",300,
88,1960,4,11,11,"11","6","jim-clark","lotus","climax","dunlop","1:36.300",96300,,,,,,,"+3.100",3100,"+0.300",300,
88,1960,4,12,12,"12","3","richie-ginther","ferrari","ferrari","dunlop","1:36.300",96300,,,,,,,"+3.100",3100,"+0.000",0,
88,1960,4,13,13,"13","1","phil-hill","ferrari","ferrari","dunlop","1:36.400",96400,,,,,,,"+3.200",3200,"+0.100",100,
88,1960,4,14,14,"14","10","henry-taylor","cooper","climax","dunlop","1:36.400",96400,,,,,,,"+3.200",3200,"+0.000",0,
88,1960,4,15,15,"15","2","wolfgang-von-trips","ferrari","ferrari","dunlop","1:36.700",96700,,,,,,,"+3.500",3500,"+0.300",300,
88,1960,4,16,16,"16","22","chuck-daigh","scarab","scarab","dunlop","1:36.700",96700,,,,,,,"+3.500",3500,"+0.000",0,
88,1960,4,17,17,"17","19","masten-gregory","cooper","maserati","dunlop","1:37.300",97300,,,,,,,"+4.100",4100,"+0.600",600,
88,1960,4,18,18,"18","17","roy-salvadori","aston-martin","aston-martin","dunlop","1:37.800",97800,,,,,,,"+4.600",4600,"+0.500",500,
88,1960,4,19,19,"19","18","maurice-trintignant","cooper","maserati","dunlop","1:38.500",98500,,,,,,,"+5.300",5300,"+0.700",700,
88,1960,4,20,20,"20","21","lance-reventlow","scarab","scarab","dunlop","1:38.800",98800,,,,,,,"+5.600",5600,"+0.300",300,
88,1960,4,21,21,"21","20","carel-godin-de-beaufort","cooper","climax","dunlop","1:41.700",101700,,,,,,,"+8.500",8500,"+2.900",2900,
89,1960,5,1,1,"1","2","jack-brabham","cooper","climax","dunlop","3:50.000",230000,,,,,,,,,,,
89,1960,5,2,2,"2","38","tony-brooks","cooper","climax","dunlop","3:52.500",232500,,,,,,,"+2.500",2500,"+2.500",2500,
89,1960,5,3,3,"3","12","stirling-moss","lotus","climax","dunlop","3:52.600",232600,,,,,,,"+2.600",2600,"+0.100",100,
89,1960,5,4,4,"4","24","phil-hill","ferrari","ferrari","dunlop","3:53.300",233300,,,,,,,"+3.300",3300,"+0.700",700,
89,1960,5,5,5,"5","34","olivier-gendebien","cooper","climax","dunlop","3:53.500",233500,,,,,,,"+3.500",3500,"+0.200",200,
89,1960,5,6,6,"6","10","graham-hill","brm","brm","dunlop","3:54.200",234200,,,,,,,"+4.200",4200,"+0.700",700,
89,1960,5,7,7,"7","6","jo-bonnier","brm","brm","dunlop","3:54.800",234800,,,,,,,"+4.800",4800,"+0.600",600,
89,1960,5,8,8,"8","14","innes-ireland","lotus","climax","dunlop","3:55.400",235400,,,,,,,"+5.400",5400,"+0.600",600,
89,1960,5,9,9,"9","36","chris-bristow","cooper","climax","dunlop","3:56.300",236300,,,,,,,"+6.300",6300,"+0.900",900,
89,1960,5,10,10,"10","18","jim-clark","lotus","climax","dunlop","3:57.500",237500,,,,,,,"+7.500",7500,"+1.200",1200,
89,1960,5,11,11,"11","26","wolfgang-von-trips","ferrari","ferrari","dunlop","3:57.800",237800,,,,,,,"+7.800",7800,"+0.300",300,
89,1960,5,12,12,"12","8","dan-gurney","brm","brm","dunlop","3:58.300",238300,,,,,,,"+8.300",8300,"+0.500",500,
89,1960,5,13,13,"13","22","willy-mairesse","ferrari","ferrari","dunlop","3:58.900",238900,,,,,,,"+8.900",8900,"+0.600",600,
89,1960,5,14,14,"14","4","bruce-mclaren","cooper","climax","dunlop","4:00.000",240000,,,,,,,"+10.000",10000,"+1.100",1100,
89,1960,5,15,15,"15","32","lucien-bianchi","cooper","climax","dunlop","4:00.600",240600,,,,,,,"+10.600",10600,"+0.600",600,
89,1960,5,16,15,"15","28","lance-reventlow","scarab","scarab","dunlop","4:09.700",249700,,,,,,,"+19.700",19700,"+9.100",9100,
89,1960,5,17,17,"17","16","alan-stacey","lotus","climax","dunlop","4:17.600",257600,,,,,,,"+27.600",27600,"+7.900",7900,
89,1960,5,18,18,"18","30","chuck-daigh","scarab","scarab","dunlop","4:18.500",258500,,,,,,,"+28.500",28500,"+0.900",900,
89,1960,5,19,19,"19","20","mike-taylor","lotus","climax","dunlop",,,,,,,,,,,,,
90,1960,6,1,1,"1","16","jack-brabham","cooper","climax","dunlop","2:16.800",136800,,,,,,,,,,,
90,1960,6,2,2,"2","2","phil-hill","ferrari","ferrari","dunlop","2:18.200",138200,,,,,,,"+1.400",1400,"+1.400",1400,
90,1960,6,3,3,"3","12","graham-hill","brm","brm","dunlop","2:18.400",138400,,,,,,,"+1.600",1600,"+0.200",200,
90,1960,6,4,4,"4","20","innes-ireland","lotus","climax","dunlop","2:18.500",138500,,,,,,,"+1.700",1700,"+0.100",100,
90,1960,6,5,5,"5","6","willy-mairesse","ferrari","ferrari","dunlop","2:19.300",139300,,,,,,,"+2.500",2500,"+0.800",800,
90,1960,6,6,6,"6","4","wolfgang-von-trips","ferrari","ferrari","dunlop","2:19.400",139400,,,,,,,"+2.600",2600,"+0.100",100,
90,1960,6,7,7,"7","10","dan-gurney","brm","brm","dunlop","2:19.400",139400,,,,,,,"+2.600",2600,"+0.000",0,
90,1960,6,8,8,"8","22","ron-flockhart","lotus","climax","dunlop","2:19.500",139500,,,,,,,"+2.700",2700,"+0.100",100,
90,1960,6,9,9,"9","18","bruce-mclaren","cooper","climax","dunlop","2:19.600",139600,,,,,,,"+2.800",2800,"+0.100",100,
90,1960,6,10,10,"10","8","jo-bonnier","brm","brm","dunlop","2:19.800",139800,,,,,,,"+3.000",3000,"+0.200",200,
90,1960,6,11,11,"11","44","olivier-gendebien","cooper","climax","dunlop","2:20.000",140000,,,,,,,"+3.200",3200,"+0.200",200,
90,1960,6,12,12,"12","24","jim-clark","lotus","climax","dunlop","2:20.300",140300,,,,,,,"+3.500",3500,"+0.300",300,
90,1960,6,13,13,"13","46","henry-taylor","cooper","climax","dunlop","2:22.800",142800,,,,,,,"+6.000",6000,"+2.500",2500,
90,1960,6,14,14,"14","14","tony-brooks","vanwall","vanwall","dunlop","2:23.300",143300,,,,,,,"+6.500",6500,"+0.500",500,
90,1960,6,15,15,"15","36","lucien-bianchi","cooper","climax","dunlop","2:23.600",143600,,,,,,,"+6.800",6800,"+0.300",300,
90,1960,6,16,16,"16","48","bruce-halford","cooper","climax","dunlop","2:23.600",143600,,,,,,,"+6.800",6800,"+0.000",0,
90,1960,6,17,17,"17","40","masten-gregory","cooper","maserati","dunlop","2:24.400",144400,,,,,,,"+7.600",7600,"+0.800",800,
90,1960,6,18,18,"18","38","maurice-trintignant","cooper","maserati","dunlop","2:24.700",144700,,,,,,,"+7.900",7900,"+0.300",300,
90,1960,6,19,19,"19","30","gino-munaron","cooper","castellotti","dunlop","2:31.300",151300,,,,,,,"+14.500",14500,"+6.600",6600,
90,1960,6,20,20,"20","28","richie-ginther","scarab","scarab","dunlop","2:31.300",151300,,,,,,,"+14.500",14500,"+0.000",0,
90,1960,6,21,21,"21","34","david-piper","lotus","climax","dunlop","2:32.000",152000,,,,,,,"+15.200",15200,"+0.700",700,
90,1960,6,22,22,"22","42","ian-burgess","cooper","maserati","dunlop","2:36.700",156700,,,,,,,"+19.900",19900,"+4.700",4700,
90,1960,6,23,23,"23","26","chuck-daigh","scarab","scarab","dunlop","2:46.100",166100,,,,,,,"+29.300",29300,"+9.400",9400,
91,1960,7,1,1,"1","1","jack-brabham","cooper","climax","dunlop","1:34.600",94600,,,,,,,,,,,
91,1960,7,2,2,"2","4","graham-hill","brm","brm","dunlop","1:35.600",95600,,,,,,,"+1.000",1000,"+1.000",1000,
91,1960,7,3,3,"3","2","bruce-mclaren","cooper","climax","dunlop","1:36.000",96000,,,,,,,"+1.400",1400,"+0.400",400,
91,1960,7,4,4,"4","6","jo-bonnier","brm","brm","dunlop","1:36.200",96200,,,,,,,"+1.600",1600,"+0.200",200,
91,1960,7,5,5,"5","7","innes-ireland","lotus","climax","dunlop","1:36.200",96200,,,,,,,"+1.600",1600,"+0.000",0,
91,1960,7,6,6,"6","5","dan-gurney","brm","brm","dunlop","1:36.600",96600,,,,,,,"+2.000",2000,"+0.400",400,
91,1960,7,7,7,"7","11","wolfgang-von-trips","ferrari","ferrari","dunlop","1:37.000",97000,,,,,,,"+2.400",2400,"+0.400",400,
91,1960,7,8,8,"8","8","jim-clark","lotus","climax","dunlop","1:37.000",97000,,,,,,,"+2.400",2400,"+0.000",0,
91,1960,7,9,9,"9","12","tony-brooks","cooper","climax","dunlop","1:37.600",97600,,,,,,,"+3.000",3000,"+0.600",600,
91,1960,7,10,10,"10","10","phil-hill","ferrari","ferrari","dunlop","1:37.800",97800,,,,,,,"+3.200",3200,"+0.200",200,
91,1960,7,11,11,"11","9","john-surtees","lotus","climax","dunlop","1:38.600",98600,,,,,,,"+4.000",4000,"+0.800",800,
91,1960,7,12,12,"12","14","olivier-gendebien","cooper","climax","dunlop","1:39.200",99200,,,,,,,"+4.600",4600,"+0.600",600,
91,1960,7,13,13,"13","18","roy-salvadori","aston-martin","aston-martin","dunlop","1:39.400",99400,,,,,,,"+4.800",4800,"+0.200",200,
91,1960,7,14,14,"14","16","masten-gregory","cooper","maserati","dunlop","1:39.800",99800,,,,,,,"+5.200",5200,"+0.400",400,
91,1960,7,15,15,"15","23","jack-fairman","cooper","climax","dunlop","1:39.800",99800,,,,,,,"+5.200",5200,"+0.000",0,
91,1960,7,16,16,"16","15","henry-taylor","cooper","climax","dunlop","1:40.000",100000,,,,,,,"+5.400",5400,"+0.200",200,
91,1960,7,17,17,"17","24","lucien-bianchi","cooper","climax","dunlop","1:40.200",100200,,,,,,,"+5.600",5600,"+0.200",200,
91,1960,7,18,18,"18","25","brian-naylor","jbw","maserati","dunlop","1:41.200",101200,,,,,,,"+6.600",6600,"+1.000",1000,
91,1960,7,19,19,"19","3","chuck-daigh","cooper","climax","dunlop","1:42.400",102400,,,,,,,"+7.800",7800,"+1.200",1200,
91,1960,7,20,20,"20","17","ian-burgess","cooper","maserati","dunlop","1:42.600",102600,,,,,,,"+8.000",8000,"+0.200",200,
91,1960,7,21,21,"21","19","maurice-trintignant","aston-martin","aston-martin","dunlop","1:43.800",103800,,,,,,,"+9.200",9200,"+1.200",1200,
91,1960,7,22,22,"22","22","keith-greene","cooper","maserati","dunlop","1:45.800",105800,,,,,,,"+11.200",11200,"+2.000",2000,
91,1960,7,23,23,"23","3","lance-reventlow","cooper","climax","dunlop","1:46.400",106400,,,,,,,"+11.800",11800,"+0.600",600,
91,1960,7,24,24,"24","26","david-piper","lotus","climax","dunlop","2:05.600",125600,,,,,,,"+31.000",31000,"+19.200",19200,
91,1960,7,25,25,"25","21","gino-munaron","cooper","castellotti","dunlop",,,,,,,,,,,,,
92,1960,8,1,1,"1","18","john-surtees","lotus","climax","dunlop","2:25.560",145560,,,,,,,,,,,
92,1960,8,2,2,"2","24","dan-gurney","brm","brm","dunlop","2:25.630",145630,,,,,,,"+0.070",70,"+0.070",70,
92,1960,8,3,3,"3","2","jack-brabham","cooper","climax","dunlop","2:26.050",146050,,,,,,,"+0.490",490,"+0.420",420,
92,1960,8,4,4,"4","12","stirling-moss","lotus","climax","dunlop","2:26.190",146190,,,,,,,"+0.630",630,"+0.140",140,
92,1960,8,5,5,"5","22","graham-hill","brm","brm","dunlop","2:27.110",147110,,,,,,,"+1.550",1550,"+0.920",920,
92,1960,8,6,6,"6","4","bruce-mclaren","cooper","climax","dunlop","2:27.440",147440,,,,,,,"+1.880",1880,"+0.330",330,
92,1960,8,7,7,"7","16","innes-ireland","lotus","climax","dunlop","2:27.520",147520,,,,,,,"+1.960",1960,"+0.080",80,
92,1960,8,8,8,"8","14","jim-clark","lotus","climax","dunlop","2:28.360",148360,,,,,,,"+2.800",2800,"+0.840",840,
92,1960,8,9,9,"9","28","wolfgang-von-trips","ferrari","ferrari","dunlop","2:28.400",148400,,,,,,,"+2.840",2840,"+0.040",40,
92,1960,8,10,10,"10","26","phil-hill","ferrari","ferrari","dunlop","2:28.420",148420,,,,,,,"+2.860",2860,"+0.020",20,
92,1960,8,11,11,"11","30","masten-gregory","cooper","maserati","dunlop","2:29.160",149160,,,,,,,"+3.600",3600,"+0.740",740,
92,1960,8,12,12,"12","6","tony-brooks","cooper","climax","dunlop","2:32.120",152120,,,,,,,"+6.560",6560,"+2.960",2960,
92,1960,8,13,13,"13","20","jo-bonnier","brm","brm","dunlop","2:33.340",153340,,,,,,,"+7.780",7780,"+1.220",1220,
92,1960,8,14,14,"14","8","olivier-gendebien","cooper","climax","dunlop","2:33.730",153730,,,,,,,"+8.170",8170,"+0.390",390,
92,1960,8,15,15,"15","32","mario-de-araujo-cabral","cooper","maserati","dunlop","2:35.850",155850,,,,,,,"+10.290",10290,"+2.120",2120,
93,1960,9,1,1,"1","20","phil-hill","ferrari","ferrari","dunlop","2:41.400",161400,,,,,,,,,,,
93,1960,9,2,2,"2","18","richie-ginther","ferrari","ferrari","dunlop","2:43.300",163300,,,,,,,"+1.900",1900,"+1.900",1900,
93,1960,9,3,3,"3","16","willy-mairesse","ferrari","ferrari","dunlop","2:43.900",163900,,,,,,,"+2.500",2500,"+0.600",600,
93,1960,9,4,4,"4","2","giulio-cabianca","cooper","castellotti","dunlop","2:49.300",169300,,,,,,,"+7.900",7900,"+5.400",5400,
93,1960,9,5,5,"5","36","giorgio-scarlatti","cooper","castellotti","dunlop","2:49.700",169700,,,,,,,"+8.300",8300,"+0.400",400,
93,1960,9,6,6,"6","22","wolfgang-von-trips","ferrari","ferrari","dunlop","2:51.900",171900,,,,,,,"+10.500",10500,"+2.200",2200,
93,1960,9,7,7,"7","6","brian-naylor","jbw","maserati","dunlop","2:52.400",172400,,,,,,,"+11.000",11000,"+0.500",500,
93,1960,9,8,8,"8","4","gino-munaron","cooper","castellotti","dunlop","2:53.100",173100,,,,,,,"+11.700",11700,"+0.700",700,
93,1960,9,9,9,"9","34","alfonso-thiele","cooper","maserati","dunlop","2:55.600",175600,,,,,,,"+14.200",14200,"+2.500",2500,
93,1960,9,10,10,"10","26","hans-herrmann","porsche","porsche","dunlop","2:58.300",178300,,,,,,,"+16.900",16900,"+2.700",2700,
93,1960,9,11,11,"11","8","arthur-owen","cooper","climax","dunlop","3:01.500",181500,,,,,,,"+20.100",20100,"+3.200",3200,
93,1960,9,12,12,"12","24","edgar-barth","porsche","porsche","dunlop","3:02.100",182100,,,,,,,"+20.700",20700,"+0.600",600,
93,1960,9,13,13,"13","10","wolfgang-seidel","cooper","climax","dunlop","3:07.000",187000,,,,,,,"+25.600",25600,"+4.900",4900,
93,1960,9,14,14,"14","28","fred-gamble","behra-porsche","porsche","dunlop","3:10.600",190600,,,,,,,"+29.200",29200,"+3.600",3600,
93,1960,9,15,15,"15","12","piero-drogo","cooper","climax","dunlop","3:11.900",191900,,,,,,,"+30.500",30500,"+1.300",1300,
93,1960,9,16,16,"16","30","vic-wilson","cooper","climax","dunlop","3:16.500",196500,,,,,,,"+35.100",35100,"+4.600",4600,
94,1960,10,1,1,"1","5","stirling-moss","lotus","climax","dunlop","1:54.400",114400,,,,,,,,,,,
94,1960,10,2,2,"2","2","jack-brabham","cooper","climax","dunlop","1:55.000",115000,,,,,,,"+0.600",600,"+0.600",600,
94,1960,10,3,3,"3","16","dan-gurney","brm","brm","dunlop","1:55.200",115200,,,,,,,"+0.800",800,"+0.200",200,
94,1960,10,4,4,"4","15","jo-bonnier","brm","brm","dunlop","1:55.600",115600,,,,,,,"+1.200",1200,"+0.400",400,
94,1960,10,5,5,"5","12","jim-clark","lotus","climax","dunlop","1:55.600",115600,,,,,,,"+1.200",1200,"+0.000",0,
94,1960,10,6,6,"6","11","john-surtees","lotus","climax","dunlop","1:56.600",116600,,,,,,,"+2.200",2200,"+1.000",1000,
94,1960,10,7,7,"7","10","innes-ireland","lotus","climax","dunlop","1:57.000",117000,,,,,,,"+2.600",2600,"+0.400",400,
94,1960,10,8,8,"8","7","olivier-gendebien","cooper","climax","dunlop","1:57.200",117200,,,,,,,"+2.800",2800,"+0.200",200,
94,1960,10,9,9,"9","6","tony-brooks","cooper","climax","dunlop","1:57.200",117200,,,,,,,"+2.800",2800,"+0.000",0,
94,1960,10,10,10,"10","3","bruce-mclaren","cooper","climax","dunlop","1:57.400",117400,,,,,,,"+3.000",3000,"+0.200",200,
94,1960,10,11,11,"11","17","graham-hill","brm","brm","dunlop","1:57.600",117600,,,,,,,"+3.200",3200,"+0.200",200,
94,1960,10,12,12,"12","24","jim-hall","lotus","climax","dunlop","1:58.200",118200,,,,,,,"+3.800",3800,"+0.600",600,
94,1960,10,13,13,"13","9","phil-hill","cooper","climax","dunlop","1:58.800",118800,,,,,,,"+4.400",4400,"+0.600",600,
94,1960,10,14,14,"14","8","henry-taylor","cooper","climax","dunlop","1:59.000",119000,,,,,,,"+4.600",4600,"+0.200",200,
94,1960,10,15,15,"15","14","roy-salvadori","cooper","climax","dunlop","1:59.600",119600,,,,,,,"+5.200",5200,"+0.600",600,
94,1960,10,16,16,"16","26","wolfgang-von-trips","cooper","maserati","dunlop","2:01.400",121400,,,,,,,"+7.000",7000,"+1.800",1800,
94,1960,10,17,17,"17","21","brian-naylor","jbw","maserati","dunlop","2:02.200",122200,,,,,,,"+7.800",7800,"+0.800",800,
94,1960,10,18,18,"18","23","chuck-daigh","scarab","scarab","dunlop","2:02.600",122600,,,,,,,"+8.200",8200,"+0.400",400,
94,1960,10,19,19,"19","18","maurice-trintignant","cooper","maserati","dunlop","2:03.200",123200,,,,,,,"+8.800",8800,"+0.600",600,
94,1960,10,20,20,"20","25","pete-lovely","cooper","ferrari","dunlop","2:03.400",123400,,,,,,,"+9.000",9000,"+0.200",200,
94,1960,10,21,21,"21","4","ron-flockhart","cooper","climax","dunlop","2:04.400",124400,,,,,,,"+10.000",10000,"+1.000",1000,
94,1960,10,22,22,"22","20","bob-drake","maserati","maserati","dunlop","2:05.400",125400,,,,,,,"+11.000",11000,"+1.000",1000,
94,1960,10,23,23,"23","19","ian-burgess","cooper","maserati","dunlop","2:06.600",126600,,,,,,,"+12.200",12200,"+1.200",1200,
95,1961,1,1,1,"1","20","stirling-moss","lotus","climax","dunlop","1:39.100",99100,,,,,,,,,,,
95,1961,1,2,2,"2","36","richie-ginther","ferrari","ferrari","dunlop","1:39.200",99200,,,,,,,"+0.100",100,"+0.100",100,
95,1961,1,3,3,"3","28","jim-clark","lotus","climax","dunlop","1:39.600",99600,,,,,,,"+0.500",500,"+0.400",400,
95,1961,1,4,4,"4","18","graham-hill","brm","climax","dunlop","1:39.600",99600,,,,,,,"+0.500",500,"+0.000",0,
95,1961,1,5,5,"5","38","phil-hill","ferrari","ferrari","dunlop","1:39.800",99800,,,,,,,"+0.700",700,"+0.200",200,
95,1961,1,6,6,"6","40","wolfgang-von-trips","ferrari","ferrari","dunlop","1:39.800",99800,,,,,,,"+0.700",700,"+0.000",0,
95,1961,1,7,7,"7","26","bruce-mclaren","cooper","climax","dunlop","1:39.800",99800,,,,,,,"+0.700",700,"+0.000",0,
95,1961,1,8,8,"8","16","tony-brooks","brm","climax","dunlop","1:40.100",100100,,,,,,,"+1.000",1000,"+0.300",300,
95,1961,1,9,9,"9","2","jo-bonnier","porsche","porsche","dunlop","1:40.300",100300,,,,,,,"+1.200",1200,"+0.200",200,
95,1961,1,10,10,"10","30","innes-ireland","lotus","climax","dunlop","1:40.500",100500,,,,,,,"+1.400",1400,"+0.200",200,
95,1961,1,11,11,"11","4","dan-gurney","porsche","porsche","dunlop","1:40.600",100600,,,,,,,"+1.500",1500,"+0.100",100,
95,1961,1,12,12,"12","22","john-surtees","cooper","climax","dunlop","1:41.100",101100,,,,,,,"+2.000",2000,"+0.500",500,
95,1961,1,13,13,"13","6","hans-herrmann","porsche","porsche","dunlop","1:41.100",101100,,,,,,,"+2.000",2000,"+0.000",0,
95,1961,1,14,14,"14","8","michael-may","lotus","climax","dunlop","1:42.000",102000,,,,,,,"+2.900",2900,"+0.900",900,
95,1961,1,15,15,"15","32","cliff-allison","lotus","climax","dunlop","1:42.300",102300,,,,,,,"+3.200",3200,"+0.300",300,
95,1961,1,16,16,"16","42","maurice-trintignant","cooper","maserati","dunlop","1:42.400",102400,,,,,,,"+3.300",3300,"+0.100",100,
95,1961,1,17,17,"17","34","henry-taylor","lotus","climax","dunlop","1:42.600",102600,,,,,,,"+3.500",3500,"+0.200",200,
95,1961,1,18,18,"18","14","masten-gregory","cooper","climax","dunlop","1:42.700",102700,,,,,,,"+3.600",3600,"+0.100",100,
95,1961,1,19,19,"19","10","lucien-bianchi","emeryson","maserati","dunlop","1:42.900",102900,,,,,,,"+3.800",3800,"+0.200",200,
95,1961,1,20,20,"20","12","olivier-gendebien","emeryson","maserati","dunlop","1:43.700",103700,,,,,,,"+4.600",4600,"+0.800",800,
95,1961,1,21,21,"21","24","jack-brabham","cooper","climax","dunlop","1:44.000",104000,,,,,,,"+4.900",4900,"+0.300",300,
96,1961,2,1,1,"1","1","phil-hill","ferrari","ferrari","dunlop","1:35.700",95700,,,,,,,,,,,
96,1961,2,2,2,"2","3","wolfgang-von-trips","ferrari","ferrari","dunlop","1:35.700",95700,,,,,,,"+0.000",0,"+0.000",0,
96,1961,2,3,3,"3","2","richie-ginther","ferrari","ferrari","dunlop","1:35.900",95900,,,,,,,"+0.200",200,"+0.200",200,
96,1961,2,4,4,"4","14","stirling-moss","lotus","climax","dunlop","1:36.200",96200,,,,,,,"+0.500",500,"+0.300",300,
96,1961,2,5,5,"5","4","graham-hill","brm","climax","dunlop","1:36.300",96300,,,,,,,"+0.600",600,"+0.100",100,
96,1961,2,6,6,"6","7","dan-gurney","porsche","porsche","dunlop","1:36.400",96400,,,,,,,"+0.700",700,"+0.100",100,
96,1961,2,7,7,"7","10","jack-brabham","cooper","climax","dunlop","1:36.600",96600,,,,,,,"+0.900",900,"+0.200",200,
96,1961,2,8,8,"8","5","tony-brooks","brm","climax","dunlop","1:36.800",96800,,,,,,,"+1.100",1100,"+0.200",200,
96,1961,2,9,9,"9","12","john-surtees","cooper","climax","dunlop","1:36.800",96800,,,,,,,"+1.100",1100,"+0.000",0,
96,1961,2,10,10,"10","17","masten-gregory","cooper","climax","dunlop","1:36.800",96800,,,,,,,"+1.100",1100,"+0.000",0,
96,1961,2,11,11,"11","15","jim-clark","lotus","climax","dunlop","1:36.900",96900,,,,,,,"+1.200",1200,"+0.100",100,
96,1961,2,12,12,"12","6","jo-bonnier","porsche","porsche","dunlop","1:37.100",97100,,,,,,,"+1.400",1400,"+0.200",200,
96,1961,2,13,13,"13","9","hans-herrmann","porsche","porsche","dunlop","1:38.000",98000,,,,,,,"+2.300",2300,"+0.900",900,
96,1961,2,14,14,"14","18","ian-burgess","lotus","climax","dunlop","1:38.000",98000,,,,,,,"+2.300",2300,"+0.000",0,
96,1961,2,15,15,"15","11","bruce-mclaren","cooper","climax","dunlop","1:38.200",98200,,,,,,,"+2.500",2500,"+0.200",200,
96,1961,2,16,16,"16","16","trevor-taylor","lotus","climax","dunlop","1:39.500",99500,,,,,,,"+3.800",3800,"+1.300",1300,
96,1961,2,17,17,"17","8","carel-godin-de-beaufort","porsche","porsche","dunlop","1:39.800",99800,,,,,,,"+4.100",4100,"+0.300",300,
97,1961,3,1,1,"1","4","phil-hill","ferrari","ferrari","dunlop","3:59.300",239300,,,,,,,,,,,
97,1961,3,2,2,"2","2","wolfgang-von-trips","ferrari","ferrari","dunlop","4:00.100",240100,,,,,,,"+0.800",800,"+0.800",800,
97,1961,3,3,3,"3","8","olivier-gendebien","ferrari","ferrari","dunlop","4:03.000",243000,,,,,,,"+3.700",3700,"+2.900",2900,
97,1961,3,4,4,"4","24","john-surtees","cooper","climax","dunlop","4:06.000",246000,,,,,,,"+6.700",6700,"+3.000",3000,
97,1961,3,5,5,"5","6","richie-ginther","ferrari","ferrari","dunlop","4:06.100",246100,,,,,,,"+6.800",6800,"+0.100",100,
97,1961,3,6,6,"6","36","graham-hill","brm","climax","dunlop","4:07.600",247600,,,,,,,"+8.300",8300,"+1.500",1500,
97,1961,3,7,7,"7","38","tony-brooks","brm","climax","dunlop","4:07.900",247900,,,,,,,"+8.600",8600,"+0.300",300,
97,1961,3,8,8,"8","14","stirling-moss","lotus","climax","dunlop","4:08.200",248200,,,,,,,"+8.900",8900,"+0.300",300,
97,1961,3,9,9,"9","18","jo-bonnier","porsche","porsche","dunlop","4:08.300",248300,,,,,,,"+9.000",9000,"+0.100",100,
97,1961,3,10,10,"10","20","dan-gurney","porsche","porsche","dunlop","4:08.400",248400,,,,,,,"+9.100",9100,"+0.100",100,
97,1961,3,11,11,"11","28","jack-brabham","cooper","climax","dunlop","4:08.600",248600,,,,,,,"+9.300",9300,"+0.200",200,
97,1961,3,12,12,"12","44","masten-gregory","cooper","climax","dunlop","4:10.200",250200,,,,,,,"+10.900",10900,"+1.600",1600,
97,1961,3,13,13,"13","40","jackie-lewis","cooper","climax","dunlop","4:11.100",251100,,,,,,,"+11.800",11800,"+0.900",900,
97,1961,3,14,14,"14","22","carel-godin-de-beaufort","porsche","porsche","dunlop","4:16.700",256700,,,,,,,"+17.400",17400,"+5.600",5600,
97,1961,3,15,15,"15","30","bruce-mclaren","cooper","climax","dunlop","4:17.400",257400,,,,,,,"+18.100",18100,"+0.700",700,
97,1961,3,16,16,"16","34","jim-clark","lotus","climax","dunlop","4:17.700",257700,,,,,,,"+18.400",18400,"+0.300",300,
97,1961,3,17,17,"17","46","lorenzo-bandini","cooper","maserati","dunlop","4:19.000",259000,,,,,,,"+19.700",19700,"+1.300",1300,
97,1961,3,18,18,"18","32","innes-ireland","lotus","climax","dunlop","4:20.000",260000,,,,,,,"+20.700",20700,"+1.000",1000,
97,1961,3,19,19,"19","10","willy-mairesse","lotus","climax","dunlop","4:20.600",260600,,,,,,,"+21.300",21300,"+0.600",600,
97,1961,3,20,20,"20","26","maurice-trintignant","cooper","maserati","dunlop","4:21.400",261400,,,,,,,"+22.100",22100,"+0.800",800,
97,1961,3,21,22,"22","42","tony-marsh","lotus","climax","dunlop","4:23.200",263200,,,,,,,"+23.900",23900,"+1.800",1800,
97,1961,3,22,22,"22","12","lucien-bianchi","lotus","climax","dunlop","4:27.300",267300,,,,,,,"+28.000",28000,"+4.100",4100,
97,1961,3,23,23,"23","48","wolfgang-seidel","lotus","climax","dunlop","4:27.400",267400,,,,,,,"+28.100",28100,"+0.100",100,
97,1961,3,24,24,"24","50","ian-burgess","lotus","climax","dunlop","4:34.600",274600,,,,,,,"+35.300",35300,"+7.200",7200,
98,1961,4,1,1,"1","16","phil-hill","ferrari","ferrari","dunlop","2:24.900",144900,,,,,,,,,,,
98,1961,4,2,2,"2","20","wolfgang-von-trips","ferrari","ferrari","dunlop","2:26.400",146400,,,,,,,"+1.500",1500,"+1.500",1500,
98,1961,4,3,3,"3","18","richie-ginther","ferrari","ferrari","dunlop","2:26.800",146800,,,,,,,"+1.900",1900,"+0.400",400,
98,1961,4,4,4,"4","26","stirling-moss","lotus","climax","dunlop","2:27.600",147600,,,,,,,"+2.700",2700,"+0.800",800,
98,1961,4,5,5,"5","8","jim-clark","lotus","climax","dunlop","2:29.000",149000,,,,,,,"+4.100",4100,"+1.400",1400,
98,1961,4,6,6,"6","22","graham-hill","brm","climax","dunlop","2:29.100",149100,,,,,,,"+4.200",4200,"+0.100",100,
98,1961,4,7,7,"7","40","john-surtees","cooper","climax","dunlop","2:29.100",149100,,,,,,,"+4.200",4200,"+0.000",0,
98,1961,4,8,8,"8","4","bruce-mclaren","cooper","climax","dunlop","2:29.400",149400,,,,,,,"+4.500",4500,"+0.300",300,
98,1961,4,9,9,"9","12","dan-gurney","porsche","porsche","dunlop","2:29.600",149600,,,,,,,"+4.700",4700,"+0.200",200,
98,1961,4,10,10,"10","6","innes-ireland","lotus","climax","dunlop","2:29.800",149800,,,,,,,"+4.900",4900,"+0.200",200,
98,1961,4,11,11,"11","24","tony-brooks","brm","climax","dunlop","2:29.900",149900,,,,,,,"+5.000",5000,"+0.100",100,
98,1961,4,12,12,"12","50","giancarlo-baghetti","ferrari","ferrari","dunlop","2:30.500",150500,,,,,,,"+5.600",5600,"+0.600",600,
98,1961,4,13,13,"13","10","jo-bonnier","porsche","porsche","dunlop","2:30.500",150500,,,,,,,"+5.600",5600,"+0.000",0,
98,1961,4,14,14,"14","2","jack-brabham","cooper","climax","dunlop","2:31.000",151000,,,,,,,"+6.100",6100,"+0.500",500,
98,1961,4,15,15,"15","42","roy-salvadori","cooper","climax","dunlop","2:31.200",151200,,,,,,,"+6.300",6300,"+0.200",200,
98,1961,4,16,16,"16","36","masten-gregory","cooper","climax","dunlop","2:31.300",151300,,,,,,,"+6.400",6400,"+0.100",100,
98,1961,4,17,17,"17","14","carel-godin-de-beaufort","porsche","porsche","dunlop","2:31.800",151800,,,,,,,"+6.900",6900,"+0.500",500,
98,1961,4,18,18,"18","44","jackie-lewis","cooper","climax","dunlop","2:32.000",152000,,,,,,,"+7.100",7100,"+0.200",200,
98,1961,4,19,19,"19","28","lucien-bianchi","lotus","climax","dunlop","2:33.400",153400,,,,,,,"+8.500",8500,"+1.400",1400,
98,1961,4,20,20,"20","48","willy-mairesse","lotus","climax","dunlop","2:35.800",155800,,,,,,,"+10.900",10900,"+2.400",2400,
98,1961,4,21,21,"21","52","bernard-collomb","cooper","climax","dunlop","2:36.800",156800,,,,,,,"+11.900",11900,"+1.000",1000,
98,1961,4,22,22,"22","46","michael-may","lotus","climax","dunlop","2:37.900",157900,,,,,,,"+13.000",13000,"+1.100",1100,
98,1961,4,23,23,"23","32","maurice-trintignant","cooper","maserati","dunlop","2:38.800",158800,,,,,,,"+13.900",13900,"+0.900",900,
98,1961,4,24,24,"24","38","ian-burgess","lotus","climax","dunlop","2:39.700",159700,,,,,,,"+14.800",14800,"+0.900",900,
98,1961,4,25,25,"25","30","henry-taylor","lotus","climax","dunlop","2:40.300",160300,,,,,,,"+15.400",15400,"+0.600",600,
98,1961,4,26,26,"26","34","giorgio-scarlatti","de-tomaso","osca","dunlop","2:47.100",167100,,,,,,,"+22.200",22200,"+6.800",6800,
99,1961,5,1,1,"1","2","phil-hill","ferrari","ferrari","dunlop","1:58.800",118800,,,,,,,,,,,
99,1961,5,2,2,"2","6","richie-ginther","ferrari","ferrari","dunlop","1:58.800",118800,,,,,,,"+0.000",0,"+0.000",0,
99,1961,5,3,3,"3","8","jo-bonnier","porsche","porsche","dunlop","1:58.800",118800,,,,,,,"+0.000",0,"+0.000",0,
99,1961,5,4,4,"4","4","wolfgang-von-trips","ferrari","ferrari","dunlop","1:58.800",118800,,,,,,,"+0.000",0,"+0.000",0,
99,1961,5,5,5,"5","28","stirling-moss","lotus","climax","dunlop","1:59.000",119000,,,,,,,"+0.200",200,"+0.200",200,
99,1961,5,6,6,"6","22","tony-brooks","brm","climax","dunlop","1:59.000",119000,,,,,,,"+0.200",200,"+0.000",0,
99,1961,5,7,7,"7","16","innes-ireland","lotus","climax","dunlop","1:59.200",119200,,,,,,,"+0.400",400,"+0.200",200,
99,1961,5,8,8,"8","18","jim-clark","lotus","climax","dunlop","1:59.200",119200,,,,,,,"+0.400",400,"+0.000",0,
99,1961,5,9,9,"9","12","jack-brabham","cooper","climax","dunlop","1:59.400",119400,,,,,,,"+0.600",600,"+0.200",200,
99,1961,5,10,10,"10","34","john-surtees","cooper","climax","dunlop","1:59.600",119600,,,,,,,"+0.800",800,"+0.200",200,
99,1961,5,11,11,"11","20","graham-hill","brm","climax","dunlop","2:00.000",120000,,,,,,,"+1.200",1200,"+0.400",400,
99,1961,5,12,12,"12","10","dan-gurney","porsche","porsche","dunlop","2:00.200",120200,,,,,,,"+1.400",1400,"+0.200",200,
99,1961,5,13,13,"13","36","roy-salvadori","cooper","climax","dunlop","2:00.800",120800,,,,,,,"+2.000",2000,"+0.600",600,
99,1961,5,14,14,"14","14","bruce-mclaren","cooper","climax","dunlop","2:01.000",121000,,,,,,,"+2.200",2200,"+0.200",200,
99,1961,5,15,15,"15","46","jackie-lewis","cooper","climax","dunlop","2:01.000",121000,,,,,,,"+2.200",2200,"+0.000",0,
99,1961,5,16,16,"16","42","masten-gregory","cooper","climax","dunlop","2:01.400",121400,,,,,,,"+2.600",2600,"+0.400",400,
99,1961,5,17,17,"17","30","henry-taylor","lotus","climax","dunlop","2:01.800",121800,,,,,,,"+3.000",3000,"+0.400",400,
99,1961,5,18,18,"18","56","carel-godin-de-beaufort","porsche","porsche","dunlop","2:02.000",122000,,,,,,,"+3.200",3200,"+0.200",200,
99,1961,5,19,19,"19","58","giancarlo-baghetti","ferrari","ferrari","dunlop","2:02.000",122000,,,,,,,"+3.200",3200,"+0.000",0,
99,1961,5,20,20,"20","26","jack-fairman","ferguson","climax","dunlop","2:03.400",123400,,,,,,,"+4.600",4600,"+1.400",1400,
99,1961,5,21,21,"21","60","lorenzo-bandini","cooper","maserati","dunlop","2:03.600",123600,,,,,,,"+4.800",4800,"+0.200",200,
99,1961,5,22,22,"22","52","wolfgang-seidel","lotus","climax","dunlop","2:04.200",124200,,,,,,,"+5.400",5400,"+0.600",600,
99,1961,5,23,23,"23","54","keith-greene","gilby","climax","dunlop","2:06.000",126000,,,,,,,"+7.200",7200,"+1.800",1800,
99,1961,5,24,24,"24","50","tony-maggs","lotus","climax","dunlop","2:06.400",126400,,,,,,,"+7.600",7600,"+0.400",400,
99,1961,5,25,25,"25","44","ian-burgess","lotus","climax","dunlop","2:06.600",126600,,,,,,,"+7.800",7800,"+0.200",200,
99,1961,5,26,26,"26","40","gerry-ashmore","lotus","climax","dunlop","2:08.200",128200,,,,,,,"+9.400",9400,"+1.600",1600,
99,1961,5,27,27,"27","48","tony-marsh","lotus","climax","dunlop","2:09.600",129600,,,,,,,"+10.800",10800,"+1.400",1400,
99,1961,5,28,28,"28","62","massimo-natili","cooper","maserati","dunlop","2:10.200",130200,,,,,,,"+11.400",11400,"+0.600",600,
99,1961,5,29,29,"29","38","tim-parnell","lotus","climax","dunlop","2:16.800",136800,,,,,,,"+18.000",18000,"+6.600",6600,
99,1961,5,30,30,"30","32","lucien-bianchi","lotus","climax","dunlop","2:18.800",138800,,,,,,,"+20.000",20000,"+2.000",2000,
100,1961,6,1,1,"1","4","phil-hill","ferrari","ferrari","dunlop","8:55.200",535200,,,,,,,,,,,
100,1961,6,2,2,"2","1","jack-brabham","cooper","climax","dunlop","9:01.400",541400,,,,,,,"+6.200",6200,"+6.200",6200,
100,1961,6,3,3,"3","7","stirling-moss","lotus","climax","dunlop","9:01.700",541700,,,,,,,"+6.500",6500,"+0.300",300,
100,1961,6,4,4,"4","8","jo-bonnier","porsche","porsche","dunlop","9:04.800",544800,,,,,,,"+9.600",9600,"+3.100",3100,
100,1961,6,5,5,"5","3","wolfgang-von-trips","ferrari","ferrari","dunlop","9:05.500",545500,,,,,,,"+10.300",10300,"+0.700",700,
100,1961,6,6,6,"6","17","graham-hill","brm","climax","dunlop","9:06.400",546400,,,,,,,"+11.200",11200,"+0.900",900,
100,1961,6,7,7,"7","9","dan-gurney","porsche","porsche","dunlop","9:06.600",546600,,,,,,,"+11.400",11400,"+0.200",200,
100,1961,6,8,8,"8","14","jim-clark","lotus","climax","dunlop","9:08.100",548100,,,,,,,"+12.900",12900,"+1.500",1500,
100,1961,6,9,9,"9","16","tony-brooks","brm","climax","dunlop","9:09.300",549300,,,,,,,"+14.100",14100,"+1.200",1200,
100,1961,6,10,10,"10","18","john-surtees","cooper","climax","dunlop","9:11.200",551200,,,,,,,"+16.000",16000,"+1.900",1900,
100,1961,6,11,11,"11","11","hans-herrmann","porsche","porsche","dunlop","9:12.700",552700,,,,,,,"+17.500",17500,"+1.500",1500,
100,1961,6,12,12,"12","2","bruce-mclaren","cooper","climax","dunlop","9:13.000",553000,,,,,,,"+17.800",17800,"+0.300",300,
100,1961,6,13,13,"13","6","willy-mairesse","ferrari","ferrari","dunlop","9:15.900",555900,,,,,,,"+20.700",20700,"+2.900",2900,
100,1961,6,14,14,"14","5","richie-ginther","ferrari","ferrari","dunlop","9:16.600",556600,,,,,,,"+21.400",21400,"+0.700",700,
100,1961,6,15,15,"15","19","roy-salvadori","cooper","climax","dunlop","9:22.000",562000,,,,,,,"+26.800",26800,"+5.400",5400,
100,1961,6,16,16,"16","15","innes-ireland","lotus","climax","dunlop","9:22.900",562900,,,,,,,"+27.700",27700,"+0.900",900,
100,1961,6,17,17,"17","31","carel-godin-de-beaufort","porsche","porsche","dunlop","9:28.400",568400,,,,,,,"+33.200",33200,"+5.500",5500,
100,1961,6,18,18,"18","28","jackie-lewis","cooper","climax","dunlop","9:31.400",571400,,,,,,,"+36.200",36200,"+3.000",3000,
100,1961,6,19,19,"19","32","lorenzo-bandini","cooper","maserati","dunlop","9:35.400",575400,,,,,,,"+40.200",40200,"+4.000",4000,
100,1961,6,20,20,"20","37","tony-marsh","lotus","climax","dunlop","9:37.700",577700,,,,,,,"+42.500",42500,"+2.300",2300,
100,1961,6,21,21,"21","20","maurice-trintignant","cooper","maserati","dunlop","9:38.500",578500,,,,,,,"+43.300",43300,"+0.800",800,
100,1961,6,22,22,"22","33","tony-maggs","lotus","climax","dunlop","9:45.500",585500,,,,,,,"+50.300",50300,"+7.000",7000,
100,1961,6,23,23,"23","26","wolfgang-seidel","lotus","climax","dunlop","9:59.900",599900,,,,,,,"+1:04.700",64700,"+14.400",14400,
100,1961,6,24,24,"24","30","ian-burgess","cooper","climax","dunlop","10:01.400",601400,,,,,,,"+1:06.200",66200,"+1.500",1500,
100,1961,6,25,25,"25","27","gerry-ashmore","lotus","climax","dunlop","10:06.000",606000,,,,,,,"+1:10.800",70800,"+4.600",4600,
100,1961,6,26,26,"26","38","bernard-collomb","cooper","climax","dunlop","10:23.000",623000,,,,,,,"+1:27.800",87800,"+17.000",17000,
100,1961,6,27,27,"27","25","michael-may","lotus","climax","dunlop","10:37.500",637500,,,,,,,"+1:42.300",102300,"+14.500",14500,
101,1961,7,1,1,"1","4","wolfgang-von-trips","ferrari","ferrari","dunlop","2:46.300",166300,,,,,,,,,,,
101,1961,7,2,2,"2","8","ricardo-rodriguez","ferrari","ferrari","dunlop","2:46.400",166400,,,,,,,"+0.100",100,"+0.100",100,
101,1961,7,3,3,"3","6","richie-ginther","ferrari","ferrari","dunlop","2:46.800",166800,,,,,,,"+0.500",500,"+0.400",400,
101,1961,7,4,4,"4","2","phil-hill","ferrari","ferrari","dunlop","2:47.200",167200,,,,,,,"+0.900",900,"+0.400",400,
101,1961,7,5,5,"5","24","graham-hill","brm","climax","dunlop","2:48.700",168700,,,,,,,"+2.400",2400,"+1.500",1500,
101,1961,7,6,6,"6","32","giancarlo-baghetti","ferrari","ferrari","dunlop","2:49.000",169000,,,,,,,"+2.700",2700,"+0.300",300,
101,1961,7,7,7,"7","36","jim-clark","lotus","climax","dunlop","2:49.200",169200,,,,,,,"+2.900",2900,"+0.200",200,
101,1961,7,8,8,"8","44","jo-bonnier","porsche","porsche","dunlop","2:49.600",169600,,,,,,,"+3.300",3300,"+0.400",400,
101,1961,7,9,9,"9","38","innes-ireland","lotus","climax","dunlop","2:50.300",170300,,,,,,,"+4.000",4000,"+0.700",700,
101,1961,7,10,10,"10","10","jack-brabham","cooper","climax","dunlop","2:51.600",171600,,,,,,,"+5.300",5300,"+1.300",1300,
101,1961,7,11,11,"11","28","stirling-moss","lotus","climax","dunlop","2:51.800",171800,,,,,,,"+5.500",5500,"+0.200",200,
101,1961,7,12,12,"12","46","dan-gurney","porsche","porsche","dunlop","2:52.000",172000,,,,,,,"+5.700",5700,"+0.200",200,
101,1961,7,13,13,"13","26","tony-brooks","brm","climax","dunlop","2:52.200",172200,,,,,,,"+5.900",5900,"+0.200",200,
101,1961,7,14,14,"14","12","bruce-mclaren","cooper","climax","dunlop","2:53.400",173400,,,,,,,"+7.100",7100,"+1.200",1200,
101,1961,7,15,15,"15","74","carel-godin-de-beaufort","porsche","porsche","dunlop","2:53.800",173800,,,,,,,"+7.500",7500,"+0.400",400,
101,1961,7,16,16,"16","60","jackie-lewis","cooper","climax","dunlop","2:54.000",174000,,,,,,,"+7.700",7700,"+0.200",200,
101,1961,7,17,17,"17","22","masten-gregory","lotus","climax","dunlop","2:55.200",175200,,,,,,,"+8.900",8900,"+1.200",1200,
101,1961,7,18,18,"18","40","roy-salvadori","cooper","climax","dunlop","2:55.200",175200,,,,,,,"+8.900",8900,"+0.000",0,
101,1961,7,19,19,"19","42","john-surtees","cooper","climax","dunlop","2:55.600",175600,,,,,,,"+9.300",9300,"+0.400",400,
101,1961,7,20,20,"20","50","nino-vaccarella","de-tomaso","alfa-romeo","dunlop","2:56.000",176000,,,,,,,"+9.700",9700,"+0.400",400,
101,1961,7,21,21,"21","62","lorenzo-bandini","cooper","maserati","dunlop","2:57.700",177700,,,,,,,"+11.400",11400,"+1.700",1700,
101,1961,7,22,22,"22","48","maurice-trintignant","cooper","maserati","dunlop","2:58.700",178700,,,,,,,"+12.400",12400,"+1.000",1000,
101,1961,7,23,23,"23","20","henry-taylor","lotus","climax","dunlop","3:00.600",180600,,,,,,,"+14.300",14300,"+1.900",1900,
101,1961,7,24,24,"24","54","roberto-bussinello","de-tomaso","alfa-romeo","dunlop","3:01.700",181700,,,,,,,"+15.400",15400,"+1.100",1100,
101,1961,7,25,25,"25","18","gerry-ashmore","lotus","climax","dunlop","3:03.000",183000,,,,,,,"+16.700",16700,"+1.300",1300,
101,1961,7,26,26,"26","30","jack-fairman","cooper","climax","dunlop","3:04.800",184800,,,,,,,"+18.500",18500,"+1.800",1800,
101,1961,7,27,27,"27","16","tim-parnell","lotus","climax","dunlop","3:05.700",185700,,,,,,,"+19.400",19400,"+0.900",900,
101,1961,7,28,28,"28","56","wolfgang-seidel","lotus","climax","dunlop","3:06.000",186000,,,,,,,"+19.700",19700,"+0.300",300,
101,1961,7,29,29,"29","58","renato-pirocchi","cooper","maserati","dunlop","3:06.500",186500,,,,,,,"+20.200",20200,"+0.500",500,
101,1961,7,30,30,"30","72","gaetano-starrabba","lotus","maserati","dunlop","3:07.900",187900,,,,,,,"+21.600",21600,"+1.400",1400,
101,1961,7,31,31,"31","14","brian-naylor","jbw","climax","dunlop","3:08.100",188100,,,,,,,"+21.800",21800,"+0.200",200,
101,1961,7,32,32,"32","52","roberto-lippi","de-tomaso","osca","dunlop","3:08.900",188900,,,,,,,"+22.600",22600,"+0.800",800,
101,1961,7,33,33,"33","68","andre-pilette","emeryson","climax","dunlop","3:11.600",191600,,,,,,,"+25.300",25300,"+2.700",2700,
102,1961,8,1,1,"1","1","jack-brabham","cooper","climax","dunlop","1:17.000",77000,,,,,,,,,,,
102,1961,8,2,2,"2","4","graham-hill","brm","climax","dunlop","1:18.100",78100,,,,,,,"+1.100",1100,"+1.100",1100,
102,1961,8,3,3,"3","7","stirling-moss","lotus","climax","dunlop","1:18.200",78200,,,,,,,"+1.200",1200,"+0.100",100,
102,1961,8,4,4,"4","2","bruce-mclaren","cooper","climax","dunlop","1:18.200",78200,,,,,,,"+1.200",1200,"+0.000",0,
102,1961,8,5,5,"5","14","jim-clark","lotus","climax","dunlop","1:18.300",78300,,,,,,,"+1.300",1300,"+0.100",100,
102,1961,8,6,6,"6","5","tony-brooks","brm","climax","dunlop","1:18.300",78300,,,,,,,"+1.300",1300,"+0.000",0,
102,1961,8,7,7,"7","12","dan-gurney","porsche","porsche","dunlop","1:18.600",78600,,,,,,,"+1.600",1600,"+0.300",300,
102,1961,8,8,8,"8","15","innes-ireland","lotus","climax","dunlop","1:18.800",78800,,,,,,,"+1.800",1800,"+0.200",200,
102,1961,8,9,9,"9","18","john-surtees","cooper","climax","dunlop","1:18.900",78900,,,,,,,"+1.900",1900,"+0.100",100,
102,1961,8,10,10,"10","11","jo-bonnier","porsche","porsche","dunlop","1:18.900",78900,,,,,,,"+1.900",1900,"+0.000",0,
102,1961,8,11,11,"11","22","masten-gregory","lotus","climax","dunlop","1:19.100",79100,,,,,,,"+2.100",2100,"+0.200",200,
102,1961,8,12,12,"12","19","roy-salvadori","cooper","climax","dunlop","1:19.200",79200,,,,,,,"+2.200",2200,"+0.100",100,
102,1961,8,13,13,"13","16","peter-ryan","lotus","climax","dunlop","1:20.000",80000,,,,,,,"+3.000",3000,"+0.800",800,
102,1961,8,14,14,"14","60","walt-hansgen","cooper","climax","dunlop","1:20.400",80400,,,,,,,"+3.400",3400,"+0.400",400,
102,1961,8,15,15,"15","21","olivier-gendebien","lotus","climax","dunlop","1:20.500",80500,,,,,,,"+3.500",3500,"+0.100",100,
102,1961,8,16,16,"16","6","roger-penske","cooper","climax","dunlop","1:20.600",80600,,,,,,,"+3.600",3600,"+0.100",100,
102,1961,8,17,17,"17","3","hap-sharp","cooper","climax","dunlop","1:21.000",81000,,,,,,,"+4.000",4000,"+0.400",400,
102,1961,8,18,18,"18","17","jim-hall","lotus","climax","dunlop","1:21.800",81800,,,,,,,"+4.800",4800,"+0.800",800,
102,1961,8,19,19,"19","26","lloyd-ruby","lotus","climax","dunlop","1:21.800",81800,,,,,,,"+4.800",4800,"+0.000",0,
103,1962,1,1,1,"1","19","john-surtees","lola","climax","dunlop","1:32.500",92500,,,,,,,,,,,
103,1962,1,2,2,"2","17","graham-hill","brm","brm","dunlop","1:32.600",92600,,,,,,,"+0.100",100,"+0.100",100,
103,1962,1,3,3,"3","4","jim-clark","lotus","climax","dunlop","1:33.200",93200,,,,,,,"+0.700",700,"+0.600",600,
103,1962,1,4,4,"4","8","jack-brabham","lotus","climax","dunlop","1:33.300",93300,,,,,,,"+0.800",800,"+0.100",100,
103,1962,1,5,5,"5","6","bruce-mclaren","cooper","climax","dunlop","1:33.900",93900,,,,,,,"+1.400",1400,"+0.600",600,
103,1962,1,6,6,"6","9","innes-ireland","lotus","climax","dunlop","1:34.100",94100,,,,,,,"+1.600",1600,"+0.200",200,
103,1962,1,7,7,"7","18","richie-ginther","brm","brm","dunlop","1:34.500",94500,,,,,,,"+2.000",2000,"+0.400",400,
103,1962,1,8,8,"8","12","dan-gurney","porsche","porsche","dunlop","1:34.700",94700,,,,,,,"+2.200",2200,"+0.200",200,
103,1962,1,9,9,"9","1","phil-hill","ferrari","ferrari","dunlop","1:35.000",95000,,,,,,,"+2.500",2500,"+0.300",300,
103,1962,1,10,10,"10","5","trevor-taylor","lotus","climax","dunlop","1:35.400",95400,,,,,,,"+2.900",2900,"+0.400",400,
103,1962,1,11,11,"11","3","ricardo-rodriguez","ferrari","ferrari","dunlop","1:36.100",96100,,,,,,,"+3.600",3600,"+0.700",700,
103,1962,1,12,12,"12","2","giancarlo-baghetti","ferrari","ferrari","dunlop","1:36.300",96300,,,,,,,"+3.800",3800,"+0.200",200,
103,1962,1,13,13,"13","11","jo-bonnier","porsche","porsche","dunlop","1:37.000",97000,,,,,,,"+4.500",4500,"+0.700",700,
103,1962,1,14,14,"14","14","carel-godin-de-beaufort","porsche","porsche","dunlop","1:37.400",97400,,,,,,,"+4.900",4900,"+0.400",400,
103,1962,1,15,15,"15","7","tony-maggs","cooper","climax","dunlop","1:37.500",97500,,,,,,,"+5.000",5000,"+0.100",100,
103,1962,1,16,16,"16","10","masten-gregory","lotus","climax","dunlop","1:38.000",98000,,,,,,,"+5.500",5500,"+0.500",500,
103,1962,1,17,17,"17","20","roy-salvadori","lola","climax","dunlop","1:38.800",98800,,,,,,,"+6.300",6300,"+0.800",800,
103,1962,1,18,18,"18","15","ben-pon","porsche","porsche","dunlop","1:40.900",100900,,,,,,,"+8.400",8400,"+2.100",2100,
103,1962,1,19,19,"19","21","jackie-lewis","cooper","climax","dunlop","1:43.200",103200,,,,,,,"+10.700",10700,"+2.300",2300,
103,1962,1,20,20,"20","16","wolfgang-seidel","emeryson","climax","dunlop","1:46.000",106000,,,,,,,"+13.500",13500,"+2.800",2800,
104,1962,2,1,1,"1","18","jim-clark","lotus","climax","dunlop","1:35.400",95400,,,,,,,,,,,
104,1962,2,2,2,"2","10","graham-hill","brm","brm","dunlop","1:35.800",95800,,,,,,,"+0.400",400,"+0.400",400,
104,1962,2,3,3,"3","14","bruce-mclaren","cooper","climax","dunlop","1:36.400",96400,,,,,,,"+1.000",1000,"+0.600",600,
104,1962,2,4,4,"4","40","willy-mairesse","ferrari","ferrari","dunlop","1:36.400",96400,,,,,,,"+1.000",1000,"+0.000",0,
104,1962,2,5,5,"5","4","dan-gurney","porsche","porsche","dunlop","1:36.400",96400,,,,,,,"+1.000",1000,"+0.000",0,
104,1962,2,6,6,"6","22","jack-brabham","lotus","climax","dunlop","1:36.500",96500,,,,,,,"+1.100",1100,"+0.100",100,
104,1962,2,7,7,"7","30","maurice-trintignant","lotus","climax","dunlop","1:36.800",96800,,,,,,,"+1.400",1400,"+0.300",300,
104,1962,2,8,8,"8","34","innes-ireland","lotus","climax","dunlop","1:37.000",97000,,,,,,,"+1.600",1600,"+0.200",200,
104,1962,2,9,9,"9","36","phil-hill","ferrari","ferrari","dunlop","1:37.100",97100,,,,,,,"+1.700",1700,"+0.100",100,
104,1962,2,10,10,"10","38","lorenzo-bandini","ferrari","ferrari","dunlop","1:37.200",97200,,,,,,,"+1.800",1800,"+0.100",100,
104,1962,2,11,11,"11","28","john-surtees","lola","climax","dunlop","1:37.900",97900,,,,,,,"+2.500",2500,"+0.700",700,
104,1962,2,12,12,"12","26","roy-salvadori","lola","climax","dunlop","1:38.500",98500,,,,,,,"+3.100",3100,"+0.600",600,
104,1962,2,13,13,"13","8","richie-ginther","brm","brm","dunlop","1:39.000",99000,,,,,,,"+3.600",3600,"+0.500",500,
104,1962,2,14,14,"14","20","trevor-taylor","lotus","climax","dunlop","1:40.000",100000,,,,,,,"+4.600",4600,"+1.000",1000,
104,1962,2,15,15,"15","38","ricardo-rodriguez","ferrari","ferrari","dunlop","1:40.100",100100,,,,,,,"+4.700",4700,"+0.100",100,
104,1962,2,16,16,"16","2","jo-bonnier","porsche","porsche","dunlop","1:42.400",102400,,,,,,,"+7.000",7000,"+2.300",2300,
104,1962,2,17,17,"17","16","tony-maggs","cooper","climax","dunlop","1:42.700",102700,,,,,,,"+7.300",7300,"+0.300",300,
104,1962,2,18,18,"18","46","jo-siffert","lotus","climax","dunlop","1:38.900",98900,,,,,,,"+3.500",3500,"-3.800",-2200,
104,1962,2,19,19,"19","24","jackie-lewis","brm","brm","dunlop","1:39.000",99000,,,,,,,"+3.600",3600,"+0.100",100,
104,1962,2,20,20,"20","32","masten-gregory","lotus","brm","dunlop","1:39.200",99200,,,,,,,"+3.800",3800,"+0.200",200,
104,1962,2,21,21,"21","44","carel-godin-de-beaufort","porsche","porsche","dunlop","1:44.400",104400,,,,,,,"+9.000",9000,"+5.200",5200,
104,1962,2,22,22,"22","42","nino-vaccarella","lotus","climax","dunlop","2:01.800",121800,,,,,,,"+26.400",26400,"+17.400",17400,
105,1962,3,1,1,"1","1","graham-hill","brm","brm","dunlop","3:57.000",237000,,,,,,,,,,,
105,1962,3,2,2,"2","25","bruce-mclaren","cooper","climax","dunlop","3:58.800",238800,,,,,,,"+1.800",1800,"+1.800",1800,
105,1962,3,3,3,"3","17","trevor-taylor","lotus","climax","dunlop","3:59.300",239300,,,,,,,"+2.300",2300,"+0.500",500,
105,1962,3,4,4,"4","9","phil-hill","ferrari","ferrari","dunlop","3:59.600",239600,,,,,,,"+2.600",2600,"+0.300",300,
105,1962,3,5,5,"5","20","innes-ireland","lotus","climax","dunlop","3:59.800",239800,,,,,,,"+2.800",2800,"+0.200",200,
105,1962,3,6,6,"6","10","willy-mairesse","ferrari","ferrari","dunlop","4:01.000",241000,,,,,,,"+4.000",4000,"+1.200",1200,
105,1962,3,7,7,"7","12","ricardo-rodriguez","ferrari","ferrari","dunlop","4:01.000",241000,,,,,,,"+4.000",4000,"+0.000",0,
105,1962,3,8,8,"8","21","masten-gregory","lotus","brm","dunlop","4:01.000",241000,,,,,,,"+4.000",4000,"+0.000",0,
105,1962,3,9,9,"9","2","richie-ginther","brm","brm","dunlop","4:01.400",241400,,,,,,,"+4.400",4400,"+0.400",400,
105,1962,3,10,10,"10","26","tony-maggs","cooper","climax","dunlop","4:03.600",243600,,,,,,,"+6.600",6600,"+2.200",2200,
105,1962,3,11,11,"11","5","john-surtees","lola","climax","dunlop","4:04.400",244400,,,,,,,"+7.400",7400,"+0.800",800,
105,1962,3,12,12,"12","16","jim-clark","lotus","climax","dunlop","4:04.900",244900,,,,,,,"+7.900",7900,"+0.500",500,
105,1962,3,13,13,"13","7","carel-godin-de-beaufort","porsche","porsche","dunlop","4:07.700",247700,,,,,,,"+10.700",10700,"+2.800",2800,
105,1962,3,14,14,"14","11","giancarlo-baghetti","ferrari","ferrari","dunlop","4:08.000",248000,,,,,,,"+11.000",11000,"+0.300",300,
105,1962,3,15,15,"15","15","jack-brabham","lotus","climax","dunlop","4:08.200",248200,,,,,,,"+11.200",11200,"+0.200",200,
105,1962,3,16,16,"16","18","maurice-trintignant","lotus","climax","dunlop","4:09.200",249200,,,,,,,"+12.200",12200,"+1.000",1000,
105,1962,3,17,17,"17","22","jo-siffert","lotus","climax","dunlop","4:11.600",251600,,,,,,,"+14.600",14600,"+2.400",2400,
105,1962,3,18,18,"18","19","lucien-bianchi","lotus","climax","dunlop","4:18.000",258000,,,,,,,"+21.000",21000,"+6.400",6400,
105,1962,3,19,19,"19","4","john-campbell-jones","lotus","climax","dunlop","4:26.900",266900,,,,,,,"+29.900",29900,"+8.900",8900,
105,1962,3,20,20,"20","23","dan-gurney","lotus","brm","dunlop","6:42.200",402200,,,,,,,"+2:45.200",165200,"+2:15.300",135300,
106,1962,4,1,1,"1","12","jim-clark","lotus","climax","dunlop","2:14.800",134800,,,,,,,,,,,
106,1962,4,2,2,"2","8","graham-hill","brm","brm","dunlop","2:15.000",135000,,,,,,,"+0.200",200,"+0.200",200,
106,1962,4,3,3,"3","22","bruce-mclaren","cooper","climax","dunlop","2:15.400",135400,,,,,,,"+0.600",600,"+0.400",400,
106,1962,4,4,4,"4","26","jack-brabham","lotus","climax","dunlop","2:16.100",136100,,,,,,,"+1.300",1300,"+0.700",700,
106,1962,4,5,5,"5","18","john-surtees","lola","climax","dunlop","2:16.300",136300,,,,,,,"+1.500",1500,"+0.200",200,
106,1962,4,6,6,"6","30","dan-gurney","porsche","porsche","dunlop","2:16.500",136500,,,,,,,"+1.700",1700,"+0.200",200,
106,1962,4,7,7,"7","34","masten-gregory","lotus","brm","dunlop","2:17.300",137300,,,,,,,"+2.500",2500,"+0.800",800,
106,1962,4,8,8,"8","36","innes-ireland","lotus","climax","dunlop","2:17.500",137500,,,,,,,"+2.700",2700,"+0.200",200,
106,1962,4,9,9,"9","32","jo-bonnier","porsche","porsche","dunlop","2:17.900",137900,,,,,,,"+3.100",3100,"+0.400",400,
106,1962,4,10,10,"10","10","richie-ginther","brm","brm","dunlop","2:18.200",138200,,,,,,,"+3.400",3400,"+0.300",300,
106,1962,4,11,11,"11","24","tony-maggs","cooper","climax","dunlop","2:18.600",138600,,,,,,,"+3.800",3800,"+0.400",400,
106,1962,4,12,12,"12","14","trevor-taylor","lotus","climax","dunlop","2:19.100",139100,,,,,,,"+4.300",4300,"+0.500",500,
106,1962,4,13,13,"13","28","maurice-trintignant","lotus","climax","dunlop","2:20.800",140800,,,,,,,"+6.000",6000,"+1.700",1700,
106,1962,4,14,14,"14","20","roy-salvadori","lola","climax","dunlop","2:21.300",141300,,,,,,,"+6.500",6500,"+0.500",500,
106,1962,4,15,15,"15","40","jo-siffert","lotus","brm","dunlop","2:23.400",143400,,,,,,,"+8.600",8600,"+2.100",2100,
106,1962,4,16,16,"16","42","jackie-lewis","cooper","climax","dunlop","2:25.500",145500,,,,,,,"+10.700",10700,"+2.100",2100,
106,1962,4,17,17,"17","38","carel-godin-de-beaufort","porsche","porsche","dunlop","2:26.500",146500,,,,,,,"+11.700",11700,"+1.000",1000,
107,1962,5,1,1,"1","20","jim-clark","lotus","climax","dunlop","1:53.600",113600,,,,,,,,,,,
107,1962,5,2,2,"2","24","john-surtees","lola","climax","dunlop","1:54.200",114200,,,,,,,"+0.600",600,"+0.600",600,
107,1962,5,3,3,"3","32","innes-ireland","lotus","climax","dunlop","1:54.400",114400,,,,,,,"+0.800",800,"+0.200",200,
107,1962,5,4,4,"4","16","bruce-mclaren","cooper","climax","dunlop","1:54.600",114600,,,,,,,"+1.000",1000,"+0.200",200,
107,1962,5,5,5,"5","12","graham-hill","brm","brm","dunlop","1:54.600",114600,,,,,,,"+1.000",1000,"+0.000",0,
107,1962,5,6,6,"6","8","dan-gurney","porsche","porsche","dunlop","1:54.800",114800,,,,,,,"+1.200",1200,"+0.200",200,
107,1962,5,7,7,"7","10","jo-bonnier","porsche","porsche","dunlop","1:55.200",115200,,,,,,,"+1.600",1600,"+0.400",400,
107,1962,5,8,8,"8","14","richie-ginther","brm","brm","dunlop","1:55.200",115200,,,,,,,"+1.600",1600,"+0.000",0,
107,1962,5,9,9,"9","30","jack-brabham","lotus","climax","dunlop","1:55.400",115400,,,,,,,"+1.800",1800,"+0.200",200,
107,1962,5,10,10,"10","22","trevor-taylor","lotus","climax","dunlop","1:56.000",116000,,,,,,,"+2.400",2400,"+0.600",600,
107,1962,5,11,11,"11","26","roy-salvadori","lola","climax","dunlop","1:56.200",116200,,,,,,,"+2.600",2600,"+0.200",200,
107,1962,5,12,12,"12","2","phil-hill","ferrari","ferrari","dunlop","1:56.200",116200,,,,,,,"+2.600",2600,"+0.000",0,
107,1962,5,13,13,"13","18","tony-maggs","cooper","climax","dunlop","1:57.000",117000,,,,,,,"+3.400",3400,"+0.800",800,
107,1962,5,14,14,"14","34","masten-gregory","lotus","climax","dunlop","1:57.200",117200,,,,,,,"+3.600",3600,"+0.200",200,
107,1962,5,15,15,"15","42","jackie-lewis","cooper","climax","dunlop","1:59.400",119400,,,,,,,"+5.800",5800,"+2.200",2200,
107,1962,5,16,16,"16","36","ian-burgess","cooper","climax","dunlop","2:00.600",120600,,,,,,,"+7.000",7000,"+1.200",1200,
107,1962,5,17,17,"17","54","carel-godin-de-beaufort","porsche","porsche","dunlop","2:01.400",121400,,,,,,,"+7.800",7800,"+0.800",800,
107,1962,5,18,18,"18","48","tony-shelly","lotus","climax","dunlop","2:02.400",122400,,,,,,,"+8.800",8800,"+1.000",1000,
107,1962,5,19,19,"19","40","tony-settember","emeryson","climax","dunlop","2:02.400",122400,,,,,,,"+8.800",8800,"+0.000",0,
107,1962,5,20,20,"20","46","jay-chamberlain","lotus","climax","dunlop","2:03.400",123400,,,,,,,"+9.800",9800,"+1.000",1000,
107,1962,5,21,21,"21","44","wolfgang-seidel","lotus","brm","dunlop","2:11.600",131600,,,,,,,"+18.000",18000,"+8.200",8200,
108,1962,6,1,1,"1","7","dan-gurney","porsche","porsche","dunlop","8:47.200",527200,,,,,,,,,,,
108,1962,6,2,2,"2","11","graham-hill","brm","brm","dunlop","8:50.200",530200,,,,,,,"+3.000",3000,"+3.000",3000,
108,1962,6,3,3,"3","5","jim-clark","lotus","climax","dunlop","8:51.200",531200,,,,,,,"+4.000",4000,"+1.000",1000,
108,1962,6,4,4,"4","14","john-surtees","lola","climax","dunlop","8:57.500",537500,,,,,,,"+10.300",10300,"+6.300",6300,
108,1962,6,5,5,"5","9","bruce-mclaren","cooper","climax","dunlop","9:00.700",540700,,,,,,,"+13.500",13500,"+3.200",3200,
108,1962,6,6,6,"6","8","jo-bonnier","porsche","porsche","dunlop","9:04.000",544000,,,,,,,"+16.800",16800,"+3.300",3300,
108,1962,6,7,7,"7","12","richie-ginther","brm","brm","dunlop","9:05.900",545900,,,,,,,"+18.700",18700,"+1.900",1900,
108,1962,6,8,8,"8","18","carel-godin-de-beaufort","porsche","porsche","dunlop","9:12.900",552900,,,,,,,"+25.700",25700,"+7.000",7000,
108,1962,6,9,9,"9","15","roy-salvadori","lola","climax","dunlop","9:14.100",554100,,,,,,,"+26.900",26900,"+1.200",1200,
108,1962,6,10,10,"10","3","ricardo-rodriguez","ferrari","ferrari","dunlop","9:14.200",554200,,,,,,,"+27.000",27000,"+0.100",100,
108,1962,6,11,11,"11","17","maurice-trintignant","lotus","climax","dunlop","9:19.000",559000,,,,,,,"+31.800",31800,"+4.800",4800,
108,1962,6,12,12,"12","1","phil-hill","ferrari","ferrari","dunlop","9:24.700",564700,,,,,,,"+37.500",37500,"+5.700",5700,
108,1962,6,13,13,"13","2","giancarlo-baghetti","ferrari","ferrari","dunlop","9:28.100",568100,,,,,,,"+40.900",40900,"+3.400",3400,
108,1962,6,14,14,"14","32","heini-walter","porsche","porsche","dunlop","9:30.000",570000,,,,,,,"+42.800",42800,"+1.900",1900,
108,1962,6,15,15,"15","26","nino-vaccarella","porsche","porsche","dunlop","9:33.800",573800,,,,,,,"+46.600",46600,"+3.800",3800,
108,1962,6,16,16,"16","25","ian-burgess","cooper","climax","dunlop","9:39.200",579200,,,,,,,"+52.000",52000,"+5.400",5400,
108,1962,6,17,17,"17","19","jo-siffert","lotus","climax","dunlop","9:39.300",579300,,,,,,,"+52.100",52100,"+0.100",100,
108,1962,6,18,18,"18","4","lorenzo-bandini","ferrari","ferrari","dunlop","9:39.700",579700,,,,,,,"+52.500",52500,"+0.400",400,
108,1962,6,19,19,"19","27","keith-greene","gilby","brm","dunlop","9:47.100",587100,,,,,,,"+59.900",59900,"+7.400",7400,
108,1962,6,20,20,"20","28","heinz-schiller","lotus","brm","dunlop","9:51.900",591900,,,,,,,"+1:04.700",64700,"+4.800",4800,
108,1962,6,21,21,"21","20","jackie-lewis","cooper","climax","dunlop","9:58.000",598000,,,,,,,"+1:10.800",70800,"+6.100",6100,
108,1962,6,22,22,"22","31","bernard-collomb","cooper","climax","dunlop","10:09.700",609700,,,,,,,"+1:22.500",82500,"+11.700",11700,
108,1962,6,23,23,"23","10","tony-maggs","cooper","climax","dunlop","10:21.200",621200,,,,,,,"+1:34.000",94000,"+11.500",11500,
108,1962,6,24,24,"24","16","jack-brabham","brabham","climax","dunlop","10:21.600",621600,,,,,,,"+1:34.400",94400,"+0.400",400,
108,1962,6,25,25,"25","21","lucien-bianchi","enb","maserati","dunlop","10:40.700",640700,,,,,,,"+1:53.500",113500,"+19.100",19100,
108,1962,6,26,26,"26","6","trevor-taylor","lotus","climax","dunlop","9:57.000",597000,,,,,,,"+1:09.800",69800,"-43.700",-42300,
108,1962,6,27,27,"27","29","tony-shelly","lotus","climax","dunlop","10:18.600",618600,,,,,,,"+1:31.400",91400,"+21.600",21600,
108,1962,6,28,28,"28","34","wolfgang-seidel","lotus","brm","dunlop","10:38.200",638200,,,,,,,"+1:51.000",111000,"+19.600",19600,
108,1962,6,29,29,"29","30","jay-chamberlain","lotus","climax","dunlop","11:12.900",672900,,,,,,,"+2:25.700",145700,"+34.700",34700,
108,1962,6,30,30,"30","34","gunther-seiffert","lotus","brm","dunlop","11:38.900",698900,,,,,,,"+2:51.700",171700,"+26.000",26000,
109,1962,7,1,1,"1","20","jim-clark","lotus","climax","dunlop","1:40.350",100350,,,,,,,,,,,
109,1962,7,2,2,"2","14","graham-hill","brm","brm","dunlop","1:40.380",100380,,,,,,,"+0.030",30,"+0.030",30,
109,1962,7,3,3,"3","12","richie-ginther","brm","brm","dunlop","1:41.100",101100,,,,,,,"+0.750",750,"+0.720",720,
109,1962,7,4,4,"4","28","bruce-mclaren","cooper","climax","dunlop","1:41.800",101800,,,,,,,"+1.450",1450,"+0.700",700,
109,1962,7,5,5,"5","40","innes-ireland","lotus","climax","dunlop","1:41.800",101800,,,,,,,"+1.450",1450,"+0.000",0,
109,1962,7,6,6,"6","38","masten-gregory","lotus","brm","dunlop","1:41.900",101900,,,,,,,"+1.550",1550,"+0.100",100,
109,1962,7,7,7,"7","16","dan-gurney","porsche","porsche","dunlop","1:41.900",101900,,,,,,,"+1.550",1550,"+0.000",0,
109,1962,7,8,8,"8","46","john-surtees","lola","climax","dunlop","1:42.400",102400,,,,,,,"+2.050",2050,"+0.500",500,
109,1962,7,9,9,"9","18","jo-bonnier","porsche","porsche","dunlop","1:42.600",102600,,,,,,,"+2.250",2250,"+0.200",200,
109,1962,7,10,10,"10","8","willy-mairesse","ferrari","ferrari","dunlop","1:42.800",102800,,,,,,,"+2.450",2450,"+0.200",200,
109,1962,7,11,11,"11","4","ricardo-rodriguez","ferrari","ferrari","dunlop","1:43.100",103100,,,,,,,"+2.750",2750,"+0.300",300,
109,1962,7,12,12,"12","30","tony-maggs","cooper","climax","dunlop","1:43.200",103200,,,,,,,"+2.850",2850,"+0.100",100,
109,1962,7,13,13,"13","44","roy-salvadori","lola","climax","dunlop","1:43.300",103300,,,,,,,"+2.950",2950,"+0.100",100,
109,1962,7,14,14,"14","24","nino-vaccarella","lotus","climax","dunlop","1:43.400",103400,,,,,,,"+3.050",3050,"+0.100",100,
109,1962,7,15,15,"15","10","phil-hill","ferrari","ferrari","dunlop","1:43.400",103400,,,,,,,"+3.050",3050,"+0.000",0,
109,1962,7,16,16,"16","22","trevor-taylor","lotus","climax","dunlop","1:44.200",104200,,,,,,,"+3.850",3850,"+0.800",800,
109,1962,7,17,17,"17","6","lorenzo-bandini","ferrari","ferrari","dunlop","1:44.300",104300,,,,,,,"+3.950",3950,"+0.100",100,
109,1962,7,18,18,"18","2","giancarlo-baghetti","ferrari","ferrari","dunlop","1:44.400",104400,,,,,,,"+4.050",4050,"+0.100",100,
109,1962,7,19,19,"19","36","maurice-trintignant","lotus","climax","dunlop","1:44.400",104400,,,,,,,"+4.050",4050,"+0.000",0,
109,1962,7,20,20,"20","32","carel-godin-de-beaufort","porsche","porsche","dunlop","1:46.800",106800,,,,,,,"+6.450",6450,"+2.400",2400,
109,1962,7,21,21,"21","48","tony-settember","emeryson","climax","dunlop","1:49.100",109100,,,,,,,"+8.750",8750,"+2.300",2300,
109,1962,7,22,22,"22","60","tony-shelly","lotus","brm","dunlop","1:51.600",111600,,,,,,,"+11.250",11250,"+2.500",2500,
109,1962,7,23,23,"23","56","keith-greene","gilby","brm","dunlop","1:52.000",112000,,,,,,,"+11.650",11650,"+0.400",400,
109,1962,7,24,24,"24","52","gerry-ashmore","lotus","climax","dunlop","1:52.900",112900,,,,,,,"+12.550",12550,"+0.900",900,
109,1962,7,25,25,"25","62","ian-burgess","cooper","climax","dunlop","1:53.100",113100,,,,,,,"+12.750",12750,"+0.200",200,
109,1962,7,26,26,"26","42","jo-siffert","lotus","brm","dunlop","1:55.800",115800,,,,,,,"+15.450",15450,"+2.700",2700,
109,1962,7,27,27,"27","54","ernesto-prinoth","lotus","climax","dunlop","1:57.700",117700,,,,,,,"+17.350",17350,"+1.900",1900,
109,1962,7,28,28,"28","50","roberto-lippi","de-tomaso","osca","dunlop","1:58.600",118600,,,,,,,"+18.250",18250,"+0.900",900,
109,1962,7,29,29,"29","26","jay-chamberlain","lotus","climax","dunlop","1:59.700",119700,,,,,,,"+19.350",19350,"+1.100",1100,
109,1962,7,30,30,"30","34","nasif-estefano","de-tomaso","de-tomaso","dunlop","6:18.400",378400,,,,,,,"+4:38.050",278050,"+4:18.700",258700,
110,1962,8,1,1,"1","8","jim-clark","lotus","climax","dunlop","1:15.800",75800,,,,,,,,,,,
110,1962,8,2,2,"2","5","richie-ginther","brm","brm","dunlop","1:16.600",76600,,,,,,,"+0.800",800,"+0.800",800,
110,1962,8,3,3,"3","4","graham-hill","brm","brm","dunlop","1:16.700",76700,,,,,,,"+0.900",900,"+0.100",100,
110,1962,8,4,4,"4","10","dan-gurney","porsche","porsche","dunlop","1:16.900",76900,,,,,,,"+1.100",1100,"+0.200",200,
110,1962,8,5,5,"5","17","jack-brabham","brabham","climax","dunlop","1:16.900",76900,,,,,,,"+1.100",1100,"+0.000",0,
110,1962,8,6,6,"6","21","bruce-mclaren","cooper","climax","dunlop","1:17.300",77300,,,,,,,"+1.500",1500,"+0.400",400,
110,1962,8,7,7,"7","16","masten-gregory","lotus","brm","dunlop","1:17.900",77900,,,,,,,"+2.100",2100,"+0.600",600,
110,1962,8,8,8,"8","9","trevor-taylor","lotus","climax","dunlop","1:18.000",78000,,,,,,,"+2.200",2200,"+0.100",100,
110,1962,8,9,9,"9","11","jo-bonnier","porsche","porsche","dunlop","1:19.000",79000,,,,,,,"+3.200",3200,"+1.000",1000,
110,1962,8,10,10,"10","22","tony-maggs","cooper","climax","dunlop","1:19.700",79700,,,,,,,"+3.900",3900,"+0.700",700,
110,1962,8,11,11,"11","19","roy-salvadori","lola","climax","dunlop","1:19.800",79800,,,,,,,"+4.000",4000,"+0.100",100,
110,1962,8,12,12,"12","23","timmy-mayer","cooper","climax","dunlop","1:20.700",80700,,,,,,,"+4.900",4900,"+0.900",900,
110,1962,8,13,13,"13","14","roger-penske","lotus","climax","dunlop","1:21.300",81300,,,,,,,"+5.500",5500,"+0.600",600,
110,1962,8,14,14,"14","12","carel-godin-de-beaufort","porsche","porsche","dunlop","1:21.800",81800,,,,,,,"+6.000",6000,"+0.500",500,
110,1962,8,15,15,"15","24","hap-sharp","cooper","climax","dunlop","1:22.400",82400,,,,,,,"+6.600",6600,"+0.600",600,
110,1962,8,16,16,"16","15","innes-ireland","lotus","climax","dunlop","1:24.000",84000,,,,,,,"+8.200",8200,"+1.600",1600,
110,1962,8,17,17,"17","26","rob-schroeder","lotus","climax","dunlop","1:24.000",84000,,,,,,,"+8.200",8200,"+0.000",0,
110,1962,8,18,18,"18","25","jim-hall","lotus","climax","dunlop","1:24.700",84700,,,,,,,"+8.900",8900,"+0.700",700,
110,1962,8,19,19,"19","6","maurice-trintignant","lotus","climax","dunlop","1:25.800",85800,,,,,,,"+10.000",10000,"+1.100",1100,
110,1962,8,20,20,"20","18","john-surtees","lola","climax","dunlop","1:29.200",89200,,,,,,,"+13.400",13400,"+3.400",3400,
111,1962,9,1,1,"1","1","jim-clark","lotus","climax","dunlop","1:29.300",89300,,,,,,,,,,,
111,1962,9,2,2,"2","3","graham-hill","brm","brm","dunlop","1:29.600",89600,,,,,,,"+0.300",300,"+0.300",300,
111,1962,9,3,3,"3","10","jack-brabham","brabham","climax","dunlop","1:31.000",91000,,,,,,,"+1.700",1700,"+1.400",1400,
111,1962,9,4,4,"4","11","innes-ireland","lotus","climax","dunlop","1:31.100",91100,,,,,,,"+1.800",1800,"+0.100",100,
111,1962,9,5,5,"5","6","john-surtees","lola","climax","dunlop","1:31.500",91500,,,,,,,"+2.200",2200,"+0.400",400,
111,1962,9,6,6,"6","9","tony-maggs","cooper","climax","dunlop","1:31.700",91700,,,,,,,"+2.400",2400,"+0.200",200,
111,1962,9,7,7,"7","4","richie-ginther","brm","brm","dunlop","1:31.700",91700,,,,,,,"+2.400",2400,"+0.000",0,
111,1962,9,8,8,"8","8","bruce-mclaren","cooper","climax","dunlop","1:31.700",91700,,,,,,,"+2.400",2400,"+0.000",0,
111,1962,9,9,9,"9","2","trevor-taylor","lotus","climax","dunlop","1:32.700",92700,,,,,,,"+3.400",3400,"+1.000",1000,
111,1962,9,10,10,"10","20","neville-lederle","lotus","climax","dunlop","1:33.600",93600,,,,,,,"+4.300",4300,"+0.900",900,
111,1962,9,11,11,"11","7","roy-salvadori","lola","climax","dunlop","1:35.400",95400,,,,,,,"+6.100",6100,"+1.800",1800,
111,1962,9,12,12,"12","18","john-love","cooper","climax","dunlop","1:36.400",96400,,,,,,,"+7.100",7100,"+1.000",1000,
111,1962,9,13,13,"13","14","ernie-pieterse","lotus","climax","dunlop","1:36.800",96800,,,,,,,"+7.500",7500,"+0.400",400,
111,1962,9,14,14,"14","21","doug-serrurier","lds","alfa-romeo","dunlop","1:36.800",96800,,,,,,,"+7.500",7500,"+0.000",0,
111,1962,9,15,15,"15","22","mike-harris","cooper","alfa-romeo","dunlop","1:39.100",99100,,,,,,,"+9.800",9800,"+2.300",2300,
111,1962,9,16,16,"16","15","carel-godin-de-beaufort","porsche","porsche","dunlop","1:39.200",99200,,,,,,,"+9.900",9900,"+0.100",100,
111,1962,9,17,17,"17","5","bruce-johnstone","brm","brm","dunlop",,,,,,,,,,,,,
112,1963,1,1,1,"1","9","jim-clark","lotus","climax","dunlop","1:34.300",94300,,,,,,,,,,,
112,1963,1,2,2,"2","6","graham-hill","brm","brm","dunlop","1:35.000",95000,,,,,,,"+0.700",700,"+0.700",700,
112,1963,1,3,3,"3","21","john-surtees","ferrari","ferrari","dunlop","1:35.200",95200,,,,,,,"+0.900",900,"+0.200",200,
112,1963,1,4,4,"4","5","richie-ginther","brm","brm","dunlop","1:35.200",95200,,,,,,,"+0.900",900,"+0.000",0,
112,1963,1,5,5,"5","14","innes-ireland","lotus","brm","dunlop","1:35.500",95500,,,,,,,"+1.200",1200,"+0.300",300,
112,1963,1,6,6,"6","4","dan-gurney","brabham","climax","dunlop","1:35.800",95800,,,,,,,"+1.500",1500,"+0.300",300,
112,1963,1,7,7,"7","20","willy-mairesse","ferrari","ferrari","dunlop","1:35.900",95900,,,,,,,"+1.600",1600,"+0.100",100,
112,1963,1,8,8,"8","7","bruce-mclaren","cooper","climax","dunlop","1:36.000",96000,,,,,,,"+1.700",1700,"+0.100",100,
112,1963,1,9,9,"9","10","trevor-taylor","lotus","climax","dunlop","1:37.200",97200,,,,,,,"+2.900",2900,"+1.200",1200,
112,1963,1,10,10,"10","8","tony-maggs","cooper","climax","dunlop","1:37.900",97900,,,,,,,"+3.600",3600,"+0.700",700,
112,1963,1,11,11,"11","11","jo-bonnier","cooper","climax","dunlop","1:38.600",98600,,,,,,,"+4.300",4300,"+0.700",700,
112,1963,1,12,12,"12","25","jo-siffert","lotus","brm","dunlop","1:39.400",99400,,,,,,,"+5.100",5100,"+0.800",800,
112,1963,1,13,13,"13","12","jim-hall","lotus","brm","dunlop","1:41.000",101000,,,,,,,"+6.700",6700,"+1.600",1600,
112,1963,1,14,14,"14","17","maurice-trintignant","lola","climax","dunlop","1:41.300",101300,,,,,,,"+7.000",7000,"+0.300",300,
112,1963,1,15,15,"15","15","chris-amon","lola","climax","dunlop","1:41.400",101400,,,,,,,"+7.100",7100,"+0.100",100,
112,1963,1,16,16,"16","24","bernard-collomb","lotus","climax","dunlop","1:43.300",103300,,,,,,,"+9.000",9000,"+1.900",1900,
112,1963,1,17,17,"17","3","jack-brabham","lotus","climax","dunlop","1:44.700",104700,,,,,,,"+10.400",10400,"+1.400",1400,
113,1963,2,1,1,"1","7","graham-hill","brm","brm","dunlop","3:54.100",234100,,,,,,,,,,,
113,1963,2,2,2,"2","18","dan-gurney","brabham","climax","dunlop","3:55.000",235000,,,,,,,"+0.900",900,"+0.900",900,
113,1963,2,3,3,"3","10","willy-mairesse","ferrari","ferrari","dunlop","3:55.300",235300,,,,,,,"+1.200",1200,"+0.300",300,
113,1963,2,4,4,"4","15","tony-maggs","cooper","climax","dunlop","3:56.000",236000,,,,,,,"+1.900",1900,"+0.700",700,
113,1963,2,5,5,"5","14","bruce-mclaren","cooper","climax","dunlop","3:56.200",236200,,,,,,,"+2.100",2100,"+0.200",200,
113,1963,2,6,6,"6","17","jack-brabham","brabham","climax","dunlop","3:56.600",236600,,,,,,,"+2.500",2500,"+0.400",400,
113,1963,2,7,7,"7","4","innes-ireland","brp","brm","dunlop","3:56.900",236900,,,,,,,"+2.800",2800,"+0.300",300,
113,1963,2,8,8,"8","1","jim-clark","lotus","climax","dunlop","3:57.100",237100,,,,,,,"+3.000",3000,"+0.200",200,
113,1963,2,9,9,"9","8","richie-ginther","brm","brm","dunlop","3:57.600",237600,,,,,,,"+3.500",3500,"+0.500",500,
113,1963,2,10,10,"10","9","john-surtees","ferrari","ferrari","dunlop","3:57.900",237900,,,,,,,"+3.800",3800,"+0.300",300,
113,1963,2,11,11,"11","2","trevor-taylor","lotus","climax","dunlop","3:58.100",238100,,,,,,,"+4.000",4000,"+0.200",200,
113,1963,2,12,12,"12","5","jim-hall","lotus","brm","dunlop","4:00.100",240100,,,,,,,"+6.000",6000,"+2.000",2000,
113,1963,2,13,13,"13","12","jo-bonnier","cooper","climax","dunlop","4:00.100",240100,,,,,,,"+6.000",6000,"+0.000",0,
113,1963,2,14,14,"14","28","jo-siffert","lotus","brm","dunlop","4:02.300",242300,,,,,,,"+8.200",8200,"+2.200",2200,
113,1963,2,15,15,"15","21","chris-amon","lola","climax","dunlop","4:04.900",244900,,,,,,,"+10.800",10800,"+2.600",2600,
113,1963,2,16,16,"16","22","lucien-bianchi","lola","climax","dunlop","4:06.500",246500,,,,,,,"+12.400",12400,"+1.600",1600,
113,1963,2,17,17,"17","26","phil-hill","ats","ats","dunlop","4:06.700",246700,,,,,,,"+12.600",12600,"+0.200",200,
113,1963,2,18,18,"18","29","carel-godin-de-beaufort","porsche","porsche","dunlop","4:14.600",254600,,,,,,,"+20.500",20500,"+7.900",7900,
113,1963,2,19,19,"19","24","tony-settember","scirocco","brm","dunlop","4:25.200",265200,,,,,,,"+31.100",31100,"+10.600",10600,
113,1963,2,20,20,"20","27","giancarlo-baghetti","ats","ats","dunlop","4:33.600",273600,,,,,,,"+39.500",39500,"+8.400",8400,
114,1963,3,1,1,"1","6","jim-clark","lotus","climax","dunlop","1:31.600",91600,,,,,,,,,,,
114,1963,3,2,2,"2","12","graham-hill","brm","brm","dunlop","1:32.200",92200,,,,,,,"+0.600",600,"+0.600",600,
114,1963,3,3,3,"3","20","bruce-mclaren","cooper","climax","dunlop","1:32.300",92300,,,,,,,"+0.700",700,"+0.100",100,
114,1963,3,4,4,"4","16","jack-brabham","brabham","climax","dunlop","1:32.400",92400,,,,,,,"+0.800",800,"+0.100",100,
114,1963,3,5,5,"5","2","john-surtees","ferrari","ferrari","dunlop","1:33.000",93000,,,,,,,"+1.400",1400,"+0.600",600,
114,1963,3,6,6,"6","14","richie-ginther","brm","brm","dunlop","1:33.300",93300,,,,,,,"+1.700",1700,"+0.300",300,
114,1963,3,7,7,"7","30","innes-ireland","brp","brm","dunlop","1:33.300",93300,,,,,,,"+1.700",1700,"+0.000",0,
114,1963,3,8,8,"8","28","jo-bonnier","cooper","climax","dunlop","1:34.100",94100,,,,,,,"+2.500",2500,"+0.800",800,
114,1963,3,9,9,"9","22","tony-maggs","cooper","climax","dunlop","1:34.300",94300,,,,,,,"+2.700",2700,"+0.200",200,
114,1963,3,10,10,"10","8","trevor-taylor","lotus","climax","dunlop","1:35.200",95200,,,,,,,"+3.600",3600,"+0.900",900,
114,1963,3,11,11,"11","4","ludovico-scarfiotti","ferrari","ferrari","dunlop","1:35.600",95600,,,,,,,"+4.000",4000,"+0.400",400,
114,1963,3,12,12,"12","10","chris-amon","lola","climax","dunlop","1:35.900",95900,,,,,,,"+4.300",4300,"+0.300",300,
114,1963,3,13,13,"13","24","phil-hill","ats","ats","dunlop","1:36.000",96000,,,,,,,"+4.400",4400,"+0.100",100,
114,1963,3,14,14,"14","18","dan-gurney","brabham","climax","dunlop","1:36.200",96200,,,,,,,"+4.600",4600,"+0.200",200,
114,1963,3,15,15,"15","26","giancarlo-baghetti","ats","ats","dunlop","1:37.800",97800,,,,,,,"+6.200",6200,"+1.600",1600,
114,1963,3,16,16,"16","34","gerhard-mitter","porsche","porsche","dunlop","1:38.800",98800,,,,,,,"+7.200",7200,"+1.000",1000,
114,1963,3,17,17,"17","36","jo-siffert","lotus","brm","dunlop","1:39.000",99000,,,,,,,"+7.400",7400,"+0.200",200,
114,1963,3,18,18,"18","42","jim-hall","lotus","brm","dunlop","1:39.000",99000,,,,,,,"+7.400",7400,"+0.000",0,
114,1963,3,19,19,"19","32","carel-godin-de-beaufort","porsche","porsche","dunlop","1:39.300",99300,,,,,,,"+7.700",7700,"+0.300",300,
115,1963,4,1,1,"1","18","jim-clark","lotus","climax","dunlop","2:20.200",140200,,,,,,,,,,,
115,1963,4,2,2,"2","2","graham-hill","brm","brm","dunlop","2:20.900",140900,,,,,,,"+0.700",700,"+0.700",700,
115,1963,4,3,3,"3","8","dan-gurney","brabham","climax","dunlop","2:21.700",141700,,,,,,,"+1.500",1500,"+0.800",800,
115,1963,4,4,4,"4","16","john-surtees","ferrari","ferrari","dunlop","2:21.900",141900,,,,,,,"+1.700",1700,"+0.200",200,
115,1963,4,5,5,"5","6","jack-brabham","brabham","climax","dunlop","2:21.900",141900,,,,,,,"+1.700",1700,"+0.000",0,
115,1963,4,6,6,"6","10","bruce-mclaren","cooper","climax","dunlop","2:22.500",142500,,,,,,,"+2.300",2300,"+0.600",600,
115,1963,4,7,7,"7","20","trevor-taylor","lotus","climax","dunlop","2:23.700",143700,,,,,,,"+3.500",3500,"+1.200",1200,
115,1963,4,8,8,"8","12","tony-maggs","cooper","climax","dunlop","2:24.400",144400,,,,,,,"+4.200",4200,"+0.700",700,
115,1963,4,9,9,"9","32","innes-ireland","brp","brm","dunlop","2:25.100",145100,,,,,,,"+4.900",4900,"+0.700",700,
115,1963,4,10,10,"10","36","jo-siffert","lotus","brm","dunlop","2:25.200",145200,,,,,,,"+5.000",5000,"+0.100",100,
115,1963,4,11,11,"11","44","jo-bonnier","cooper","climax","dunlop","2:25.700",145700,,,,,,,"+5.500",5500,"+0.500",500,
115,1963,4,12,12,"12","4","richie-ginther","brm","brm","dunlop","2:25.900",145900,,,,,,,"+5.700",5700,"+0.200",200,
115,1963,4,13,13,"13","14","ludovico-scarfiotti","ferrari","ferrari","dunlop","2:27.000",147000,,,,,,,"+6.800",6800,"+1.100",1100,
115,1963,4,14,14,"14","42","phil-hill","lotus","brm","dunlop","2:27.700",147700,,,,,,,"+7.500",7500,"+0.700",700,
115,1963,4,15,15,"15","28","maurice-trintignant","lotus","climax","dunlop","2:28.300",148300,,,,,,,"+8.100",8100,"+0.600",600,
115,1963,4,16,16,"16","22","peter-arundell","lotus","climax","dunlop","2:28.500",148500,,,,,,,"+8.300",8300,"+0.200",200,
115,1963,4,17,17,"17","30","chris-amon","lola","climax","dunlop","2:30.500",150500,,,,,,,"+10.300",10300,"+2.000",2000,
115,1963,4,18,18,"18","34","jim-hall","lotus","brm","dunlop","2:30.900",150900,,,,,,,"+10.700",10700,"+0.400",400,
115,1963,4,19,19,"19","48","masten-gregory","lotus","brm","dunlop","2:33.200",153200,,,,,,,"+13.000",13000,"+2.300",2300,
115,1963,4,20,20,"20","38","tony-settember","scirocco","brm","dunlop","2:36.700",156700,,,,,,,"+16.500",16500,"+3.500",3500,
115,1963,4,21,21,"21","46","lorenzo-bandini","brm","brm","dunlop","2:37.800",157800,,,,,,,"+17.600",17600,"+1.100",1100,
116,1963,5,1,1,"1","4","jim-clark","lotus","climax","dunlop","1:34.400",94400,,,,,,,,,,,
116,1963,5,2,2,"2","9","dan-gurney","brabham","climax","dunlop","1:34.600",94600,,,,,,,"+0.200",200,"+0.200",200,
116,1963,5,3,3,"3","1","graham-hill","brm","brm","dunlop","1:34.800",94800,,,,,,,"+0.400",400,"+0.200",200,
116,1963,5,4,4,"4","8","jack-brabham","brabham","climax","dunlop","1:35.000",95000,,,,,,,"+0.600",600,"+0.200",200,
116,1963,5,5,5,"5","10","john-surtees","ferrari","ferrari","dunlop","1:35.200",95200,,,,,,,"+0.800",800,"+0.200",200,
116,1963,5,6,6,"6","6","bruce-mclaren","cooper","climax","dunlop","1:35.400",95400,,,,,,,"+1.000",1000,"+0.200",200,
116,1963,5,7,7,"7","7","tony-maggs","cooper","climax","dunlop","1:36.000",96000,,,,,,,"+1.600",1600,"+0.600",600,
116,1963,5,8,8,"8","3","lorenzo-bandini","brm","brm","dunlop","1:36.000",96000,,,,,,,"+1.600",1600,"+0.000",0,
116,1963,5,9,9,"9","2","richie-ginther","brm","brm","dunlop","1:36.000",96000,,,,,,,"+1.600",1600,"+0.000",0,
116,1963,5,10,10,"10","5","trevor-taylor","lotus","climax","dunlop","1:36.800",96800,,,,,,,"+2.400",2400,"+0.800",800,
116,1963,5,11,11,"11","11","innes-ireland","brp","brm","dunlop","1:36.800",96800,,,,,,,"+2.400",2400,"+0.000",0,
116,1963,5,12,12,"12","14","jo-bonnier","cooper","climax","dunlop","1:36.800",96800,,,,,,,"+2.400",2400,"+0.000",0,
116,1963,5,13,13,"13","12","jim-hall","lotus","brm","dunlop","1:37.000",97000,,,,,,,"+2.600",2600,"+0.200",200,
116,1963,5,14,14,"14","19","chris-amon","lola","climax","dunlop","1:37.200",97200,,,,,,,"+2.800",2800,"+0.200",200,
116,1963,5,15,15,"15","25","jo-siffert","lotus","brm","dunlop","1:38.400",98400,,,,,,,"+4.000",4000,"+1.200",1200,
116,1963,5,16,16,"16","22","bob-anderson","lola","climax","dunlop","1:39.000",99000,,,,,,,"+4.600",4600,"+0.600",600,
116,1963,5,17,17,"17","20","mike-hailwood","lotus","climax","dunlop","1:39.800",99800,,,,,,,"+5.400",5400,"+0.800",800,
116,1963,5,18,18,"18","15","tony-settember","scirocco","brm","dunlop","1:40.800",100800,,,,,,,"+6.400",6400,"+1.000",1000,
116,1963,5,19,19,"19","26","ian-raby","gilby","brm","dunlop","1:42.400",102400,,,,,,,"+8.000",8000,"+1.600",1600,
116,1963,5,20,20,"20","16","ian-burgess","scirocco","brm","dunlop","1:42.600",102600,,,,,,,"+8.200",8200,"+0.200",200,
116,1963,5,21,21,"21","23","carel-godin-de-beaufort","porsche","porsche","dunlop","1:43.400",103400,,,,,,,"+9.000",9000,"+0.800",800,
116,1963,5,22,22,"22","21","masten-gregory","lotus","brm","dunlop","1:44.200",104200,,,,,,,"+9.800",9800,"+0.800",800,
116,1963,5,23,23,"23","24","john-campbell-jones","lola","climax","dunlop","1:48.800",108800,,,,,,,"+14.400",14400,"+4.600",4600,
117,1963,6,1,1,"1","3","jim-clark","lotus","climax","dunlop","8:45.800",525800,,,,,,,,,,,
117,1963,6,2,2,"2","7","john-surtees","ferrari","ferrari","dunlop","8:46.700",526700,,,,,,,"+0.900",900,"+0.900",900,
117,1963,6,3,3,"3","15","lorenzo-bandini","brm","brm","dunlop","8:54.300",534300,,,,,,,"+8.500",8500,"+7.600",7600,
117,1963,6,4,4,"4","1","graham-hill","brm","brm","dunlop","8:57.200",537200,,,,,,,"+11.400",11400,"+2.900",2900,
117,1963,6,5,5,"5","5","bruce-mclaren","cooper","climax","dunlop","8:57.300",537300,,,,,,,"+11.500",11500,"+0.100",100,
117,1963,6,6,6,"6","2","richie-ginther","brm","brm","dunlop","9:02.800",542800,,,,,,,"+17.000",17000,"+5.500",5500,
117,1963,6,7,7,"7","8","willy-mairesse","ferrari","ferrari","dunlop","9:03.500",543500,,,,,,,"+17.700",17700,"+0.700",700,
117,1963,6,8,8,"8","9","jack-brabham","brabham","climax","dunlop","9:04.200",544200,,,,,,,"+18.400",18400,"+0.700",700,
117,1963,6,9,9,"9","18","jo-siffert","lotus","brm","dunlop","9:11.100",551100,,,,,,,"+25.300",25300,"+6.900",6900,
117,1963,6,10,10,"10","6","tony-maggs","cooper","climax","dunlop","9:11.600",551600,,,,,,,"+25.800",25800,"+0.500",500,
117,1963,6,11,11,"11","14","innes-ireland","lotus","brm","dunlop","9:14.600",554600,,,,,,,"+28.800",28800,"+3.000",3000,
117,1963,6,12,12,"12","16","jo-bonnier","cooper","climax","dunlop","9:16.000",556000,,,,,,,"+30.200",30200,"+1.400",1400,
117,1963,6,13,13,"13","10","dan-gurney","brabham","climax","dunlop","9:17.200",557200,,,,,,,"+31.400",31400,"+1.200",1200,
117,1963,6,14,14,"14","21","chris-amon","lola","climax","dunlop","9:20.100",560100,,,,,,,"+34.300",34300,"+2.900",2900,
117,1963,6,15,15,"15","26","gerhard-mitter","porsche","porsche","dunlop","9:20.900",560900,,,,,,,"+35.100",35100,"+0.800",800,
117,1963,6,16,16,"16","20","jim-hall","lotus","brm","dunlop","9:22.700",562700,,,,,,,"+36.900",36900,"+1.800",1800,
117,1963,6,17,17,"17","17","carel-godin-de-beaufort","porsche","porsche","dunlop","9:25.100",565100,,,,,,,"+39.300",39300,"+2.400",2400,
117,1963,6,18,18,"18","4","trevor-taylor","lotus","climax","dunlop","9:33.800",573800,,,,,,,"+48.000",48000,"+8.700",8700,
117,1963,6,19,19,"19","24","ian-burgess","scirocco","brm","dunlop","9:52.200",592200,,,,,,,"+1:06.400",66400,"+18.400",18400,
117,1963,6,20,20,"20","22","mario-de-araujo-cabral","cooper","climax","dunlop","9:53.100",593100,,,,,,,"+1:07.300",67300,"+0.900",900,
117,1963,6,21,21,"21","28","bernard-collomb","lotus","climax","dunlop","10:01.000",601000,,,,,,,"+1:15.200",75200,"+7.900",7900,
117,1963,6,22,22,"22","23","tony-settember","scirocco","brm","dunlop","10:02.000",602000,,,,,,,"+1:16.200",76200,"+1.000",1000,
117,1963,6,23,23,"23","29","andre-pilette","lotus","climax","dunlop","10:20.000",620000,,,,,,,"+1:34.200",94200,"+18.000",18000,
117,1963,6,24,24,"24","25","ian-raby","gilby","brm","dunlop","10:44.700",644700,,,,,,,"+1:58.900",118900,"+24.700",24700,
117,1963,6,25,25,"25","30","tim-parnell","lotus","climax","dunlop","11:07.200",667200,,,,,,,"+2:21.400",141400,"+22.500",22500,
117,1963,6,26,26,"26","27","kurt-kuhnke","lotus","borgward","dunlop","11:23.500",683500,,,,,,,"+2:37.700",157700,"+16.300",16300,
118,1963,7,1,1,"1","4","john-surtees","ferrari","ferrari","dunlop","1:37.300",97300,,,,,,,,,,,
118,1963,7,2,2,"2","12","graham-hill","brm","brm","dunlop","1:38.500",98500,,,,,,,"+1.200",1200,"+1.200",1200,
118,1963,7,3,3,"3","8","jim-clark","lotus","climax","dunlop","1:39.000",99000,,,,,,,"+1.700",1700,"+0.500",500,
118,1963,7,4,4,"4","10","richie-ginther","brm","brm","dunlop","1:39.200",99200,,,,,,,"+1.900",1900,"+0.200",200,
118,1963,7,5,5,"5","24","dan-gurney","brabham","climax","dunlop","1:39.200",99200,,,,,,,"+1.900",1900,"+0.000",0,
118,1963,7,6,6,"6","2","lorenzo-bandini","ferrari","ferrari","dunlop","1:40.100",100100,,,,,,,"+2.800",2800,"+0.900",900,
118,1963,7,7,7,"7","22","jack-brabham","brabham","climax","dunlop","1:40.400",100400,,,,,,,"+3.100",3100,"+0.300",300,
118,1963,7,8,8,"8","18","bruce-mclaren","cooper","climax","dunlop","1:40.500",100500,,,,,,,"+3.200",3200,"+0.100",100,
118,1963,7,9,9,"9","6","mike-spence","lotus","climax","dunlop","1:40.900",100900,,,,,,,"+3.600",3600,"+0.400",400,
118,1963,7,10,10,"10","32","innes-ireland","brp","brm","dunlop","1:41.600",101600,,,,,,,"+4.300",4300,"+0.700",700,
118,1963,7,11,11,"11","58","jo-bonnier","cooper","climax","dunlop","1:41.900",101900,,,,,,,"+4.600",4600,"+0.300",300,
118,1963,7,12,12,"12","42","masten-gregory","lotus","brm","dunlop","1:42.100",102100,,,,,,,"+4.800",4800,"+0.200",200,
118,1963,7,13,13,"13","20","tony-maggs","cooper","climax","dunlop","1:42.200",102200,,,,,,,"+4.900",4900,"+0.100",100,
118,1963,7,14,14,"14","16","phil-hill","ats","ats","dunlop","1:42.700",102700,,,,,,,"+5.400",5400,"+0.500",500,
118,1963,7,15,15,"15","38","chris-amon","lola","climax","dunlop","1:42.900",102900,,,,,,,"+5.600",5600,"+0.200",200,
118,1963,7,16,16,"16","54","jo-siffert","lotus","brm","dunlop","1:43.300",103300,,,,,,,"+6.000",6000,"+0.400",400,
118,1963,7,17,17,"17","30","jim-hall","lotus","brm","dunlop","1:43.800",103800,,,,,,,"+6.500",6500,"+0.500",500,
118,1963,7,18,18,"18","40","mike-hailwood","lola","climax","dunlop","1:43.900",103900,,,,,,,"+6.600",6600,"+0.100",100,
118,1963,7,19,19,"19","48","bob-anderson","lola","climax","dunlop","1:44.200",104200,,,,,,,"+6.900",6900,"+0.300",300,
118,1963,7,20,20,"20","66","maurice-trintignant","brm","brm","dunlop","1:44.400",104400,,,,,,,"+7.100",7100,"+0.200",200,
118,1963,7,21,21,"21","14","giancarlo-baghetti","ats","ats","dunlop","1:46.800",106800,,,,,,,"+9.500",9500,"+2.400",2400,
118,1963,7,22,22,"22","64","mario-de-araujo-cabral","cooper","climax","dunlop","1:44.800",104800,,,,,,,"+7.500",7500,"-2.000",-2000,
118,1963,7,23,23,"23","50","ian-raby","gilby","brm","dunlop","1:45.100",105100,,,,,,,"+7.800",7800,"+0.300",300,
118,1963,7,24,24,"24","34","tony-settember","scirocco","brm","dunlop","1:45.900",105900,,,,,,,"+8.600",8600,"+0.800",800,
118,1963,7,25,25,"25","28","carel-godin-de-beaufort","porsche","porsche","dunlop","1:46.400",106400,,,,,,,"+9.100",9100,"+0.500",500,
118,1963,7,26,26,"26","62","ernesto-brambilla","cooper","maserati","dunlop","1:50.300",110300,,,,,,,"+13.000",13000,"+3.900",3900,
118,1963,7,27,27,"27","46","andre-pilette","lotus","climax","dunlop","1:53.700",113700,,,,,,,"+16.400",16400,"+3.400",3400,
118,1963,7,28,28,"28","44","roberto-lippi","de-tomaso","ferrari","dunlop","2:03.900",123900,,,,,,,"+26.600",26600,"+10.200",10200,
119,1963,8,1,1,"1","1","graham-hill","brm","brm","dunlop","1:13.400",73400,,,,,,,,,,,
119,1963,8,2,2,"2","8","jim-clark","lotus","climax","dunlop","1:13.500",73500,,,,,,,"+0.100",100,"+0.100",100,
119,1963,8,3,3,"3","23","john-surtees","ferrari","ferrari","dunlop","1:13.700",73700,,,,,,,"+0.300",300,"+0.200",200,
119,1963,8,4,4,"4","2","richie-ginther","brm","brm","dunlop","1:14.000",74000,,,,,,,"+0.600",600,"+0.300",300,
119,1963,8,5,5,"5","5","jack-brabham","brabham","climax","dunlop","1:14.200",74200,,,,,,,"+0.800",800,"+0.200",200,
119,1963,8,6,6,"6","6","dan-gurney","brabham","climax","dunlop","1:14.500",74500,,,,,,,"+1.100",1100,"+0.300",300,
119,1963,8,7,7,"7","9","trevor-taylor","lotus","climax","dunlop","1:15.600",75600,,,,,,,"+2.200",2200,"+1.100",1100,
119,1963,8,8,8,"8","17","masten-gregory","lola","climax","dunlop","1:15.600",75600,,,,,,,"+2.200",2200,"+0.000",0,
119,1963,8,9,9,"9","24","lorenzo-bandini","ferrari","ferrari","dunlop","1:15.800",75800,,,,,,,"+2.400",2400,"+0.200",200,
119,1963,8,10,10,"10","4","tony-maggs","cooper","climax","dunlop","1:15.800",75800,,,,,,,"+2.400",2400,"+0.000",0,
119,1963,8,11,11,"11","3","bruce-mclaren","cooper","climax","dunlop","1:15.900",75900,,,,,,,"+2.500",2500,"+0.100",100,
119,1963,8,12,12,"12","11","jo-bonnier","cooper","climax","dunlop","1:16.300",76300,,,,,,,"+2.900",2900,"+0.400",400,
119,1963,8,13,13,"13","10","pedro-rodriguez","lotus","climax","dunlop","1:16.500",76500,,,,,,,"+3.100",3100,"+0.200",200,
119,1963,8,14,14,"14","14","jo-siffert","lotus","brm","dunlop","1:16.500",76500,,,,,,,"+3.100",3100,"+0.000",0,
119,1963,8,15,15,"15","25","phil-hill","ats","ats","dunlop","1:17.100",77100,,,,,,,"+3.700",3700,"+0.600",600,
119,1963,8,16,16,"16","16","jim-hall","lotus","brm","dunlop","1:17.700",77700,,,,,,,"+4.300",4300,"+0.600",600,
119,1963,8,17,17,"17","18","rodger-ward","lotus","brm","dunlop","1:19.200",79200,,,,,,,"+5.800",5800,"+1.500",1500,
119,1963,8,18,18,"18","22","hap-sharp","lotus","brm","dunlop","1:20.000",80000,,,,,,,"+6.600",6600,"+0.800",800,
119,1963,8,19,19,"19","12","carel-godin-de-beaufort","porsche","porsche","dunlop","1:22.300",82300,,,,,,,"+8.900",8900,"+2.300",2300,
119,1963,8,20,20,"20","26","giancarlo-baghetti","ats","ats","dunlop","1:25.200",85200,,,,,,,"+11.800",11800,"+2.900",2900,
119,1963,8,21,21,"21","21","peter-broeker","stebro","ford","dunlop","1:28.600",88600,,,,,,,"+15.200",15200,"+3.400",3400,
120,1963,9,1,1,"1","8","jim-clark","lotus","climax","dunlop","1:58.800",118800,,,,,,,,,,,
120,1963,9,2,2,"2","23","john-surtees","ferrari","ferrari","dunlop","2:00.500",120500,,,,,,,"+1.700",1700,"+1.700",1700,
120,1963,9,3,3,"3","1","graham-hill","brm","brm","dunlop","2:00.600",120600,,,,,,,"+1.800",1800,"+0.100",100,
120,1963,9,4,4,"4","6","dan-gurney","brabham","climax","dunlop","2:01.600",121600,,,,,,,"+2.800",2800,"+1.000",1000,
120,1963,9,5,5,"5","2","richie-ginther","brm","brm","dunlop","2:01.800",121800,,,,,,,"+3.000",3000,"+0.200",200,
120,1963,9,6,6,"6","3","bruce-mclaren","cooper","climax","dunlop","2:02.300",122300,,,,,,,"+3.500",3500,"+0.500",500,
120,1963,9,7,7,"7","24","lorenzo-bandini","ferrari","ferrari","dunlop","2:02.400",122400,,,,,,,"+3.600",3600,"+0.100",100,
120,1963,9,8,8,"8","11","jo-bonnier","cooper","climax","dunlop","2:02.600",122600,,,,,,,"+3.800",3800,"+0.200",200,
120,1963,9,9,9,"9","14","jo-siffert","lotus","brm","dunlop","2:03.300",123300,,,,,,,"+4.500",4500,"+0.700",700,
120,1963,9,10,10,"10","5","jack-brabham","brabham","climax","dunlop","2:03.600",123600,,,,,,,"+4.800",4800,"+0.300",300,
120,1963,9,11,11,"11","13","moises-solana","brm","brm","dunlop","2:04.100",124100,,,,,,,"+5.300",5300,"+0.500",500,
120,1963,9,12,12,"12","9","trevor-taylor","lotus","climax","dunlop","2:04.900",124900,,,,,,,"+6.100",6100,"+0.800",800,
120,1963,9,13,13,"13","4","tony-maggs","cooper","climax","dunlop","2:05.200",125200,,,,,,,"+6.400",6400,"+0.300",300,
120,1963,9,14,14,"14","17","masten-gregory","lola","climax","dunlop","2:05.500",125500,,,,,,,"+6.700",6700,"+0.300",300,
120,1963,9,15,15,"15","16","jim-hall","lotus","brm","dunlop","2:06.100",126100,,,,,,,"+7.300",7300,"+0.600",600,
120,1963,9,16,16,"16","22","hap-sharp","lotus","brm","dunlop","2:07.700",127700,,,,,,,"+8.900",8900,"+1.600",1600,
120,1963,9,17,17,"17","25","phil-hill","ats","ats","dunlop","2:13.600",133600,,,,,,,"+14.800",14800,"+5.900",5900,
120,1963,9,18,18,"18","12","carel-godin-de-beaufort","porsche","porsche","dunlop","2:14.100",134100,,,,,,,"+15.300",15300,"+0.500",500,
120,1963,9,19,19,"19","18","chris-amon","lotus","brm","dunlop","2:14.700",134700,,,,,,,"+15.900",15900,"+0.600",600,
120,1963,9,20,20,"20","10","pedro-rodriguez","lotus","climax","dunlop","2:15.300",135300,,,,,,,"+16.500",16500,"+0.600",600,
120,1963,9,21,21,"21","26","giancarlo-baghetti","ats","ats","dunlop","2:22.300",142300,,,,,,,"+23.500",23500,"+7.000",7000,
121,1963,10,1,1,"1","1","jim-clark","lotus","climax","dunlop","1:28.900",88900,,,,,,,,,,,
121,1963,10,2,2,"2","8","jack-brabham","brabham","climax","dunlop","1:29.000",89000,,,,,,,"+0.100",100,"+0.100",100,
121,1963,10,3,3,"3","9","dan-gurney","brabham","climax","dunlop","1:29.100",89100,,,,,,,"+0.200",200,"+0.100",100,
121,1963,10,4,4,"4","3","john-surtees","ferrari","ferrari","dunlop","1:29.800",89800,,,,,,,"+0.900",900,"+0.700",700,
121,1963,10,5,5,"5","4","lorenzo-bandini","ferrari","ferrari","dunlop","1:30.200",90200,,,,,,,"+1.300",1300,"+0.400",400,
121,1963,10,6,6,"6","5","graham-hill","brm","brm","dunlop","1:30.300",90300,,,,,,,"+1.400",1400,"+0.100",100,
121,1963,10,7,7,"7","6","richie-ginther","brm","brm","dunlop","1:30.400",90400,,,,,,,"+1.500",1500,"+0.100",100,
121,1963,10,8,8,"8","2","trevor-taylor","lotus","climax","dunlop","1:30.400",90400,,,,,,,"+1.500",1500,"+0.000",0,
121,1963,10,9,9,"9","10","bruce-mclaren","cooper","climax","dunlop","1:31.200",91200,,,,,,,"+2.300",2300,"+0.800",800,
121,1963,10,10,10,"10","11","tony-maggs","cooper","climax","dunlop","1:31.500",91500,,,,,,,"+2.600",2600,"+0.300",300,
121,1963,10,11,11,"11","12","jo-bonnier","cooper","climax","dunlop","1:32.000",92000,,,,,,,"+3.100",3100,"+0.500",500,
121,1963,10,12,12,"12","7","ernie-pieterse","lotus","climax","dunlop","1:34.500",94500,,,,,,,"+5.600",5600,"+2.500",2500,
121,1963,10,13,13,"13","19","john-love","cooper","climax","dunlop","1:34.600",94600,,,,,,,"+5.700",5700,"+0.100",100,
121,1963,10,14,14,"14","22","david-prophet","brabham","ford","dunlop","1:35.500",95500,,,,,,,"+6.600",6600,"+0.900",900,
121,1963,10,15,15,"15","21","brausch-niemann","lotus","ford","dunlop","1:35.600",95600,,,,,,,"+6.700",6700,"+0.100",100,
121,1963,10,16,16,"16","18","peter-de-klerk","alfa-special","alfa-romeo","dunlop","1:35.700",95700,,,,,,,"+6.800",6800,"+0.100",100,
121,1963,10,17,17,"17","20","sam-tingle","lds","alfa-romeo","dunlop","1:35.800",95800,,,,,,,"+6.900",6900,"+0.100",100,
121,1963,10,18,18,"18","16","doug-serrurier","lds","alfa-romeo","dunlop","1:36.400",96400,,,,,,,"+7.500",7500,"+0.600",600,
121,1963,10,19,19,"19","23","trevor-blokdyk","cooper","maserati","dunlop","1:36.500",96500,,,,,,,"+7.600",7600,"+0.100",100,
121,1963,10,20,20,"20","14","carel-godin-de-beaufort","porsche","porsche","dunlop","1:36.600",96600,,,,,,,"+7.700",7700,"+0.100",100,
121,1963,10,21,21,"21","15","paddy-driver","lotus","brm","dunlop","1:36.900",96900,,,,,,,"+8.000",8000,"+0.300",300,
122,1964,1,1,1,"1","12","jim-clark","lotus","climax","dunlop","1:34.000",94000,,,,,,,,,,,
122,1964,1,2,2,"2","5","jack-brabham","brabham","climax","dunlop","1:34.100",94100,,,,,,,"+0.100",100,"+0.100",100,
122,1964,1,3,3,"3","8","graham-hill","brm","brm","dunlop","1:34.500",94500,,,,,,,"+0.500",500,"+0.400",400,
122,1964,1,4,4,"4","21","john-surtees","ferrari","ferrari","dunlop","1:34.500",94500,,,,,,,"+0.500",500,"+0.000",0,
122,1964,1,5,5,"5","6","dan-gurney","brabham","climax","dunlop","1:34.700",94700,,,,,,,"+0.700",700,"+0.200",200,
122,1964,1,6,6,"6","11","peter-arundell","lotus","climax","dunlop","1:35.500",95500,,,,,,,"+1.500",1500,"+0.800",800,
122,1964,1,7,7,"7","20","lorenzo-bandini","ferrari","ferrari","dunlop","1:35.500",95500,,,,,,,"+1.500",1500,"+0.000",0,
122,1964,1,8,8,"8","7","richie-ginther","brm","brm","dunlop","1:35.900",95900,,,,,,,"+1.900",1900,"+0.400",400,
122,1964,1,9,9,"9","9","phil-hill","cooper","climax","dunlop","1:35.900",95900,,,,,,,"+1.900",1900,"+0.000",0,
122,1964,1,10,10,"10","10","bruce-mclaren","cooper","climax","dunlop","1:36.600",96600,,,,,,,"+2.600",2600,"+0.700",700,
122,1964,1,11,11,"11","19","jo-bonnier","cooper","climax","dunlop","1:37.400",97400,,,,,,,"+3.400",3400,"+0.800",800,
122,1964,1,12,12,"12","16","bob-anderson","brabham","climax","dunlop","1:38.000",98000,,,,,,,"+4.000",4000,"+0.600",600,
122,1964,1,13,13,"13","4","maurice-trintignant","brm","brm","dunlop","1:38.100",98100,,,,,,,"+4.100",4100,"+0.100",100,
122,1964,1,14,14,"14","15","trevor-taylor","brp","brm","dunlop","1:38.100",98100,,,,,,,"+4.100",4100,"+0.000",0,
122,1964,1,15,15,"15","14","innes-ireland","lotus","brm","dunlop","1:38.200",98200,,,,,,,"+4.200",4200,"+0.100",100,
122,1964,1,16,16,"16","18","mike-hailwood","lotus","brm","dunlop","1:38.500",98500,,,,,,,"+4.500",4500,"+0.300",300,
122,1964,1,17,17,"17","24","jo-siffert","lotus","brm","dunlop","1:38.700",98700,,,,,,,"+4.700",4700,"+0.200",200,
122,1964,1,18,18,"18","17","chris-amon","lotus","brm","dunlop","1:39.100",99100,,,,,,,"+5.100",5100,"+0.400",400,
122,1964,1,19,19,"19","2","peter-revson","lotus","brm","dunlop","1:39.900",99900,,,,,,,"+5.900",5900,"+0.800",800,
122,1964,1,20,20,"20","3","bernard-collomb","lotus","climax","dunlop","1:41.400",101400,,,,,,,"+7.400",7400,"+1.500",1500,
123,1964,2,1,1,"1","16","dan-gurney","brabham","climax","dunlop","1:31.200",91200,,,,,,,,,,,
123,1964,2,2,2,"2","18","jim-clark","lotus","climax","dunlop","1:31.300",91300,,,,,,,"+0.100",100,"+0.100",100,
123,1964,2,3,3,"3","6","graham-hill","brm","brm","dunlop","1:31.400",91400,,,,,,,"+0.200",200,"+0.100",100,
123,1964,2,4,4,"4","2","john-surtees","ferrari","ferrari","dunlop","1:32.800",92800,,,,,,,"+1.600",1600,"+1.400",1400,
123,1964,2,5,5,"5","24","bruce-mclaren","cooper","climax","dunlop","1:33.300",93300,,,,,,,"+2.100",2100,"+0.500",500,
123,1964,2,6,6,"6","20","peter-arundell","lotus","climax","dunlop","1:33.500",93500,,,,,,,"+2.300",2300,"+0.200",200,
123,1964,2,7,7,"7","14","jack-brabham","brabham","climax","dunlop","1:33.800",93800,,,,,,,"+2.600",2600,"+0.300",300,
123,1964,2,8,8,"8","8","richie-ginther","brm","brm","dunlop","1:34.000",94000,,,,,,,"+2.800",2800,"+0.200",200,
123,1964,2,9,9,"9","22","phil-hill","cooper","climax","dunlop","1:34.800",94800,,,,,,,"+3.600",3600,"+0.800",800,
123,1964,2,10,10,"10","4","lorenzo-bandini","ferrari","ferrari","dunlop","1:35.000",95000,,,,,,,"+3.800",3800,"+0.200",200,
123,1964,2,11,11,"11","34","bob-anderson","brabham","climax","dunlop","1:35.400",95400,,,,,,,"+4.200",4200,"+0.400",400,
123,1964,2,12,12,"12","26","jo-bonnier","brabham","brm","dunlop","1:35.400",95400,,,,,,,"+4.200",4200,"+0.000",0,
123,1964,2,13,13,"13","10","chris-amon","lotus","brm","dunlop","1:35.900",95900,,,,,,,"+4.700",4700,"+0.500",500,
123,1964,2,14,14,"14","12","mike-hailwood","lotus","brm","dunlop","1:36.100",96100,,,,,,,"+4.900",4900,"+0.200",200,
123,1964,2,15,15,"15","30","tony-maggs","brm","brm","dunlop","1:37.000",97000,,,,,,,"+5.800",5800,"+0.900",900,
123,1964,2,16,16,"16","32","giancarlo-baghetti","brm","brm","dunlop","1:38.000",98000,,,,,,,"+6.800",6800,"+1.000",1000,
123,1964,2,17,17,"17","28","carel-godin-de-beaufort","porsche","porsche","dunlop","1:39.900",99900,,,,,,,"+8.700",8700,"+1.900",1900,
123,1964,2,18,18,"18","36","jo-siffert","brabham","brm","dunlop","1:44.000",104000,,,,,,,"+12.800",12800,"+4.100",4100,
124,1964,3,1,1,"1","15","dan-gurney","brabham","climax","dunlop","3:50.900",230900,,,,,,,,,,,
124,1964,3,2,2,"2","1","graham-hill","brm","brm","dunlop","3:52.700",232700,,,,,,,"+1.800",1800,"+1.800",1800,
124,1964,3,3,3,"3","14","jack-brabham","brabham","climax","dunlop","3:52.800",232800,,,,,,,"+1.900",1900,"+0.100",100,
124,1964,3,4,4,"4","24","peter-arundell","lotus","climax","dunlop","3:52.800",232800,,,,,,,"+1.900",1900,"+0.000",0,
124,1964,3,5,5,"5","10","john-surtees","ferrari","ferrari","dunlop","3:55.200",235200,,,,,,,"+4.300",4300,"+2.400",2400,
124,1964,3,6,6,"6","23","jim-clark","lotus","climax","dunlop","3:56.200",236200,,,,,,,"+5.300",5300,"+1.000",1000,
124,1964,3,7,7,"7","20","bruce-mclaren","cooper","climax","dunlop","3:56.200",236200,,,,,,,"+5.300",5300,"+0.000",0,
124,1964,3,8,8,"8","2","richie-ginther","brm","brm","dunlop","3:57.200",237200,,,,,,,"+6.300",6300,"+1.000",1000,
124,1964,3,9,9,"9","11","lorenzo-bandini","ferrari","ferrari","dunlop","3:58.800",238800,,,,,,,"+7.900",7900,"+1.600",1600,
124,1964,3,10,10,"10","29","peter-revson","lotus","brm","dunlop","3:59.900",239900,,,,,,,"+9.000",9000,"+1.100",1100,
124,1964,3,11,11,"11","27","chris-amon","lotus","brm","dunlop","4:00.100",240100,,,,,,,"+9.200",9200,"+0.200",200,
124,1964,3,12,12,"12","4","trevor-taylor","brp","brm","dunlop","4:00.200",240200,,,,,,,"+9.300",9300,"+0.100",100,
124,1964,3,13,13,"13","17","jo-siffert","brabham","brm","dunlop","4:02.700",242700,,,,,,,"+11.800",11800,"+2.500",2500,
124,1964,3,14,14,"14","16","jo-bonnier","brabham","brm","dunlop","4:02.700",242700,,,,,,,"+11.800",11800,"+0.000",0,
124,1964,3,15,15,"15","21","phil-hill","cooper","climax","dunlop","4:02.800",242800,,,,,,,"+11.900",11900,"+0.100",100,
124,1964,3,16,16,"16","3","innes-ireland","brp","brm","dunlop","4:04.000",244000,,,,,,,"+13.100",13100,"+1.200",1200,
124,1964,3,17,17,"17","6","giancarlo-baghetti","brm","brm","dunlop","4:07.600",247600,,,,,,,"+16.700",16700,"+3.600",3600,
124,1964,3,18,18,"18","7","tony-maggs","brm","brm","dunlop","4:07.800",247800,,,,,,,"+16.900",16900,"+0.200",200,
124,1964,3,19,19,"19","18","bob-anderson","brabham","climax","dunlop","4:08.500",248500,,,,,,,"+17.600",17600,"+0.700",700,
124,1964,3,20,20,"20","28","andre-pilette","scirocco","climax","dunlop","4:22.900",262900,,,,,,,"+32.000",32000,"+14.400",14400,
125,1964,4,1,1,"1","2","jim-clark","lotus","climax","dunlop","2:09.600",129600,,,,,,,,,,,
125,1964,4,2,2,"2","22","dan-gurney","brabham","climax","dunlop","2:10.100",130100,,,,,,,"+0.500",500,"+0.500",500,
125,1964,4,3,3,"3","24","john-surtees","ferrari","ferrari","dunlop","2:11.100",131100,,,,,,,"+1.500",1500,"+1.000",1000,
125,1964,4,4,4,"4","4","peter-arundell","lotus","climax","dunlop","2:11.600",131600,,,,,,,"+2.000",2000,"+0.500",500,
125,1964,4,5,5,"5","20","jack-brabham","brabham","climax","dunlop","2:11.800",131800,,,,,,,"+2.200",2200,"+0.200",200,
125,1964,4,6,6,"6","8","graham-hill","brm","brm","dunlop","2:12.100",132100,,,,,,,"+2.500",2500,"+0.300",300,
125,1964,4,7,7,"7","12","bruce-mclaren","cooper","climax","dunlop","2:12.400",132400,,,,,,,"+2.800",2800,"+0.300",300,
125,1964,4,8,8,"8","26","lorenzo-bandini","ferrari","ferrari","dunlop","2:12.800",132800,,,,,,,"+3.200",3200,"+0.400",400,
125,1964,4,9,9,"9","10","richie-ginther","brm","brm","dunlop","2:13.900",133900,,,,,,,"+4.300",4300,"+1.100",1100,
125,1964,4,10,10,"10","14","phil-hill","cooper","climax","dunlop","2:14.500",134500,,,,,,,"+4.900",4900,"+0.600",600,
125,1964,4,11,11,"11","16","innes-ireland","brp","brm","dunlop","2:14.800",134800,,,,,,,"+5.200",5200,"+0.300",300,
125,1964,4,12,12,"12","18","trevor-taylor","brp","brm","dunlop","2:14.900",134900,,,,,,,"+5.300",5300,"+0.100",100,
125,1964,4,13,13,"13","36","mike-hailwood","lotus","brm","dunlop","2:16.200",136200,,,,,,,"+6.600",6600,"+1.300",1300,
125,1964,4,14,14,"14","34","chris-amon","lotus","brm","dunlop","2:16.400",136400,,,,,,,"+6.800",6800,"+0.200",200,
125,1964,4,15,15,"15","32","bob-anderson","brabham","climax","dunlop","2:16.900",136900,,,,,,,"+7.300",7300,"+0.500",500,
125,1964,4,16,16,"16","36","peter-revson","lotus","brm","dunlop","2:18.500",138500,,,,,,,"+8.900",8900,"+1.600",1600,
125,1964,4,17,17,"17","28","maurice-trintignant","brm","brm","dunlop","2:21.500",141500,,,,,,,"+11.900",11900,"+3.000",3000,
125,1964,4,18,18,"18","30","jo-siffert","brabham","brm","dunlop","2:23.600",143600,,,,,,,"+14.000",14000,"+2.100",2100,
126,1964,5,1,1,"1","1","jim-clark","lotus","climax","dunlop","1:38.100",98100,,,,,,,,,,,
126,1964,5,2,2,"2","3","graham-hill","brm","brm","dunlop","1:38.300",98300,,,,,,,"+0.200",200,"+0.200",200,
126,1964,5,3,3,"3","6","dan-gurney","brabham","climax","dunlop","1:38.400",98400,,,,,,,"+0.300",300,"+0.100",100,
126,1964,5,4,4,"4","5","jack-brabham","brabham","climax","dunlop","1:38.500",98500,,,,,,,"+0.400",400,"+0.100",100,
126,1964,5,5,5,"5","7","john-surtees","ferrari","ferrari","dunlop","1:38.700",98700,,,,,,,"+0.600",600,"+0.200",200,
126,1964,5,6,6,"6","9","bruce-mclaren","cooper","climax","dunlop","1:39.600",99600,,,,,,,"+1.500",1500,"+0.900",900,
126,1964,5,7,7,"7","19","bob-anderson","brabham","climax","dunlop","1:39.800",99800,,,,,,,"+1.700",1700,"+0.200",200,
126,1964,5,8,8,"8","8","lorenzo-bandini","ferrari","ferrari","dunlop","1:40.200",100200,,,,,,,"+2.100",2100,"+0.400",400,
126,1964,5,9,9,"9","16","jo-bonnier","brabham","brm","dunlop","1:40.200",100200,,,,,,,"+2.100",2100,"+0.000",0,
126,1964,5,10,10,"10","11","innes-ireland","brp","brm","dunlop","1:40.800",100800,,,,,,,"+2.700",2700,"+0.600",600,
126,1964,5,11,11,"11","15","chris-amon","lotus","brm","dunlop","1:41.200",101200,,,,,,,"+3.100",3100,"+0.400",400,
126,1964,5,12,12,"12","14","mike-hailwood","lotus","brm","dunlop","1:41.400",101400,,,,,,,"+3.300",3300,"+0.200",200,
126,1964,5,13,13,"13","2","mike-spence","lotus","climax","dunlop","1:41.400",101400,,,,,,,"+3.300",3300,"+0.000",0,
126,1964,5,14,14,"14","4","richie-ginther","brm","brm","dunlop","1:41.600",101600,,,,,,,"+3.500",3500,"+0.200",200,
126,1964,5,15,15,"15","10","phil-hill","cooper","climax","dunlop","1:42.600",102600,,,,,,,"+4.500",4500,"+1.000",1000,
126,1964,5,16,16,"16","20","jo-siffert","brabham","brm","dunlop","1:42.800",102800,,,,,,,"+4.700",4700,"+0.200",200,
126,1964,5,17,17,"17","23","ian-raby","brabham","brm","dunlop","1:42.800",102800,,,,,,,"+4.700",4700,"+0.000",0,
126,1964,5,18,18,"18","12","trevor-taylor","lotus","brm","dunlop","1:42.800",102800,,,,,,,"+4.700",4700,"+0.000",0,
126,1964,5,19,19,"19","26","frank-gardner","brabham","ford","dunlop","1:43.000",103000,,,,,,,"+4.900",4900,"+0.200",200,
126,1964,5,20,20,"20","22","john-taylor","cooper","ford","dunlop","1:43.200",103200,,,,,,,"+5.100",5100,"+0.200",200,
126,1964,5,21,21,"21","18","giancarlo-baghetti","brm","brm","dunlop","1:43.400",103400,,,,,,,"+5.300",5300,"+0.200",200,
126,1964,5,22,22,"22","24","peter-revson","lotus","brm","dunlop","1:43.400",103400,,,,,,,"+5.300",5300,"+0.000",0,
126,1964,5,23,23,"23","17","tony-maggs","brm","brm","dunlop","1:45.000",105000,,,,,,,"+6.900",6900,"+1.600",1600,
126,1964,5,24,24,"24","21","richard-attwood","brm","brm","dunlop","1:45.200",105200,,,,,,,"+7.100",7100,"+0.200",200,
126,1964,5,25,25,"25","25","maurice-trintignant","brm","brm","dunlop","1:54.400",114400,,,,,,,"+16.300",16300,"+9.200",9200,
127,1964,6,1,1,"1","7","john-surtees","ferrari","ferrari","dunlop","8:38.400",518400,,,,,,,,,,,
127,1964,6,2,2,"2","1","jim-clark","lotus","climax","dunlop","8:38.800",518800,,,,,,,"+0.400",400,"+0.400",400,
127,1964,6,3,3,"3","5","dan-gurney","brabham","climax","dunlop","8:39.300",519300,,,,,,,"+0.900",900,"+0.500",500,
127,1964,6,4,4,"4","8","lorenzo-bandini","ferrari","ferrari","dunlop","8:42.600",522600,,,,,,,"+4.200",4200,"+3.300",3300,
127,1964,6,5,5,"5","3","graham-hill","brm","brm","dunlop","8:43.800",523800,,,,,,,"+5.400",5400,"+1.200",1200,
127,1964,6,6,6,"6","6","jack-brabham","brabham","climax","dunlop","8:46.600",526600,,,,,,,"+8.200",8200,"+2.800",2800,
127,1964,6,7,7,"7","9","bruce-mclaren","cooper","climax","dunlop","8:47.100",527100,,,,,,,"+8.700",8700,"+0.500",500,
127,1964,6,8,8,"8","10","phil-hill","cooper","climax","dunlop","8:52.700",532700,,,,,,,"+14.300",14300,"+5.600",5600,
127,1964,6,9,9,"9","14","chris-amon","lotus","brm","dunlop","8:54.000",534000,,,,,,,"+15.600",15600,"+1.300",1300,
127,1964,6,10,10,"10","19","jo-siffert","brabham","brm","dunlop","8:56.900",536900,,,,,,,"+18.500",18500,"+2.900",2900,
127,1964,6,11,11,"11","4","richie-ginther","brm","brm","dunlop","8:57.900",537900,,,,,,,"+19.500",19500,"+1.000",1000,
127,1964,6,12,12,"12","11","jo-bonnier","brabham","brm","dunlop","9:01.300",541300,,,,,,,"+22.900",22900,"+3.400",3400,
127,1964,6,13,13,"13","15","mike-hailwood","lotus","brm","dunlop","9:01.900",541900,,,,,,,"+23.500",23500,"+0.600",600,
127,1964,6,14,14,"14","22","maurice-trintignant","brm","brm","dunlop","9:06.800",546800,,,,,,,"+28.400",28400,"+4.900",4900,
127,1964,6,15,15,"15","16","bob-anderson","brabham","climax","dunlop","9:07.500",547500,,,,,,,"+29.100",29100,"+0.700",700,
127,1964,6,16,16,"16","26","tony-maggs","brm","brm","dunlop","9:09.600",549600,,,,,,,"+31.200",31200,"+2.100",2100,
127,1964,6,17,17,"17","2","mike-spence","lotus","climax","dunlop","9:09.900",549900,,,,,,,"+31.500",31500,"+0.300",300,
127,1964,6,18,18,"18","27","peter-revson","lotus","brm","dunlop","9:13.000",553000,,,,,,,"+34.600",34600,"+3.100",3100,
127,1964,6,19,19,"19","23","gerhard-mitter","lotus","climax","dunlop","9:14.100",554100,,,,,,,"+35.700",35700,"+1.100",1100,
127,1964,6,20,20,"20","12","edgar-barth","cooper","climax","dunlop","9:14.200",554200,,,,,,,"+35.800",35800,"+0.100",100,
127,1964,6,21,21,"21","18","giancarlo-baghetti","brm","brm","dunlop","9:14.600",554600,,,,,,,"+36.200",36200,"+0.400",400,
127,1964,6,22,22,"22","20","ronnie-bucknum","honda","honda","dunlop","9:34.300",574300,,,,,,,"+55.900",55900,"+19.700",19700,
127,1964,6,23,23,"23","29","carel-godin-de-beaufort","porsche","porsche","dunlop","9:37.900",577900,,,,,,,"+59.500",59500,"+3.600",3600,
127,1964,6,24,24,"24","28","andre-pilette","scirocco","climax","dunlop","10:29.400",629400,,,,,,,"+1:51.000",111000,"+51.500",51500,
128,1964,7,1,1,"1","3","graham-hill","brm","brm","dunlop","1:09.840",69840,,,,,,,,,,,
128,1964,7,2,2,"2","7","john-surtees","ferrari","ferrari","dunlop","1:10.120",70120,,,,,,,"+0.280",280,"+0.280",280,
128,1964,7,3,3,"3","1","jim-clark","lotus","climax","dunlop","1:10.210",70210,,,,,,,"+0.370",370,"+0.090",90,
128,1964,7,4,4,"4","5","dan-gurney","brabham","climax","dunlop","1:10.400",70400,,,,,,,"+0.560",560,"+0.190",190,
128,1964,7,5,5,"5","4","richie-ginther","brm","brm","dunlop","1:10.400",70400,,,,,,,"+0.560",560,"+0.000",0,
128,1964,7,6,6,"6","6","jack-brabham","brabham","climax","dunlop","1:10.570",70570,,,,,,,"+0.730",730,"+0.170",170,
128,1964,7,7,7,"7","8","lorenzo-bandini","ferrari","ferrari","dunlop","1:10.630",70630,,,,,,,"+0.790",790,"+0.060",60,
128,1964,7,8,8,"8","2","mike-spence","lotus","climax","dunlop","1:11.000",71000,,,,,,,"+1.160",1160,"+0.370",370,
128,1964,7,9,9,"9","9","bruce-mclaren","cooper","climax","dunlop","1:11.250",71250,,,,,,,"+1.410",1410,"+0.250",250,
128,1964,7,10,10,"10","11","jo-bonnier","brabham","climax","dunlop","1:11.590",71590,,,,,,,"+1.750",1750,"+0.340",340,
128,1964,7,11,11,"11","14","innes-ireland","brp","brm","dunlop","1:11.600",71600,,,,,,,"+1.760",1760,"+0.010",10,
128,1964,7,12,12,"12","20","jo-siffert","brabham","brm","dunlop","1:11.820",71820,,,,,,,"+1.980",1980,"+0.220",220,
128,1964,7,13,13,"13","12","jochen-rindt","brabham","brm","dunlop","1:12.000",72000,,,,,,,"+2.160",2160,"+0.180",180,
128,1964,7,14,14,"14","22","bob-anderson","brabham","climax","dunlop","1:12.040",72040,,,,,,,"+2.200",2200,"+0.040",40,
128,1964,7,15,15,"15","18","giancarlo-baghetti","brm","brm","dunlop","1:12.100",72100,,,,,,,"+2.260",2260,"+0.060",60,
128,1964,7,16,16,"16","15","trevor-taylor","brp","brm","dunlop","1:12.230",72230,,,,,,,"+2.390",2390,"+0.130",130,
128,1964,7,17,17,"17","16","chris-amon","lotus","climax","dunlop","1:12.280",72280,,,,,,,"+2.440",2440,"+0.050",50,
128,1964,7,18,18,"18","17","mike-hailwood","lotus","brm","dunlop","1:12.400",72400,,,,,,,"+2.560",2560,"+0.120",120,
128,1964,7,19,19,"19","19","tony-maggs","brm","brm","dunlop","1:12.400",72400,,,,,,,"+2.560",2560,"+0.000",0,
128,1964,7,20,20,"20","10","phil-hill","cooper","climax","dunlop","1:13.150",73150,,,,,,,"+3.310",3310,"+0.750",750,
129,1964,8,1,1,"1","2","john-surtees","ferrari","ferrari","dunlop","1:37.400",97400,,,,,,,,,,,
129,1964,8,2,2,"2","16","dan-gurney","brabham","climax","dunlop","1:38.200",98200,,,,,,,"+0.800",800,"+0.800",800,
129,1964,8,3,3,"3","18","graham-hill","brm","brm","dunlop","1:38.700",98700,,,,,,,"+1.300",1300,"+0.500",500,
129,1964,8,4,4,"4","8","jim-clark","lotus","climax","dunlop","1:39.100",99100,,,,,,,"+1.700",1700,"+0.400",400,
129,1964,8,5,5,"5","26","bruce-mclaren","cooper","climax","dunlop","1:39.400",99400,,,,,,,"+2.000",2000,"+0.300",300,
129,1964,8,6,6,"6","12","jo-siffert","brabham","brm","dunlop","1:39.700",99700,,,,,,,"+2.300",2300,"+0.300",300,
129,1964,8,7,7,"7","4","lorenzo-bandini","ferrari","ferrari","dunlop","1:39.800",99800,,,,,,,"+2.400",2400,"+0.100",100,
129,1964,8,8,8,"8","10","mike-spence","lotus","climax","dunlop","1:40.300",100300,,,,,,,"+2.900",2900,"+0.500",500,
129,1964,8,9,9,"9","20","richie-ginther","brm","brm","dunlop","1:40.400",100400,,,,,,,"+3.000",3000,"+0.100",100,
129,1964,8,10,10,"10","28","ronnie-bucknum","honda","honda","dunlop","1:40.400",100400,,,,,,,"+3.000",3000,"+0.000",0,
129,1964,8,11,11,"11","14","jack-brabham","brabham","climax","dunlop","1:40.800",100800,,,,,,,"+3.400",3400,"+0.400",400,
129,1964,8,12,12,"12","34","jo-bonnier","brabham","climax","dunlop","1:41.000",101000,,,,,,,"+3.600",3600,"+0.200",200,
129,1964,8,13,13,"13","46","innes-ireland","brp","brm","dunlop","1:41.000",101000,,,,,,,"+3.600",3600,"+0.000",0,
129,1964,8,14,14,"14","22","bob-anderson","brabham","climax","dunlop","1:41.300",101300,,,,,,,"+3.900",3900,"+0.300",300,
129,1964,8,15,15,"15","30","giancarlo-baghetti","brm","brm","dunlop","1:41.400",101400,,,,,,,"+4.000",4000,"+0.100",100,
129,1964,8,16,16,"16","6","ludovico-scarfiotti","ferrari","ferrari","dunlop","1:41.600",101600,,,,,,,"+4.200",4200,"+0.200",200,
129,1964,8,17,17,"17","40","mike-hailwood","lotus","brm","dunlop","1:41.600",101600,,,,,,,"+4.200",4200,"+0.000",0,
129,1964,8,18,18,"18","38","peter-revson","lotus","brm","dunlop","1:42.000",102000,,,,,,,"+4.600",4600,"+0.400",400,
129,1964,8,19,19,"19","50","mario-de-araujo-cabral","derrington-francis","ats","goodyear","1:42.600",102600,,,,,,,"+5.200",5200,"+0.600",600,
129,1964,8,20,20,"20","60","jean-claude-rudaz","cooper","climax","dunlop","1:43.000",103000,,,,,,,"+5.600",5600,"+0.400",400,
129,1964,8,21,21,"21","48","maurice-trintignant","brm","brm","dunlop","1:43.300",103300,,,,,,,"+5.900",5900,"+0.300",300,
129,1964,8,22,22,"22","44","trevor-taylor","brp","brm","dunlop","1:43.800",103800,,,,,,,"+6.400",6400,"+0.500",500,
129,1964,8,23,23,"23","36","giacomo-russo","brabham","brm","dunlop","1:44.100",104100,,,,,,,"+6.700",6700,"+0.300",300,
129,1964,8,24,24,"24","24","john-love","cooper","climax","dunlop","1:48.500",108500,,,,,,,"+11.100",11100,"+4.400",4400,
129,1964,8,25,25,"25","56","ian-raby","brabham","brm","dunlop","1:52.200",112200,,,,,,,"+14.800",14800,"+3.700",3700,
130,1964,9,1,1,"1","1","jim-clark","lotus","climax","dunlop","1:12.650",72650,,,,,,,,,,,
130,1964,9,2,2,"2","7","john-surtees","ferrari","ferrari","dunlop","1:12.780",72780,,,,,,,"+0.130",130,"+0.130",130,
130,1964,9,3,3,"3","6","dan-gurney","brabham","climax","dunlop","1:12.900",72900,,,,,,,"+0.250",250,"+0.120",120,
130,1964,9,4,4,"4","3","graham-hill","brm","brm","dunlop","1:12.920",72920,,,,,,,"+0.270",270,"+0.020",20,
130,1964,9,5,5,"5","9","bruce-mclaren","cooper","climax","dunlop","1:13.100",73100,,,,,,,"+0.450",450,"+0.180",180,
130,1964,9,6,6,"6","2","mike-spence","lotus","climax","dunlop","1:13.330",73330,,,,,,,"+0.680",680,"+0.230",230,
130,1964,9,7,7,"7","5","jack-brabham","brabham","climax","dunlop","1:13.630",73630,,,,,,,"+0.980",980,"+0.300",300,
130,1964,9,8,8,"8","8","lorenzo-bandini","ferrari","ferrari","dunlop","1:13.830",73830,,,,,,,"+1.180",1180,"+0.200",200,
130,1964,9,9,9,"9","16","jo-bonnier","brabham","climax","dunlop","1:14.070",74070,,,,,,,"+1.420",1420,"+0.240",240,
130,1964,9,10,10,"10","11","innes-ireland","brp","brm","dunlop","1:14.350",74350,,,,,,,"+1.700",1700,"+0.280",280,
130,1964,9,11,11,"11","15","chris-amon","lotus","brm","dunlop","1:14.430",74430,,,,,,,"+1.780",1780,"+0.080",80,
130,1964,9,12,12,"12","22","jo-siffert","brabham","brm","dunlop","1:14.650",74650,,,,,,,"+2.000",2000,"+0.220",220,
130,1964,9,13,13,"13","4","richie-ginther","brm","brm","dunlop","1:14.670",74670,,,,,,,"+2.020",2020,"+0.020",20,
130,1964,9,14,14,"14","25","ronnie-bucknum","honda","honda","dunlop","1:14.900",74900,,,,,,,"+2.250",2250,"+0.230",230,
130,1964,9,15,15,"15","12","trevor-taylor","brp","brm","dunlop","1:15.300",75300,,,,,,,"+2.650",2650,"+0.400",400,
130,1964,9,16,16,"16","14","mike-hailwood","lotus","brm","dunlop","1:15.650",75650,,,,,,,"+3.000",3000,"+0.350",350,
130,1964,9,17,17,"17","17","walt-hansgen","lotus","climax","dunlop","1:15.900",75900,,,,,,,"+3.250",3250,"+0.250",250,
130,1964,9,18,18,"18","23","hap-sharp","brabham","brm","dunlop","1:18.230",78230,,,,,,,"+5.580",5580,"+2.330",2330,
130,1964,9,19,19,"19","10","phil-hill","cooper","climax","dunlop","1:19.630",79630,,,,,,,"+6.980",6980,"+1.400",1400,
131,1964,10,1,1,"1","1","jim-clark","lotus","climax","dunlop","1:57.240",117240,,,,,,,,,,,
131,1964,10,2,2,"2","6","dan-gurney","brabham","climax","dunlop","1:58.100",118100,,,,,,,"+0.860",860,"+0.860",860,
131,1964,10,3,3,"3","8","lorenzo-bandini","ferrari","ferrari","dunlop","1:58.600",118600,,,,,,,"+1.360",1360,"+0.500",500,
131,1964,10,4,4,"4","7","john-surtees","ferrari","ferrari","dunlop","1:58.700",118700,,,,,,,"+1.460",1460,"+0.100",100,
131,1964,10,5,5,"5","2","mike-spence","lotus","climax","dunlop","1:59.210",119210,,,,,,,"+1.970",1970,"+0.510",510,
131,1964,10,6,6,"6","3","graham-hill","brm","brm","dunlop","1:59.800",119800,,,,,,,"+2.560",2560,"+0.590",590,
131,1964,10,7,7,"7","5","jack-brabham","brabham","climax","dunlop","1:59.990",119990,,,,,,,"+2.750",2750,"+0.190",190,
131,1964,10,8,8,"8","16","jo-bonnier","brabham","climax","dunlop","2:00.170",120170,,,,,,,"+2.930",2930,"+0.180",180,
131,1964,10,9,9,"9","18","pedro-rodriguez","ferrari","ferrari","dunlop","2:00.900",120900,,,,,,,"+3.660",3660,"+0.730",730,
131,1964,10,10,10,"10","9","bruce-mclaren","cooper","climax","dunlop","2:01.120",121120,,,,,,,"+3.880",3880,"+0.220",220,
131,1964,10,11,11,"11","4","richie-ginther","brm","brm","dunlop","2:01.150",121150,,,,,,,"+3.910",3910,"+0.030",30,
131,1964,10,12,12,"12","15","chris-amon","lotus","brm","dunlop","2:01.170",121170,,,,,,,"+3.930",3930,"+0.020",20,
131,1964,10,13,13,"13","22","jo-siffert","brabham","brm","dunlop","2:01.370",121370,,,,,,,"+4.130",4130,"+0.200",200,
131,1964,10,14,14,"14","17","moises-solana","lotus","climax","dunlop","2:01.430",121430,,,,,,,"+4.190",4190,"+0.060",60,
131,1964,10,15,15,"15","10","phil-hill","cooper","climax","dunlop","2:02.000",122000,,,,,,,"+4.760",4760,"+0.570",570,
131,1964,10,16,16,"16","11","innes-ireland","brp","brm","dunlop","2:02.350",122350,,,,,,,"+5.110",5110,"+0.350",350,
131,1964,10,17,17,"17","14","mike-hailwood","lotus","brm","dunlop","2:04.110",124110,,,,,,,"+6.870",6870,"+1.760",1760,
131,1964,10,18,18,"18","12","trevor-taylor","brp","brm","dunlop","2:04.900",124900,,,,,,,"+7.660",7660,"+0.790",790,
131,1964,10,19,19,"19","23","hap-sharp","brabham","brm","dunlop","2:06.900",126900,,,,,,,"+9.660",9660,"+2.000",2000,
132,1965,1,1,1,"1","5","jim-clark","lotus","climax","dunlop","1:27.200",87200,,,,,,,,,,,
132,1965,1,2,2,"2","1","john-surtees","ferrari","ferrari","dunlop","1:28.100",88100,,,,,,,"+0.900",900,"+0.900",900,
132,1965,1,3,3,"3","7","jack-brabham","brabham","climax","goodyear","1:28.300",88300,,,,,,,"+1.100",1100,"+0.200",200,
132,1965,1,4,4,"4","6","mike-spence","lotus","climax","dunlop","1:28.300",88300,,,,,,,"+1.100",1100,"+0.000",0,
132,1965,1,5,5,"5","3","graham-hill","brm","brm","dunlop","1:28.600",88600,,,,,,,"+1.400",1400,"+0.300",300,
132,1965,1,6,6,"6","2","lorenzo-bandini","ferrari","ferrari","dunlop","1:29.300",89300,,,,,,,"+2.100",2100,"+0.700",700,
132,1965,1,7,7,"7","11","jo-bonnier","brabham","climax","dunlop","1:29.300",89300,,,,,,,"+2.100",2100,"+0.000",0,
132,1965,1,8,8,"8","9","bruce-mclaren","cooper","climax","dunlop","1:29.400",89400,,,,,,,"+2.200",2200,"+0.100",100,
132,1965,1,9,9,"9","8","dan-gurney","brabham","climax","goodyear","1:29.500",89500,,,,,,,"+2.300",2300,"+0.100",100,
132,1965,1,10,10,"10","10","jochen-rindt","cooper","climax","dunlop","1:30.400",90400,,,,,,,"+3.200",3200,"+0.900",900,
132,1965,1,11,11,"11","4","jackie-stewart","brm","brm","dunlop","1:30.500",90500,,,,,,,"+3.300",3300,"+0.100",100,
132,1965,1,12,12,"12","14","bob-anderson","brabham","climax","dunlop","1:31.000",91000,,,,,,,"+3.800",3800,"+0.500",500,
132,1965,1,13,13,"13","15","tony-maggs","lotus","brm","dunlop","1:31.300",91300,,,,,,,"+4.100",4100,"+0.300",300,
132,1965,1,14,14,"14","12","jo-siffert","brabham","brm","dunlop","1:31.800",91800,,,,,,,"+4.600",4600,"+0.500",500,
132,1965,1,15,15,"15","16","frank-gardner","brabham","brm","dunlop","1:32.300",92300,,,,,,,"+5.100",5100,"+0.500",500,
132,1965,1,16,16,"16","18","paul-hawkins","brabham","ford","dunlop","1:33.100",93100,,,,,,,"+5.900",5900,"+0.800",800,
132,1965,1,17,17,"17","20","peter-de-klerk","alfa-special","alfa-romeo","dunlop","1:33.300",93300,,,,,,,"+6.100",6100,"+0.200",200,
132,1965,1,18,18,"18","17","john-love","cooper","climax","dunlop","1:33.800",93800,,,,,,,"+6.600",6600,"+0.500",500,
132,1965,1,19,19,"19","19","david-prophet","brabham","ford","dunlop","1:33.900",93900,,,,,,,"+6.700",6700,"+0.100",100,
132,1965,1,20,20,"20","25","sam-tingle","lds","alfa-romeo","dunlop","1:34.600",94600,,,,,,,"+7.400",7400,"+0.700",700,
132,1965,1,21,21,"21","28","trevor-blokdyk","cooper","ford","dunlop","1:35.200",95200,,,,,,,"+8.000",8000,"+0.600",600,
132,1965,1,22,22,"22","23","neville-lederle","lotus","climax","dunlop","1:35.200",95200,,,,,,,"+8.000",8000,"+0.000",0,
132,1965,1,23,23,"23","21","doug-serrurier","lds","climax","dunlop","1:35.700",95700,,,,,,,"+8.500",8500,"+0.500",500,
132,1965,1,24,24,"24","27","brausch-niemann","lotus","ford","dunlop","1:36.200",96200,,,,,,,"+9.000",9000,"+0.500",500,
132,1965,1,25,25,"25","22","ernie-pieterse","lotus","climax","dunlop","1:37.900",97900,,,,,,,"+10.700",10700,"+1.700",1700,
133,1965,2,1,1,"1","3","graham-hill","brm","brm","dunlop","1:32.500",92500,,,,,,,,,,,
133,1965,2,2,2,"2","1","jack-brabham","brabham","climax","goodyear","1:32.800",92800,,,,,,,"+0.300",300,"+0.300",300,
133,1965,2,3,3,"3","4","jackie-stewart","brm","brm","dunlop","1:32.900",92900,,,,,,,"+0.400",400,"+0.100",100,
133,1965,2,4,4,"4","17","lorenzo-bandini","ferrari","ferrari","dunlop","1:33.000",93000,,,,,,,"+0.500",500,"+0.100",100,
133,1965,2,5,5,"5","18","john-surtees","ferrari","ferrari","dunlop","1:33.200",93200,,,,,,,"+0.700",700,"+0.200",200,
133,1965,2,6,6,"6","15","richard-attwood","lotus","brm","dunlop","1:33.900",93900,,,,,,,"+1.400",1400,"+0.700",700,
133,1965,2,7,7,"7","7","bruce-mclaren","cooper","climax","dunlop","1:34.300",94300,,,,,,,"+1.800",1800,"+0.400",400,
133,1965,2,8,8,"8","2","denny-hulme","brabham","climax","goodyear","1:34.500",94500,,,,,,,"+2.000",2000,"+0.200",200,
133,1965,2,9,9,"9","9","bob-anderson","brabham","climax","dunlop","1:35.500",95500,,,,,,,"+3.000",3000,"+1.000",1000,
133,1965,2,10,10,"10","14","jo-siffert","brabham","brm","dunlop","1:36.000",96000,,,,,,,"+3.500",3500,"+0.500",500,
133,1965,2,11,11,"11","11","frank-gardner","brabham","brm","dunlop","1:36.000",96000,,,,,,,"+3.500",3500,"+0.000",0,
133,1965,2,12,12,"12","16","mike-hailwood","lotus","brm","dunlop","1:36.500",96500,,,,,,,"+4.000",4000,"+0.500",500,
133,1965,2,13,13,"13","12","jo-bonnier","brabham","climax","dunlop","1:36.500",96500,,,,,,,"+4.000",4000,"+0.000",0,
133,1965,2,14,14,"14","10","paul-hawkins","lotus","climax","dunlop","1:37.000",97000,,,,,,,"+4.500",4500,"+0.500",500,
133,1965,2,15,15,"15","19","ronnie-bucknum","honda","honda","goodyear","1:37.000",97000,,,,,,,"+4.500",4500,"+0.000",0,
133,1965,2,16,16,"16","20","richie-ginther","honda","honda","goodyear","1:37.500",97500,,,,,,,"+5.000",5000,"+0.500",500,
133,1965,2,17,17,"17","8","jochen-rindt","cooper","climax","dunlop","1:39.700",99700,,,,,,,"+7.200",7200,"+2.200",2200,
134,1965,3,1,1,"1","7","graham-hill","brm","brm","dunlop","3:45.400",225400,,,,,,,,,,,
134,1965,3,2,2,"2","17","jim-clark","lotus","climax","dunlop","3:47.500",227500,,,,,,,"+2.100",2100,"+2.100",2100,
134,1965,3,3,3,"3","8","jackie-stewart","brm","brm","dunlop","3:48.800",228800,,,,,,,"+3.400",3400,"+1.300",1300,
134,1965,3,4,4,"4","10","richie-ginther","honda","honda","goodyear","3:49.000",229000,,,,,,,"+3.600",3600,"+0.200",200,
134,1965,3,5,5,"5","15","dan-gurney","brabham","climax","goodyear","3:49.200",229200,,,,,,,"+3.800",3800,"+0.200",200,
134,1965,3,6,6,"6","1","john-surtees","ferrari","ferrari","dunlop","3:49.500",229500,,,,,,,"+4.100",4100,"+0.300",300,
134,1965,3,7,7,"7","20","jo-bonnier","brabham","climax","dunlop","3:49.700",229700,,,,,,,"+4.300",4300,"+0.200",200,
134,1965,3,8,8,"8","21","jo-siffert","brabham","brm","dunlop","3:50.700",230700,,,,,,,"+5.300",5300,"+1.000",1000,
134,1965,3,9,9,"9","4","bruce-mclaren","cooper","climax","dunlop","3:51.300",231300,,,,,,,"+5.900",5900,"+0.600",600,
134,1965,3,10,10,"10","14","jack-brabham","brabham","climax","goodyear","3:51.500",231500,,,,,,,"+6.100",6100,"+0.200",200,
134,1965,3,11,11,"11","11","ronnie-bucknum","honda","honda","goodyear","3:52.300",232300,,,,,,,"+6.900",6900,"+0.800",800,
134,1965,3,12,12,"12","18","mike-spence","lotus","climax","dunlop","3:52.600",232600,,,,,,,"+7.200",7200,"+0.300",300,
134,1965,3,13,13,"13","23","richard-attwood","lotus","brm","dunlop","3:53.200",233200,,,,,,,"+7.800",7800,"+0.600",600,
134,1965,3,14,14,"14","5","jochen-rindt","cooper","climax","dunlop","3:53.300",233300,,,,,,,"+7.900",7900,"+0.100",100,
134,1965,3,15,15,"15","2","lorenzo-bandini","ferrari","ferrari","dunlop","3:54.000",234000,,,,,,,"+8.600",8600,"+0.700",700,
134,1965,3,16,16,"16","22","innes-ireland","lotus","brm","dunlop","3:57.400",237400,,,,,,,"+12.000",12000,"+3.400",3400,
134,1965,3,17,17,"17","27","lucien-bianchi","brm","brm","dunlop","3:59.000",239000,,,,,,,"+13.600",13600,"+1.600",1600,
134,1965,3,18,18,"18","26","frank-gardner","brabham","brm","dunlop","3:59.400",239400,,,,,,,"+14.000",14000,"+0.400",400,
134,1965,3,19,19,"19","24","bob-anderson","brabham","climax","dunlop","3:59.800",239800,,,,,,,"+14.400",14400,"+0.400",400,
134,1965,3,20,20,"20","29","masten-gregory","brm","brm","dunlop","4:02.800",242800,,,,,,,"+17.400",17400,"+3.000",3000,
134,1965,3,21,21,"21","28","willy-mairesse","brm","brm","dunlop",,,,,,,,,,,,,
135,1965,4,1,1,"1","6","jim-clark","lotus","climax","dunlop","3:18.300",198300,,,,,,,,,,,
135,1965,4,2,2,"2","12","jackie-stewart","brm","brm","dunlop","3:18.800",198800,,,,,,,"+0.500",500,"+0.500",500,
135,1965,4,3,3,"3","4","lorenzo-bandini","ferrari","ferrari","dunlop","3:19.100",199100,,,,,,,"+0.800",800,"+0.300",300,
135,1965,4,4,4,"4","2","john-surtees","ferrari","ferrari","dunlop","3:19.100",199100,,,,,,,"+0.800",800,"+0.000",0,
135,1965,4,5,5,"5","14","dan-gurney","brabham","climax","goodyear","3:19.800",199800,,,,,,,"+1.500",1500,"+0.700",700,
135,1965,4,6,6,"6","16","denny-hulme","brabham","climax","goodyear","3:20.500",200500,,,,,,,"+2.200",2200,"+0.700",700,
135,1965,4,7,7,"7","26","richie-ginther","honda","honda","goodyear","3:21.400",201400,,,,,,,"+3.100",3100,"+0.900",900,
135,1965,4,8,8,"8","24","chris-amon","lotus","brm","dunlop","3:23.000",203000,,,,,,,"+4.700",4700,"+1.600",1600,
135,1965,4,9,9,"9","18","bruce-mclaren","cooper","climax","dunlop","3:23.200",203200,,,,,,,"+4.900",4900,"+0.200",200,
135,1965,4,10,10,"10","8","mike-spence","lotus","climax","dunlop","3:23.400",203400,,,,,,,"+5.100",5100,"+0.200",200,
135,1965,4,11,11,"11","34","jo-bonnier","brabham","climax","dunlop","3:23.400",203400,,,,,,,"+5.100",5100,"+0.000",0,
135,1965,4,12,12,"12","20","jochen-rindt","cooper","climax","dunlop","3:23.600",203600,,,,,,,"+5.300",5300,"+0.200",200,
135,1965,4,13,13,"13","10","graham-hill","brm","brm","dunlop","3:23.700",203700,,,,,,,"+5.400",5400,"+0.100",100,
135,1965,4,14,14,"14","36","jo-siffert","brabham","brm","dunlop","3:25.200",205200,,,,,,,"+6.900",6900,"+1.500",1500,
135,1965,4,15,15,"15","30","bob-anderson","brabham","climax","dunlop","3:26.000",206000,,,,,,,"+7.700",7700,"+0.800",800,
135,1965,4,16,16,"16","28","ronnie-bucknum","honda","honda","goodyear","3:26.300",206300,,,,,,,"+8.000",8000,"+0.300",300,
135,1965,4,17,17,"17","22","innes-ireland","lotus","brm","dunlop","3:30.500",210500,,,,,,,"+12.200",12200,"+4.200",4200,
136,1965,5,1,1,"1","5","jim-clark","lotus","climax","dunlop","1:30.800",90800,,,,,,,,,,,
136,1965,5,2,2,"2","3","graham-hill","brm","brm","dunlop","1:31.000",91000,,,,,,,"+0.200",200,"+0.200",200,
136,1965,5,3,3,"3","11","richie-ginther","honda","honda","goodyear","1:31.300",91300,,,,,,,"+0.500",500,"+0.300",300,
136,1965,5,4,4,"4","4","jackie-stewart","brm","brm","dunlop","1:31.300",91300,,,,,,,"+0.500",500,"+0.000",0,
136,1965,5,5,5,"5","1","john-surtees","ferrari","ferrari","dunlop","1:31.300",91300,,,,,,,"+0.500",500,"+0.000",0,
136,1965,5,6,6,"6","6","mike-spence","lotus","climax","dunlop","1:31.700",91700,,,,,,,"+0.900",900,"+0.400",400,
136,1965,5,7,7,"7","7","dan-gurney","brabham","climax","goodyear","1:31.900",91900,,,,,,,"+1.100",1100,"+0.200",200,
136,1965,5,8,8,"8","7","jack-brabham","brabham","climax","goodyear","1:32.500",92500,,,,,,,"+1.700",1700,"+0.600",600,
136,1965,5,9,9,"9","2","lorenzo-bandini","ferrari","ferrari","dunlop","1:32.700",92700,,,,,,,"+1.900",1900,"+0.200",200,
136,1965,5,10,10,"10","14","denny-hulme","brabham","climax","goodyear","1:32.700",92700,,,,,,,"+1.900",1900,"+0.000",0,
136,1965,5,11,11,"11","9","bruce-mclaren","cooper","climax","dunlop","1:32.800",92800,,,,,,,"+2.000",2000,"+0.100",100,
136,1965,5,12,12,"12","10","jochen-rindt","cooper","climax","dunlop","1:32.900",92900,,,,,,,"+2.100",2100,"+0.100",100,
136,1965,5,13,13,"13","17","frank-gardner","brabham","brm","dunlop","1:33.400",93400,,,,,,,"+2.600",2600,"+0.500",500,
136,1965,5,14,14,"14","15","jo-bonnier","brabham","climax","dunlop","1:33.500",93500,,,,,,,"+2.700",2700,"+0.100",100,
136,1965,5,15,15,"15","23","innes-ireland","lotus","brm","dunlop","1:33.600",93600,,,,,,,"+2.800",2800,"+0.100",100,
136,1965,5,16,16,"16","22","richard-attwood","lotus","brm","dunlop","1:33.800",93800,,,,,,,"+3.000",3000,"+0.200",200,
136,1965,5,17,17,"17","18","bob-anderson","brabham","climax","dunlop","1:34.100",94100,,,,,,,"+3.300",3300,"+0.300",300,
136,1965,5,18,18,"18","16","jo-siffert","brabham","brm","dunlop","1:34.200",94200,,,,,,,"+3.400",3400,"+0.100",100,
136,1965,5,19,19,"19","24","chris-amon","brabham","brm","dunlop","1:35.300",95300,,,,,,,"+4.500",4500,"+1.100",1100,
136,1965,5,20,20,"20","12","masten-gregory","brm","brm","dunlop","1:35.900",95900,,,,,,,"+5.100",5100,"+0.600",600,
136,1965,5,21,21,"21","24","ian-raby","brabham","brm","dunlop","1:36.000",96000,,,,,,,"+5.200",5200,"+0.100",100,
136,1965,5,22,22,"22","25","alan-rollinson","cooper","ford","dunlop","1:39.000",99000,,,,,,,"+8.200",8200,"+3.000",3000,
136,1965,5,23,23,"23","20","john-rhodes","cooper","climax","dunlop","1:39.400",99400,,,,,,,"+8.600",8600,"+0.400",400,
136,1965,5,24,24,"24","26","brian-gubby","lotus","climax","dunlop","1:45.100",105100,,,,,,,"+14.300",14300,"+5.700",5700,
137,1965,6,1,1,"1","10","graham-hill","brm","brm","dunlop","1:30.700",90700,,,,,,,,,,,
137,1965,6,2,2,"2","6","jim-clark","lotus","climax","dunlop","1:31.000",91000,,,,,,,"+0.300",300,"+0.300",300,
137,1965,6,3,3,"3","22","richie-ginther","honda","honda","goodyear","1:31.000",91000,,,,,,,"+0.300",300,"+0.000",0,
137,1965,6,4,4,"4","2","john-surtees","ferrari","ferrari","dunlop","1:31.000",91000,,,,,,,"+0.300",300,"+0.000",0,
137,1965,6,5,5,"5","16","dan-gurney","brabham","climax","goodyear","1:31.200",91200,,,,,,,"+0.500",500,"+0.200",200,
137,1965,6,6,6,"6","12","jackie-stewart","brm","brm","dunlop","1:31.400",91400,,,,,,,"+0.700",700,"+0.200",200,
137,1965,6,7,7,"7","14","denny-hulme","brabham","climax","goodyear","1:32.000",92000,,,,,,,"+1.300",1300,"+0.600",600,
137,1965,6,8,8,"8","8","mike-spence","lotus","climax","dunlop","1:32.200",92200,,,,,,,"+1.500",1500,"+0.200",200,
137,1965,6,9,9,"9","18","bruce-mclaren","cooper","climax","dunlop","1:32.600",92600,,,,,,,"+1.900",1900,"+0.400",400,
137,1965,6,10,10,"10","28","jo-siffert","brabham","brm","dunlop","1:32.900",92900,,,,,,,"+2.200",2200,"+0.300",300,
137,1965,6,11,11,"11","30","frank-gardner","brabham","brm","dunlop","1:32.900",92900,,,,,,,"+2.200",2200,"+0.000",0,
137,1965,6,12,12,"12","4","lorenzo-bandini","ferrari","ferrari","dunlop","1:33.100",93100,,,,,,,"+2.400",2400,"+0.200",200,
137,1965,6,13,13,"13","38","innes-ireland","lotus","brm","dunlop","1:33.400",93400,,,,,,,"+2.700",2700,"+0.300",300,
137,1965,6,14,14,"14","20","jochen-rindt","cooper","climax","dunlop","1:33.700",93700,,,,,,,"+3.000",3000,"+0.300",300,
137,1965,6,15,15,"15","26","jo-bonnier","brabham","climax","dunlop","1:33.800",93800,,,,,,,"+3.100",3100,"+0.100",100,
137,1965,6,16,16,"16","36","bob-anderson","brabham","climax","dunlop","1:34.100",94100,,,,,,,"+3.400",3400,"+0.300",300,
137,1965,6,17,17,"17","34","richard-attwood","lotus","brm","dunlop","1:34.600",94600,,,,,,,"+3.900",3900,"+0.500",500,
138,1965,7,1,1,"1","1","jim-clark","lotus","climax","dunlop","8:22.700",502700,,,,,,,,,,,
138,1965,7,2,2,"2","10","jackie-stewart","brm","brm","dunlop","8:26.100",506100,,,,,,,"+3.400",3400,"+3.400",3400,
138,1965,7,3,3,"3","9","graham-hill","brm","brm","dunlop","8:26.800",506800,,,,,,,"+4.100",4100,"+0.700",700,
138,1965,7,4,4,"4","7","john-surtees","ferrari","ferrari","dunlop","8:27.800",507800,,,,,,,"+5.100",5100,"+1.000",1000,
138,1965,7,5,5,"5","5","dan-gurney","brabham","climax","goodyear","8:29.000",509000,,,,,,,"+6.300",6300,"+1.200",1200,
138,1965,7,6,6,"6","2","mike-spence","lotus","climax","dunlop","8:33.400",513400,,,,,,,"+10.700",10700,"+4.400",4400,
138,1965,7,7,7,"7","8","lorenzo-bandini","ferrari","ferrari","dunlop","8:33.800",513800,,,,,,,"+11.100",11100,"+0.400",400,
138,1965,7,8,8,"8","12","jochen-rindt","cooper","climax","dunlop","8:37.500",517500,,,,,,,"+14.800",14800,"+3.700",3700,
138,1965,7,9,9,"9","16","jo-bonnier","brabham","climax","dunlop","8:37.900",517900,,,,,,,"+15.200",15200,"+0.400",400,
138,1965,7,10,10,"10","11","bruce-mclaren","cooper","climax","dunlop","8:39.000",519000,,,,,,,"+16.300",16300,"+1.100",1100,
138,1965,7,11,11,"11","17","jo-siffert","brabham","brm","dunlop","8:39.600",519600,,,,,,,"+16.900",16900,"+0.600",600,
138,1965,7,12,12,"12","3","gerhard-mitter","lotus","climax","dunlop","8:40.400",520400,,,,,,,"+17.700",17700,"+0.800",800,
138,1965,7,13,13,"13","6","denny-hulme","brabham","climax","goodyear","8:42.300",522300,,,,,,,"+19.600",19600,"+1.900",1900,
138,1965,7,14,14,"14","4","jack-brabham","brabham","climax","goodyear","8:44.900",524900,,,,,,,"+22.200",22200,"+2.600",2600,
138,1965,7,15,15,"15","18","bob-anderson","brabham","climax","dunlop","8:47.400",527400,,,,,,,"+24.700",24700,"+2.500",2500,
138,1965,7,16,16,"16","19","chris-amon","lotus","brm","dunlop","8:50.500",530500,,,,,,,"+27.800",27800,"+3.100",3100,
138,1965,7,17,17,"17","20","richard-attwood","lotus","brm","dunlop","8:57.700",537700,,,,,,,"+35.000",35000,"+7.200",7200,
138,1965,7,18,18,"18","21","frank-gardner","brabham","brm","dunlop","8:59.300",539300,,,,,,,"+36.600",36600,"+1.600",1600,
138,1965,7,19,19,"19","24","masten-gregory","brm","brm","dunlop","9:14.300",554300,,,,,,,"+51.600",51600,"+15.000",15000,
138,1965,7,20,20,"20","22","paul-hawkins","lotus","climax","dunlop","9:16.800",556800,,,,,,,"+54.100",54100,"+2.500",2500,
138,1965,7,21,21,"21","25","roberto-bussinello","brm","brm","dunlop","9:17.700",557700,,,,,,,"+55.000",55000,"+0.900",900,
138,1965,7,22,22,"22","23","ian-raby","brabham","brm","dunlop","9:17.800",557800,,,,,,,"+55.100",55100,"+0.100",100,
139,1965,8,1,1,"1","24","jim-clark","lotus","climax","dunlop","1:35.900",95900,,,,,,,,,,,
139,1965,8,2,2,"2","8","john-surtees","ferrari","ferrari","dunlop","1:36.100",96100,,,,,,,"+0.200",200,"+0.200",200,
139,1965,8,3,3,"3","32","jackie-stewart","brm","brm","dunlop","1:36.600",96600,,,,,,,"+0.700",700,"+0.500",500,
139,1965,8,4,4,"4","30","graham-hill","brm","brm","dunlop","1:37.100",97100,,,,,,,"+1.200",1200,"+0.500",500,
139,1965,8,5,5,"5","4","lorenzo-bandini","ferrari","ferrari","dunlop","1:37.200",97200,,,,,,,"+1.300",1300,"+0.100",100,
139,1965,8,6,6,"6","22","ronnie-bucknum","honda","honda","goodyear","1:37.300",97300,,,,,,,"+1.400",1400,"+0.100",100,
139,1965,8,7,7,"7","18","jochen-rindt","cooper","climax","dunlop","1:37.700",97700,,,,,,,"+1.800",1800,"+0.400",400,
139,1965,8,8,8,"8","26","mike-spence","lotus","climax","dunlop","1:37.800",97800,,,,,,,"+1.900",1900,"+0.100",100,
139,1965,8,9,9,"9","12","dan-gurney","brabham","climax","goodyear","1:38.110",98110,,,,,,,"+2.210",2210,"+0.310",310,
139,1965,8,10,10,"10","44","jo-siffert","brabham","brm","dunlop","1:38.120",98120,,,,,,,"+2.220",2220,"+0.010",10,
139,1965,8,11,11,"11","16","bruce-mclaren","cooper","climax","dunlop","1:38.260",98260,,,,,,,"+2.360",2360,"+0.140",140,
139,1965,8,12,12,"12","14","denny-hulme","brabham","climax","goodyear","1:38.300",98300,,,,,,,"+2.400",2400,"+0.040",40,
139,1965,8,13,13,"13","40","richard-attwood","lotus","brm","dunlop","1:38.850",98850,,,,,,,"+2.950",2950,"+0.550",550,
139,1965,8,14,14,"14","42","jo-bonnier","brabham","climax","dunlop","1:38.900",98900,,,,,,,"+3.000",3000,"+0.050",50,
139,1965,8,15,15,"15","6","nino-vaccarella","ferrari","ferrari","dunlop","1:38.910",98910,,,,,,,"+3.010",3010,"+0.010",10,
139,1965,8,16,16,"16","46","frank-gardner","brabham","brm","dunlop","1:38.980",98980,,,,,,,"+3.080",3080,"+0.070",70,
139,1965,8,17,17,"17","20","richie-ginther","honda","honda","goodyear","1:39.600",99600,,,,,,,"+3.700",3700,"+0.620",620,
139,1965,8,18,18,"18","38","innes-ireland","lotus","brm","dunlop","1:39.800",99800,,,,,,,"+3.900",3900,"+0.200",200,
139,1965,8,19,19,"19","10","giancarlo-baghetti","brabham","climax","goodyear","1:40.900",100900,,,,,,,"+5.000",5000,"+1.100",1100,
139,1965,8,20,20,"20","28","giacomo-russo","lotus","climax","dunlop","1:41.730",101730,,,,,,,"+5.830",5830,"+0.830",830,
139,1965,8,21,21,"21","50","roberto-bussinello","brm","brm","dunlop","1:41.760",101760,,,,,,,"+5.860",5860,"+0.030",30,
139,1965,8,22,22,"22","52","giorgio-bassi","brm","brm","dunlop","1:45.400",105400,,,,,,,"+9.500",9500,"+3.640",3640,
139,1965,8,23,23,"23","48","masten-gregory","brm","brm","dunlop","1:45.600",105600,,,,,,,"+9.700",9700,"+0.200",200,
140,1965,9,1,1,"1","3","graham-hill","brm","brm","dunlop","1:11.250",71250,,,,,,,,,,,
140,1965,9,2,2,"2","5","jim-clark","lotus","climax","dunlop","1:11.350",71350,,,,,,,"+0.100",100,"+0.100",100,
140,1965,9,3,3,"3","11","richie-ginther","honda","honda","goodyear","1:11.400",71400,,,,,,,"+0.150",150,"+0.050",50,
140,1965,9,4,4,"4","6","mike-spence","lotus","climax","dunlop","1:11.500",71500,,,,,,,"+0.250",250,"+0.100",100,
140,1965,9,5,5,"5","2","lorenzo-bandini","ferrari","ferrari","dunlop","1:11.730",71730,,,,,,,"+0.480",480,"+0.230",230,
140,1965,9,6,6,"6","4","jackie-stewart","brm","brm","dunlop","1:11.760",71760,,,,,,,"+0.510",510,"+0.030",30,
140,1965,9,7,7,"7","7","jack-brabham","brabham","climax","goodyear","1:12.200",72200,,,,,,,"+0.950",950,"+0.440",440,
140,1965,9,8,8,"8","8","dan-gurney","brabham","climax","goodyear","1:12.250",72250,,,,,,,"+1.000",1000,"+0.050",50,
140,1965,9,9,9,"9","9","bruce-mclaren","cooper","climax","dunlop","1:12.450",72450,,,,,,,"+1.200",1200,"+0.200",200,
140,1965,9,10,10,"10","15","jo-bonnier","brabham","climax","dunlop","1:12.450",72450,,,,,,,"+1.200",1200,"+0.000",0,
140,1965,9,11,11,"11","16","jo-siffert","brabham","brm","dunlop","1:12.500",72500,,,,,,,"+1.250",1250,"+0.050",50,
140,1965,9,12,12,"12","12","ronnie-bucknum","honda","honda","goodyear","1:12.700",72700,,,,,,,"+1.450",1450,"+0.200",200,
140,1965,9,13,13,"13","10","jochen-rindt","cooper","climax","dunlop","1:12.900",72900,,,,,,,"+1.650",1650,"+0.200",200,
140,1965,9,14,14,"14","24","bob-bondurant","ferrari","ferrari","dunlop","1:12.900",72900,,,,,,,"+1.650",1650,"+0.000",0,
140,1965,9,15,15,"15","14","pedro-rodriguez","ferrari","ferrari","dunlop","1:13.000",73000,,,,,,,"+1.750",1750,"+0.100",100,
140,1965,9,16,16,"16","21","richard-attwood","lotus","brm","dunlop","1:13.700",73700,,,,,,,"+2.450",2450,"+0.700",700,
140,1965,9,17,17,"17","18","moises-solana","lotus","climax","dunlop","1:13.700",73700,,,,,,,"+2.450",2450,"+0.000",0,
140,1965,9,18,18,"18","22","innes-ireland","lotus","brm","dunlop","1:15.000",75000,,,,,,,"+3.750",3750,"+1.300",1300,
141,1965,10,1,1,"1","5","jim-clark","lotus","climax","dunlop","1:56.170",116170,,,,,,,,,,,
141,1965,10,2,2,"2","8","dan-gurney","brabham","climax","goodyear","1:56.240",116240,,,,,,,"+0.070",70,"+0.070",70,
141,1965,10,3,3,"3","11","richie-ginther","honda","honda","goodyear","1:56.480",116480,,,,,,,"+0.310",310,"+0.240",240,
141,1965,10,4,4,"4","7","jack-brabham","brabham","climax","goodyear","1:56.780",116780,,,,,,,"+0.610",610,"+0.300",300,
141,1965,10,5,5,"5","3","graham-hill","brm","brm","dunlop","1:57.060",117060,,,,,,,"+0.890",890,"+0.280",280,
141,1965,10,6,6,"6","6","mike-spence","lotus","climax","dunlop","1:57.220",117220,,,,,,,"+1.050",1050,"+0.160",160,
141,1965,10,7,7,"7","2","lorenzo-bandini","ferrari","ferrari","dunlop","1:57.310",117310,,,,,,,"+1.140",1140,"+0.090",90,
141,1965,10,8,8,"8","4","jackie-stewart","brm","brm","dunlop","1:57.530",117530,,,,,,,"+1.360",1360,"+0.220",220,
141,1965,10,9,9,"9","18","moises-solana","lotus","climax","dunlop","1:57.550",117550,,,,,,,"+1.380",1380,"+0.020",20,
141,1965,10,10,10,"10","12","ronnie-bucknum","honda","honda","goodyear","1:57.880",117880,,,,,,,"+1.710",1710,"+0.330",330,
141,1965,10,11,11,"11","16","jo-siffert","brabham","brm","dunlop","1:57.940",117940,,,,,,,"+1.770",1770,"+0.060",60,
141,1965,10,12,12,"12","15","jo-bonnier","brabham","climax","dunlop","1:58.220",118220,,,,,,,"+2.050",2050,"+0.280",280,
141,1965,10,13,13,"13","24","ludovico-scarfiotti","ferrari","ferrari","dunlop","1:58.930",118930,,,,,,,"+2.760",2760,"+0.710",710,
141,1965,10,14,14,"14","14","pedro-rodriguez","ferrari","ferrari","dunlop","1:59.060",119060,,,,,,,"+2.890",2890,"+0.130",130,
141,1965,10,15,15,"15","9","bruce-mclaren","cooper","climax","dunlop","1:59.150",119150,,,,,,,"+2.980",2980,"+0.090",90,
141,1965,10,16,16,"16","10","jochen-rindt","cooper","climax","dunlop","1:59.300",119300,,,,,,,"+3.130",3130,"+0.150",150,
141,1965,10,17,17,"17","21","richard-attwood","lotus","brm","dunlop","2:00.610",120610,,,,,,,"+4.440",4440,"+1.310",1310,
141,1965,10,18,18,"18","22","bob-bondurant","lotus","brm","dunlop","2:00.800",120800,,,,,,,"+4.630",4630,"+0.190",190,
141,1965,10,19,19,"19","22","innes-ireland","lotus","brm","dunlop","2:02.360",122360,,,,,,,"+6.190",6190,"+1.560",1560,
142,1966,1,1,1,"1","4","jim-clark","lotus","climax","firestone","1:29.900",89900,,,,,,,,,,,
142,1966,1,2,2,"2","17","john-surtees","ferrari","ferrari","dunlop","1:30.100",90100,,,,,,,"+0.200",200,"+0.200",200,
142,1966,1,3,3,"3","12","jackie-stewart","brm","brm","dunlop","1:30.300",90300,,,,,,,"+0.400",400,"+0.200",200,
142,1966,1,4,4,"4","11","graham-hill","brm","brm","dunlop","1:30.400",90400,,,,,,,"+0.500",500,"+0.100",100,
142,1966,1,5,5,"5","16","lorenzo-bandini","ferrari","ferrari","firestone","1:30.500",90500,,,,,,,"+0.600",600,"+0.100",100,
142,1966,1,6,6,"6","8","denny-hulme","brabham","climax","goodyear","1:31.100",91100,,,,,,,"+1.200",1200,"+0.600",600,
142,1966,1,7,7,"7","10","jochen-rindt","cooper","maserati","dunlop","1:32.200",92200,,,,,,,"+2.300",2300,"+1.100",1100,
142,1966,1,8,8,"8","15","bob-anderson","brabham","climax","firestone","1:32.500",92500,,,,,,,"+2.600",2600,"+0.300",300,
142,1966,1,9,9,"9","9","richie-ginther","cooper","maserati","dunlop","1:32.600",92600,,,,,,,"+2.700",2700,"+0.100",100,
142,1966,1,10,10,"10","2","bruce-mclaren","mclaren","ford","firestone","1:32.800",92800,,,,,,,"+2.900",2900,"+0.200",200,
142,1966,1,11,11,"11","7","jack-brabham","brabham","repco","goodyear","1:32.800",92800,,,,,,,"+2.900",2900,"+0.000",0,
142,1966,1,12,12,"12","6","mike-spence","lotus","brm","firestone","1:33.500",93500,,,,,,,"+3.600",3600,"+0.700",700,
142,1966,1,13,13,"13","14","jo-siffert","brabham","brm","dunlop","1:34.400",94400,,,,,,,"+4.500",4500,"+0.900",900,
142,1966,1,14,14,"14","18","jo-bonnier","cooper","maserati","firestone","1:35.000",95000,,,,,,,"+5.100",5100,"+0.600",600,
142,1966,1,15,15,"15","21","guy-ligier","cooper","maserati","dunlop","1:35.200",95200,,,,,,,"+5.300",5300,"+0.200",200,
142,1966,1,16,16,"16","19","bob-bondurant","brm","brm","goodyear","1:37.300",97300,,,,,,,"+7.400",7400,"+2.100",2100,
142,1966,1,17,17,"17","20","phil-hill","lotus","climax","firestone","1:42.200",102200,,,,,,,"+12.300",12300,"+4.900",4900,
143,1966,2,1,1,"1","6","john-surtees","ferrari","ferrari","dunlop","3:38.000",218000,,,,,,,,,,,
143,1966,2,2,2,"2","19","jochen-rindt","cooper","maserati","dunlop","3:41.200",221200,,,,,,,"+3.200",3200,"+3.200",3200,
143,1966,2,3,3,"3","15","jackie-stewart","brm","brm","dunlop","3:41.500",221500,,,,,,,"+3.500",3500,"+0.300",300,
143,1966,2,4,4,"4","3","jack-brabham","brabham","repco","goodyear","3:41.800",221800,,,,,,,"+3.800",3800,"+0.300",300,
143,1966,2,5,5,"5","7","lorenzo-bandini","ferrari","ferrari","dunlop","3:43.800",223800,,,,,,,"+5.800",5800,"+2.000",2000,
143,1966,2,6,6,"6","20","jo-bonnier","cooper","maserati","firestone","3:44.300",224300,,,,,,,"+6.300",6300,"+0.500",500,
143,1966,2,7,7,"7","16","mike-spence","lotus","brm","firestone","3:45.200",225200,,,,,,,"+7.200",7200,"+0.900",900,
143,1966,2,8,8,"8","18","richie-ginther","cooper","maserati","dunlop","3:45.400",225400,,,,,,,"+7.400",7400,"+0.200",200,
143,1966,2,9,9,"9","14","graham-hill","brm","brm","dunlop","3:45.600",225600,,,,,,,"+7.600",7600,"+0.200",200,
143,1966,2,10,10,"10","10","jim-clark","lotus","climax","firestone","3:45.800",225800,,,,,,,"+7.800",7800,"+0.200",200,
143,1966,2,11,11,"11","24","bob-bondurant","brm","brm","goodyear","3:50.500",230500,,,,,,,"+12.500",12500,"+4.700",4700,
143,1966,2,12,12,"12","22","guy-ligier","cooper","maserati","dunlop","3:51.100",231100,,,,,,,"+13.100",13100,"+0.600",600,
143,1966,2,13,13,"13","4","denny-hulme","brabham","climax","goodyear","3:51.400",231400,,,,,,,"+13.400",13400,"+0.300",300,
143,1966,2,14,14,"14","21","jo-siffert","cooper","maserati","dunlop","3:53.800",233800,,,,,,,"+15.800",15800,"+2.400",2400,
143,1966,2,15,15,"15","27","dan-gurney","eagle","climax","goodyear","3:57.600",237600,,,,,,,"+19.600",19600,"+3.800",3800,
143,1966,2,16,16,"16","24","bruce-mclaren","mclaren","serenissima","firestone","3:57.600",237600,,,,,,,"+19.600",19600,"+0.000",0,
143,1966,2,17,17,"17","28","phil-hill","mclaren","ford","firestone","4:01.700",241700,,,,,,,"+23.700",23700,"+4.100",4100,
143,1966,2,18,18,"18","8","vic-wilson","brm","brm","goodyear","4:26.000",266000,,,,,,,"+48.000",48000,"+24.300",24300,
143,1966,2,19,19,"19","11","peter-arundell","lotus","brm","firestone","5:01.200",301200,,,,,,,"+1:23.200",83200,"+35.200",35200,
144,1966,3,1,1,"1","20","lorenzo-bandini","ferrari","ferrari","firestone","2:07.800",127800,,,,,,,,,,,
144,1966,3,2,2,"2","10","john-surtees","cooper","maserati","dunlop","2:08.400",128400,,,,,,,"+0.600",600,"+0.600",600,
144,1966,3,3,3,"3","22","mike-parkes","ferrari","ferrari","firestone","2:09.100",129100,,,,,,,"+1.300",1300,"+0.700",700,
144,1966,3,4,4,"4","12","jack-brabham","brabham","repco","goodyear","2:10.200",130200,,,,,,,"+2.400",2400,"+1.100",1100,
144,1966,3,5,5,"5","6","jochen-rindt","cooper","maserati","dunlop","2:10.900",130900,,,,,,,"+3.100",3100,"+0.700",700,
144,1966,3,6,6,"6","38","jo-siffert","cooper","maserati","dunlop","2:12.200",132200,,,,,,,"+4.400",4400,"+1.300",1300,
144,1966,3,7,7,"7","8","chris-amon","cooper","maserati","dunlop","2:12.400",132400,,,,,,,"+4.600",4600,"+0.200",200,
144,1966,3,8,8,"8","16","graham-hill","brm","brm","dunlop","2:12.800",132800,,,,,,,"+5.000",5000,"+0.400",400,
144,1966,3,9,9,"9","14","denny-hulme","brabham","repco","goodyear","2:13.300",133300,,,,,,,"+5.500",5500,"+0.500",500,
144,1966,3,10,10,"10","32","mike-spence","lotus","brm","firestone","2:14.200",134200,,,,,,,"+6.400",6400,"+0.900",900,
144,1966,3,11,11,"11","42","guy-ligier","cooper","maserati","dunlop","2:15.400",135400,,,,,,,"+7.600",7600,"+1.200",1200,
144,1966,3,12,12,"12","36","bob-anderson","brabham","climax","firestone","2:15.600",135600,,,,,,,"+7.800",7800,"+0.200",200,
144,1966,3,13,13,"13","2","jim-clark","lotus","climax","firestone","2:15.600",135600,,,,,,,"+7.800",7800,"+0.000",0,
144,1966,3,14,14,"14","2","pedro-rodriguez","lotus","climax","firestone","2:16.500",136500,,,,,,,"+8.700",8700,"+0.900",900,
144,1966,3,15,15,"15","26","dan-gurney","eagle","climax","goodyear","2:17.900",137900,,,,,,,"+10.100",10100,"+1.400",1400,
144,1966,3,16,16,"16","44","john-taylor","brabham","brm","goodyear","2:19.200",139200,,,,,,,"+11.400",11400,"+1.300",1300,
144,1966,3,17,17,"17","4","peter-arundell","lotus","brm","firestone","2:19.600",139600,,,,,,,"+11.800",11800,"+0.400",400,
144,1966,3,18,18,"18","30","jo-bonnier","brabham","climax","firestone","2:23.500",143500,,,,,,,"+15.700",15700,"+3.900",3900,
145,1966,4,1,1,"1","5","jack-brabham","brabham","repco","goodyear","1:34.500",94500,,,,,,,,,,,
145,1966,4,2,2,"2","6","denny-hulme","brabham","repco","goodyear","1:34.800",94800,,,,,,,"+0.300",300,"+0.300",300,
145,1966,4,3,3,"3","16","dan-gurney","eagle","climax","goodyear","1:35.800",95800,,,,,,,"+1.300",1300,"+1.000",1000,
145,1966,4,4,4,"4","3","graham-hill","brm","brm","dunlop","1:36.000",96000,,,,,,,"+1.500",1500,"+0.200",200,
145,1966,4,5,5,"5","1","jim-clark","lotus","climax","firestone","1:36.100",96100,,,,,,,"+1.600",1600,"+0.100",100,
145,1966,4,6,6,"6","12","john-surtees","cooper","maserati","dunlop","1:36.400",96400,,,,,,,"+1.900",1900,"+0.300",300,
145,1966,4,7,7,"7","11","jochen-rindt","cooper","maserati","dunlop","1:36.600",96600,,,,,,,"+2.100",2100,"+0.200",200,
145,1966,4,8,8,"8","4","jackie-stewart","brm","brm","dunlop","1:36.900",96900,,,,,,,"+2.400",2400,"+0.300",300,
145,1966,4,9,9,"9","17","mike-spence","lotus","brm","firestone","1:37.300",97300,,,,,,,"+2.800",2800,"+0.400",400,
145,1966,4,10,10,"10","21","bob-anderson","brabham","climax","firestone","1:37.500",97500,,,,,,,"+3.000",3000,"+0.200",200,
145,1966,4,11,11,"11","20","jo-siffert","cooper","maserati","dunlop","1:38.000",98000,,,,,,,"+3.500",3500,"+0.500",500,
145,1966,4,12,12,"12","7","chris-irwin","brabham","climax","goodyear","1:38.100",98100,,,,,,,"+3.600",3600,"+0.100",100,
145,1966,4,13,13,"13","14","bruce-mclaren","mclaren","serenissima","firestone","1:38.500",98500,,,,,,,"+4.000",4000,"+0.400",400,
145,1966,4,14,14,"14","25","bob-bondurant","brm","brm","goodyear","1:38.900",98900,,,,,,,"+4.400",4400,"+0.400",400,
145,1966,4,15,15,"15","18","jo-bonnier","brabham","climax","firestone","1:39.300",99300,,,,,,,"+4.800",4800,"+0.400",400,
145,1966,4,16,16,"16","22","john-taylor","brabham","brm","goodyear","1:40.000",100000,,,,,,,"+5.500",5500,"+0.700",700,
145,1966,4,17,17,"17","19","guy-ligier","cooper","maserati","dunlop","1:41.400",101400,,,,,,,"+6.900",6900,"+1.400",1400,
145,1966,4,18,18,"18","23","trevor-taylor","shannon","climax","dunlop","1:41.600",101600,,,,,,,"+7.100",7100,"+0.200",200,
145,1966,4,19,19,"19","24","chris-lawrence","cooper","ferrari","dunlop","1:43.800",103800,,,,,,,"+9.300",9300,"+2.200",2200,
145,1966,4,20,20,"20","2","peter-arundell","lotus","brm","firestone","1:54.300",114300,,,,,,,"+19.800",19800,"+10.500",10500,
146,1966,5,1,1,"1","16","jack-brabham","brabham","repco","goodyear","1:28.100",88100,,,,,,,,,,,
146,1966,5,2,2,"2","18","denny-hulme","brabham","repco","goodyear","1:28.700",88700,,,,,,,"+0.600",600,"+0.600",600,
146,1966,5,3,3,"3","6","jim-clark","lotus","climax","firestone","1:28.700",88700,,,,,,,"+0.600",600,"+0.000",0,
146,1966,5,4,4,"4","10","dan-gurney","eagle","climax","goodyear","1:28.800",88800,,,,,,,"+0.700",700,"+0.100",100,
146,1966,5,5,5,"5","4","mike-parkes","ferrari","ferrari","firestone","1:29.000",89000,,,,,,,"+0.900",900,"+0.200",200,
146,1966,5,6,6,"6","26","jochen-rindt","cooper","maserati","dunlop","1:29.200",89200,,,,,,,"+1.100",1100,"+0.200",200,
146,1966,5,7,7,"7","12","graham-hill","brm","brm","dunlop","1:29.700",89700,,,,,,,"+1.600",1600,"+0.500",500,
146,1966,5,8,8,"8","14","jackie-stewart","brm","brm","dunlop","1:29.800",89800,,,,,,,"+1.700",1700,"+0.100",100,
146,1966,5,9,9,"9","2","lorenzo-bandini","ferrari","ferrari","firestone","1:30.000",90000,,,,,,,"+1.900",1900,"+0.200",200,
146,1966,5,10,10,"10","24","john-surtees","cooper","maserati","dunlop","1:30.600",90600,,,,,,,"+2.500",2500,"+0.600",600,
146,1966,5,11,11,"11","28","jo-siffert","cooper","maserati","dunlop","1:31.100",91100,,,,,,,"+3.000",3000,"+0.500",500,
146,1966,5,12,12,"12","32","mike-spence","lotus","brm","firestone","1:31.400",91400,,,,,,,"+3.300",3300,"+0.300",300,
146,1966,5,13,13,"13","30","jo-bonnier","cooper","maserati","firestone","1:31.700",91700,,,,,,,"+3.600",3600,"+0.300",300,
146,1966,5,14,14,"14","20","bruce-mclaren","mclaren","serenissima","firestone","1:31.700",91700,,,,,,,"+3.600",3600,"+0.000",0,
146,1966,5,15,15,"15","34","bob-anderson","brabham","climax","firestone","1:32.000",92000,,,,,,,"+3.900",3900,"+0.300",300,
146,1966,5,16,16,"16","8","peter-arundell","lotus","brm","firestone","1:32.000",92000,,,,,,,"+3.900",3900,"+0.000",0,
146,1966,5,17,17,"17","36","guy-ligier","cooper","maserati","dunlop","1:35.000",95000,,,,,,,"+6.900",6900,"+3.000",3000,
146,1966,5,18,18,"18","38","john-taylor","brabham","brm","goodyear","1:35.700",95700,,,,,,,"+7.600",7600,"+0.700",700,
147,1966,6,1,1,"1","1","jim-clark","lotus","climax","firestone","8:16.500",496500,,,,,,,,,,,
147,1966,6,2,2,"2","7","john-surtees","cooper","maserati","dunlop","8:18.000",498000,,,,,,,"+1.500",1500,"+1.500",1500,
147,1966,6,3,3,"3","6","jackie-stewart","brm","brm","dunlop","8:18.800",498800,,,,,,,"+2.300",2300,"+0.800",800,
147,1966,6,4,4,"4","11","ludovico-scarfiotti","ferrari","ferrari","dunlop","8:20.200",500200,,,,,,,"+3.700",3700,"+1.400",1400,
147,1966,6,5,5,"5","3","jack-brabham","brabham","repco","goodyear","8:20.800",500800,,,,,,,"+4.300",4300,"+0.600",600,
147,1966,6,6,6,"6","9","lorenzo-bandini","ferrari","ferrari","dunlop","8:21.100",501100,,,,,,,"+4.600",4600,"+0.300",300,
147,1966,6,7,7,"7","10","mike-parkes","ferrari","ferrari","dunlop","8:21.700",501700,,,,,,,"+5.200",5200,"+0.600",600,
147,1966,6,8,8,"8","12","dan-gurney","eagle","climax","goodyear","8:22.800",502800,,,,,,,"+6.300",6300,"+1.100",1100,
147,1966,6,9,9,"9","8","jochen-rindt","cooper","maserati","dunlop","8:27.000",507000,,,,,,,"+10.500",10500,"+4.200",4200,
147,1966,6,10,10,"10","5","graham-hill","brm","brm","dunlop","8:28.600",508600,,,,,,,"+12.100",12100,"+1.600",1600,
147,1966,6,11,11,"11","14","bob-bondurant","brm","brm","goodyear","8:33.000",513000,,,,,,,"+16.500",16500,"+4.400",4400,
147,1966,6,12,12,"12","17","jo-bonnier","cooper","maserati","firestone","8:35.300",515300,,,,,,,"+18.800",18800,"+2.300",2300,
147,1966,6,13,13,"13","15","mike-spence","lotus","brm","firestone","8:38.600",518600,,,,,,,"+22.100",22100,"+3.300",3300,
147,1966,6,14,14,"14","19","bob-anderson","brabham","climax","firestone","8:42.500",522500,,,,,,,"+26.000",26000,"+3.900",3900,
147,1966,6,15,15,"15","4","denny-hulme","brabham","repco","goodyear","8:49.300",529300,,,,,,,"+32.800",32800,"+6.800",6800,
147,1966,6,16,16,"16","27","jacky-ickx","matra","ford","dunlop","8:52.000",532000,,,,,,,"+35.500",35500,"+2.700",2700,
147,1966,6,17,17,"17","2","peter-arundell","lotus","brm","firestone","8:52.700",532700,,,,,,,"+36.200",36200,"+0.700",700,
147,1966,6,18,18,"18","34","jean-pierre-beltoise","matra","ford","dunlop","9:00.400",540400,,,,,,,"+43.900",43900,"+7.700",7700,
147,1966,6,19,19,"19","33","jo-schlesser","matra","ford","dunlop","9:01.500",541500,,,,,,,"+45.000",45000,"+1.100",1100,
147,1966,6,20,20,"20","31","pedro-rodriguez","lotus","ford","dunlop","9:03.000",543000,,,,,,,"+46.500",46500,"+1.500",1500,
147,1966,6,21,21,"21","25","kurt-ahrens-jr","brabham","ford","dunlop","9:04.700",544700,,,,,,,"+48.200",48200,"+1.700",1700,
147,1966,6,22,22,"22","28","hans-herrmann","brabham","ford","dunlop","9:05.700",545700,,,,,,,"+49.200",49200,"+1.000",1000,
147,1966,6,23,23,"23","32","piers-courage","lotus","ford","dunlop","9:06.000",546000,,,,,,,"+49.500",49500,"+0.300",300,
147,1966,6,24,24,"24","29","alan-rees","brabham","ford","dunlop","9:08.400",548400,,,,,,,"+51.900",51900,"+2.400",2400,
147,1966,6,25,25,"25","16","john-taylor","brabham","brm","goodyear","9:08.600",548600,,,,,,,"+52.100",52100,"+0.200",200,
147,1966,6,26,26,"26","20","chris-lawrence","cooper","ferrari","dunlop","9:10.900",550900,,,,,,,"+54.400",54400,"+2.300",2300,
147,1966,6,27,27,"27","26","hubert-hahne","matra","brm","dunlop","9:17.000",557000,,,,,,,"+1:00.500",60500,"+6.100",6100,
147,1966,6,28,28,"28","35","silvio-moser","brabham","ford","dunlop","9:17.200",557200,,,,,,,"+1:00.700",60700,"+0.200",200,
147,1966,6,29,29,"29","30","gerhard-mitter","lotus","ford","dunlop","9:32.200",572200,,,,,,,"+1:15.700",75700,"+15.000",15000,
147,1966,6,30,30,"30","18","guy-ligier","cooper","maserati","dunlop",,,,,,,,,,,,,
148,1966,7,1,1,"1","4","mike-parkes","ferrari","ferrari","firestone","1:31.300",91300,,,,,,,,,,,
148,1966,7,2,2,"2","6","ludovico-scarfiotti","ferrari","ferrari","firestone","1:31.600",91600,,,,,,,"+0.300",300,"+0.300",300,
148,1966,7,3,3,"3","22","jim-clark","lotus","brm","firestone","1:31.800",91800,,,,,,,"+0.500",500,"+0.200",200,
148,1966,7,4,4,"4","14","john-surtees","cooper","maserati","dunlop","1:31.900",91900,,,,,,,"+0.600",600,"+0.100",100,
148,1966,7,5,5,"5","2","lorenzo-bandini","ferrari","ferrari","firestone","1:32.000",92000,,,,,,,"+0.700",700,"+0.100",100,
148,1966,7,6,6,"6","10","jack-brabham","brabham","repco","goodyear","1:32.200",92200,,,,,,,"+0.900",900,"+0.200",200,
148,1966,7,7,7,"7","18","richie-ginther","honda","honda","goodyear","1:32.400",92400,,,,,,,"+1.100",1100,"+0.200",200,
148,1966,7,8,8,"8","16","jochen-rindt","cooper","maserati","dunlop","1:32.700",92700,,,,,,,"+1.400",1400,"+0.300",300,
148,1966,7,9,9,"9","28","jackie-stewart","brm","brm","dunlop","1:32.800",92800,,,,,,,"+1.500",1500,"+0.100",100,
148,1966,7,10,10,"10","12","denny-hulme","brabham","repco","goodyear","1:32.800",92800,,,,,,,"+1.500",1500,"+0.000",0,
148,1966,7,11,11,"11","26","graham-hill","brm","brm","dunlop","1:33.400",93400,,,,,,,"+2.100",2100,"+0.600",600,
148,1966,7,12,12,"12","38","jo-bonnier","cooper","maserati","firestone","1:33.700",93700,,,,,,,"+2.400",2400,"+0.300",300,
148,1966,7,13,13,"13","24","peter-arundell","lotus","brm","firestone","1:34.100",94100,,,,,,,"+2.800",2800,"+0.400",400,
148,1966,7,14,14,"14","42","mike-spence","lotus","brm","firestone","1:35.000",95000,,,,,,,"+3.700",3700,"+0.900",900,
148,1966,7,15,15,"15","40","bob-anderson","brabham","climax","firestone","1:35.300",95300,,,,,,,"+4.000",4000,"+0.300",300,
148,1966,7,16,16,"16","44","giancarlo-baghetti","ferrari","ferrari","firestone","1:35.500",95500,,,,,,,"+4.200",4200,"+0.200",200,
148,1966,7,17,17,"17","36","jo-siffert","cooper","maserati","dunlop","1:36.300",96300,,,,,,,"+5.000",5000,"+0.800",800,
148,1966,7,18,18,"18","48","bob-bondurant","brm","brm","goodyear","1:36.900",96900,,,,,,,"+5.600",5600,"+0.600",600,
148,1966,7,19,19,"19","30","dan-gurney","eagle","weslake","goodyear","1:37.600",97600,,,,,,,"+6.300",6300,"+0.700",700,
148,1966,7,20,20,"20","20","giacomo-russo","lotus","climax","firestone","1:39.300",99300,,,,,,,"+8.000",8000,"+1.700",1700,
148,1966,7,21,21,"21","34","phil-hill","eagle","climax","goodyear","1:40.000",100000,,,,,,,"+8.700",8700,"+0.700",700,
148,1966,7,22,22,"22","32","chris-amon","brabham","brm","dunlop","1:40.300",100300,,,,,,,"+9.000",9000,"+0.300",300,
149,1966,8,1,1,"1","5","jack-brabham","brabham","repco","goodyear","1:08.420",68420,,,,,,,,,,,
149,1966,8,2,2,"2","1","jim-clark","lotus","brm","firestone","1:08.530",68530,,,,,,,"+0.110",110,"+0.110",110,
149,1966,8,3,3,"3","9","lorenzo-bandini","ferrari","ferrari","firestone","1:08.570",68570,,,,,,,"+0.150",150,"+0.040",40,
149,1966,8,4,4,"4","7","john-surtees","cooper","maserati","dunlop","1:08.730",68730,,,,,,,"+0.310",310,"+0.160",160,
149,1966,8,5,5,"5","3","graham-hill","brm","brm","dunlop","1:08.870",68870,,,,,,,"+0.450",450,"+0.140",140,
149,1966,8,6,6,"6","4","jackie-stewart","brm","brm","dunlop","1:09.170",69170,,,,,,,"+0.750",750,"+0.300",300,
149,1966,8,7,7,"7","6","denny-hulme","brabham","repco","goodyear","1:09.280",69280,,,,,,,"+0.860",860,"+0.110",110,
149,1966,8,8,8,"8","12","richie-ginther","honda","honda","goodyear","1:09.370",69370,,,,,,,"+0.950",950,"+0.090",90,
149,1966,8,9,9,"9","8","jochen-rindt","cooper","maserati","dunlop","1:09.630",69630,,,,,,,"+1.210",1210,"+0.260",260,
149,1966,8,10,10,"10","11","pedro-rodriguez","lotus","brm","firestone","1:10.400",70400,,,,,,,"+1.980",1980,"+0.770",770,
149,1966,8,11,11,"11","17","bruce-mclaren","mclaren","ford","firestone","1:10.570",70570,,,,,,,"+2.150",2150,"+0.170",170,
149,1966,8,12,12,"12","18","mike-spence","lotus","brm","firestone","1:10.730",70730,,,,,,,"+2.310",2310,"+0.160",160,
149,1966,8,13,13,"13","19","jo-siffert","cooper","maserati","dunlop","1:10.970",70970,,,,,,,"+2.550",2550,"+0.240",240,
149,1966,8,14,14,"14","15","dan-gurney","eagle","weslake","goodyear","1:11.030",71030,,,,,,,"+2.610",2610,"+0.060",60,
149,1966,8,15,15,"15","22","jo-bonnier","cooper","maserati","firestone","1:11.400",71400,,,,,,,"+2.980",2980,"+0.370",370,
149,1966,8,16,16,"16","16","bob-bondurant","eagle","climax","goodyear","1:12.400",72400,,,,,,,"+3.980",3980,"+1.000",1000,
149,1966,8,17,17,"17","10","innes-ireland","brm","brm","dunlop","1:12.630",72630,,,,,,,"+4.210",4210,"+0.230",230,
149,1966,8,18,18,"18","14","ronnie-bucknum","honda","honda","goodyear","1:12.700",72700,,,,,,,"+4.280",4280,"+0.070",70,
149,1966,8,19,19,"19","2","peter-arundell","lotus","climax","firestone",,,,,,,,,,,,,
150,1966,9,1,1,"1","7","john-surtees","cooper","maserati","dunlop","1:53.180",113180,,,,,,,,,,,
150,1966,9,2,2,"2","1","jim-clark","lotus","brm","firestone","1:53.500",113500,,,,,,,"+0.320",320,"+0.320",320,
150,1966,9,3,3,"3","12","richie-ginther","honda","honda","goodyear","1:53.560",113560,,,,,,,"+0.380",380,"+0.060",60,
150,1966,9,4,4,"4","5","jack-brabham","brabham","repco","goodyear","1:53.950",113950,,,,,,,"+0.770",770,"+0.390",390,
150,1966,9,5,5,"5","8","jochen-rindt","cooper","maserati","dunlop","1:54.190",114190,,,,,,,"+1.010",1010,"+0.240",240,
150,1966,9,6,6,"6","6","denny-hulme","brabham","repco","goodyear","1:54.210",114210,,,,,,,"+1.030",1030,"+0.020",20,
150,1966,9,7,7,"7","3","graham-hill","brm","brm","dunlop","1:54.610",114610,,,,,,,"+1.430",1430,"+0.400",400,
150,1966,9,8,8,"8","11","pedro-rodriguez","lotus","climax","firestone","1:54.780",114780,,,,,,,"+1.600",1600,"+0.170",170,
150,1966,9,9,9,"9","15","dan-gurney","eagle","climax","goodyear","1:54.930",114930,,,,,,,"+1.750",1750,"+0.150",150,
150,1966,9,10,10,"10","4","jackie-stewart","brm","brm","dunlop","1:55.900",115900,,,,,,,"+2.720",2720,"+0.970",970,
150,1966,9,11,11,"11","18","mike-spence","lotus","brm","firestone","1:55.980",115980,,,,,,,"+2.800",2800,"+0.080",80,
150,1966,9,12,12,"12","19","jo-siffert","cooper","maserati","dunlop","1:55.990",115990,,,,,,,"+2.810",2810,"+0.010",10,
150,1966,9,13,13,"13","22","jo-bonnier","cooper","maserati","firestone","1:56.490",116490,,,,,,,"+3.310",3310,"+0.500",500,
150,1966,9,14,14,"14","14","ronnie-bucknum","honda","honda","goodyear","1:56.590",116590,,,,,,,"+3.410",3410,"+0.100",100,
150,1966,9,15,15,"15","17","bruce-mclaren","mclaren","ford","firestone","1:56.840",116840,,,,,,,"+3.660",3660,"+0.250",250,
150,1966,9,16,16,"16","9","moises-solana","cooper","maserati","dunlop","1:57.440",117440,,,,,,,"+4.260",4260,"+0.600",600,
150,1966,9,17,17,"17","10","innes-ireland","brm","brm","dunlop","1:57.460",117460,,,,,,,"+4.280",4280,"+0.020",20,
150,1966,9,18,18,"18","2","peter-arundell","lotus","brm","firestone","2:00.790",120790,,,,,,,"+7.610",7610,"+3.330",3330,
150,1966,9,19,19,"19","16","bob-bondurant","eagle","weslake","goodyear","2:02.880",122880,,,,,,,"+9.700",9700,"+2.090",2090,
151,1967,1,1,1,"1","1","jack-brabham","brabham","repco","goodyear","1:28.300",88300,,,,,,,,,,,
151,1967,1,2,2,"2","2","denny-hulme","brabham","repco","goodyear","1:28.900",88900,,,,,,,"+0.600",600,"+0.600",600,
151,1967,1,3,3,"3","7","jim-clark","lotus","brm","firestone","1:29.000",89000,,,,,,,"+0.700",700,"+0.100",100,
151,1967,1,4,4,"4","4","pedro-rodriguez","cooper","maserati","firestone","1:29.100",89100,,,,,,,"+0.800",800,"+0.100",100,
151,1967,1,5,5,"5","17","john-love","cooper","climax","firestone","1:29.500",89500,,,,,,,"+1.200",1200,"+0.400",400,
151,1967,1,6,6,"6","11","john-surtees","honda","honda","firestone","1:29.600",89600,,,,,,,"+1.300",1300,"+0.100",100,
151,1967,1,7,7,"7","3","jochen-rindt","cooper","maserati","firestone","1:30.200",90200,,,,,,,"+1.900",1900,"+0.600",600,
151,1967,1,8,8,"8","19","dave-charlton","brabham","climax","firestone","1:30.200",90200,,,,,,,"+1.900",1900,"+0.000",0,
151,1967,1,9,9,"9","5","jackie-stewart","brm","brm","goodyear","1:30.300",90300,,,,,,,"+2.000",2000,"+0.100",100,
151,1967,1,10,10,"10","14","bob-anderson","brabham","climax","firestone","1:30.600",90600,,,,,,,"+2.300",2300,"+0.300",300,
151,1967,1,11,11,"11","9","dan-gurney","eagle","climax","goodyear","1:30.700",90700,,,,,,,"+2.400",2400,"+0.100",100,
151,1967,1,12,12,"12","15","jo-bonnier","cooper","maserati","firestone","1:31.800",91800,,,,,,,"+3.500",3500,"+1.100",1100,
151,1967,1,13,13,"13","6","mike-spence","brm","brm","goodyear","1:32.100",92100,,,,,,,"+3.800",3800,"+0.300",300,
151,1967,1,14,14,"14","18","sam-tingle","lds","climax","firestone","1:32.400",92400,,,,,,,"+4.100",4100,"+0.300",300,
151,1967,1,15,15,"15","8","graham-hill","lotus","brm","firestone","1:32.600",92600,,,,,,,"+4.300",4300,"+0.200",200,
151,1967,1,16,16,"16","12","jo-siffert","cooper","maserati","firestone","1:32.800",92800,,,,,,,"+4.500",4500,"+0.200",200,
151,1967,1,17,17,"17","20","luki-botha","brabham","climax","firestone","1:33.100",93100,,,,,,,"+4.800",4800,"+0.300",300,
151,1967,1,18,18,"18","16","piers-courage","lotus","brm","firestone","1:33.800",93800,,,,,,,"+5.500",5500,"+0.700",700,
152,1967,2,1,1,"1","8","jack-brabham","brabham","repco","goodyear","1:27.600",87600,,,,,,,,,,,
152,1967,2,2,2,"2","18","lorenzo-bandini","ferrari","ferrari","firestone","1:28.300",88300,,,,,,,"+0.700",700,"+0.700",700,
152,1967,2,3,3,"3","7","john-surtees","honda","honda","firestone","1:28.400",88400,,,,,,,"+0.800",800,"+0.100",100,
152,1967,2,4,4,"4","9","denny-hulme","brabham","repco","goodyear","1:28.800",88800,,,,,,,"+1.200",1200,"+0.400",400,
152,1967,2,5,5,"5","12","jim-clark","lotus","climax","firestone","1:28.800",88800,,,,,,,"+1.200",1200,"+0.000",0,
152,1967,2,6,6,"6","4","jackie-stewart","brm","brm","goodyear","1:29.000",89000,,,,,,,"+1.400",1400,"+0.200",200,
152,1967,2,7,7,"7","23","dan-gurney","eagle","weslake","goodyear","1:29.300",89300,,,,,,,"+1.700",1700,"+0.300",300,
152,1967,2,8,8,"8","14","graham-hill","lotus","brm","firestone","1:29.900",89900,,,,,,,"+2.300",2300,"+0.600",600,
152,1967,2,9,9,"9","17","jo-siffert","cooper","maserati","firestone","1:30.000",90000,,,,,,,"+2.400",2400,"+0.100",100,
152,1967,2,10,10,"10","16","bruce-mclaren","mclaren","brm","goodyear","1:30.000",90000,,,,,,,"+2.400",2400,"+0.000",0,
152,1967,2,11,11,"11","2","johnny-servoz-gavin","matra","ford","dunlop","1:30.400",90400,,,,,,,"+2.800",2800,"+0.400",400,
152,1967,2,12,12,"12","5","mike-spence","brm","brm","goodyear","1:30.600",90600,,,,,,,"+3.000",3000,"+0.200",200,
152,1967,2,13,13,"13","6","piers-courage","brm","brm","firestone","1:30.600",90600,,,,,,,"+3.000",3000,"+0.000",0,
152,1967,2,14,14,"14","20","chris-amon","ferrari","ferrari","firestone","1:30.700",90700,,,,,,,"+3.100",3100,"+0.100",100,
152,1967,2,15,15,"15","10","jochen-rindt","cooper","maserati","firestone","1:30.800",90800,,,,,,,"+3.200",3200,"+0.100",100,
152,1967,2,16,16,"16","11","pedro-rodriguez","cooper","maserati","firestone","1:32.400",92400,,,,,,,"+4.800",4800,"+1.600",1600,
152,1967,2,17,17,"17","15","bob-anderson","brabham","climax","firestone","1:30.600",90600,,,,,,,"+3.000",3000,"-1.800",-200,
152,1967,2,18,18,"18","1","jean-pierre-beltoise","matra","ford","dunlop","1:31.000",91000,,,,,,,"+3.400",3400,"+0.400",400,
152,1967,2,19,19,"19","22","richie-ginther","eagle","weslake","goodyear","1:31.100",91100,,,,,,,"+3.500",3500,"+0.100",100,
153,1967,3,1,1,"1","6","graham-hill","lotus","ford","firestone","1:24.600",84600,,,,,,,,,,,
153,1967,3,2,2,"2","15","dan-gurney","eagle","weslake","goodyear","1:25.100",85100,,,,,,,"+0.500",500,"+0.500",500,
153,1967,3,3,3,"3","1","jack-brabham","brabham","repco","goodyear","1:25.600",85600,,,,,,,"+1.000",1000,"+0.500",500,
153,1967,3,4,4,"4","12","jochen-rindt","cooper","maserati","firestone","1:26.500",86500,,,,,,,"+1.900",1900,"+0.900",900,
153,1967,3,5,5,"5","14","pedro-rodriguez","cooper","maserati","firestone","1:26.580",86580,,,,,,,"+1.980",1980,"+0.080",80,
153,1967,3,6,6,"6","7","john-surtees","honda","honda","firestone","1:26.650",86650,,,,,,,"+2.050",2050,"+0.070",70,
153,1967,3,7,7,"7","2","denny-hulme","brabham","repco","goodyear","1:26.650",86650,,,,,,,"+2.050",2050,"+0.000",0,
153,1967,3,8,8,"8","5","jim-clark","lotus","ford","firestone","1:26.800",86800,,,,,,,"+2.200",2200,"+0.150",150,
153,1967,3,9,9,"9","3","chris-amon","ferrari","ferrari","firestone","1:26.900",86900,,,,,,,"+2.300",2300,"+0.100",100,
153,1967,3,10,10,"10","4","mike-parkes","ferrari","ferrari","firestone","1:27.000",87000,,,,,,,"+2.400",2400,"+0.100",100,
153,1967,3,11,11,"11","9","jackie-stewart","brm","brm","goodyear","1:27.200",87200,,,,,,,"+2.600",2600,"+0.200",200,
153,1967,3,12,12,"12","10","mike-spence","brm","brm","goodyear","1:27.400",87400,,,,,,,"+2.800",2800,"+0.200",200,
153,1967,3,13,13,"13","18","chris-irwin","lotus","brm","firestone","1:27.500",87500,,,,,,,"+2.900",2900,"+0.100",100,
153,1967,3,14,14,"14","17","bruce-mclaren","mclaren","brm","goodyear","1:27.700",87700,,,,,,,"+3.100",3100,"+0.200",200,
153,1967,3,15,15,"15","22","ludovico-scarfiotti","ferrari","ferrari","firestone","1:27.900",87900,,,,,,,"+3.300",3300,"+0.200",200,
153,1967,3,16,16,"16","20","jo-siffert","cooper","maserati","firestone","1:28.800",88800,,,,,,,"+4.200",4200,"+0.900",900,
153,1967,3,17,17,"17","21","bob-anderson","brabham","climax","firestone","1:29.000",89000,,,,,,,"+4.400",4400,"+0.200",200,
154,1967,4,1,1,"1","21","jim-clark","lotus","ford","firestone","3:28.100",208100,,,,,,,,,,,
154,1967,4,2,2,"2","36","dan-gurney","eagle","weslake","goodyear","3:31.200",211200,,,,,,,"+3.100",3100,"+3.100",3100,
154,1967,4,3,3,"3","22","graham-hill","lotus","ford","firestone","3:32.900",212900,,,,,,,"+4.800",4800,"+1.700",1700,
154,1967,4,4,4,"4","29","jochen-rindt","cooper","maserati","firestone","3:34.300",214300,,,,,,,"+6.200",6200,"+1.400",1400,
154,1967,4,5,5,"5","1","chris-amon","ferrari","ferrari","firestone","3:34.300",214300,,,,,,,"+6.200",6200,"+0.000",0,
154,1967,4,6,6,"6","14","jackie-stewart","brm","brm","goodyear","3:34.800",214800,,,,,,,"+6.700",6700,"+0.500",500,
154,1967,4,7,7,"7","25","jack-brabham","brabham","repco","goodyear","3:35.000",215000,,,,,,,"+6.900",6900,"+0.200",200,
154,1967,4,8,8,"8","3","mike-parkes","ferrari","ferrari","firestone","3:36.600",216600,,,,,,,"+8.500",8500,"+1.600",1600,
154,1967,4,9,9,"9","2","ludovico-scarfiotti","ferrari","ferrari","firestone","3:37.700",217700,,,,,,,"+9.600",9600,"+1.100",1100,
154,1967,4,10,10,"10","7","john-surtees","honda","honda","firestone","3:38.400",218400,,,,,,,"+10.300",10300,"+0.700",700,
154,1967,4,11,11,"11","12","mike-spence","brm","brm","goodyear","3:38.500",218500,,,,,,,"+10.400",10400,"+0.100",100,
154,1967,4,12,12,"12","39","jo-bonnier","cooper","maserati","firestone","3:39.100",219100,,,,,,,"+11.000",11000,"+0.600",600,
154,1967,4,13,13,"13","30","pedro-rodriguez","cooper","maserati","firestone","3:39.500",219500,,,,,,,"+11.400",11400,"+0.400",400,
154,1967,4,14,14,"14","26","denny-hulme","brabham","repco","goodyear","3:40.300",220300,,,,,,,"+12.200",12200,"+0.800",800,
154,1967,4,15,15,"15","17","chris-irwin","brm","brm","firestone","3:44.300",224300,,,,,,,"+16.200",16200,"+4.000",4000,
154,1967,4,16,16,"16","34","jo-siffert","cooper","maserati","firestone","3:45.400",225400,,,,,,,"+17.300",17300,"+1.100",1100,
154,1967,4,17,17,"17","19","bob-anderson","brabham","climax","firestone","3:49.500",229500,,,,,,,"+21.400",21400,"+4.100",4100,
154,1967,4,18,18,"18","32","guy-ligier","cooper","maserati","dunlop","4:01.200",241200,,,,,,,"+33.100",33100,"+11.700",11700,
155,1967,5,1,1,"1","7","graham-hill","lotus","ford","firestone","1:36.200",96200,,,,,,,,,,,
155,1967,5,2,2,"2","3","jack-brabham","brabham","repco","goodyear","1:36.300",96300,,,,,,,"+0.100",100,"+0.100",100,
155,1967,5,3,3,"3","9","dan-gurney","eagle","weslake","goodyear","1:37.000",97000,,,,,,,"+0.800",800,"+0.700",700,
155,1967,5,4,4,"4","6","jim-clark","lotus","ford","firestone","1:37.500",97500,,,,,,,"+1.300",1300,"+0.500",500,
155,1967,5,5,5,"5","8","bruce-mclaren","eagle","weslake","goodyear","1:37.600",97600,,,,,,,"+1.400",1400,"+0.100",100,
155,1967,5,6,6,"6","4","denny-hulme","brabham","repco","goodyear","1:37.900",97900,,,,,,,"+1.700",1700,"+0.300",300,
155,1967,5,7,7,"7","2","chris-amon","ferrari","ferrari","firestone","1:38.000",98000,,,,,,,"+1.800",1800,"+0.100",100,
155,1967,5,8,8,"8","12","jochen-rindt","cooper","maserati","firestone","1:38.900",98900,,,,,,,"+2.700",2700,"+0.900",900,
155,1967,5,9,9,"9","15","chris-irwin","brm","brm","firestone","1:39.400",99400,,,,,,,"+3.200",3200,"+0.500",500,
155,1967,5,10,10,"10","10","jackie-stewart","brm","brm","goodyear","1:39.600",99600,,,,,,,"+3.400",3400,"+0.200",200,
155,1967,5,11,11,"11","18","jo-siffert","cooper","maserati","firestone","1:40.100",100100,,,,,,,"+3.900",3900,"+0.500",500,
155,1967,5,12,12,"12","11","mike-spence","brm","brm","goodyear","1:40.300",100300,,,,,,,"+4.100",4100,"+0.200",200,
155,1967,5,13,13,"13","14","pedro-rodriguez","cooper","maserati","firestone","1:40.500",100500,,,,,,,"+4.300",4300,"+0.200",200,
155,1967,5,14,14,"14","17","bob-anderson","brabham","climax","firestone","1:44.900",104900,,,,,,,"+8.700",8700,"+4.400",4400,
155,1967,5,15,15,"15","16","guy-ligier","cooper","maserati","dunlop","1:45.200",105200,,,,,,,"+9.000",9000,"+0.300",300,
156,1967,6,1,1,"1","5","jim-clark","lotus","ford","firestone","1:25.300",85300,,,,,,,,,,,
156,1967,6,2,2,"2","6","graham-hill","lotus","ford","firestone","1:26.000",86000,,,,,,,"+0.700",700,"+0.700",700,
156,1967,6,3,3,"3","1","jack-brabham","brabham","repco","goodyear","1:26.200",86200,,,,,,,"+0.900",900,"+0.200",200,
156,1967,6,4,4,"4","2","denny-hulme","brabham","repco","goodyear","1:26.300",86300,,,,,,,"+1.000",1000,"+0.100",100,
156,1967,6,5,5,"5","9","dan-gurney","eagle","weslake","goodyear","1:26.400",86400,,,,,,,"+1.100",1100,"+0.100",100,
156,1967,6,6,6,"6","8","chris-amon","ferrari","ferrari","firestone","1:26.900",86900,,,,,,,"+1.600",1600,"+0.500",500,
156,1967,6,7,7,"7","7","john-surtees","honda","honda","firestone","1:27.200",87200,,,,,,,"+1.900",1900,"+0.300",300,
156,1967,6,8,8,"8","11","jochen-rindt","cooper","maserati","firestone","1:27.400",87400,,,,,,,"+2.100",2100,"+0.200",200,
156,1967,6,9,9,"9","12","pedro-rodriguez","cooper","maserati","firestone","1:27.900",87900,,,,,,,"+2.600",2600,"+0.500",500,
156,1967,6,10,10,"10","10","bruce-mclaren","eagle","weslake","goodyear","1:28.100",88100,,,,,,,"+2.800",2800,"+0.200",200,
156,1967,6,11,11,"11","4","mike-spence","brm","brm","goodyear","1:28.300",88300,,,,,,,"+3.000",3000,"+0.200",200,
156,1967,6,12,12,"12","3","jackie-stewart","brm","brm","goodyear","1:28.700",88700,,,,,,,"+3.400",3400,"+0.400",400,
156,1967,6,13,13,"13","15","chris-irwin","brm","brm","firestone","1:29.600",89600,,,,,,,"+4.300",4300,"+0.900",900,
156,1967,6,14,14,"14","20","david-hobbs","brm","brm","goodyear","1:30.100",90100,,,,,,,"+4.800",4800,"+0.500",500,
156,1967,6,15,15,"15","14","alan-rees","cooper","maserati","firestone","1:30.300",90300,,,,,,,"+5.000",5000,"+0.200",200,
156,1967,6,16,16,"16","16","piers-courage","brm","brm","firestone","1:30.400",90400,,,,,,,"+5.100",5100,"+0.100",100,
156,1967,6,17,17,"17","19","bob-anderson","brabham","climax","firestone","1:30.700",90700,,,,,,,"+5.400",5400,"+0.300",300,
156,1967,6,18,18,"18","17","jo-siffert","cooper","maserati","firestone","1:31.000",91000,,,,,,,"+5.700",5700,"+0.300",300,
156,1967,6,19,19,"19","23","jo-bonnier","cooper","maserati","firestone","1:32.000",92000,,,,,,,"+6.700",6700,"+1.000",1000,
156,1967,6,20,20,"20","22","silvio-moser","cooper","ats","dunlop","1:32.900",92900,,,,,,,"+7.600",7600,"+0.900",900,
156,1967,6,21,21,"21","18","guy-ligier","brabham","repco","firestone","1:34.800",94800,,,,,,,"+9.500",9500,"+1.900",1900,
157,1967,7,1,1,"1","3","jim-clark","lotus","ford","firestone","8:04.100",484100,,,,,,,,,,,
157,1967,7,2,2,"2","2","denny-hulme","brabham","repco","goodyear","8:13.500",493500,,,,,,,"+9.400",9400,"+9.400",9400,
157,1967,7,3,3,"3","11","jackie-stewart","brm","brm","goodyear","8:15.200",495200,,,,,,,"+11.100",11100,"+1.700",1700,
157,1967,7,4,4,"4","9","dan-gurney","eagle","weslake","goodyear","8:16.900",496900,,,,,,,"+12.800",12800,"+1.700",1700,
157,1967,7,5,5,"5","10","bruce-mclaren","eagle","weslake","goodyear","8:17.700",497700,,,,,,,"+13.600",13600,"+0.800",800,
157,1967,7,6,6,"6","7","john-surtees","honda","honda","firestone","8:18.200",498200,,,,,,,"+14.100",14100,"+0.500",500,
157,1967,7,7,7,"7","1","jack-brabham","brabham","repco","goodyear","8:18.900",498900,,,,,,,"+14.800",14800,"+0.700",700,
157,1967,7,8,8,"8","8","chris-amon","ferrari","ferrari","firestone","8:20.400",500400,,,,,,,"+16.300",16300,"+1.500",1500,
157,1967,7,9,9,"9","5","jochen-rindt","cooper","maserati","firestone","8:20.900",500900,,,,,,,"+16.800",16800,"+0.500",500,
157,1967,7,10,10,"10","6","pedro-rodriguez","cooper","maserati","firestone","8:22.200",502200,,,,,,,"+18.100",18100,"+1.300",1300,
157,1967,7,11,11,"11","12","mike-spence","brm","brm","goodyear","8:26.500",506500,,,,,,,"+22.400",22400,"+4.300",4300,
157,1967,7,12,12,"12","14","jo-siffert","cooper","maserati","firestone","8:31.400",511400,,,,,,,"+27.300",27300,"+4.900",4900,
157,1967,7,13,13,"13","4","graham-hill","lotus","ford","firestone","8:31.700",511700,,,,,,,"+27.600",27600,"+0.300",300,
157,1967,7,14,14,"14","17","hubert-hahne","lola","bmw","dunlop","8:32.800",512800,,,,,,,"+28.700",28700,"+1.100",1100,
157,1967,7,15,15,"15","18","chris-irwin","brm","brm","firestone","8:41.600",521600,,,,,,,"+37.500",37500,"+8.800",8800,
157,1967,7,16,16,"16","16","jo-bonnier","cooper","maserati","firestone","8:47.800",527800,,,,,,,"+43.700",43700,"+6.200",6200,
157,1967,7,17,17,"17","15","guy-ligier","brabham","repco","firestone","9:14.400",554400,,,,,,,"+1:10.300",70300,"+26.600",26600,
157,1967,7,18,18,"18","29","jacky-ickx","matra","ford","dunlop","8:14.000",494000,,,,,,,"+9.900",9900,"-1:00.400",-59600,
157,1967,7,19,19,"19","24","jackie-oliver","lotus","ford","firestone","8:34.900",514900,,,,,,,"+30.800",30800,"+20.900",20900,
157,1967,7,20,20,"20","22","alan-rees","brabham","ford","dunlop","8:39.800",519800,,,,,,,"+35.700",35700,"+4.900",4900,
157,1967,7,21,21,"21","23","jo-schlesser","matra","ford","dunlop","8:40.600",520600,,,,,,,"+36.500",36500,"+0.800",800,
157,1967,7,22,22,"22","27","david-hobbs","lola","bmw","firestone","8:46.200",526200,,,,,,,"+42.100",42100,"+5.600",5600,
157,1967,7,23,23,"23","26","kurt-ahrens-jr","protos","ford","firestone","8:47.800",527800,,,,,,,"+43.700",43700,"+1.600",1600,
157,1967,7,24,24,"24","20","gerhard-mitter","brabham","ford","dunlop","8:52.600",532600,,,,,,,"+48.500",48500,"+4.800",4800,
157,1967,7,25,25,"25","25","brian-hart","protos","ford","firestone","8:59.700",539700,,,,,,,"+55.600",55600,"+7.100",7100,
157,1967,7,26,26,"26","28","brian-redman","lola","ford","firestone","9:59.700",599700,,,,,,,"+1:55.600",115600,"+1:00.000",60000,
158,1967,8,1,1,"1","3","jim-clark","lotus","ford","firestone","1:22.400",82400,,,,,,,,,,,
158,1967,8,2,2,"2","4","graham-hill","lotus","ford","firestone","1:22.700",82700,,,,,,,"+0.300",300,"+0.300",300,
158,1967,8,3,3,"3","2","denny-hulme","brabham","repco","goodyear","1:23.200",83200,,,,,,,"+0.800",800,"+0.500",500,
158,1967,8,4,4,"4","20","chris-amon","ferrari","ferrari","firestone","1:23.300",83300,,,,,,,"+0.900",900,"+0.100",100,
158,1967,8,5,5,"5","10","dan-gurney","eagle","weslake","goodyear","1:23.400",83400,,,,,,,"+1.000",1000,"+0.100",100,
158,1967,8,6,6,"6","19","bruce-mclaren","mclaren","brm","goodyear","1:23.500",83500,,,,,,,"+1.100",1100,"+0.100",100,
158,1967,8,7,7,"7","1","jack-brabham","brabham","repco","goodyear","1:24.700",84700,,,,,,,"+2.300",2300,"+1.200",1200,
158,1967,8,8,8,"8","71","jochen-rindt","cooper","maserati","firestone","1:24.900",84900,,,,,,,"+2.500",2500,"+0.200",200,
158,1967,8,9,9,"9","15","jackie-stewart","brm","brm","goodyear","1:25.400",85400,,,,,,,"+3.000",3000,"+0.500",500,
158,1967,8,10,10,"10","16","mike-spence","brm","brm","goodyear","1:25.800",85800,,,,,,,"+3.400",3400,"+0.400",400,
158,1967,8,11,11,"11","17","chris-irwin","brm","brm","firestone","1:26.000",86000,,,,,,,"+3.600",3600,"+0.200",200,
158,1967,8,12,12,"12","12","david-hobbs","brm","brm","goodyear","1:26.200",86200,,,,,,,"+3.800",3800,"+0.200",200,
158,1967,8,13,13,"13","14","jo-siffert","cooper","maserati","firestone","1:26.600",86600,,,,,,,"+4.200",4200,"+0.400",400,
158,1967,8,14,14,"14","8","richard-attwood","cooper","maserati","firestone","1:27.100",87100,,,,,,,"+4.700",4700,"+0.500",500,
158,1967,8,15,15,"15","9","jo-bonnier","cooper","maserati","firestone","1:27.300",87300,,,,,,,"+4.900",4900,"+0.200",200,
158,1967,8,16,16,"16","11","al-pease","eagle","climax","goodyear","1:30.100",90100,,,,,,,"+7.700",7700,"+2.800",2800,
158,1967,8,17,17,"17","5","eppie-wietzes","lotus","ford","firestone","1:30.800",90800,,,,,,,"+8.400",8400,"+0.700",700,
158,1967,8,18,18,"18","6","mike-fisher","lotus","brm","firestone","1:31.900",91900,,,,,,,"+9.500",9500,"+1.100",1100,
158,1967,8,19,19,"19","41","tom-jones","cooper","climax","firestone","1:51.900",111900,,,,,,,"+29.500",29500,"+20.000",20000,
159,1967,9,1,1,"1","20","jim-clark","lotus","ford","firestone","1:28.500",88500,,,,,,,,,,,
159,1967,9,2,2,"2","16","jack-brabham","brabham","repco","goodyear","1:28.800",88800,,,,,,,"+0.300",300,"+0.300",300,
159,1967,9,3,3,"3","4","bruce-mclaren","mclaren","brm","goodyear","1:29.310",89310,,,,,,,"+0.810",810,"+0.510",510,
159,1967,9,4,4,"4","2","chris-amon","ferrari","ferrari","firestone","1:29.350",89350,,,,,,,"+0.850",850,"+0.040",40,
159,1967,9,5,5,"5","8","dan-gurney","eagle","weslake","goodyear","1:29.380",89380,,,,,,,"+0.880",880,"+0.030",30,
159,1967,9,6,6,"6","18","denny-hulme","brabham","repco","goodyear","1:29.460",89460,,,,,,,"+0.960",960,"+0.080",80,
159,1967,9,7,7,"7","34","jackie-stewart","brm","brm","goodyear","1:29.600",89600,,,,,,,"+1.100",1100,"+0.140",140,
159,1967,9,8,8,"8","22","graham-hill","lotus","ford","firestone","1:29.700",89700,,,,,,,"+1.200",1200,"+0.100",100,
159,1967,9,9,9,"9","14","john-surtees","honda","honda","firestone","1:30.300",90300,,,,,,,"+1.800",1800,"+0.600",600,
159,1967,9,10,10,"10","10","ludovico-scarfiotti","eagle","weslake","goodyear","1:30.800",90800,,,,,,,"+2.300",2300,"+0.500",500,
159,1967,9,11,11,"11","30","jochen-rindt","cooper","maserati","firestone","1:31.300",91300,,,,,,,"+2.800",2800,"+0.500",500,
159,1967,9,12,12,"12","36","mike-spence","brm","brm","goodyear","1:32.100",92100,,,,,,,"+3.600",3600,"+0.800",800,
159,1967,9,13,13,"13","6","jo-siffert","cooper","maserati","firestone","1:32.300",92300,,,,,,,"+3.800",3800,"+0.200",200,
159,1967,9,14,14,"14","26","jo-bonnier","cooper","maserati","firestone","1:32.500",92500,,,,,,,"+4.000",4000,"+0.200",200,
159,1967,9,15,15,"15","32","jacky-ickx","cooper","maserati","firestone","1:33.000",93000,,,,,,,"+4.500",4500,"+0.500",500,
159,1967,9,16,16,"16","38","chris-irwin","brm","brm","firestone","1:33.200",93200,,,,,,,"+4.700",4700,"+0.200",200,
159,1967,9,17,17,"17","24","giancarlo-baghetti","lotus","ford","firestone","1:35.200",95200,,,,,,,"+6.700",6700,"+2.000",2000,
159,1967,9,18,18,"18","12","guy-ligier","brabham","repco","firestone","1:37.300",97300,,,,,,,"+8.800",8800,"+2.100",2100,
160,1967,10,1,1,"1","6","graham-hill","lotus","ford","firestone","1:05.480",65480,,,,,,,,,,,
160,1967,10,2,2,"2","5","jim-clark","lotus","ford","firestone","1:06.070",66070,,,,,,,"+0.590",590,"+0.590",590,
160,1967,10,3,3,"3","11","dan-gurney","eagle","weslake","goodyear","1:06.640",66640,,,,,,,"+1.160",1160,"+0.570",570,
160,1967,10,4,4,"4","9","chris-amon","ferrari","ferrari","firestone","1:06.650",66650,,,,,,,"+1.170",1170,"+0.010",10,
160,1967,10,5,5,"5","1","jack-brabham","brabham","repco","goodyear","1:06.730",66730,,,,,,,"+1.250",1250,"+0.080",80,
160,1967,10,6,6,"6","2","denny-hulme","brabham","repco","goodyear","1:07.450",67450,,,,,,,"+1.970",1970,"+0.720",720,
160,1967,10,7,7,"7","18","moises-solana","lotus","ford","firestone","1:07.880",67880,,,,,,,"+2.400",2400,"+0.430",430,
160,1967,10,8,8,"8","4","jochen-rindt","cooper","maserati","firestone","1:07.990",67990,,,,,,,"+2.510",2510,"+0.110",110,
160,1967,10,9,9,"9","14","bruce-mclaren","mclaren","brm","goodyear","1:08.050",68050,,,,,,,"+2.570",2570,"+0.060",60,
160,1967,10,10,10,"10","7","jackie-stewart","brm","brm","goodyear","1:08.090",68090,,,,,,,"+2.610",2610,"+0.040",40,
160,1967,10,11,11,"11","3","john-surtees","honda","honda","firestone","1:08.130",68130,,,,,,,"+2.650",2650,"+0.040",40,
160,1967,10,12,12,"12","15","jo-siffert","cooper","maserati","firestone","1:08.250",68250,,,,,,,"+2.770",2770,"+0.120",120,
160,1967,10,13,13,"13","8","mike-spence","brm","brm","goodyear","1:09.010",69010,,,,,,,"+3.530",3530,"+0.760",760,
160,1967,10,14,14,"14","17","chris-irwin","brm","brm","firestone","1:09.640",69640,,,,,,,"+4.160",4160,"+0.630",630,
160,1967,10,15,15,"15","16","jo-bonnier","cooper","maserati","firestone","1:09.780",69780,,,,,,,"+4.300",4300,"+0.140",140,
160,1967,10,16,16,"16","21","jacky-ickx","cooper","maserati","firestone","1:09.940",69940,,,,,,,"+4.460",4460,"+0.160",160,
160,1967,10,17,17,"17","19","guy-ligier","brabham","repco","firestone","1:11.320",71320,,,,,,,"+5.840",5840,"+1.380",1380,
160,1967,10,18,18,"18","22","jean-pierre-beltoise","matra","ford","goodyear","1:12.050",72050,,,,,,,"+6.570",6570,"+0.730",730,
161,1967,11,1,1,"1","5","jim-clark","lotus","ford","firestone","1:47.560",107560,,,,,,,,,,,
161,1967,11,2,2,"2","9","chris-amon","ferrari","ferrari","firestone","1:48.040",108040,,,,,,,"+0.480",480,"+0.480",480,
161,1967,11,3,3,"3","11","dan-gurney","eagle","weslake","goodyear","1:48.100",108100,,,,,,,"+0.540",540,"+0.060",60,
161,1967,11,4,4,"4","6","graham-hill","lotus","ford","firestone","1:48.740",108740,,,,,,,"+1.180",1180,"+0.640",640,
161,1967,11,5,5,"5","1","jack-brabham","brabham","repco","goodyear","1:49.080",109080,,,,,,,"+1.520",1520,"+0.340",340,
161,1967,11,6,6,"6","2","denny-hulme","brabham","repco","goodyear","1:49.460",109460,,,,,,,"+1.900",1900,"+0.380",380,
161,1967,11,7,7,"7","3","john-surtees","honda","honda","firestone","1:49.800",109800,,,,,,,"+2.240",2240,"+0.340",340,
161,1967,11,8,8,"8","14","bruce-mclaren","mclaren","brm","goodyear","1:50.060",110060,,,,,,,"+2.500",2500,"+0.260",260,
161,1967,11,9,9,"9","18","moises-solana","lotus","ford","firestone","1:50.520",110520,,,,,,,"+2.960",2960,"+0.460",460,
161,1967,11,10,10,"10","15","jo-siffert","cooper","maserati","firestone","1:51.890",111890,,,,,,,"+4.330",4330,"+1.370",1370,
161,1967,11,11,11,"11","8","mike-spence","brm","brm","goodyear","1:52.250",112250,,,,,,,"+4.690",4690,"+0.360",360,
161,1967,11,12,12,"12","7","jackie-stewart","brm","brm","goodyear","1:52.340",112340,,,,,,,"+4.780",4780,"+0.090",90,
161,1967,11,13,13,"13","21","pedro-rodriguez","cooper","maserati","firestone","1:52.850",112850,,,,,,,"+5.290",5290,"+0.510",510,
161,1967,11,14,14,"14","22","jean-pierre-beltoise","matra","ford","goodyear","1:53.080",113080,,,,,,,"+5.520",5520,"+0.230",230,
161,1967,11,15,15,"15","17","chris-irwin","brm","brm","firestone","1:54.380",114380,,,,,,,"+6.820",6820,"+1.300",1300,
161,1967,11,16,16,"16","12","jonathan-williams","ferrari","ferrari","firestone","1:54.800",114800,,,,,,,"+7.240",7240,"+0.420",420,
161,1967,11,17,17,"17","16","jo-bonnier","cooper","maserati","firestone","1:55.570",115570,,,,,,,"+8.010",8010,"+0.770",770,
161,1967,11,18,18,"18","10","mike-fisher","lotus","brm","firestone","1:57.410",117410,,,,,,,"+9.850",9850,"+1.840",1840,
161,1967,11,19,19,"19","19","guy-ligier","brabham","repco","firestone","1:58.450",118450,,,,,,,"+10.890",10890,"+1.040",1040,
162,1968,1,1,1,"1","4","jim-clark","lotus","ford","firestone","1:21.600",81600,,,,,,,,,,,
162,1968,1,2,2,"2","5","graham-hill","lotus","ford","firestone","1:22.600",82600,,,,,,,"+1.000",1000,"+1.000",1000,
162,1968,1,3,3,"3","16","jackie-stewart","matra","ford","dunlop","1:22.700",82700,,,,,,,"+1.100",1100,"+0.100",100,
162,1968,1,4,4,"4","3","jochen-rindt","brabham","repco","goodyear","1:23.000",83000,,,,,,,"+1.400",1400,"+0.300",300,
162,1968,1,5,5,"5","2","jack-brabham","brabham","repco","goodyear","1:23.200",83200,,,,,,,"+1.600",1600,"+0.200",200,
162,1968,1,6,6,"6","7","john-surtees","honda","honda","firestone","1:23.500",83500,,,,,,,"+1.900",1900,"+0.300",300,
162,1968,1,7,7,"7","10","andrea-de-adamich","ferrari","ferrari","firestone","1:23.600",83600,,,,,,,"+2.000",2000,"+0.100",100,
162,1968,1,8,8,"8","8","chris-amon","ferrari","ferrari","firestone","1:23.800",83800,,,,,,,"+2.200",2200,"+0.200",200,
162,1968,1,9,9,"9","1","denny-hulme","mclaren","brm","goodyear","1:24.000",84000,,,,,,,"+2.400",2400,"+0.200",200,
162,1968,1,10,10,"10","11","pedro-rodriguez","brm","brm","goodyear","1:24.900",84900,,,,,,,"+3.300",3300,"+0.900",900,
162,1968,1,11,11,"11","9","jacky-ickx","ferrari","ferrari","firestone","1:24.900",84900,,,,,,,"+3.300",3300,"+0.000",0,
162,1968,1,12,12,"12","6","dan-gurney","eagle","weslake","goodyear","1:25.600",85600,,,,,,,"+4.000",4000,"+0.700",700,
162,1968,1,13,13,"13","12","mike-spence","brm","brm","goodyear","1:25.900",85900,,,,,,,"+4.300",4300,"+0.300",300,
162,1968,1,14,14,"14","22","dave-charlton","brabham","repco","firestone","1:26.200",86200,,,,,,,"+4.600",4600,"+0.300",300,
162,1968,1,15,15,"15","15","ludovico-scarfiotti","cooper","maserati","firestone","1:26.300",86300,,,,,,,"+4.700",4700,"+0.100",100,
162,1968,1,16,16,"16","19","jo-siffert","cooper","maserati","firestone","1:26.400",86400,,,,,,,"+4.800",4800,"+0.100",100,
162,1968,1,17,17,"17","17","john-love","brabham","repco","firestone","1:27.000",87000,,,,,,,"+5.400",5400,"+0.600",600,
162,1968,1,18,18,"18","21","jean-pierre-beltoise","matra","ford","dunlop","1:27.200",87200,,,,,,,"+5.600",5600,"+0.200",200,
162,1968,1,19,19,"19","20","jo-bonnier","cooper","maserati","firestone","1:27.300",87300,,,,,,,"+5.700",5700,"+0.100",100,
162,1968,1,20,20,"20","25","basil-van-rooyen","cooper","climax","firestone","1:27.800",87800,,,,,,,"+6.200",6200,"+0.500",500,
162,1968,1,21,21,"21","14","brian-redman","cooper","maserati","firestone","1:28.000",88000,,,,,,,"+6.400",6400,"+0.200",200,
162,1968,1,22,22,"22","18","sam-tingle","lds","repco","firestone","1:28.600",88600,,,,,,,"+7.000",7000,"+0.600",600,
162,1968,1,23,23,"23","23","jackie-pretorius","brabham","climax","firestone","1:29.000",89000,,,,,,,"+7.400",7400,"+0.400",400,
163,1968,2,1,1,"1","19","chris-amon","ferrari","ferrari","firestone","1:27.900",87900,,,,,,,,,,,
163,1968,2,2,2,"2","9","pedro-rodriguez","brm","brm","goodyear","1:28.100",88100,,,,,,,"+0.200",200,"+0.200",200,
163,1968,2,3,3,"3","1","denny-hulme","mclaren","ford","goodyear","1:28.300",88300,,,,,,,"+0.400",400,"+0.200",200,
163,1968,2,4,4,"4","2","bruce-mclaren","mclaren","ford","goodyear","1:28.300",88300,,,,,,,"+0.400",400,"+0.000",0,
163,1968,2,5,5,"5","6","jean-pierre-beltoise","matra","ford","dunlop","1:28.300",88300,,,,,,,"+0.400",400,"+0.000",0,
163,1968,2,6,6,"6","10","graham-hill","lotus","ford","firestone","1:28.400",88400,,,,,,,"+0.500",500,"+0.100",100,
163,1968,2,7,7,"7","7","john-surtees","honda","honda","firestone","1:28.800",88800,,,,,,,"+0.900",900,"+0.400",400,
163,1968,2,8,8,"8","21","jacky-ickx","ferrari","ferrari","firestone","1:29.600",89600,,,,,,,"+1.700",1700,"+0.800",800,
163,1968,2,9,9,"9","4","jochen-rindt","brabham","repco","goodyear","1:29.700",89700,,,,,,,"+1.800",1800,"+0.100",100,
163,1968,2,10,10,"10","16","jo-siffert","lotus","ford","firestone","1:29.700",89700,,,,,,,"+1.800",1800,"+0.000",0,
163,1968,2,11,11,"11","5","piers-courage","brm","brm","goodyear","1:29.900",89900,,,,,,,"+2.000",2000,"+0.200",200,
163,1968,2,12,12,"12","15","ludovico-scarfiotti","cooper","brm","firestone","1:30.800",90800,,,,,,,"+2.900",2900,"+0.900",900,
163,1968,2,13,13,"13","14","brian-redman","cooper","brm","firestone","1:31.000",91000,,,,,,,"+3.100",3100,"+0.200",200,
163,1968,2,14,14,"14","3","jack-brabham","brabham","repco","goodyear","1:44.200",104200,,,,,,,"+16.300",16300,"+13.200",13200,
164,1968,3,1,1,"1","9","graham-hill","lotus","ford","firestone","1:28.200",88200,,,,,,,,,,,
164,1968,3,2,2,"2","11","johnny-servoz-gavin","matra","ford","dunlop","1:28.800",88800,,,,,,,"+0.600",600,"+0.600",600,
164,1968,3,3,3,"3","17","jo-siffert","lotus","ford","firestone","1:28.800",88800,,,,,,,"+0.600",600,"+0.000",0,
164,1968,3,4,4,"4","8","john-surtees","honda","honda","firestone","1:29.100",89100,,,,,,,"+0.900",900,"+0.300",300,
164,1968,3,5,5,"5","3","jochen-rindt","brabham","repco","goodyear","1:29.200",89200,,,,,,,"+1.000",1000,"+0.100",100,
164,1968,3,6,6,"6","15","richard-attwood","brm","brm","goodyear","1:29.600",89600,,,,,,,"+1.400",1400,"+0.400",400,
164,1968,3,7,7,"7","14","bruce-mclaren","mclaren","ford","goodyear","1:29.600",89600,,,,,,,"+1.400",1400,"+0.000",0,
164,1968,3,8,8,"8","1","jean-pierre-beltoise","matra","matra","dunlop","1:29.700",89700,,,,,,,"+1.500",1500,"+0.100",100,
164,1968,3,9,9,"9","4","pedro-rodriguez","brm","brm","goodyear","1:30.400",90400,,,,,,,"+2.200",2200,"+0.700",700,
164,1968,3,10,10,"10","12","denny-hulme","mclaren","ford","goodyear","1:30.400",90400,,,,,,,"+2.200",2200,"+0.000",0,
164,1968,3,11,11,"11","16","piers-courage","brm","brm","goodyear","1:30.600",90600,,,,,,,"+2.400",2400,"+0.200",200,
164,1968,3,12,12,"12","2","jack-brabham","brabham","repco","goodyear","1:31.200",91200,,,,,,,"+3.000",3000,"+0.600",600,
164,1968,3,13,13,"13","10","jackie-oliver","lotus","ford","firestone","1:31.700",91700,,,,,,,"+3.500",3500,"+0.500",500,
164,1968,3,14,14,"14","7","lucien-bianchi","cooper","brm","firestone","1:31.900",91900,,,,,,,"+3.700",3700,"+0.200",200,
164,1968,3,15,15,"15","6","ludovico-scarfiotti","cooper","brm","firestone","1:32.900",92900,,,,,,,"+4.700",4700,"+1.000",1000,
164,1968,3,16,16,"16","19","dan-gurney","eagle","weslake","goodyear","1:32.900",92900,,,,,,,"+4.700",4700,"+0.000",0,
164,1968,3,17,17,"17","18","jo-bonnier","mclaren","brm","goodyear","1:32.100",92100,,,,,,,"+3.900",3900,"-0.800",800,
164,1968,3,18,18,"18","21","silvio-moser","brabham","repco","goodyear","1:32.400",92400,,,,,,,"+4.200",4200,"+0.300",300,
165,1968,4,1,1,"1","22","chris-amon","ferrari","ferrari","firestone","3:28.600",208600,,,,,,,,,,,
165,1968,4,2,2,"2","7","jackie-stewart","matra","ford","dunlop","3:32.300",212300,,,,,,,"+3.700",3700,"+3.700",3700,
165,1968,4,3,3,"3","23","jacky-ickx","ferrari","ferrari","firestone","3:34.300",214300,,,,,,,"+5.700",5700,"+2.000",2000,
165,1968,4,4,4,"4","20","john-surtees","honda","honda","firestone","3:35.000",215000,,,,,,,"+6.400",6400,"+0.700",700,
165,1968,4,5,5,"5","6","denny-hulme","mclaren","ford","goodyear","3:35.400",215400,,,,,,,"+6.800",6800,"+0.400",400,
165,1968,4,6,6,"6","5","bruce-mclaren","mclaren","ford","goodyear","3:37.100",217100,,,,,,,"+8.500",8500,"+1.700",1700,
165,1968,4,7,7,"7","14","piers-courage","brm","brm","goodyear","3:37.200",217200,,,,,,,"+8.600",8600,"+0.100",100,
165,1968,4,8,8,"8","11","pedro-rodriguez","brm","brm","goodyear","3:37.800",217800,,,,,,,"+9.200",9200,"+0.600",600,
165,1968,4,9,9,"9","3","jo-siffert","lotus","ford","firestone","3:39.000",219000,,,,,,,"+10.400",10400,"+1.200",1200,
165,1968,4,10,10,"10","16","brian-redman","cooper","brm","firestone","3:41.400",221400,,,,,,,"+12.800",12800,"+2.400",2400,
165,1968,4,11,11,"11","12","richard-attwood","brm","brm","goodyear","3:45.200",225200,,,,,,,"+16.600",16600,"+3.800",3800,
165,1968,4,12,12,"12","15","lucien-bianchi","cooper","brm","firestone","3:45.900",225900,,,,,,,"+17.300",17300,"+0.700",700,
165,1968,4,13,13,"13","10","jean-pierre-beltoise","matra","matra","dunlop","3:52.900",232900,,,,,,,"+24.300",24300,"+7.000",7000,
165,1968,4,14,14,"14","1","graham-hill","lotus","ford","firestone","4:06.100",246100,,,,,,,"+37.500",37500,"+13.200",13200,
165,1968,4,15,15,"15","2","jackie-oliver","lotus","ford","firestone","4:30.800",270800,,,,,,,"+1:02.200",62200,"+24.700",24700,
165,1968,4,16,16,"16","17","jo-bonnier","mclaren","brm","goodyear","4:34.300",274300,,,,,,,"+1:05.700",65700,"+3.500",3500,
165,1968,4,17,17,"17","19","jochen-rindt","brabham","repco","goodyear","4:46.700",286700,,,,,,,"+1:18.100",78100,"+12.400",12400,
165,1968,4,18,18,"18","18","jack-brabham","brabham","repco","goodyear",,,,,,,,,,,,,
166,1968,5,1,1,"1","9","chris-amon","ferrari","ferrari","firestone","1:23.540",83540,,,,,,,,,,,
166,1968,5,2,2,"2","6","jochen-rindt","brabham","repco","goodyear","1:23.700",83700,,,,,,,"+0.160",160,"+0.160",160,
166,1968,5,3,3,"3","3","graham-hill","lotus","ford","firestone","1:23.840",83840,,,,,,,"+0.300",300,"+0.140",140,
166,1968,5,4,4,"4","5","jack-brabham","brabham","repco","goodyear","1:23.900",83900,,,,,,,"+0.360",360,"+0.060",60,
166,1968,5,5,5,"5","8","jackie-stewart","matra","ford","dunlop","1:24.410",84410,,,,,,,"+0.870",870,"+0.510",510,
166,1968,5,6,6,"6","10","jacky-ickx","ferrari","ferrari","firestone","1:24.420",84420,,,,,,,"+0.880",880,"+0.010",10,
166,1968,5,7,7,"7","1","denny-hulme","mclaren","ford","goodyear","1:24.450",84450,,,,,,,"+0.910",910,"+0.030",30,
166,1968,5,8,8,"8","2","bruce-mclaren","mclaren","ford","goodyear","1:24.580",84580,,,,,,,"+1.040",1040,"+0.130",130,
166,1968,5,9,9,"9","7","john-surtees","honda","honda","firestone","1:25.220",85220,,,,,,,"+1.680",1680,"+0.640",640,
166,1968,5,10,10,"10","4","jackie-oliver","lotus","ford","firestone","1:25.480",85480,,,,,,,"+1.940",1940,"+0.260",260,
166,1968,5,11,11,"11","15","pedro-rodriguez","brm","brm","goodyear","1:25.510",85510,,,,,,,"+1.970",1970,"+0.030",30,
166,1968,5,12,12,"12","18","dan-gurney","brabham","repco","goodyear","1:25.790",85790,,,,,,,"+2.250",2250,"+0.280",280,
166,1968,5,13,13,"13","21","jo-siffert","lotus","ford","firestone","1:25.860",85860,,,,,,,"+2.320",2320,"+0.070",70,
166,1968,5,14,14,"14","20","piers-courage","brm","brm","goodyear","1:26.070",86070,,,,,,,"+2.530",2530,"+0.210",210,
166,1968,5,15,15,"15","16","richard-attwood","brm","brm","goodyear","1:26.720",86720,,,,,,,"+3.180",3180,"+0.650",650,
166,1968,5,16,16,"16","17","jean-pierre-beltoise","matra","matra","dunlop","1:26.760",86760,,,,,,,"+3.220",3220,"+0.040",40,
166,1968,5,17,17,"17","22","silvio-moser","brabham","repco","goodyear","1:28.290",88290,,,,,,,"+4.750",4750,"+1.530",1530,
166,1968,5,18,18,"18","14","lucien-bianchi","cooper","brm","firestone","1:28.310",88310,,,,,,,"+4.770",4770,"+0.020",20,
166,1968,5,19,19,"19","19","jo-bonnier","mclaren","brm","goodyear","1:28.430",88430,,,,,,,"+4.890",4890,"+0.120",120,
167,1968,6,1,1,"1","2","jochen-rindt","brabham","repco","goodyear","1:56.100",116100,,,,,,,,,,,
167,1968,6,2,2,"2","28","jackie-stewart","matra","ford","dunlop","1:57.300",117300,,,,,,,"+1.200",1200,"+1.200",1200,
167,1968,6,3,3,"3","26","jacky-ickx","ferrari","ferrari","firestone","1:57.700",117700,,,,,,,"+1.600",1600,"+0.400",400,
167,1968,6,4,4,"4","8","denny-hulme","mclaren","ford","goodyear","1:57.700",117700,,,,,,,"+1.600",1600,"+0.000",0,
167,1968,6,5,5,"5","24","chris-amon","ferrari","ferrari","firestone","1:57.800",117800,,,,,,,"+1.700",1700,"+0.100",100,
167,1968,6,6,6,"6","10","bruce-mclaren","mclaren","ford","goodyear","1:58.000",118000,,,,,,,"+1.900",1900,"+0.200",200,
167,1968,6,7,7,"7","16","john-surtees","honda","honda","firestone","1:58.200",118200,,,,,,,"+2.100",2100,"+0.200",200,
167,1968,6,8,8,"8","6","jean-pierre-beltoise","matra","matra","dunlop","1:58.900",118900,,,,,,,"+2.800",2800,"+0.700",700,
167,1968,6,9,9,"9","12","graham-hill","lotus","ford","firestone","1:59.100",119100,,,,,,,"+3.000",3000,"+0.200",200,
167,1968,6,10,10,"10","20","pedro-rodriguez","brm","brm","goodyear","1:59.300",119300,,,,,,,"+3.200",3200,"+0.200",200,
167,1968,6,11,11,"11","14","jackie-oliver","lotus","ford","firestone","2:00.200",120200,,,,,,,"+4.100",4100,"+0.900",900,
167,1968,6,12,12,"12","34","jo-siffert","lotus","ford","firestone","2:00.300",120300,,,,,,,"+4.200",4200,"+0.100",100,
167,1968,6,13,13,"13","22","richard-attwood","brm","brm","goodyear","2:00.800",120800,,,,,,,"+4.700",4700,"+0.500",500,
167,1968,6,14,14,"14","4","jack-brabham","brabham","repco","goodyear","2:00.800",120800,,,,,,,"+4.700",4700,"+0.000",0,
167,1968,6,15,15,"15","36","piers-courage","brm","brm","goodyear","2:01.100",121100,,,,,,,"+5.000",5000,"+0.300",300,
167,1968,6,16,16,"16","32","johnny-servoz-gavin","cooper","brm","firestone","2:01.200",121200,,,,,,,"+5.100",5100,"+0.100",100,
167,1968,6,17,17,"17","18","jo-schlesser","honda","honda","firestone","2:04.500",124500,,,,,,,"+8.400",8400,"+3.300",3300,
167,1968,6,18,18,"18","30","vic-elford","cooper","brm","firestone","2:05.500",125500,,,,,,,"+9.400",9400,"+1.000",1000,
168,1968,7,1,1,"1","8","graham-hill","lotus","ford","firestone","1:28.900",88900,,,,,,,,,,,
168,1968,7,2,2,"2","9","jackie-oliver","lotus","ford","firestone","1:29.400",89400,,,,,,,"+0.500",500,"+0.500",500,
168,1968,7,3,3,"3","5","chris-amon","ferrari","ferrari","firestone","1:29.500",89500,,,,,,,"+0.600",600,"+0.100",100,
168,1968,7,4,4,"4","22","jo-siffert","lotus","ford","firestone","1:29.700",89700,,,,,,,"+0.800",800,"+0.200",200,
168,1968,7,5,5,"5","4","jochen-rindt","brabham","repco","goodyear","1:29.900",89900,,,,,,,"+1.000",1000,"+0.200",200,
168,1968,7,6,6,"6","24","dan-gurney","eagle","weslake","goodyear","1:30.000",90000,,,,,,,"+1.100",1100,"+0.100",100,
168,1968,7,7,7,"7","14","jackie-stewart","matra","ford","dunlop","1:30.000",90000,,,,,,,"+1.100",1100,"+0.000",0,
168,1968,7,8,8,"8","3","jack-brabham","brabham","repco","goodyear","1:30.200",90200,,,,,,,"+1.300",1300,"+0.200",200,
168,1968,7,9,9,"9","7","john-surtees","honda","honda","firestone","1:30.300",90300,,,,,,,"+1.400",1400,"+0.100",100,
168,1968,7,10,10,"10","2","bruce-mclaren","mclaren","ford","goodyear","1:30.400",90400,,,,,,,"+1.500",1500,"+0.100",100,
168,1968,7,11,11,"11","1","denny-hulme","mclaren","ford","goodyear","1:30.400",90400,,,,,,,"+1.500",1500,"+0.000",0,
168,1968,7,12,12,"12","6","jacky-ickx","ferrari","ferrari","firestone","1:31.000",91000,,,,,,,"+2.100",2100,"+0.600",600,
168,1968,7,13,13,"13","10","pedro-rodriguez","brm","brm","goodyear","1:31.600",91600,,,,,,,"+2.700",2700,"+0.600",600,
168,1968,7,14,14,"14","18","jean-pierre-beltoise","matra","matra","dunlop","1:31.600",91600,,,,,,,"+2.700",2700,"+0.000",0,
168,1968,7,15,15,"15","11","richard-attwood","brm","brm","goodyear","1:31.700",91700,,,,,,,"+2.800",2800,"+0.100",100,
168,1968,7,16,16,"16","20","piers-courage","brm","brm","goodyear","1:32.300",92300,,,,,,,"+3.400",3400,"+0.600",600,
168,1968,7,17,17,"17","15","vic-elford","cooper","brm","firestone","1:33.000",93000,,,,,,,"+4.100",4100,"+0.700",700,
168,1968,7,18,18,"18","16","robin-widdows","cooper","brm","firestone","1:34.000",94000,,,,,,,"+5.100",5100,"+1.000",1000,
168,1968,7,19,19,"19","19","silvio-moser","brabham","repco","goodyear","1:35.400",95400,,,,,,,"+6.500",6500,"+1.400",1400,
168,1968,7,20,20,"20","23","jo-bonnier","mclaren","brm","goodyear","1:36.800",96800,,,,,,,"+7.900",7900,"+1.400",1400,
169,1968,8,1,1,"1","9","jacky-ickx","ferrari","ferrari","firestone","9:04.000",544000,,,,,,,,,,,
169,1968,8,2,2,"2","8","chris-amon","ferrari","ferrari","firestone","9:14.900",554900,,,,,,,"+10.900",10900,"+10.900",10900,
169,1968,8,3,3,"3","5","jochen-rindt","brabham","repco","goodyear","9:31.900",571900,,,,,,,"+27.900",27900,"+17.000",17000,
169,1968,8,4,4,"4","3","graham-hill","lotus","ford","firestone","9:46.000",586000,,,,,,,"+42.000",42000,"+14.100",14100,
169,1968,8,5,5,"5","20","vic-elford","cooper","brm","firestone","9:53.000",593000,,,,,,,"+49.000",49000,"+7.000",7000,
169,1968,8,6,6,"6","6","jackie-stewart","matra","ford","dunlop","9:54.200",594200,,,,,,,"+50.200",50200,"+1.200",1200,
169,1968,8,7,7,"7","7","john-surtees","honda","honda","firestone","9:57.800",597800,,,,,,,"+53.800",53800,"+3.600",3600,
169,1968,8,8,8,"8","22","piers-courage","brm","brm","goodyear","10:00.100",600100,,,,,,,"+56.100",56100,"+2.300",2300,
169,1968,8,9,9,"9","16","jo-siffert","lotus","ford","firestone","10:03.400",603400,,,,,,,"+59.400",59400,"+3.300",3300,
169,1968,8,10,10,"10","14","dan-gurney","eagle","weslake","goodyear","10:13.900",613900,,,,,,,"+1:09.900",69900,"+10.500",10500,
169,1968,8,11,11,"11","1","denny-hulme","mclaren","ford","goodyear","10:16.000",616000,,,,,,,"+1:12.000",72000,"+2.100",2100,
169,1968,8,12,12,"12","12","jean-pierre-beltoise","matra","matra","dunlop","10:17.300",617300,,,,,,,"+1:13.300",73300,"+1.300",1300,
169,1968,8,13,13,"13","21","jackie-oliver","lotus","ford","firestone","10:18.700",618700,,,,,,,"+1:14.700",74700,"+1.400",1400,
169,1968,8,14,14,"14","10","pedro-rodriguez","brm","brm","goodyear","10:19.700",619700,,,,,,,"+1:15.700",75700,"+1.000",1000,
169,1968,8,15,15,"15","4","jack-brabham","brabham","repco","goodyear","10:23.100",623100,,,,,,,"+1:19.100",79100,"+3.400",3400,
169,1968,8,16,16,"16","2","bruce-mclaren","mclaren","ford","goodyear","10:33.000",633000,,,,,,,"+1:29.000",89000,"+9.900",9900,
169,1968,8,17,17,"17","17","kurt-ahrens-jr","brabham","repco","dunlop","10:37.300",637300,,,,,,,"+1:33.300",93300,"+4.300",4300,
169,1968,8,18,18,"18","18","hubert-hahne","lola","bmw","dunlop","10:42.900",642900,,,,,,,"+1:38.900",98900,"+5.600",5600,
169,1968,8,19,19,"19","19","lucien-bianchi","cooper","brm","firestone","10:46.600",646600,,,,,,,"+1:42.600",102600,"+3.700",3700,
169,1968,8,20,20,"20","11","richard-attwood","brm","brm","goodyear","10:48.200",648200,,,,,,,"+1:44.200",104200,"+1.600",1600,
169,1968,8,21,21,"21","23","silvio-moser","brabham","repco","goodyear",,,,,,,,,,,,,
170,1968,9,1,1,"1","14","john-surtees","honda","honda","firestone","1:26.070",86070,,,,,,,,,,,
170,1968,9,2,2,"2","2","bruce-mclaren","mclaren","ford","goodyear","1:26.110",86110,,,,,,,"+0.040",40,"+0.040",40,
170,1968,9,3,3,"3","9","chris-amon","ferrari","ferrari","firestone","1:26.210",86210,,,,,,,"+0.140",140,"+0.100",100,
170,1968,9,4,4,"4","8","jacky-ickx","ferrari","ferrari","firestone","1:26.410",86410,,,,,,,"+0.340",340,"+0.200",200,
170,1968,9,5,5,"5","16","graham-hill","lotus","ford","firestone","1:26.570",86570,,,,,,,"+0.500",500,"+0.160",160,
170,1968,9,6,6,"6","4","jackie-stewart","matra","ford","dunlop","1:26.600",86600,,,,,,,"+0.530",530,"+0.030",30,
170,1968,9,7,7,"7","1","denny-hulme","mclaren","ford","goodyear","1:26.610",86610,,,,,,,"+0.540",540,"+0.010",10,
170,1968,9,8,8,"8","7","derek-bell","ferrari","ferrari","firestone","1:26.900",86900,,,,,,,"+0.830",830,"+0.290",290,
170,1968,9,9,9,"9","20","jo-siffert","lotus","ford","firestone","1:26.960",86960,,,,,,,"+0.890",890,"+0.060",60,
170,1968,9,10,10,"10","18","mario-andretti","lotus","ford","firestone","1:27.200",87200,,,,,,,"+1.130",1130,"+0.240",240,
170,1968,9,11,11,"11","11","jochen-rindt","brabham","repco","goodyear","1:27.300",87300,,,,,,,"+1.230",1230,"+0.100",100,
170,1968,9,12,12,"12","19","jackie-oliver","lotus","ford","firestone","1:27.400",87400,,,,,,,"+1.330",1330,"+0.100",100,
170,1968,9,13,13,"13","21","dan-gurney","eagle","weslake","goodyear","1:27.610",87610,,,,,,,"+1.540",1540,"+0.210",210,
170,1968,9,14,14,"14","5","johnny-servoz-gavin","matra","ford","dunlop","1:27.630",87630,,,,,,,"+1.560",1560,"+0.020",20,
170,1968,9,15,15,"15","15","david-hobbs","honda","honda","firestone","1:27.700",87700,,,,,,,"+1.630",1630,"+0.070",70,
170,1968,9,16,16,"16","26","pedro-rodriguez","brm","brm","goodyear","1:28.200",88200,,,,,,,"+2.130",2130,"+0.500",500,
170,1968,9,17,17,"17","10","jack-brabham","brabham","repco","goodyear","1:28.800",88800,,,,,,,"+2.730",2730,"+0.600",600,
170,1968,9,18,18,"18","27","piers-courage","brm","brm","goodyear","1:29.100",89100,,,,,,,"+3.030",3030,"+0.300",300,
170,1968,9,19,19,"19","6","jean-pierre-beltoise","matra","matra","dunlop","1:29.300",89300,,,,,,,"+3.230",3230,"+0.200",200,
170,1968,9,20,20,"20","3","jo-bonnier","mclaren","brm","goodyear","1:30.550",90550,,,,,,,"+4.480",4480,"+1.250",1250,
170,1968,9,21,21,"21","25","bobby-unser","brm","brm","goodyear","1:30.560",90560,,,,,,,"+4.490",4490,"+0.010",10,
170,1968,9,22,22,"22","23","vic-elford","cooper","brm","firestone","1:31.300",91300,,,,,,,"+5.230",5230,"+0.740",740,
170,1968,9,23,23,"23","28","frank-gardner","brm","brm","goodyear","1:31.400",91400,,,,,,,"+5.330",5330,"+0.100",100,
170,1968,9,24,24,"24","12","silvio-moser","brabham","repco","goodyear","1:33.700",93700,,,,,,,"+7.630",7630,"+2.300",2300,
171,1968,10,1,1,"1","6","jochen-rindt","brabham","repco","goodyear","1:33.800",93800,,,,,,,,,,,
171,1968,10,2,2,"2","9","chris-amon","ferrari","ferrari","firestone","1:33.800",93800,,,,,,,"+0.000",0,"+0.000",0,
171,1968,10,3,3,"3","12","jo-siffert","lotus","ford","firestone","1:34.500",94500,,,,,,,"+0.700",700,"+0.700",700,
171,1968,10,4,4,"4","11","dan-gurney","mclaren","ford","goodyear","1:34.500",94500,,,,,,,"+0.700",700,"+0.000",0,
171,1968,10,5,5,"5","3","graham-hill","lotus","ford","firestone","1:34.800",94800,,,,,,,"+1.000",1000,"+0.300",300,
171,1968,10,6,6,"6","1","denny-hulme","mclaren","ford","goodyear","1:34.900",94900,,,,,,,"+1.100",1100,"+0.100",100,
171,1968,10,7,7,"7","8","john-surtees","honda","honda","firestone","1:34.900",94900,,,,,,,"+1.100",1100,"+0.000",0,
171,1968,10,8,8,"8","2","bruce-mclaren","mclaren","ford","goodyear","1:35.000",95000,,,,,,,"+1.200",1200,"+0.100",100,
171,1968,10,9,9,"9","4","jackie-oliver","lotus","ford","firestone","1:35.200",95200,,,,,,,"+1.400",1400,"+0.200",200,
171,1968,10,10,10,"10","5","jack-brabham","brabham","repco","goodyear","1:35.400",95400,,,,,,,"+1.600",1600,"+0.200",200,
171,1968,10,11,11,"11","14","jackie-stewart","matra","ford","dunlop","1:35.400",95400,,,,,,,"+1.600",1600,"+0.000",0,
171,1968,10,12,12,"12","16","pedro-rodriguez","brm","brm","goodyear","1:35.700",95700,,,,,,,"+1.900",1900,"+0.300",300,
171,1968,10,13,13,"13","15","johnny-servoz-gavin","matra","ford","dunlop","1:36.600",96600,,,,,,,"+2.800",2800,"+0.900",900,
171,1968,10,14,14,"14","10","jacky-ickx","ferrari","ferrari","firestone","1:36.600",96600,,,,,,,"+2.800",2800,"+0.000",0,
171,1968,10,15,15,"15","24","piers-courage","brm","brm","goodyear","1:37.300",97300,,,,,,,"+3.500",3500,"+0.700",700,
171,1968,10,16,16,"16","18","jean-pierre-beltoise","matra","matra","dunlop","1:38.700",98700,,,,,,,"+4.900",4900,"+1.400",1400,
171,1968,10,17,17,"17","21","vic-elford","cooper","brm","firestone","1:39.400",99400,,,,,,,"+5.600",5600,"+0.700",700,
171,1968,10,18,18,"18","22","jo-bonnier","mclaren","brm","goodyear","1:39.600",99600,,,,,,,"+5.800",5800,"+0.200",200,
171,1968,10,19,19,"19","20","lucien-bianchi","cooper","brm","firestone","1:40.500",100500,,,,,,,"+6.700",6700,"+0.900",900,
171,1968,10,20,20,"20","19","henri-pescarolo","matra","matra","dunlop","1:41.200",101200,,,,,,,"+7.400",7400,"+0.700",700,
171,1968,10,21,21,"21","27","bill-brack","lotus","ford","firestone","1:41.200",101200,,,,,,,"+7.400",7400,"+0.000",0,
171,1968,10,22,22,"22","25","al-pease","eagle","climax","goodyear","1:49.600",109600,,,,,,,"+15.800",15800,"+8.400",8400,
172,1968,11,1,1,"1","12","mario-andretti","lotus","ford","firestone","1:04.200",64200,,,,,,,,,,,
172,1968,11,2,2,"2","15","jackie-stewart","matra","ford","dunlop","1:04.270",64270,,,,,,,"+0.070",70,"+0.070",70,
172,1968,11,3,3,"3","10","graham-hill","lotus","ford","firestone","1:04.280",64280,,,,,,,"+0.080",80,"+0.010",10,
172,1968,11,4,4,"4","6","chris-amon","ferrari","ferrari","firestone","1:04.370",64370,,,,,,,"+0.170",170,"+0.090",90,
172,1968,11,5,5,"5","1","denny-hulme","mclaren","ford","goodyear","1:04.570",64570,,,,,,,"+0.370",370,"+0.200",200,
172,1968,11,6,6,"6","4","jochen-rindt","brabham","repco","goodyear","1:04.810",64810,,,,,,,"+0.610",610,"+0.240",240,
172,1968,11,7,7,"7","14","dan-gurney","mclaren","ford","goodyear","1:05.220",65220,,,,,,,"+1.020",1020,"+0.410",410,
172,1968,11,8,8,"8","3","jack-brabham","brabham","repco","goodyear","1:05.250",65250,,,,,,,"+1.050",1050,"+0.030",30,
172,1968,11,9,9,"9","5","john-surtees","honda","honda","firestone","1:05.320",65320,,,,,,,"+1.120",1120,"+0.070",70,
172,1968,11,10,10,"10","2","bruce-mclaren","mclaren","ford","goodyear","1:05.690",65690,,,,,,,"+1.490",1490,"+0.370",370,
172,1968,11,11,11,"11","8","pedro-rodriguez","brm","brm","goodyear","1:06.100",66100,,,,,,,"+1.900",1900,"+0.410",410,
172,1968,11,12,12,"12","16","jo-siffert","lotus","ford","firestone","1:06.170",66170,,,,,,,"+1.970",1970,"+0.070",70,
172,1968,11,13,13,"13","21","jean-pierre-beltoise","matra","matra","dunlop","1:06.960",66960,,,,,,,"+2.760",2760,"+0.790",790,
172,1968,11,14,14,"14","22","piers-courage","brm","brm","goodyear","1:07.020",67020,,,,,,,"+2.820",2820,"+0.060",60,
172,1968,11,15,15,"15","7","derek-bell","ferrari","ferrari","firestone","1:07.060",67060,,,,,,,"+2.860",2860,"+0.040",40,
172,1968,11,16,16,"16","11","jackie-oliver","lotus","ford","firestone","1:07.460",67460,,,,,,,"+3.260",3260,"+0.400",400,
172,1968,11,17,17,"17","18","vic-elford","cooper","brm","firestone","1:08.530",68530,,,,,,,"+4.330",4330,"+1.070",1070,
172,1968,11,18,18,"18","17","jo-bonnier","mclaren","brm","goodyear","1:08.930",68930,,,,,,,"+4.730",4730,"+0.400",400,
172,1968,11,19,19,"19","9","bobby-unser","brm","brm","goodyear","1:09.600",69600,,,,,,,"+5.400",5400,"+0.670",670,
172,1968,11,20,20,"20","19","lucien-bianchi","cooper","brm","firestone","1:09.770",69770,,,,,,,"+5.570",5570,"+0.170",170,
172,1968,11,21,21,"21","20","henri-pescarolo","matra","matra","dunlop","1:10.430",70430,,,,,,,"+6.230",6230,"+0.660",660,
173,1968,12,1,1,"1","16","jo-siffert","lotus","ford","firestone","1:45.220",105220,,,,,,,,,,,
173,1968,12,2,2,"2","6","chris-amon","ferrari","ferrari","firestone","1:45.620",105620,,,,,,,"+0.400",400,"+0.400",400,
173,1968,12,3,3,"3","10","graham-hill","lotus","ford","firestone","1:46.010",106010,,,,,,,"+0.790",790,"+0.390",390,
173,1968,12,4,4,"4","1","denny-hulme","mclaren","ford","goodyear","1:46.040",106040,,,,,,,"+0.820",820,"+0.030",30,
173,1968,12,5,5,"5","14","dan-gurney","mclaren","ford","goodyear","1:46.290",106290,,,,,,,"+1.070",1070,"+0.250",250,
173,1968,12,6,6,"6","5","john-surtees","honda","honda","firestone","1:46.490",106490,,,,,,,"+1.270",1270,"+0.200",200,
173,1968,12,7,7,"7","15","jackie-stewart","matra","ford","dunlop","1:46.690",106690,,,,,,,"+1.470",1470,"+0.200",200,
173,1968,12,8,8,"8","3","jack-brabham","brabham","repco","goodyear","1:46.800",106800,,,,,,,"+1.580",1580,"+0.110",110,
173,1968,12,9,9,"9","2","bruce-mclaren","mclaren","ford","goodyear","1:47.000",107000,,,,,,,"+1.780",1780,"+0.200",200,
173,1968,12,10,10,"10","4","jochen-rindt","brabham","repco","goodyear","1:47.070",107070,,,,,,,"+1.850",1850,"+0.070",70,
173,1968,12,11,11,"11","12","moises-solana","lotus","ford","firestone","1:47.670",107670,,,,,,,"+2.450",2450,"+0.600",600,
173,1968,12,12,12,"12","8","pedro-rodriguez","brm","brm","goodyear","1:47.800",107800,,,,,,,"+2.580",2580,"+0.130",130,
173,1968,12,13,13,"13","21","jean-pierre-beltoise","matra","matra","dunlop","1:48.380",108380,,,,,,,"+3.160",3160,"+0.580",580,
173,1968,12,14,14,"14","11","jackie-oliver","lotus","ford","firestone","1:48.440",108440,,,,,,,"+3.220",3220,"+0.060",60,
173,1968,12,15,15,"15","7","jacky-ickx","ferrari","ferrari","firestone","1:49.240",109240,,,,,,,"+4.020",4020,"+0.800",800,
173,1968,12,16,16,"16","23","johnny-servoz-gavin","matra","ford","dunlop","1:49.270",109270,,,,,,,"+4.050",4050,"+0.030",30,
173,1968,12,17,17,"17","18","vic-elford","cooper","brm","firestone","1:49.480",109480,,,,,,,"+4.260",4260,"+0.210",210,
173,1968,12,18,18,"18","17","jo-bonnier","honda","honda","firestone","1:49.960",109960,,,,,,,"+4.740",4740,"+0.480",480,
173,1968,12,19,19,"19","22","piers-courage","brm","brm","goodyear","1:50.280",110280,,,,,,,"+5.060",5060,"+0.320",320,
173,1968,12,20,20,"20","9","henri-pescarolo","matra","matra","dunlop","1:50.430",110430,,,,,,,"+5.210",5210,"+0.150",150,
173,1968,12,21,21,"21","19","lucien-bianchi","cooper","brm","firestone","1:50.570",110570,,,,,,,"+5.350",5350,"+0.140",140,
174,1969,1,1,1,"1","14","jack-brabham","brabham","ford","goodyear","1:20.000",80000,,,,,,,,,,,
174,1969,1,2,2,"2","2","jochen-rindt","lotus","ford","firestone","1:20.200",80200,,,,,,,"+0.200",200,"+0.200",200,
174,1969,1,3,3,"3","5","denny-hulme","mclaren","ford","goodyear","1:20.300",80300,,,,,,,"+0.300",300,"+0.100",100,
174,1969,1,4,4,"4","7","jackie-stewart","matra","ford","dunlop","1:20.400",80400,,,,,,,"+0.400",400,"+0.100",100,
174,1969,1,5,5,"5","9","chris-amon","ferrari","ferrari","firestone","1:20.500",80500,,,,,,,"+0.500",500,"+0.100",100,
174,1969,1,6,6,"6","3","mario-andretti","lotus","ford","firestone","1:20.800",80800,,,,,,,"+0.800",800,"+0.300",300,
174,1969,1,7,7,"7","1","graham-hill","lotus","ford","firestone","1:21.100",81100,,,,,,,"+1.100",1100,"+0.300",300,
174,1969,1,8,8,"8","6","bruce-mclaren","mclaren","ford","goodyear","1:21.100",81100,,,,,,,"+1.100",1100,"+0.000",0,
174,1969,1,9,9,"9","18","basil-van-rooyen","mclaren","ford","dunlop","1:21.800",81800,,,,,,,"+1.800",1800,"+0.700",700,
174,1969,1,10,10,"10","16","john-love","lotus","ford","dunlop","1:22.100",82100,,,,,,,"+2.100",2100,"+0.300",300,
174,1969,1,11,11,"11","8","jean-pierre-beltoise","matra","ford","dunlop","1:22.200",82200,,,,,,,"+2.200",2200,"+0.100",100,
174,1969,1,12,12,"12","4","jo-siffert","lotus","ford","firestone","1:22.200",82200,,,,,,,"+2.200",2200,"+0.000",0,
174,1969,1,13,13,"13","15","jacky-ickx","brabham","ford","goodyear","1:23.100",83100,,,,,,,"+3.100",3100,"+0.900",900,
174,1969,1,14,14,"14","11","jackie-oliver","brm","brm","dunlop","1:24.100",84100,,,,,,,"+4.100",4100,"+1.000",1000,
174,1969,1,15,15,"15","12","pedro-rodriguez","brm","brm","goodyear","1:25.200",85200,,,,,,,"+5.200",5200,"+1.100",1100,
174,1969,1,16,16,"16","19","peter-de-klerk","brabham","repco","dunlop","1:27.200",87200,,,,,,,"+7.200",7200,"+2.000",2000,
174,1969,1,17,17,"17","17","sam-tingle","brabham","repco","firestone","1:50.400",110400,,,,,,,"+30.400",30400,"+23.200",23200,
174,1969,1,18,18,"18","10","john-surtees","brm","brm","dunlop",,,,,,,,,,,,,
175,1969,2,1,1,"1","2","jochen-rindt","lotus","ford","firestone","1:25.700",85700,,,,,,,,,,,
175,1969,2,2,2,"2","15","chris-amon","ferrari","ferrari","firestone","1:26.200",86200,,,,,,,"+0.500",500,"+0.500",500,
175,1969,2,3,3,"3","1","graham-hill","lotus","ford","firestone","1:26.600",86600,,,,,,,"+0.900",900,"+0.400",400,
175,1969,2,4,4,"4","7","jackie-stewart","matra","ford","dunlop","1:26.900",86900,,,,,,,"+1.200",1200,"+0.300",300,
175,1969,2,5,5,"5","3","jack-brabham","brabham","ford","goodyear","1:27.800",87800,,,,,,,"+2.100",2100,"+0.900",900,
175,1969,2,6,6,"6","10","jo-siffert","lotus","ford","firestone","1:28.200",88200,,,,,,,"+2.500",2500,"+0.400",400,
175,1969,2,7,7,"7","4","jacky-ickx","brabham","ford","goodyear","1:28.400",88400,,,,,,,"+2.700",2700,"+0.200",200,
175,1969,2,8,8,"8","5","denny-hulme","mclaren","ford","goodyear","1:28.600",88600,,,,,,,"+2.900",2900,"+0.200",200,
175,1969,2,9,9,"9","14","john-surtees","brm","brm","dunlop","1:28.900",88900,,,,,,,"+3.200",3200,"+0.300",300,
175,1969,2,10,10,"10","12","jackie-oliver","brm","brm","dunlop","1:29.200",89200,,,,,,,"+3.500",3500,"+0.300",300,
175,1969,2,11,11,"11","11","piers-courage","brabham","ford","dunlop","1:29.300",89300,,,,,,,"+3.600",3600,"+0.100",100,
175,1969,2,12,12,"12","8","jean-pierre-beltoise","matra","ford","dunlop","1:29.500",89500,,,,,,,"+3.800",3800,"+0.200",200,
175,1969,2,13,13,"13","6","bruce-mclaren","mclaren","ford","goodyear","1:29.700",89700,,,,,,,"+4.000",4000,"+0.200",200,
175,1969,2,14,14,"14","9","pedro-rodriguez","brm","brm","goodyear","1:34.100",94100,,,,,,,"+8.400",8400,"+4.400",4400,
176,1969,3,1,1,"1","7","jackie-stewart","matra","ford","dunlop","1:24.600",84600,,,,,,,,,,,
176,1969,3,2,2,"2","11","chris-amon","ferrari","ferrari","firestone","1:25.000",85000,,,,,,,"+0.400",400,"+0.400",400,
176,1969,3,3,3,"3","8","jean-pierre-beltoise","matra","ford","dunlop","1:25.400",85400,,,,,,,"+0.800",800,"+0.400",400,
176,1969,3,4,4,"4","1","graham-hill","lotus","ford","firestone","1:25.800",85800,,,,,,,"+1.200",1200,"+0.400",400,
176,1969,3,5,5,"5","9","jo-siffert","lotus","ford","firestone","1:26.000",86000,,,,,,,"+1.400",1400,"+0.200",200,
176,1969,3,6,6,"6","14","john-surtees","brm","brm","dunlop","1:26.000",86000,,,,,,,"+1.400",1400,"+0.000",0,
176,1969,3,7,7,"7","6","jacky-ickx","brabham","ford","goodyear","1:26.300",86300,,,,,,,"+1.700",1700,"+0.300",300,
176,1969,3,8,8,"8","5","jack-brabham","brabham","ford","goodyear","1:26.400",86400,,,,,,,"+1.800",1800,"+0.100",100,
176,1969,3,9,9,"9","16","piers-courage","brabham","ford","dunlop","1:26.400",86400,,,,,,,"+1.800",1800,"+0.000",0,
176,1969,3,10,10,"10","2","richard-attwood","lotus","ford","firestone","1:26.500",86500,,,,,,,"+1.900",1900,"+0.100",100,
176,1969,3,11,11,"11","4","bruce-mclaren","mclaren","ford","goodyear","1:26.700",86700,,,,,,,"+2.100",2100,"+0.200",200,
176,1969,3,12,12,"12","3","denny-hulme","mclaren","ford","goodyear","1:26.800",86800,,,,,,,"+2.200",2200,"+0.100",100,
176,1969,3,13,13,"13","15","jackie-oliver","brm","brm","dunlop","1:28.400",88400,,,,,,,"+3.800",3800,"+1.600",1600,
176,1969,3,14,14,"14","10","pedro-rodriguez","brm","brm","goodyear","1:30.500",90500,,,,,,,"+5.900",5900,"+2.100",2100,
176,1969,3,15,15,"15","17","silvio-moser","brabham","ford","goodyear","1:30.500",90500,,,,,,,"+5.900",5900,"+0.000",0,
176,1969,3,16,16,"16","12","vic-elford","cooper","maserati","goodyear","1:32.800",92800,,,,,,,"+8.200",8200,"+2.300",2300,
177,1969,4,1,1,"1","2","jochen-rindt","lotus","ford","firestone","1:20.850",80850,,,,,,,,,,,
177,1969,4,2,2,"2","4","jackie-stewart","matra","ford","dunlop","1:21.140",81140,,,,,,,"+0.290",290,"+0.290",290,
177,1969,4,3,3,"3","1","graham-hill","lotus","ford","firestone","1:22.010",82010,,,,,,,"+1.160",1160,"+0.870",870,
177,1969,4,4,4,"4","8","chris-amon","ferrari","ferrari","firestone","1:22.690",82690,,,,,,,"+1.840",1840,"+0.680",680,
177,1969,4,5,5,"5","12","jacky-ickx","brabham","ford","goodyear","1:22.850",82850,,,,,,,"+2.000",2000,"+0.160",160,
177,1969,4,6,6,"6","6","bruce-mclaren","mclaren","ford","goodyear","1:22.870",82870,,,,,,,"+2.020",2020,"+0.020",20,
177,1969,4,7,7,"7","7","denny-hulme","mclaren","ford","goodyear","1:23.070",83070,,,,,,,"+2.220",2220,"+0.200",200,
177,1969,4,8,8,"8","11","jack-brabham","brabham","ford","goodyear","1:23.100",83100,,,,,,,"+2.250",2250,"+0.030",30,
177,1969,4,9,9,"9","16","piers-courage","brabham","ford","dunlop","1:23.360",83360,,,,,,,"+2.510",2510,"+0.260",260,
177,1969,4,10,10,"10","10","jo-siffert","lotus","ford","firestone","1:23.940",83940,,,,,,,"+3.090",3090,"+0.580",580,
177,1969,4,11,11,"11","5","jean-pierre-beltoise","matra","ford","dunlop","1:24.440",84440,,,,,,,"+3.590",3590,"+0.500",500,
177,1969,4,12,12,"12","14","john-surtees","brm","brm","dunlop","1:25.070",85070,,,,,,,"+4.220",4220,"+0.630",630,
177,1969,4,13,13,"13","15","jackie-oliver","brm","brm","dunlop","1:25.110",85110,,,,,,,"+4.260",4260,"+0.040",40,
177,1969,4,14,14,"14","17","silvio-moser","brabham","ford","goodyear","1:26.500",86500,,,,,,,"+5.650",5650,"+1.390",1390,
177,1969,4,15,15,"15","18","vic-elford","mclaren","ford","goodyear","1:28.470",88470,,,,,,,"+7.620",7620,"+1.970",1970,
178,1969,5,1,1,"1","2","jackie-stewart","matra","ford","dunlop","3:00.600",180600,,,,,,,,,,,
178,1969,5,2,2,"2","4","denny-hulme","mclaren","ford","goodyear","3:02.400",182400,,,,,,,"+1.800",1800,"+1.800",1800,
178,1969,5,3,3,"3","15","jochen-rindt","lotus","ford","firestone","3:02.500",182500,,,,,,,"+1.900",1900,"+0.100",100,
178,1969,5,4,4,"4","11","jacky-ickx","brabham","ford","goodyear","3:02.600",182600,,,,,,,"+2.000",2000,"+0.100",100,
178,1969,5,5,5,"5","7","jean-pierre-beltoise","matra","ford","dunlop","3:02.900",182900,,,,,,,"+2.300",2300,"+0.300",300,
178,1969,5,6,6,"6","6","chris-amon","ferrari","ferrari","firestone","3:04.200",184200,,,,,,,"+3.600",3600,"+1.300",1300,
178,1969,5,7,7,"7","5","bruce-mclaren","mclaren","ford","goodyear","3:05.500",185500,,,,,,,"+4.900",4900,"+1.300",1300,
178,1969,5,8,8,"8","1","graham-hill","lotus","ford","firestone","3:05.900",185900,,,,,,,"+5.300",5300,"+0.400",400,
178,1969,5,9,9,"9","3","jo-siffert","lotus","ford","firestone","3:06.300",186300,,,,,,,"+5.700",5700,"+0.400",400,
178,1969,5,10,10,"10","10","vic-elford","mclaren","ford","goodyear","3:08.000",188000,,,,,,,"+7.400",7400,"+1.700",1700,
178,1969,5,11,11,"11","9","piers-courage","brabham","ford","dunlop","3:09.900",189900,,,,,,,"+9.300",9300,"+1.900",1900,
178,1969,5,12,12,"12","14","john-miles","lotus","ford","firestone","3:12.800",192800,,,,,,,"+12.200",12200,"+2.900",2900,
178,1969,5,13,13,"13","12","silvio-moser","brabham","ford","goodyear","3:14.600",194600,,,,,,,"+14.000",14000,"+1.800",1800,
179,1969,6,1,1,"1","2","jochen-rindt","lotus","ford","firestone","1:20.800",80800,,,,,,,,,,,
179,1969,6,2,2,"2","3","jackie-stewart","matra","ford","dunlop","1:21.200",81200,,,,,,,"+0.400",400,"+0.400",400,
179,1969,6,3,3,"3","5","denny-hulme","mclaren","ford","goodyear","1:21.500",81500,,,,,,,"+0.700",700,"+0.300",300,
179,1969,6,4,4,"4","7","jacky-ickx","brabham","ford","goodyear","1:21.600",81600,,,,,,,"+0.800",800,"+0.100",100,
179,1969,6,5,5,"5","11","chris-amon","ferrari","ferrari","firestone","1:21.900",81900,,,,,,,"+1.100",1100,"+0.300",300,
179,1969,6,6,6,"6","14","john-surtees","brm","brm","dunlop","1:22.100",82100,,,,,,,"+1.300",1300,"+0.200",200,
179,1969,6,7,7,"7","6","bruce-mclaren","mclaren","ford","goodyear","1:22.600",82600,,,,,,,"+1.800",1800,"+0.500",500,
179,1969,6,8,8,"8","12","pedro-rodriguez","ferrari","ferrari","firestone","1:22.600",82600,,,,,,,"+1.800",1800,"+0.000",0,
179,1969,6,9,9,"9","10","jo-siffert","lotus","ford","firestone","1:22.700",82700,,,,,,,"+1.900",1900,"+0.100",100,
179,1969,6,10,10,"10","16","piers-courage","brabham","ford","dunlop","1:22.900",82900,,,,,,,"+2.100",2100,"+0.200",200,
179,1969,6,11,11,"11","19","vic-elford","mclaren","ford","goodyear","1:23.300",83300,,,,,,,"+2.500",2500,"+0.400",400,
179,1969,6,12,12,"12","1","graham-hill","lotus","ford","firestone","1:23.600",83600,,,,,,,"+2.800",2800,"+0.300",300,
179,1969,6,13,13,"13","15","jackie-oliver","brm","brm","dunlop","1:23.700",83700,,,,,,,"+2.900",2900,"+0.100",100,
179,1969,6,14,14,"14","9","john-miles","lotus","ford","firestone","1:25.100",85100,,,,,,,"+4.300",4300,"+1.400",1400,
179,1969,6,15,15,"15","20","derek-bell","mclaren","ford","goodyear","1:26.100",86100,,,,,,,"+5.300",5300,"+1.000",1000,
179,1969,6,16,16,"16","18","jo-bonnier","lotus","ford","firestone","1:28.200",88200,,,,,,,"+7.400",7400,"+2.100",2100,
179,1969,6,17,17,"17","4","jean-pierre-beltoise","matra","ford","dunlop","1:31.200",91200,,,,,,,"+10.400",10400,"+3.000",3000,
180,1969,7,1,1,"1","6","jacky-ickx","brabham","ford","goodyear","7:42.100",462100,,,,,,,,,,,
180,1969,7,2,2,"2","7","jackie-stewart","matra","ford","dunlop","7:42.400",462400,,,,,,,"+0.300",300,"+0.300",300,
180,1969,7,3,3,"3","2","jochen-rindt","lotus","ford","firestone","7:48.000",468000,,,,,,,"+5.900",5900,"+5.600",5600,
180,1969,7,4,4,"4","11","jo-siffert","lotus","ford","firestone","7:50.300",470300,,,,,,,"+8.200",8200,"+2.300",2300,
180,1969,7,5,5,"5","9","denny-hulme","mclaren","ford","goodyear","7:52.800",472800,,,,,,,"+10.700",10700,"+2.500",2500,
180,1969,7,6,6,"6","12","vic-elford","mclaren","ford","goodyear","7:54.800",474800,,,,,,,"+12.700",12700,"+2.000",2000,
180,1969,7,7,7,"7","17","piers-courage","brabham","ford","dunlop","7:56.100",476100,,,,,,,"+14.000",14000,"+1.300",1300,
180,1969,7,8,8,"8","10","bruce-mclaren","mclaren","ford","goodyear","7:56.500",476500,,,,,,,"+14.400",14400,"+0.400",400,
180,1969,7,9,9,"9","1","graham-hill","lotus","ford","firestone","7:57.000",477000,,,,,,,"+14.900",14900,"+0.500",500,
180,1969,7,10,10,"10","8","jean-pierre-beltoise","matra","ford","dunlop","8:00.300",480300,,,,,,,"+18.200",18200,"+3.300",3300,
180,1969,7,11,11,"11","14","john-surtees","brm","brm","dunlop","8:12.100",492100,,,,,,,"+30.000",30000,"+11.800",11800,
180,1969,7,12,12,"12","3","mario-andretti","lotus","ford","firestone","8:15.400",495400,,,,,,,"+33.300",33300,"+3.300",3300,
180,1969,7,13,13,"13","15","jackie-oliver","brm","brm","dunlop","8:16.200",496200,,,,,,,"+34.100",34100,"+0.800",800,
180,1969,7,14,14,"14","16","jo-bonnier","lotus","ford","firestone","8:35.000",515000,,,,,,,"+52.900",52900,"+18.800",18800,
180,1969,7,15,15,"15","27","johnny-servoz-gavin","matra","ford","dunlop","8:11.100",491100,,,,,,,"+29.000",29000,"-23.900",-22100,
180,1969,7,16,16,"16","28","francois-cevert","tecno","ford","dunlop","8:13.900",493900,,,,,,,"+31.800",31800,"+2.800",2800,
180,1969,7,17,17,"17","26","henri-pescarolo","matra","ford","dunlop","8:14.800",494800,,,,,,,"+32.700",32700,"+0.900",900,
180,1969,7,18,18,"18","23","hubert-hahne","bmw","bmw","dunlop","8:19.500",499500,,,,,,,"+37.400",37400,"+4.700",4700,
180,1969,7,19,19,"19","31","peter-westbury","brabham","ford","firestone","8:20.000",500000,,,,,,,"+37.900",37900,"+0.500",500,
180,1969,7,20,20,"20","20","kurt-ahrens-jr","brabham","ford","dunlop","8:23.200",503200,,,,,,,"+41.100",41100,"+3.200",3200,
180,1969,7,21,21,"21","29","richard-attwood","brabham","ford","dunlop","8:24.600",504600,,,,,,,"+42.500",42500,"+1.400",1400,
180,1969,7,22,22,"22","25","dieter-quester","bmw","bmw","dunlop","8:26.800",506800,,,,,,,"+44.700",44700,"+2.200",2200,
180,1969,7,23,23,"23","22","rolf-stommelen","lotus","ford","firestone","8:28.100",508100,,,,,,,"+46.000",46000,"+1.300",1300,
180,1969,7,24,24,"24","30","xavier-perrot","brabham","ford","firestone","8:35.400",515400,,,,,,,"+53.300",53300,"+7.300",7300,
180,1969,7,25,25,"25","24","gerhard-mitter","bmw","bmw","dunlop","8:36.500",516500,,,,,,,"+54.400",54400,"+1.100",1100,
180,1969,7,26,26,"26","21","hans-herrmann","lotus","ford","firestone","8:50.300",530300,,,,,,,"+1:08.200",68200,"+13.800",13800,
181,1969,8,1,1,"1","4","jochen-rindt","lotus","ford","firestone","1:25.480",85480,,,,,,,,,,,
181,1969,8,2,2,"2","16","denny-hulme","mclaren","ford","goodyear","1:25.690",85690,,,,,,,"+0.210",210,"+0.210",210,
181,1969,8,3,3,"3","20","jackie-stewart","matra","ford","dunlop","1:25.820",85820,,,,,,,"+0.340",340,"+0.130",130,
181,1969,8,4,4,"4","32","piers-courage","brabham","ford","dunlop","1:26.480",86480,,,,,,,"+1.000",1000,"+0.660",660,
181,1969,8,5,5,"5","18","bruce-mclaren","mclaren","ford","goodyear","1:26.480",86480,,,,,,,"+1.000",1000,"+0.000",0,
181,1969,8,6,6,"6","22","jean-pierre-beltoise","matra","ford","dunlop","1:26.720",86720,,,,,,,"+1.240",1240,"+0.240",240,
181,1969,8,7,7,"7","28","jack-brabham","brabham","ford","goodyear","1:26.900",86900,,,,,,,"+1.420",1420,"+0.180",180,
181,1969,8,8,8,"8","30","jo-siffert","lotus","ford","firestone","1:27.040",87040,,,,,,,"+1.560",1560,"+0.140",140,
181,1969,8,9,9,"9","2","graham-hill","lotus","ford","firestone","1:27.310",87310,,,,,,,"+1.830",1830,"+0.270",270,
181,1969,8,10,10,"10","14","john-surtees","brm","brm","dunlop","1:27.400",87400,,,,,,,"+1.920",1920,"+0.090",90,
181,1969,8,11,11,"11","12","jackie-oliver","brm","brm","dunlop","1:28.400",88400,,,,,,,"+2.920",2920,"+1.000",1000,
181,1969,8,12,12,"12","10","pedro-rodriguez","ferrari","ferrari","firestone","1:28.470",88470,,,,,,,"+2.990",2990,"+0.070",70,
181,1969,8,13,13,"13","36","silvio-moser","brabham","ford","goodyear","1:28.510",88510,,,,,,,"+3.030",3030,"+0.040",40,
181,1969,8,14,14,"14","6","john-miles","lotus","ford","firestone","1:30.560",90560,,,,,,,"+5.080",5080,"+2.050",2050,
181,1969,8,15,15,"15","10","ernesto-brambilla","ferrari","ferrari","firestone","1:30.860",90860,,,,,,,"+5.380",5380,"+0.300",300,
181,1969,8,16,16,"16","26","jacky-ickx","brabham","ford","goodyear","1:37.960",97960,,,,,,,"+12.480",12480,"+7.100",7100,
182,1969,9,1,1,"1","11","jacky-ickx","brabham","ford","goodyear","1:17.400",77400,,,,,,,,,,,
182,1969,9,2,2,"2","18","jean-pierre-beltoise","matra","ford","dunlop","1:17.900",77900,,,,,,,"+0.500",500,"+0.500",500,
182,1969,9,3,3,"3","2","jochen-rindt","lotus","ford","firestone","1:17.900",77900,,,,,,,"+0.500",500,"+0.000",0,
182,1969,9,4,4,"4","17","jackie-stewart","matra","ford","dunlop","1:17.900",77900,,,,,,,"+0.500",500,"+0.000",0,
182,1969,9,5,5,"5","5","denny-hulme","mclaren","ford","goodyear","1:18.000",78000,,,,,,,"+0.600",600,"+0.100",100,
182,1969,9,6,6,"6","12","jack-brabham","brabham","ford","goodyear","1:18.000",78000,,,,,,,"+0.600",600,"+0.000",0,
182,1969,9,7,7,"7","1","graham-hill","lotus","ford","firestone","1:18.300",78300,,,,,,,"+0.900",900,"+0.300",300,
182,1969,9,8,8,"8","9","jo-siffert","lotus","ford","firestone","1:18.500",78500,,,,,,,"+1.100",1100,"+0.200",200,
182,1969,9,9,9,"9","4","bruce-mclaren","mclaren","ford","goodyear","1:18.500",78500,,,,,,,"+1.100",1100,"+0.000",0,
182,1969,9,10,10,"10","21","piers-courage","brabham","ford","dunlop","1:19.500",79500,,,,,,,"+2.100",2100,"+1.000",1000,
182,1969,9,11,11,"11","3","john-miles","lotus","ford","firestone","1:20.000",80000,,,,,,,"+2.600",2600,"+0.500",500,
182,1969,9,12,12,"12","15","jackie-oliver","brm","brm","dunlop","1:20.200",80200,,,,,,,"+2.800",2800,"+0.200",200,
182,1969,9,13,13,"13","6","pedro-rodriguez","ferrari","ferrari","firestone","1:20.500",80500,,,,,,,"+3.100",3100,"+0.300",300,
182,1969,9,14,14,"14","14","john-surtees","brm","brm","dunlop","1:20.600",80600,,,,,,,"+3.200",3200,"+0.100",100,
182,1969,9,15,15,"15","19","johnny-servoz-gavin","matra","ford","dunlop","1:21.400",81400,,,,,,,"+4.000",4000,"+0.800",800,
182,1969,9,16,16,"16","25","pete-lovely","lotus","ford","firestone","1:22.900",82900,,,,,,,"+5.500",5500,"+1.500",1500,
182,1969,9,17,17,"17","69","al-pease","eagle","climax","firestone","1:28.500",88500,,,,,,,"+11.100",11100,"+5.600",5600,
182,1969,9,18,18,"18","16","bill-brack","brm","brm","dunlop","1:28.700",88700,,,,,,,"+11.300",11300,"+0.200",200,
182,1969,9,19,19,"19","26","john-cordts","brabham","climax","dunlop","1:29.700",89700,,,,,,,"+12.300",12300,"+1.000",1000,
182,1969,9,20,20,"20","20","silvio-moser","brabham","ford","goodyear","1:41.400",101400,,,,,,,"+24.000",24000,"+11.700",11700,
183,1969,10,1,1,"1","2","jochen-rindt","lotus","ford","firestone","1:03.620",63620,,,,,,,,,,,
183,1969,10,2,2,"2","5","denny-hulme","mclaren","ford","goodyear","1:03.650",63650,,,,,,,"+0.030",30,"+0.030",30,
183,1969,10,3,3,"3","3","jackie-stewart","matra","ford","dunlop","1:03.770",63770,,,,,,,"+0.150",150,"+0.120",120,
183,1969,10,4,4,"4","1","graham-hill","lotus","ford","firestone","1:04.050",64050,,,,,,,"+0.430",430,"+0.280",280,
183,1969,10,5,5,"5","10","jo-siffert","lotus","ford","firestone","1:04.060",64060,,,,,,,"+0.440",440,"+0.010",10,
183,1969,10,6,6,"6","6","bruce-mclaren","mclaren","ford","goodyear","1:04.220",64220,,,,,,,"+0.600",600,"+0.160",160,
183,1969,10,7,7,"7","4","jean-pierre-beltoise","matra","ford","dunlop","1:04.290",64290,,,,,,,"+0.670",670,"+0.070",70,
183,1969,10,8,8,"8","7","jacky-ickx","brabham","ford","goodyear","1:04.320",64320,,,,,,,"+0.700",700,"+0.030",30,
183,1969,10,9,9,"9","18","piers-courage","brabham","ford","dunlop","1:04.580",64580,,,,,,,"+0.960",960,"+0.260",260,
183,1969,10,10,10,"10","8","jack-brabham","brabham","ford","goodyear","1:04.800",64800,,,,,,,"+1.180",1180,"+0.220",220,
183,1969,10,11,11,"11","14","john-surtees","brm","brm","dunlop","1:05.060",65060,,,,,,,"+1.440",1440,"+0.260",260,
183,1969,10,12,12,"12","12","pedro-rodriguez","ferrari","ferrari","firestone","1:05.940",65940,,,,,,,"+2.320",2320,"+0.880",880,
183,1969,10,13,13,"13","9","mario-andretti","lotus","ford","firestone","1:06.520",66520,,,,,,,"+2.900",2900,"+0.580",580,
183,1969,10,14,14,"14","15","jackie-oliver","brm","brm","dunlop","1:06.550",66550,,,,,,,"+2.930",2930,"+0.030",30,
183,1969,10,15,15,"15","16","johnny-servoz-gavin","matra","ford","dunlop","1:07.130",67130,,,,,,,"+3.510",3510,"+0.580",580,
183,1969,10,16,16,"16","21","pete-lovely","lotus","ford","firestone","1:07.550",67550,,,,,,,"+3.930",3930,"+0.420",420,
183,1969,10,17,17,"17","19","silvio-moser","brabham","ford","goodyear","1:08.200",68200,,,,,,,"+4.580",4580,"+0.650",650,
183,1969,10,18,18,"18","22","george-eaton","brm","brm","dunlop","1:11.270",71270,,,,,,,"+7.650",7650,"+3.070",3070,
184,1969,11,1,1,"1","8","jack-brabham","brabham","ford","goodyear","1:42.900",102900,,,,,,,,,,,
184,1969,11,2,2,"2","7","jacky-ickx","brabham","ford","goodyear","1:43.600",103600,,,,,,,"+0.700",700,"+0.700",700,
184,1969,11,3,3,"3","3","jackie-stewart","matra","ford","dunlop","1:43.670",103670,,,,,,,"+0.770",770,"+0.070",70,
184,1969,11,4,4,"4","5","denny-hulme","mclaren","ford","goodyear","1:43.700",103700,,,,,,,"+0.800",800,"+0.030",30,
184,1969,11,5,5,"5","10","jo-siffert","lotus","ford","firestone","1:43.810",103810,,,,,,,"+0.910",910,"+0.110",110,
184,1969,11,6,6,"6","2","jochen-rindt","lotus","ford","firestone","1:43.940",103940,,,,,,,"+1.040",1040,"+0.130",130,
184,1969,11,7,7,"7","6","bruce-mclaren","mclaren","ford","goodyear","1:44.750",104750,,,,,,,"+1.850",1850,"+0.810",810,
184,1969,11,8,8,"8","4","jean-pierre-beltoise","matra","ford","dunlop","1:45.580",105580,,,,,,,"+2.680",2680,"+0.830",830,
184,1969,11,9,9,"9","18","piers-courage","brabham","ford","dunlop","1:47.230",107230,,,,,,,"+4.330",4330,"+1.650",1650,
184,1969,11,10,10,"10","14","john-surtees","brm","brm","dunlop","1:47.290",107290,,,,,,,"+4.390",4390,"+0.060",60,
184,1969,11,11,11,"11","9","john-miles","lotus","ford","firestone","1:47.760",107760,,,,,,,"+4.860",4860,"+0.470",470,
184,1969,11,12,12,"12","15","jackie-oliver","brm","brm","dunlop","1:48.010",108010,,,,,,,"+5.110",5110,"+0.250",250,
184,1969,11,13,13,"13","19","silvio-moser","brabham","ford","goodyear","1:48.250",108250,,,,,,,"+5.350",5350,"+0.240",240,
184,1969,11,14,14,"14","16","johnny-servoz-gavin","matra","ford","dunlop","1:48.740",108740,,,,,,,"+5.840",5840,"+0.490",490,
184,1969,11,15,15,"15","12","pedro-rodriguez","ferrari","ferrari","firestone","1:49.460",109460,,,,,,,"+6.560",6560,"+0.720",720,
184,1969,11,16,16,"16","21","pete-lovely","lotus","ford","firestone","1:50.340",110340,,,,,,,"+7.440",7440,"+0.880",880,
184,1969,11,17,17,"17","22","george-eaton","brm","brm","dunlop","1:52.300",112300,,,,,,,"+9.400",9400,"+1.960",1960,
185,1970,1,1,1,"1","1","jackie-stewart","march","ford","dunlop","1:19.300",79300,,,,,,,,,,,
185,1970,1,2,2,"2","15","chris-amon","march","ford","firestone","1:19.300",79300,,,,,,,"+0.000",0,"+0.000",0,
185,1970,1,3,3,"3","12","jack-brabham","brabham","ford","goodyear","1:19.600",79600,,,,,,,"+0.300",300,"+0.300",300,
185,1970,1,4,4,"4","9","jochen-rindt","lotus","ford","firestone","1:19.900",79900,,,,,,,"+0.600",600,"+0.300",300,
185,1970,1,5,5,"5","17","jacky-ickx","ferrari","ferrari","firestone","1:20.000",80000,,,,,,,"+0.700",700,"+0.100",100,
185,1970,1,6,6,"6","6","denny-hulme","mclaren","ford","goodyear","1:20.100",80100,,,,,,,"+0.800",800,"+0.100",100,
185,1970,1,7,7,"7","7","john-surtees","mclaren","ford","firestone","1:20.200",80200,,,,,,,"+0.900",900,"+0.100",100,
185,1970,1,8,8,"8","3","jean-pierre-beltoise","matra","matra","goodyear","1:20.200",80200,,,,,,,"+0.900",900,"+0.000",0,
185,1970,1,9,9,"9","16","jo-siffert","march","ford","firestone","1:20.200",80200,,,,,,,"+0.900",900,"+0.000",0,
185,1970,1,10,10,"10","5","bruce-mclaren","mclaren","ford","goodyear","1:20.300",80300,,,,,,,"+1.000",1000,"+0.100",100,
185,1970,1,11,11,"11","8","mario-andretti","march","ford","firestone","1:20.500",80500,,,,,,,"+1.200",1200,"+0.200",200,
185,1970,1,12,12,"12","19","jackie-oliver","brm","brm","dunlop","1:20.900",80900,,,,,,,"+1.600",1600,"+0.400",400,
185,1970,1,13,13,"13","25","dave-charlton","lotus","ford","firestone","1:20.900",80900,,,,,,,"+1.600",1600,"+0.000",0,
185,1970,1,14,14,"14","10","john-miles","lotus","ford","firestone","1:21.000",81000,,,,,,,"+1.700",1700,"+0.100",100,
185,1970,1,15,15,"15","14","rolf-stommelen","brabham","ford","goodyear","1:21.200",81200,,,,,,,"+1.900",1900,"+0.200",200,
185,1970,1,16,16,"16","20","pedro-rodriguez","brm","brm","dunlop","1:21.300",81300,,,,,,,"+2.000",2000,"+0.100",100,
185,1970,1,17,17,"17","2","johnny-servoz-gavin","march","ford","dunlop","1:21.400",81400,,,,,,,"+2.100",2100,"+0.100",100,
185,1970,1,18,18,"18","4","henri-pescarolo","matra","matra","goodyear","1:21.500",81500,,,,,,,"+2.200",2200,"+0.100",100,
185,1970,1,19,19,"19","11","graham-hill","lotus","ford","firestone","1:21.600",81600,,,,,,,"+2.300",2300,"+0.100",100,
185,1970,1,20,20,"20","22","piers-courage","de-tomaso","ford","dunlop","1:22.000",82000,,,,,,,"+2.700",2700,"+0.400",400,
185,1970,1,21,21,"21","24","peter-de-klerk","brabham","ford","goodyear","1:22.700",82700,,,,,,,"+3.400",3400,"+0.700",700,
185,1970,1,22,22,"22","23","john-love","lotus","ford","dunlop","1:23.100",83100,,,,,,,"+3.800",3800,"+0.400",400,
185,1970,1,23,23,"23","21","george-eaton","brm","brm","dunlop","1:24.400",84400,,,,,,,"+5.100",5100,"+1.300",1300,
186,1970,2,1,1,"1","7","jack-brabham","brabham","ford","goodyear","1:23.900",83900,,,,,,,,,,,
186,1970,2,2,2,"2","5","denny-hulme","mclaren","ford","goodyear","1:24.100",84100,,,,,,,"+0.200",200,"+0.200",200,
186,1970,2,3,3,"3","1","jackie-stewart","march","ford","dunlop","1:24.200",84200,,,,,,,"+0.300",300,"+0.100",100,
186,1970,2,4,4,"4","4","jean-pierre-beltoise","matra","matra","goodyear","1:24.460",84460,,,,,,,"+0.560",560,"+0.260",260,
186,1970,2,5,5,"5","10","pedro-rodriguez","brm","brm","dunlop","1:24.500",84500,,,,,,,"+0.600",600,"+0.040",40,
186,1970,2,6,6,"6","9","chris-amon","march","ford","firestone","1:24.650",84650,,,,,,,"+0.750",750,"+0.150",150,
186,1970,2,7,7,"7","2","jacky-ickx","ferrari","ferrari","firestone","1:24.700",84700,,,,,,,"+0.800",800,"+0.050",50,
186,1970,2,8,8,"8","3","jochen-rindt","lotus","ford","firestone","1:24.800",84800,,,,,,,"+0.900",900,"+0.100",100,
186,1970,2,9,9,"9","22","henri-pescarolo","matra","matra","goodyear","1:24.900",84900,,,,,,,"+1.000",1000,"+0.100",100,
186,1970,2,10,10,"10","15","jackie-oliver","brm","brm","dunlop","1:25.000",85000,,,,,,,"+1.100",1100,"+0.100",100,
186,1970,2,11,11,"11","11","bruce-mclaren","mclaren","ford","goodyear","1:25.000",85000,,,,,,,"+1.100",1100,"+0.000",0,
186,1970,2,12,12,"12","8","john-surtees","mclaren","ford","firestone","1:25.200",85200,,,,,,,"+1.300",1300,"+0.200",200,
186,1970,2,13,13,"13","12","piers-courage","de-tomaso","ford","dunlop","1:25.400",85400,,,,,,,"+1.500",1500,"+0.200",200,
186,1970,2,14,14,"14","16","johnny-servoz-gavin","march","ford","dunlop","1:25.460",85460,,,,,,,"+1.560",1560,"+0.060",60,
186,1970,2,15,15,"15","6","graham-hill","lotus","ford","firestone","1:25.540",85540,,,,,,,"+1.640",1640,"+0.080",80,
186,1970,2,16,16,"16","18","mario-andretti","march","ford","firestone","1:25.700",85700,,,,,,,"+1.800",1800,"+0.160",160,
186,1970,2,17,17,"17","24","rolf-stommelen","brabham","ford","goodyear","1:26.200",86200,,,,,,,"+2.300",2300,"+0.500",500,
186,1970,2,18,18,"18","20","andrea-de-adamich","mclaren","alfa-romeo","goodyear","1:25.150",85150,,,,,,,"+1.250",1250,"-1.050",-950,
186,1970,2,19,19,"19","19","john-miles","lotus","ford","firestone","1:25.300",85300,,,,,,,"+1.400",1400,"+0.150",150,
186,1970,2,20,20,"20","14","jo-siffert","march","ford","firestone","1:25.300",85300,,,,,,,"+1.400",1400,"+0.000",0,
186,1970,2,21,21,"21","23","alex-soler-roig","lotus","ford","firestone","1:25.800",85800,,,,,,,"+1.900",1900,"+0.500",500,
186,1970,2,22,22,"22","21","george-eaton","brm","brm","dunlop","1:26.400",86400,,,,,,,"+2.500",2500,"+0.600",600,
187,1970,3,1,1,"1","21","jackie-stewart","march","ford","dunlop","1:24.000",84000,,,,,,,,,,,
187,1970,3,2,2,"2","28","chris-amon","march","ford","firestone","1:24.600",84600,,,,,,,"+0.600",600,"+0.600",600,
187,1970,3,3,3,"3","11","denny-hulme","mclaren","ford","goodyear","1:25.100",85100,,,,,,,"+1.100",1100,"+0.500",500,
187,1970,3,4,4,"4","5","jack-brabham","brabham","ford","goodyear","1:25.400",85400,,,,,,,"+1.400",1400,"+0.300",300,
187,1970,3,5,5,"5","26","jacky-ickx","ferrari","ferrari","firestone","1:25.500",85500,,,,,,,"+1.500",1500,"+0.100",100,
187,1970,3,6,6,"6","8","jean-pierre-beltoise","matra","matra","goodyear","1:25.600",85600,,,,,,,"+1.600",1600,"+0.100",100,
187,1970,3,7,7,"7","9","henri-pescarolo","matra","matra","goodyear","1:25.700",85700,,,,,,,"+1.700",1700,"+0.100",100,
187,1970,3,8,8,"8","3","jochen-rindt","lotus","ford","firestone","1:25.900",85900,,,,,,,"+1.900",1900,"+0.200",200,
187,1970,3,9,9,"9","24","piers-courage","de-tomaso","ford","dunlop","1:26.100",86100,,,,,,,"+2.100",2100,"+0.200",200,
187,1970,3,10,10,"10","12","bruce-mclaren","mclaren","ford","goodyear","1:26.100",86100,,,,,,,"+2.100",2100,"+0.000",0,
187,1970,3,11,11,"11","19","jo-siffert","march","ford","firestone","1:26.200",86200,,,,,,,"+2.200",2200,"+0.100",100,
187,1970,3,12,12,"12","1","graham-hill","lotus","ford","firestone","1:26.800",86800,,,,,,,"+2.800",2800,"+0.600",600,
187,1970,3,13,13,"13","23","ronnie-peterson","march","ford","goodyear","1:26.800",86800,,,,,,,"+2.800",2800,"+0.000",0,
187,1970,3,14,14,"14","14","john-surtees","mclaren","ford","firestone","1:27.400",87400,,,,,,,"+3.400",3400,"+0.600",600,
187,1970,3,15,15,"15","16","jackie-oliver","brm","brm","dunlop","1:27.500",87500,,,,,,,"+3.500",3500,"+0.100",100,
187,1970,3,16,16,"16","17","pedro-rodriguez","brm","brm","dunlop","1:28.800",88800,,,,,,,"+4.800",4800,"+1.300",1300,
187,1970,3,17,17,"17","10","andrea-de-adamich","mclaren","alfa-romeo","goodyear","1:26.300",86300,,,,,,,"+2.300",2300,"-2.500",-1500,
187,1970,3,18,18,"18","6","rolf-stommelen","brabham","ford","goodyear","1:26.300",86300,,,,,,,"+2.300",2300,"+0.000",0,
187,1970,3,19,19,"19","15","george-eaton","brm","brm","dunlop","1:27.000",87000,,,,,,,"+3.000",3000,"+0.700",700,
187,1970,3,20,20,"20","2","john-miles","lotus","ford","firestone","1:27.400",87400,,,,,,,"+3.400",3400,"+0.400",400,
187,1970,3,21,21,"21","20","johnny-servoz-gavin","march","ford","dunlop","1:28.100",88100,,,,,,,"+4.100",4100,"+0.700",700,
188,1970,4,1,1,"1","11","jackie-stewart","march","ford","dunlop","3:28.000",208000,,,,,,,,,,,
188,1970,4,2,2,"2","20","jochen-rindt","lotus","ford","firestone","3:30.100",210100,,,,,,,"+2.100",2100,"+2.100",2100,
188,1970,4,3,3,"3","10","chris-amon","march","ford","firestone","3:30.300",210300,,,,,,,"+2.300",2300,"+0.200",200,
188,1970,4,4,4,"4","27","jacky-ickx","ferrari","ferrari","firestone","3:30.700",210700,,,,,,,"+2.700",2700,"+0.400",400,
188,1970,4,5,5,"5","18","jack-brabham","brabham","ford","goodyear","3:31.500",211500,,,,,,,"+3.500",3500,"+0.800",800,
188,1970,4,6,6,"6","1","pedro-rodriguez","brm","brm","dunlop","3:31.600",211600,,,,,,,"+3.600",3600,"+0.100",100,
188,1970,4,7,7,"7","19","rolf-stommelen","brabham","ford","goodyear","3:32.000",212000,,,,,,,"+4.000",4000,"+0.400",400,
188,1970,4,8,8,"8","28","ignazio-giunti","ferrari","ferrari","firestone","3:32.400",212400,,,,,,,"+4.400",4400,"+0.400",400,
188,1970,4,9,9,"9","14","ronnie-peterson","march","ford","goodyear","3:32.800",212800,,,,,,,"+4.800",4800,"+0.400",400,
188,1970,4,10,10,"10","9","jo-siffert","march","ford","firestone","3:32.900",212900,,,,,,,"+4.900",4900,"+0.100",100,
188,1970,4,11,11,"11","25","jean-pierre-beltoise","matra","matra","goodyear","3:32.900",212900,,,,,,,"+4.900",4900,"+0.000",0,
188,1970,4,12,12,"12","7","piers-courage","de-tomaso","ford","dunlop","3:33.000",213000,,,,,,,"+5.000",5000,"+0.100",100,
188,1970,4,13,13,"13","21","john-miles","lotus","ford","firestone","3:33.800",213800,,,,,,,"+5.800",5800,"+0.800",800,
188,1970,4,14,14,"14","2","jackie-oliver","brm","brm","dunlop","3:34.200",214200,,,,,,,"+6.200",6200,"+0.400",400,
188,1970,4,15,15,"15","8","derek-bell","brabham","ford","goodyear","3:36.200",216200,,,,,,,"+8.200",8200,"+2.000",2000,
188,1970,4,16,16,"16","23","graham-hill","lotus","ford","firestone","3:37.000",217000,,,,,,,"+9.000",9000,"+0.800",800,
188,1970,4,17,17,"17","26","henri-pescarolo","matra","matra","goodyear","3:37.100",217100,,,,,,,"+9.100",9100,"+0.100",100,
188,1970,4,18,18,"18","22","alex-soler-roig","lotus","ford","firestone","3:52.700",232700,,,,,,,"+24.700",24700,"+15.600",15600,
189,1970,5,1,1,"1","10","jochen-rindt","lotus","ford","firestone","1:18.500",78500,,,,,,,,,,,
189,1970,5,2,2,"2","5","jackie-stewart","march","ford","dunlop","1:18.730",78730,,,,,,,"+0.230",230,"+0.230",230,
189,1970,5,3,3,"3","25","jacky-ickx","ferrari","ferrari","firestone","1:18.930",78930,,,,,,,"+0.430",430,"+0.200",200,
189,1970,5,4,4,"4","8","chris-amon","march","ford","firestone","1:19.250",79250,,,,,,,"+0.750",750,"+0.320",320,
189,1970,5,5,5,"5","2","jackie-oliver","brm","brm","dunlop","1:19.300",79300,,,,,,,"+0.800",800,"+0.050",50,
189,1970,5,6,6,"6","26","clay-regazzoni","ferrari","ferrari","firestone","1:19.480",79480,,,,,,,"+0.980",980,"+0.180",180,
189,1970,5,7,7,"7","1","pedro-rodriguez","brm","brm","dunlop","1:20.070",80070,,,,,,,"+1.570",1570,"+0.590",590,
189,1970,5,8,8,"8","12","john-miles","lotus","ford","firestone","1:20.240",80240,,,,,,,"+1.740",1740,"+0.170",170,
189,1970,5,9,9,"9","4","piers-courage","de-tomaso","ford","dunlop","1:20.320",80320,,,,,,,"+1.820",1820,"+0.080",80,
189,1970,5,10,10,"10","23","jean-pierre-beltoise","matra","matra","goodyear","1:20.380",80380,,,,,,,"+1.880",1880,"+0.060",60,
189,1970,5,11,11,"11","20","peter-gethin","mclaren","ford","goodyear","1:20.410",80410,,,,,,,"+1.910",1910,"+0.030",30,
189,1970,5,12,12,"12","18","jack-brabham","brabham","ford","goodyear","1:20.760",80760,,,,,,,"+2.260",2260,"+0.350",350,
189,1970,5,13,13,"13","24","henri-pescarolo","matra","matra","goodyear","1:20.890",80890,,,,,,,"+2.390",2390,"+0.130",130,
189,1970,5,14,14,"14","16","john-surtees","mclaren","ford","firestone","1:21.180",81180,,,,,,,"+2.680",2680,"+0.290",290,
189,1970,5,15,15,"15","6","francois-cevert","march","ford","dunlop","1:21.180",81180,,,,,,,"+2.680",2680,"+0.000",0,
189,1970,5,16,16,"16","22","ronnie-peterson","march","ford","goodyear","1:21.240",81240,,,,,,,"+2.740",2740,"+0.060",60,
189,1970,5,17,17,"17","9","jo-siffert","march","ford","firestone","1:21.270",81270,,,,,,,"+2.770",2770,"+0.030",30,
189,1970,5,18,18,"18","3","george-eaton","brm","brm","dunlop","1:21.350",81350,,,,,,,"+2.850",2850,"+0.080",80,
189,1970,5,19,19,"19","32","dan-gurney","mclaren","ford","goodyear","1:21.360",81360,,,,,,,"+2.860",2860,"+0.010",10,
189,1970,5,20,20,"20","15","graham-hill","lotus","ford","firestone","1:21.750",81750,,,,,,,"+3.250",3250,"+0.390",390,
189,1970,5,21,21,"21","21","andrea-de-adamich","mclaren","alfa-romeo","goodyear","1:21.360",81360,,,,,,,"+2.860",2860,"-0.390",390,
189,1970,5,22,22,"22","19","rolf-stommelen","brabham","ford","goodyear","1:22.340",82340,,,,,,,"+3.840",3840,"+0.980",980,
189,1970,5,23,23,"23","31","pete-lovely","lotus","ford","firestone","1:23.370",83370,,,,,,,"+4.870",4870,"+1.030",1030,
189,1970,5,24,24,"24","29","silvio-moser","bellasi","ford","goodyear","1:24.290",84290,,,,,,,"+5.790",5790,"+0.920",920,
190,1970,6,1,1,"1","10","jacky-ickx","ferrari","ferrari","firestone","2:58.220",178220,,,,,,,,,,,
190,1970,6,2,2,"2","21","jean-pierre-beltoise","matra","matra","goodyear","2:58.700",178700,,,,,,,"+0.480",480,"+0.480",480,
190,1970,6,3,3,"3","14","chris-amon","march","ford","firestone","2:59.140",179140,,,,,,,"+0.920",920,"+0.440",440,
190,1970,6,4,4,"4","1","jackie-stewart","march","ford","dunlop","2:59.240",179240,,,,,,,"+1.020",1020,"+0.100",100,
190,1970,6,5,5,"5","23","jack-brabham","brabham","ford","goodyear","2:59.670",179670,,,,,,,"+1.450",1450,"+0.430",430,
190,1970,6,6,6,"6","6","jochen-rindt","lotus","ford","firestone","2:59.740",179740,,,,,,,"+1.520",1520,"+0.070",70,
190,1970,6,7,7,"7","19","denny-hulme","mclaren","ford","goodyear","3:00.420",180420,,,,,,,"+2.200",2200,"+0.680",680,
190,1970,6,8,8,"8","20","henri-pescarolo","matra","matra","goodyear","3:00.590",180590,,,,,,,"+2.370",2370,"+0.170",170,
190,1970,6,9,9,"9","18","ronnie-peterson","march","ford","goodyear","3:01.210",181210,,,,,,,"+2.990",2990,"+0.620",620,
190,1970,6,10,10,"10","3","pedro-rodriguez","brm","brm","dunlop","3:01.290",181290,,,,,,,"+3.070",3070,"+0.080",80,
190,1970,6,11,11,"11","11","ignazio-giunti","ferrari","ferrari","firestone","3:01.850",181850,,,,,,,"+3.630",3630,"+0.560",560,
190,1970,6,12,12,"12","5","jackie-oliver","brm","brm","dunlop","3:02.770",182770,,,,,,,"+4.550",4550,"+0.920",920,
190,1970,6,13,13,"13","2","francois-cevert","march","ford","dunlop","3:02.870",182870,,,,,,,"+4.650",4650,"+0.100",100,
190,1970,6,14,14,"14","22","rolf-stommelen","brabham","ford","goodyear","3:03.410",183410,,,,,,,"+5.190",5190,"+0.540",540,
190,1970,6,15,15,"15","16","andrea-de-adamich","mclaren","alfa-romeo","goodyear","3:03.480",183480,,,,,,,"+5.260",5260,"+0.070",70,
190,1970,6,16,16,"16","12","jo-siffert","march","ford","firestone","3:03.780",183780,,,,,,,"+5.560",5560,"+0.300",300,
190,1970,6,17,17,"17","17","dan-gurney","mclaren","ford","goodyear","3:04.040",184040,,,,,,,"+5.820",5820,"+0.260",260,
190,1970,6,18,18,"18","7","john-miles","lotus","ford","firestone","3:04.160",184160,,,,,,,"+5.940",5940,"+0.120",120,
190,1970,6,19,19,"19","4","george-eaton","brm","brm","dunlop","3:04.920",184920,,,,,,,"+6.700",6700,"+0.760",760,
190,1970,6,20,20,"20","8","graham-hill","lotus","ford","firestone","3:07.840",187840,,,,,,,"+9.620",9620,"+2.920",2920,
190,1970,6,21,21,"21","24","silvio-moser","bellasi","ford","goodyear","3:12.310",192310,,,,,,,"+14.090",14090,"+4.470",4470,
190,1970,6,22,22,"22","9","alex-soler-roig","lotus","ford","firestone","3:14.490",194490,,,,,,,"+16.270",16270,"+2.180",2180,
190,1970,6,23,23,"23","25","pete-lovely","lotus","ford","firestone","3:15.580",195580,,,,,,,"+17.360",17360,"+1.090",1090,
191,1970,7,1,1,"1","5","jochen-rindt","lotus","ford","firestone","1:24.800",84800,,,,,,,,,,,
191,1970,7,2,2,"2","17","jack-brabham","brabham","ford","goodyear","1:24.800",84800,,,,,,,"+0.000",0,"+0.000",0,
191,1970,7,3,3,"3","3","jacky-ickx","ferrari","ferrari","firestone","1:25.100",85100,,,,,,,"+0.300",300,"+0.300",300,
191,1970,7,4,4,"4","23","jackie-oliver","brm","brm","dunlop","1:25.600",85600,,,,,,,"+0.800",800,"+0.500",500,
191,1970,7,5,5,"5","9","denny-hulme","mclaren","ford","goodyear","1:25.600",85600,,,,,,,"+0.800",800,"+0.000",0,
191,1970,7,6,6,"6","4","clay-regazzoni","ferrari","ferrari","firestone","1:25.800",85800,,,,,,,"+1.000",1000,"+0.200",200,
191,1970,7,7,7,"7","6","john-miles","lotus","ford","firestone","1:25.900",85900,,,,,,,"+1.100",1100,"+0.100",100,
191,1970,7,8,8,"8","1","jackie-stewart","march","ford","dunlop","1:26.000",86000,,,,,,,"+1.200",1200,"+0.100",100,
191,1970,7,9,9,"9","26","mario-andretti","march","ford","firestone","1:26.200",86200,,,,,,,"+1.400",1400,"+0.200",200,
191,1970,7,10,10,"10","18","rolf-stommelen","brabham","ford","goodyear","1:26.300",86300,,,,,,,"+1.500",1500,"+0.100",100,
191,1970,7,11,11,"11","7","jean-pierre-beltoise","matra","matra","goodyear","1:26.500",86500,,,,,,,"+1.700",1700,"+0.200",200,
191,1970,7,12,12,"12","10","dan-gurney","mclaren","ford","goodyear","1:26.600",86600,,,,,,,"+1.800",1800,"+0.100",100,
191,1970,7,13,13,"13","8","henri-pescarolo","matra","matra","goodyear","1:26.700",86700,,,,,,,"+1.900",1900,"+0.100",100,
191,1970,7,14,14,"14","27","ronnie-peterson","march","ford","goodyear","1:26.800",86800,,,,,,,"+2.000",2000,"+0.100",100,
191,1970,7,15,15,"15","2","francois-cevert","march","ford","dunlop","1:26.800",86800,,,,,,,"+2.000",2000,"+0.000",0,
191,1970,7,16,16,"16","22","pedro-rodriguez","brm","brm","dunlop","1:26.900",86900,,,,,,,"+2.100",2100,"+0.100",100,
191,1970,7,17,17,"17","24","george-eaton","brm","brm","dunlop","1:26.900",86900,,,,,,,"+2.100",2100,"+0.000",0,
191,1970,7,18,18,"18","16","chris-amon","march","ford","firestone","1:27.000",87000,,,,,,,"+2.200",2200,"+0.100",100,
191,1970,7,19,19,"19","11","andrea-de-adamich","mclaren","alfa-romeo","goodyear","1:27.100",87100,,,,,,,"+2.300",2300,"+0.100",100,
191,1970,7,20,20,"20","20","john-surtees","surtees","ford","firestone","1:27.700",87700,,,,,,,"+2.900",2900,"+0.600",600,
191,1970,7,21,21,"21","15","jo-siffert","march","ford","firestone","1:28.000",88000,,,,,,,"+3.200",3200,"+0.300",300,
191,1970,7,22,22,"22","28","emerson-fittipaldi","lotus","ford","firestone","1:28.100",88100,,,,,,,"+3.300",3300,"+0.100",100,
191,1970,7,23,23,"23","14","graham-hill","lotus","ford","firestone","1:28.400",88400,,,,,,,"+3.600",3600,"+0.300",300,
191,1970,7,24,24,"24","29","pete-lovely","lotus","ford","firestone","1:30.300",90300,,,,,,,"+5.500",5500,"+1.900",1900,
191,1970,7,25,25,"25","25","brian-redman","de-tomaso","ford","dunlop","1:32.800",92800,,,,,,,"+8.000",8000,"+2.500",2500,
192,1970,8,1,1,"1","10","jacky-ickx","ferrari","ferrari","firestone","1:59.500",119500,,,,,,,,,,,
192,1970,8,2,2,"2","2","jochen-rindt","lotus","ford","firestone","1:59.700",119700,,,,,,,"+0.200",200,"+0.200",200,
192,1970,8,3,3,"3","15","clay-regazzoni","ferrari","ferrari","firestone","1:59.800",119800,,,,,,,"+0.300",300,"+0.100",100,
192,1970,8,4,4,"4","12","jo-siffert","march","ford","firestone","2:00.000",120000,,,,,,,"+0.500",500,"+0.200",200,
192,1970,8,5,5,"5","14","henri-pescarolo","matra","matra","goodyear","2:00.500",120500,,,,,,,"+1.000",1000,"+0.500",500,
192,1970,8,6,6,"6","5","chris-amon","march","ford","firestone","2:00.900",120900,,,,,,,"+1.400",1400,"+0.400",400,
192,1970,8,7,7,"7","1","jackie-stewart","march","ford","dunlop","2:01.000",121000,,,,,,,"+1.500",1500,"+0.100",100,
192,1970,8,8,8,"8","6","pedro-rodriguez","brm","brm","dunlop","2:01.100",121100,,,,,,,"+1.600",1600,"+0.100",100,
192,1970,8,9,9,"9","11","mario-andretti","march","ford","firestone","2:01.500",121500,,,,,,,"+2.000",2000,"+0.400",400,
192,1970,8,10,10,"10","16","john-miles","lotus","ford","firestone","2:01.600",121600,,,,,,,"+2.100",2100,"+0.100",100,
192,1970,8,11,11,"11","21","rolf-stommelen","brabham","ford","goodyear","2:01.600",121600,,,,,,,"+2.100",2100,"+0.000",0,
192,1970,8,12,12,"12","3","jack-brabham","brabham","ford","goodyear","2:02.000",122000,,,,,,,"+2.500",2500,"+0.400",400,
192,1970,8,13,13,"13","17","emerson-fittipaldi","lotus","ford","firestone","2:02.000",122000,,,,,,,"+2.500",2500,"+0.000",0,
192,1970,8,14,14,"14","23","francois-cevert","march","ford","dunlop","2:02.100",122100,,,,,,,"+2.600",2600,"+0.100",100,
192,1970,8,15,15,"15","7","john-surtees","surtees","ford","firestone","2:02.100",122100,,,,,,,"+2.600",2600,"+0.000",0,
192,1970,8,16,16,"16","4","denny-hulme","mclaren","ford","goodyear","2:02.100",122100,,,,,,,"+2.600",2600,"+0.000",0,
192,1970,8,17,17,"17","24","peter-gethin","mclaren","ford","goodyear","2:02.200",122200,,,,,,,"+2.700",2700,"+0.100",100,
192,1970,8,18,18,"18","18","jackie-oliver","brm","brm","dunlop","2:02.300",122300,,,,,,,"+2.800",2800,"+0.100",100,
192,1970,8,19,19,"19","22","ronnie-peterson","march","ford","goodyear","2:02.400",122400,,,,,,,"+2.900",2900,"+0.100",100,
192,1970,8,20,20,"20","9","graham-hill","lotus","ford","firestone","2:03.000",123000,,,,,,,"+3.500",3500,"+0.600",600,
192,1970,8,21,21,"21","8","jean-pierre-beltoise","matra","matra","goodyear","2:05.200",125200,,,,,,,"+5.700",5700,"+2.200",2200,
192,1970,8,22,22,"22","25","brian-redman","de-tomaso","ford","dunlop","2:02.700",122700,,,,,,,"+3.200",3200,"-2.500",-1500,
192,1970,8,23,23,"23","20","andrea-de-adamich","mclaren","alfa-romeo","goodyear","2:03.000",123000,,,,,,,"+3.500",3500,"+0.300",300,
192,1970,8,24,24,"24","27","silvio-moser","bellasi","ford","goodyear","2:06.200",126200,,,,,,,"+6.700",6700,"+3.200",3200,
192,1970,8,25,25,"25","26","hubert-hahne","march","ford","firestone","2:07.100",127100,,,,,,,"+7.600",7600,"+0.900",900,
193,1970,9,1,1,"1","6","jochen-rindt","lotus","ford","firestone","1:39.230",99230,,,,,,,,,,,
193,1970,9,2,2,"2","27","clay-regazzoni","ferrari","ferrari","firestone","1:39.700",99700,,,,,,,"+0.470",470,"+0.470",470,
193,1970,9,3,3,"3","12","jacky-ickx","ferrari","ferrari","firestone","1:39.860",99860,,,,,,,"+0.630",630,"+0.160",160,
193,1970,9,4,4,"4","1","jackie-stewart","march","ford","dunlop","1:40.150",100150,,,,,,,"+0.920",920,"+0.290",290,
193,1970,9,5,5,"5","14","ignazio-giunti","ferrari","ferrari","firestone","1:40.210",100210,,,,,,,"+0.980",980,"+0.060",60,
193,1970,9,6,6,"6","4","chris-amon","march","ford","firestone","1:40.600",100600,,,,,,,"+1.370",1370,"+0.390",390,
193,1970,9,7,7,"7","19","jean-pierre-beltoise","matra","matra","goodyear","1:40.810",100810,,,,,,,"+1.580",1580,"+0.210",210,
193,1970,9,8,8,"8","10","jack-brabham","brabham","ford","goodyear","1:40.810",100810,,,,,,,"+1.580",1580,"+0.000",0,
193,1970,9,9,9,"9","2","francois-cevert","march","ford","dunlop","1:40.890",100890,,,,,,,"+1.660",1660,"+0.080",80,
193,1970,9,10,10,"10","7","john-miles","lotus","ford","firestone","1:41.460",101460,,,,,,,"+2.230",2230,"+0.570",570,
193,1970,9,11,11,"11","21","denny-hulme","mclaren","ford","goodyear","1:41.490",101490,,,,,,,"+2.260",2260,"+0.030",30,
193,1970,9,12,12,"12","15","john-surtees","surtees","ford","firestone","1:41.490",101490,,,,,,,"+2.260",2260,"+0.000",0,
193,1970,9,13,13,"13","20","henri-pescarolo","matra","matra","goodyear","1:41.700",101700,,,,,,,"+2.470",2470,"+0.210",210,
193,1970,9,14,14,"14","16","jackie-oliver","brm","brm","dunlop","1:41.730",101730,,,,,,,"+2.500",2500,"+0.030",30,
193,1970,9,15,15,"15","22","andrea-de-adamich","mclaren","alfa-romeo","goodyear","1:41.820",101820,,,,,,,"+2.590",2590,"+0.090",90,
193,1970,9,16,16,"16","8","emerson-fittipaldi","lotus","ford","firestone","1:41.860",101860,,,,,,,"+2.630",2630,"+0.040",40,
193,1970,9,17,17,"17","11","rolf-stommelen","brabham","ford","goodyear","1:42.090",102090,,,,,,,"+2.860",2860,"+0.230",230,
193,1970,9,18,18,"18","5","mario-andretti","march","ford","firestone","1:42.280",102280,,,,,,,"+3.050",3050,"+0.190",190,
193,1970,9,19,19,"19","26","tim-schenken","de-tomaso","ford","dunlop","1:42.410",102410,,,,,,,"+3.180",3180,"+0.130",130,
193,1970,9,20,20,"20","3","jo-siffert","march","ford","firestone","1:42.560",102560,,,,,,,"+3.330",3330,"+0.150",150,
193,1970,9,21,21,"21","23","peter-gethin","mclaren","ford","goodyear","1:42.790",102790,,,,,,,"+3.560",3560,"+0.230",230,
193,1970,9,22,22,"22","17","pedro-rodriguez","brm","brm","dunlop","1:43.190",103190,,,,,,,"+3.960",3960,"+0.400",400,
193,1970,9,23,23,"23","18","george-eaton","brm","brm","dunlop","1:45.000",105000,,,,,,,"+5.770",5770,"+1.810",1810,
193,1970,9,24,24,"24","24","silvio-moser","bellasi","ford","goodyear","1:45.640",105640,,,,,,,"+6.410",6410,"+0.640",640,
194,1970,10,1,1,"1","2","jacky-ickx","ferrari","ferrari","firestone","1:24.140",84140,,,,,,,,,,,
194,1970,10,2,2,"2","10","pedro-rodriguez","brm","brm","dunlop","1:24.360",84360,,,,,,,"+0.220",220,"+0.220",220,
194,1970,10,3,3,"3","4","clay-regazzoni","ferrari","ferrari","firestone","1:24.390",84390,,,,,,,"+0.250",250,"+0.030",30,
194,1970,10,4,4,"4","18","jackie-stewart","march","ford","dunlop","1:24.730",84730,,,,,,,"+0.590",590,"+0.340",340,
194,1970,10,5,5,"5","6","ignazio-giunti","ferrari","ferrari","firestone","1:24.740",84740,,,,,,,"+0.600",600,"+0.010",10,
194,1970,10,6,6,"6","8","jackie-oliver","brm","brm","dunlop","1:24.770",84770,,,,,,,"+0.630",630,"+0.030",30,
194,1970,10,7,7,"7","50","jo-siffert","march","ford","firestone","1:25.090",85090,,,,,,,"+0.950",950,"+0.320",320,
194,1970,10,8,8,"8","44","jack-brabham","brabham","ford","goodyear","1:25.390",85390,,,,,,,"+1.250",1250,"+0.300",300,
194,1970,10,9,9,"9","30","denny-hulme","mclaren","ford","goodyear","1:25.470",85470,,,,,,,"+1.330",1330,"+0.080",80,
194,1970,10,10,10,"10","14","john-surtees","surtees","ford","firestone","1:25.560",85560,,,,,,,"+1.420",1420,"+0.090",90,
194,1970,10,11,11,"11","20","francois-cevert","march","ford","dunlop","1:25.560",85560,,,,,,,"+1.420",1420,"+0.000",0,
194,1970,10,12,12,"12","22","jochen-rindt","lotus","ford","firestone","1:25.710",85710,,,,,,,"+1.570",1570,"+0.150",150,
194,1970,10,13,13,"13","34","andrea-de-adamich","mclaren","alfa-romeo","goodyear","1:25.910",85910,,,,,,,"+1.770",1770,"+0.200",200,
194,1970,10,14,14,"14","52","ronnie-peterson","march","ford","goodyear","1:25.930",85930,,,,,,,"+1.790",1790,"+0.020",20,
194,1970,10,15,15,"15","40","jean-pierre-beltoise","matra","matra","goodyear","1:26.010",86010,,,,,,,"+1.870",1870,"+0.080",80,
194,1970,10,16,16,"16","42","henri-pescarolo","matra","matra","goodyear","1:26.040",86040,,,,,,,"+1.900",1900,"+0.030",30,
194,1970,10,17,17,"17","32","peter-gethin","mclaren","ford","goodyear","1:26.190",86190,,,,,,,"+2.050",2050,"+0.150",150,
194,1970,10,18,18,"18","28","graham-hill","lotus","ford","firestone","1:26.380",86380,,,,,,,"+2.240",2240,"+0.190",190,
194,1970,10,19,19,"19","24","john-miles","lotus","ford","firestone","1:26.510",86510,,,,,,,"+2.370",2370,"+0.130",130,
194,1970,10,20,20,"20","46","rolf-stommelen","brabham","ford","goodyear","1:26.600",86600,,,,,,,"+2.460",2460,"+0.090",90,
194,1970,10,21,21,"21","48","chris-amon","march","ford","firestone","1:26.670",86670,,,,,,,"+2.530",2530,"+0.070",70,
194,1970,10,22,22,"22","54","tim-schenken","de-tomaso","ford","dunlop","1:26.670",86670,,,,,,,"+2.530",2530,"+0.000",0,
194,1970,10,23,23,"23","12","george-eaton","brm","brm","dunlop","1:27.150",87150,,,,,,,"+3.010",3010,"+0.480",480,
194,1970,10,24,24,"24","38","jo-bonnier","mclaren","ford","goodyear","1:28.070",88070,,,,,,,"+3.930",3930,"+0.920",920,
194,1970,10,25,25,"25","26","emerson-fittipaldi","lotus","ford","firestone","1:28.390",88390,,,,,,,"+4.250",4250,"+0.320",320,
194,1970,10,26,26,"26","36","nanni-galli","mclaren","alfa-romeo","goodyear","1:28.590",88590,,,,,,,"+4.450",4450,"+0.200",200,
194,1970,10,27,27,"27","56","silvio-moser","bellasi","ford","goodyear","1:28.610",88610,,,,,,,"+4.470",4470,"+0.020",20,
195,1970,11,1,1,"1","3","jackie-stewart","tyrrell","ford","dunlop","1:31.500",91500,,,,,,,,,,,
195,1970,11,2,2,"2","18","jacky-ickx","ferrari","ferrari","firestone","1:31.600",91600,,,,,,,"+0.100",100,"+0.100",100,
195,1970,11,3,3,"3","19","clay-regazzoni","ferrari","ferrari","firestone","1:31.900",91900,,,,,,,"+0.400",400,"+0.300",300,
195,1970,11,4,4,"4","2","francois-cevert","march","ford","dunlop","1:32.400",92400,,,,,,,"+0.900",900,"+0.500",500,
195,1970,11,5,5,"5","4","john-surtees","surtees","ford","firestone","1:32.600",92600,,,,,,,"+1.100",1100,"+0.200",200,
195,1970,11,6,6,"6","20","chris-amon","march","ford","firestone","1:32.600",92600,,,,,,,"+1.100",1100,"+0.000",0,
195,1970,11,7,7,"7","14","pedro-rodriguez","brm","brm","dunlop","1:32.700",92700,,,,,,,"+1.200",1200,"+0.100",100,
195,1970,11,8,8,"8","24","henri-pescarolo","matra","matra","goodyear","1:32.900",92900,,,,,,,"+1.400",1400,"+0.200",200,
195,1970,11,9,9,"9","16","george-eaton","brm","brm","dunlop","1:32.900",92900,,,,,,,"+1.400",1400,"+0.000",0,
195,1970,11,10,10,"10","15","jackie-oliver","brm","brm","dunlop","1:33.100",93100,,,,,,,"+1.600",1600,"+0.200",200,
195,1970,11,11,11,"11","6","peter-gethin","mclaren","ford","goodyear","1:33.200",93200,,,,,,,"+1.700",1700,"+0.100",100,
195,1970,11,12,12,"12","8","andrea-de-adamich","mclaren","alfa-romeo","goodyear","1:33.200",93200,,,,,,,"+1.700",1700,"+0.000",0,
195,1970,11,13,13,"13","23","jean-pierre-beltoise","matra","matra","goodyear","1:33.400",93400,,,,,,,"+1.900",1900,"+0.200",200,
195,1970,11,14,14,"14","21","jo-siffert","march","ford","firestone","1:33.500",93500,,,,,,,"+2.000",2000,"+0.100",100,
195,1970,11,15,15,"15","5","denny-hulme","mclaren","ford","goodyear","1:33.900",93900,,,,,,,"+2.400",2400,"+0.400",400,
195,1970,11,16,16,"16","26","ronnie-peterson","march","ford","goodyear","1:34.400",94400,,,,,,,"+2.900",2900,"+0.500",500,
195,1970,11,17,17,"17","10","tim-schenken","de-tomaso","ford","dunlop","1:34.600",94600,,,,,,,"+3.100",3100,"+0.200",200,
195,1970,11,18,18,"18","12","rolf-stommelen","brabham","ford","goodyear","1:34.700",94700,,,,,,,"+3.200",3200,"+0.100",100,
195,1970,11,19,19,"19","11","jack-brabham","brabham","ford","goodyear","1:35.400",95400,,,,,,,"+3.900",3900,"+0.700",700,
195,1970,11,20,20,"20","9","graham-hill","lotus","ford","firestone","1:35.800",95800,,,,,,,"+4.300",4300,"+0.400",400,
196,1970,12,1,1,"1","3","jacky-ickx","ferrari","ferrari","firestone","1:03.070",63070,,,,,,,,,,,
196,1970,12,2,2,"2","1","jackie-stewart","tyrrell","ford","dunlop","1:03.620",63620,,,,,,,"+0.550",550,"+0.550",550,
196,1970,12,3,3,"3","24","emerson-fittipaldi","lotus","ford","firestone","1:03.670",63670,,,,,,,"+0.600",600,"+0.050",50,
196,1970,12,4,4,"4","19","pedro-rodriguez","brm","brm","dunlop","1:04.180",64180,,,,,,,"+1.110",1110,"+0.510",510,
196,1970,12,5,5,"5","12","chris-amon","march","ford","firestone","1:04.230",64230,,,,,,,"+1.160",1160,"+0.050",50,
196,1970,12,6,6,"6","4","clay-regazzoni","ferrari","ferrari","firestone","1:04.300",64300,,,,,,,"+1.230",1230,"+0.070",70,
196,1970,12,7,7,"7","20","jackie-oliver","brm","brm","dunlop","1:04.370",64370,,,,,,,"+1.300",1300,"+0.070",70,
196,1970,12,8,8,"8","17","john-surtees","surtees","ford","firestone","1:04.520",64520,,,,,,,"+1.450",1450,"+0.150",150,
196,1970,12,9,9,"9","23","reine-wisell","lotus","ford","firestone","1:04.790",64790,,,,,,,"+1.720",1720,"+0.270",270,
196,1970,12,10,10,"10","14","graham-hill","lotus","ford","firestone","1:04.810",64810,,,,,,,"+1.740",1740,"+0.020",20,
196,1970,12,11,11,"11","8","denny-hulme","mclaren","ford","goodyear","1:04.840",64840,,,,,,,"+1.770",1770,"+0.030",30,
196,1970,12,12,12,"12","7","henri-pescarolo","matra","matra","goodyear","1:05.000",65000,,,,,,,"+1.930",1930,"+0.160",160,
196,1970,12,13,13,"13","18","derek-bell","surtees","ford","firestone","1:05.000",65000,,,,,,,"+1.930",1930,"+0.000",0,
196,1970,12,14,14,"14","21","george-eaton","brm","brm","dunlop","1:05.140",65140,,,,,,,"+2.070",2070,"+0.140",140,
196,1970,12,15,15,"15","29","ronnie-peterson","march","ford","goodyear","1:05.180",65180,,,,,,,"+2.110",2110,"+0.040",40,
196,1970,12,16,16,"16","15","jack-brabham","brabham","ford","goodyear","1:05.290",65290,,,,,,,"+2.220",2220,"+0.110",110,
196,1970,12,17,17,"17","2","francois-cevert","march","ford","dunlop","1:05.300",65300,,,,,,,"+2.230",2230,"+0.010",10,
196,1970,12,18,18,"18","6","jean-pierre-beltoise","matra","matra","goodyear","1:05.440",65440,,,,,,,"+2.370",2370,"+0.140",140,
196,1970,12,19,19,"19","16","rolf-stommelen","brabham","ford","goodyear","1:05.770",65770,,,,,,,"+2.700",2700,"+0.330",330,
196,1970,12,20,20,"20","30","tim-schenken","de-tomaso","ford","dunlop","1:06.080",66080,,,,,,,"+3.010",3010,"+0.310",310,
196,1970,12,21,21,"21","9","peter-gethin","mclaren","ford","goodyear","1:06.120",66120,,,,,,,"+3.050",3050,"+0.040",40,
196,1970,12,22,22,"22","31","gus-hutchison","brabham","ford","goodyear","1:06.220",66220,,,,,,,"+3.150",3150,"+0.100",100,
196,1970,12,23,23,"23","11","jo-siffert","march","ford","firestone","1:06.230",66230,,,,,,,"+3.160",3160,"+0.010",10,
196,1970,12,24,24,"24","27","jo-bonnier","mclaren","ford","goodyear","1:06.460",66460,,,,,,,"+3.390",3390,"+0.230",230,
196,1970,12,25,25,"25","32","peter-westbury","brm","brm","dunlop","1:07.200",67200,,,,,,,"+4.130",4130,"+0.740",740,
196,1970,12,26,26,"26","28","pete-lovely","lotus","ford","firestone","1:07.450",67450,,,,,,,"+4.380",4380,"+0.250",250,
196,1970,12,27,27,"27","10","andrea-de-adamich","mclaren","alfa-romeo","goodyear","1:12.240",72240,,,,,,,"+9.170",9170,"+4.790",4790,
197,1970,13,1,1,"1","4","clay-regazzoni","ferrari","ferrari","firestone","1:41.860",101860,,,,,,,,,,,
197,1970,13,2,2,"2","1","jackie-stewart","tyrrell","ford","dunlop","1:41.880",101880,,,,,,,"+0.020",20,"+0.020",20,
197,1970,13,3,3,"3","3","jacky-ickx","ferrari","ferrari","firestone","1:42.410",102410,,,,,,,"+0.550",550,"+0.530",530,
197,1970,13,4,4,"4","15","jack-brabham","brabham","ford","goodyear","1:43.570",103570,,,,,,,"+1.710",1710,"+1.160",1160,
197,1970,13,5,5,"5","12","chris-amon","march","ford","firestone","1:43.710",103710,,,,,,,"+1.850",1850,"+0.140",140,
197,1970,13,6,6,"6","6","jean-pierre-beltoise","matra","matra","goodyear","1:43.820",103820,,,,,,,"+1.960",1960,"+0.110",110,
197,1970,13,7,7,"7","19","pedro-rodriguez","brm","brm","dunlop","1:44.010",104010,,,,,,,"+2.150",2150,"+0.190",190,
197,1970,13,8,8,"8","14","graham-hill","lotus","ford","firestone","1:44.130",104130,,,,,,,"+2.270",2270,"+0.120",120,
197,1970,13,9,9,"9","2","francois-cevert","march","ford","dunlop","1:44.210",104210,,,,,,,"+2.350",2350,"+0.080",80,
197,1970,13,10,10,"10","9","peter-gethin","mclaren","ford","goodyear","1:44.460",104460,,,,,,,"+2.600",2600,"+0.250",250,
197,1970,13,11,11,"11","7","henri-pescarolo","matra","matra","goodyear","1:44.550",104550,,,,,,,"+2.690",2690,"+0.090",90,
197,1970,13,12,12,"12","23","reine-wisell","lotus","ford","firestone","1:44.590",104590,,,,,,,"+2.730",2730,"+0.040",40,
197,1970,13,13,13,"13","20","jackie-oliver","brm","brm","dunlop","1:44.700",104700,,,,,,,"+2.840",2840,"+0.110",110,
197,1970,13,14,14,"14","8","denny-hulme","mclaren","ford","goodyear","1:44.950",104950,,,,,,,"+3.090",3090,"+0.250",250,
197,1970,13,15,15,"15","17","john-surtees","surtees","ford","firestone","1:45.030",105030,,,,,,,"+3.170",3170,"+0.080",80,
197,1970,13,16,16,"16","11","jo-siffert","march","ford","firestone","1:46.150",106150,,,,,,,"+4.290",4290,"+1.120",1120,
197,1970,13,17,17,"17","16","rolf-stommelen","brabham","ford","goodyear","1:46.300",106300,,,,,,,"+4.440",4440,"+0.150",150,
197,1970,13,18,18,"18","24","emerson-fittipaldi","lotus","ford","firestone","1:48.130",108130,,,,,,,"+6.270",6270,"+1.830",1830,
198,1971,1,1,1,"1","9","jackie-stewart","tyrrell","ford","goodyear","1:17.800",77800,,,,,,,,,,,
198,1971,1,2,2,"2","19","chris-amon","matra","matra","goodyear","1:18.400",78400,,,,,,,"+0.600",600,"+0.600",600,
198,1971,1,3,3,"3","5","clay-regazzoni","ferrari","ferrari","firestone","1:18.700",78700,,,,,,,"+0.900",900,"+0.300",300,
198,1971,1,4,4,"4","6","mario-andretti","ferrari","ferrari","firestone","1:19.000",79000,,,,,,,"+1.200",1200,"+0.300",300,
198,1971,1,5,5,"5","2","emerson-fittipaldi","lotus","ford","firestone","1:19.100",79100,,,,,,,"+1.300",1300,"+0.100",100,
198,1971,1,6,6,"6","20","john-surtees","surtees","ford","firestone","1:19.100",79100,,,,,,,"+1.300",1300,"+0.000",0,
198,1971,1,7,7,"7","11","denny-hulme","mclaren","ford","goodyear","1:19.100",79100,,,,,,,"+1.300",1300,"+0.000",0,
198,1971,1,8,8,"8","4","jacky-ickx","ferrari","ferrari","firestone","1:19.200",79200,,,,,,,"+1.400",1400,"+0.100",100,
198,1971,1,9,9,"9","10","francois-cevert","tyrrell","ford","goodyear","1:19.200",79200,,,,,,,"+1.400",1400,"+0.000",0,
198,1971,1,10,10,"10","16","pedro-rodriguez","brm","brm","firestone","1:19.300",79300,,,,,,,"+1.500",1500,"+0.100",100,
198,1971,1,11,11,"11","12","peter-gethin","mclaren","ford","goodyear","1:19.600",79600,,,,,,,"+1.800",1800,"+0.300",300,
198,1971,1,12,12,"12","15","dave-charlton","brabham","ford","goodyear","1:19.800",79800,,,,,,,"+2.000",2000,"+0.200",200,
198,1971,1,13,13,"13","7","ronnie-peterson","march","ford","firestone","1:19.900",79900,,,,,,,"+2.100",2100,"+0.100",100,
198,1971,1,14,14,"14","3","reine-wisell","lotus","ford","firestone","1:19.900",79900,,,,,,,"+2.100",2100,"+0.000",0,
198,1971,1,15,15,"15","21","rolf-stommelen","surtees","ford","firestone","1:20.100",80100,,,,,,,"+2.300",2300,"+0.200",200,
198,1971,1,16,16,"16","17","jo-siffert","brm","brm","firestone","1:20.200",80200,,,,,,,"+2.400",2400,"+0.100",100,
198,1971,1,17,17,"17","28","brian-redman","surtees","ford","firestone","1:20.200",80200,,,,,,,"+2.400",2400,"+0.000",0,
198,1971,1,18,18,"18","22","henri-pescarolo","march","ford","goodyear","1:20.200",80200,,,,,,,"+2.400",2400,"+0.000",0,
198,1971,1,19,19,"19","14","graham-hill","brabham","ford","goodyear","1:20.500",80500,,,,,,,"+2.700",2700,"+0.300",300,
198,1971,1,20,20,"20","25","jackie-pretorius","brabham","ford","firestone","1:21.700",81700,,,,,,,"+3.900",3900,"+1.200",1200,
198,1971,1,21,21,"21","24","john-love","march","ford","firestone","1:21.900",81900,,,,,,,"+4.100",4100,"+0.200",200,
198,1971,1,22,22,"22","8","andrea-de-adamich","march","alfa-romeo","firestone","1:22.200",82200,,,,,,,"+4.400",4400,"+0.300",300,
198,1971,1,23,23,"23","23","jo-bonnier","mclaren","ford","goodyear","1:22.300",82300,,,,,,,"+4.500",4500,"+0.100",100,
198,1971,1,24,24,"24","27","howden-ganley","brm","brm","firestone","1:23.700",83700,,,,,,,"+5.900",5900,"+1.400",1400,
198,1971,1,25,25,"25","26","alex-soler-roig","march","ford","firestone","1:25.800",85800,,,,,,,"+8.000",8000,"+2.100",2100,
199,1971,2,1,1,"1","4","jacky-ickx","ferrari","ferrari","firestone","1:25.900",85900,,,,,,,,,,,
199,1971,2,2,2,"2","5","clay-regazzoni","ferrari","ferrari","firestone","1:26.000",86000,,,,,,,"+0.100",100,"+0.100",100,
199,1971,2,3,3,"3","20","chris-amon","matra","matra","goodyear","1:26.000",86000,,,,,,,"+0.100",100,"+0.000",0,
199,1971,2,4,4,"4","11","jackie-stewart","tyrrell","ford","goodyear","1:26.200",86200,,,,,,,"+0.300",300,"+0.200",200,
199,1971,2,5,5,"5","14","pedro-rodriguez","brm","brm","firestone","1:26.500",86500,,,,,,,"+0.600",600,"+0.300",300,
199,1971,2,6,6,"6","21","jean-pierre-beltoise","matra","matra","goodyear","1:26.600",86600,,,,,,,"+0.700",700,"+0.100",100,
199,1971,2,7,7,"7","10","peter-gethin","mclaren","ford","goodyear","1:26.800",86800,,,,,,,"+0.900",900,"+0.200",200,
199,1971,2,8,8,"8","6","mario-andretti","ferrari","ferrari","firestone","1:26.900",86900,,,,,,,"+1.000",1000,"+0.100",100,
199,1971,2,9,9,"9","9","denny-hulme","mclaren","ford","goodyear","1:27.100",87100,,,,,,,"+1.200",1200,"+0.200",200,
199,1971,2,10,10,"10","15","jo-siffert","brm","brm","firestone","1:27.300",87300,,,,,,,"+1.400",1400,"+0.200",200,
199,1971,2,11,11,"11","27","henri-pescarolo","march","ford","goodyear","1:27.500",87500,,,,,,,"+1.600",1600,"+0.200",200,
199,1971,2,12,12,"12","12","francois-cevert","tyrrell","ford","goodyear","1:27.700",87700,,,,,,,"+1.800",1800,"+0.200",200,
199,1971,2,13,13,"13","18","ronnie-peterson","march","ford","firestone","1:27.800",87800,,,,,,,"+1.900",1900,"+0.100",100,
199,1971,2,14,14,"14","2","emerson-fittipaldi","lotus","ford","firestone","1:27.900",87900,,,,,,,"+2.000",2000,"+0.100",100,
199,1971,2,15,15,"15","7","graham-hill","brabham","ford","goodyear","1:28.400",88400,,,,,,,"+2.500",2500,"+0.500",500,
199,1971,2,16,16,"16","3","reine-wisell","lotus","ford","firestone","1:28.600",88600,,,,,,,"+2.700",2700,"+0.200",200,
199,1971,2,17,17,"17","16","howden-ganley","brm","brm","firestone","1:28.600",88600,,,,,,,"+2.700",2700,"+0.000",0,
199,1971,2,18,18,"18","17","andrea-de-adamich","march","alfa-romeo","firestone","1:29.500",89500,,,,,,,"+3.600",3600,"+0.900",900,
199,1971,2,19,19,"19","25","rolf-stommelen","surtees","ford","firestone","1:29.600",89600,,,,,,,"+3.700",3700,"+0.100",100,
199,1971,2,20,20,"20","19","alex-soler-roig","march","ford","firestone","1:29.800",89800,,,,,,,"+3.900",3900,"+0.200",200,
199,1971,2,21,21,"21","8","tim-schenken","brabham","ford","goodyear","1:30.600",90600,,,,,,,"+4.700",4700,"+0.800",800,
199,1971,2,22,22,"22","24","john-surtees","surtees","ford","firestone","1:30.800",90800,,,,,,,"+4.900",4900,"+0.200",200,
200,1971,3,1,1,"1","11","jackie-stewart","tyrrell","ford","goodyear","1:23.200",83200,,,,,,,,,,,
200,1971,3,2,2,"2","4","jacky-ickx","ferrari","ferrari","firestone","1:24.400",84400,,,,,,,"+1.200",1200,"+1.200",1200,
200,1971,3,3,3,"3","14","jo-siffert","brm","brm","firestone","1:24.800",84800,,,,,,,"+1.600",1600,"+0.400",400,
200,1971,3,4,4,"4","20","chris-amon","matra","matra","goodyear","1:24.800",84800,,,,,,,"+1.600",1600,"+0.000",0,
200,1971,3,5,5,"5","15","pedro-rodriguez","brm","brm","firestone","1:25.100",85100,,,,,,,"+1.900",1900,"+0.300",300,
200,1971,3,6,6,"6","9","denny-hulme","mclaren","ford","goodyear","1:25.300",85300,,,,,,,"+2.100",2100,"+0.200",200,
200,1971,3,7,7,"7","21","jean-pierre-beltoise","matra","matra","goodyear","1:25.600",85600,,,,,,,"+2.400",2400,"+0.300",300,
200,1971,3,8,8,"8","17","ronnie-peterson","march","ford","firestone","1:25.800",85800,,,,,,,"+2.600",2600,"+0.200",200,
200,1971,3,9,9,"9","7","graham-hill","brabham","ford","goodyear","1:26.000",86000,,,,,,,"+2.800",2800,"+0.200",200,
200,1971,3,10,10,"10","22","john-surtees","surtees","ford","firestone","1:26.000",86000,,,,,,,"+2.800",2800,"+0.000",0,
200,1971,3,11,11,"11","5","clay-regazzoni","ferrari","ferrari","firestone","1:26.100",86100,,,,,,,"+2.900",2900,"+0.100",100,
200,1971,3,12,12,"12","2","reine-wisell","lotus","ford","firestone","1:26.700",86700,,,,,,,"+3.500",3500,"+0.600",600,
200,1971,3,13,13,"13","27","henri-pescarolo","march","ford","goodyear","1:26.700",86700,,,,,,,"+3.500",3500,"+0.000",0,
200,1971,3,14,14,"14","10","peter-gethin","mclaren","ford","goodyear","1:26.900",86900,,,,,,,"+3.700",3700,"+0.200",200,
200,1971,3,15,15,"15","12","francois-cevert","tyrrell","ford","goodyear","1:27.200",87200,,,,,,,"+4.000",4000,"+0.300",300,
200,1971,3,16,16,"16","24","rolf-stommelen","surtees","ford","firestone","1:27.200",87200,,,,,,,"+4.000",4000,"+0.000",0,
200,1971,3,17,17,"17","1","emerson-fittipaldi","lotus","ford","firestone","1:27.700",87700,,,,,,,"+4.500",4500,"+0.500",500,
200,1971,3,18,18,"18","8","tim-schenken","brabham","ford","goodyear","1:28.300",88300,,,,,,,"+5.100",5100,"+0.600",600,
200,1971,3,19,19,"19","16","howden-ganley","brm","brm","firestone","1:28.800",88800,,,,,,,"+5.600",5600,"+0.500",500,
200,1971,3,20,20,"20","6","mario-andretti","ferrari","ferrari","firestone","1:29.100",89100,,,,,,,"+5.900",5900,"+0.300",300,
200,1971,3,21,21,"21","19","nanni-galli","march","alfa-romeo","firestone","1:34.600",94600,,,,,,,"+11.400",11400,"+5.500",5500,
200,1971,3,22,22,"22","18","alex-soler-roig","march","ford","firestone","1:44.400",104400,,,,,,,"+21.200",21200,"+9.800",9800,
200,1971,3,23,23,"23","28","skip-barber","march","ford","firestone","2:48.600",168600,,,,,,,"+1:25.400",85400,"+1:04.200",64200,
201,1971,4,1,1,"1","2","jacky-ickx","ferrari","ferrari","firestone","1:17.420",77420,,,,,,,,,,,
201,1971,4,2,2,"2","8","pedro-rodriguez","brm","brm","firestone","1:17.460",77460,,,,,,,"+0.040",40,"+0.040",40,
201,1971,4,3,3,"3","5","jackie-stewart","tyrrell","ford","goodyear","1:17.640",77640,,,,,,,"+0.220",220,"+0.180",180,
201,1971,4,4,4,"4","3","clay-regazzoni","ferrari","ferrari","firestone","1:17.980",77980,,,,,,,"+0.560",560,"+0.340",340,
201,1971,4,5,5,"5","20","chris-amon","matra","matra","goodyear","1:18.460",78460,,,,,,,"+1.040",1040,"+0.480",480,
201,1971,4,6,6,"6","14","reine-wisell","lotus","ford","firestone","1:18.700",78700,,,,,,,"+1.280",1280,"+0.240",240,
201,1971,4,7,7,"7","23","john-surtees","surtees","ford","firestone","1:18.710",78710,,,,,,,"+1.290",1290,"+0.010",10,
201,1971,4,8,8,"8","9","jo-siffert","brm","brm","firestone","1:18.910",78910,,,,,,,"+1.490",1490,"+0.200",200,
201,1971,4,9,9,"9","10","howden-ganley","brm","brm","firestone","1:19.090",79090,,,,,,,"+1.670",1670,"+0.180",180,
201,1971,4,10,10,"10","29","rolf-stommelen","surtees","ford","firestone","1:19.110",79110,,,,,,,"+1.690",1690,"+0.020",20,
201,1971,4,11,11,"11","21","jean-pierre-beltoise","matra","matra","goodyear","1:19.160",79160,,,,,,,"+1.740",1740,"+0.050",50,
201,1971,4,12,12,"12","6","francois-cevert","tyrrell","ford","goodyear","1:19.540",79540,,,,,,,"+2.120",2120,"+0.380",380,
201,1971,4,13,13,"13","16","ronnie-peterson","march","ford","firestone","1:19.730",79730,,,,,,,"+2.310",2310,"+0.190",190,
201,1971,4,14,14,"14","26","denny-hulme","mclaren","ford","goodyear","1:19.740",79740,,,,,,,"+2.320",2320,"+0.010",10,
201,1971,4,15,15,"15","31","henri-pescarolo","march","ford","goodyear","1:20.010",80010,,,,,,,"+2.590",2590,"+0.270",270,
201,1971,4,16,16,"16","24","graham-hill","brabham","ford","goodyear","1:20.070",80070,,,,,,,"+2.650",2650,"+0.060",60,
201,1971,4,17,17,"17","19","alex-soler-roig","march","ford","firestone","1:20.260",80260,,,,,,,"+2.840",2840,"+0.190",190,
201,1971,4,18,18,"18","4","mario-andretti","ferrari","ferrari","firestone","1:20.320",80320,,,,,,,"+2.900",2900,"+0.060",60,
201,1971,4,19,19,"19","25","tim-schenken","brabham","ford","goodyear","1:20.350",80350,,,,,,,"+2.930",2930,"+0.030",30,
201,1971,4,20,20,"20","18","nanni-galli","march","alfa-romeo","firestone","1:20.610",80610,,,,,,,"+3.190",3190,"+0.260",260,
201,1971,4,21,21,"21","30","gijs-van-lennep","surtees","ford","firestone","1:20.790",80790,,,,,,,"+3.370",3370,"+0.180",180,
201,1971,4,22,22,"22","15","david-walker","lotus","pratt-whitney","firestone","1:21.830",81830,,,,,,,"+4.410",4410,"+1.040",1040,
201,1971,4,23,23,"23","28","peter-gethin","mclaren","ford","goodyear","1:22.070",82070,,,,,,,"+4.650",4650,"+0.240",240,
201,1971,4,24,24,"24","22","skip-barber","march","ford","firestone","1:22.190",82190,,,,,,,"+4.770",4770,"+0.120",120,
202,1971,5,1,1,"1","11","jackie-stewart","tyrrell","ford","goodyear","1:50.710",110710,,,,,,,,,,,
202,1971,5,2,2,"2","5","clay-regazzoni","ferrari","ferrari","firestone","1:51.530",111530,,,,,,,"+0.820",820,"+0.820",820,
202,1971,5,3,3,"3","4","jacky-ickx","ferrari","ferrari","firestone","1:51.880",111880,,,,,,,"+1.170",1170,"+0.350",350,
202,1971,5,4,4,"4","7","graham-hill","brabham","ford","goodyear","1:52.320",112320,,,,,,,"+1.610",1610,"+0.440",440,
202,1971,5,5,5,"5","15","pedro-rodriguez","brm","brm","firestone","1:52.460",112460,,,,,,,"+1.750",1750,"+0.140",140,
202,1971,5,6,6,"6","14","jo-siffert","brm","brm","firestone","1:52.500",112500,,,,,,,"+1.790",1790,"+0.040",40,
202,1971,5,7,7,"7","12","francois-cevert","tyrrell","ford","goodyear","1:52.690",112690,,,,,,,"+1.980",1980,"+0.190",190,
202,1971,5,8,8,"8","21","jean-pierre-beltoise","matra","matra","goodyear","1:52.920",112920,,,,,,,"+2.210",2210,"+0.230",230,
202,1971,5,9,9,"9","20","chris-amon","matra","matra","goodyear","1:52.940",112940,,,,,,,"+2.230",2230,"+0.020",20,
202,1971,5,10,10,"10","24","rolf-stommelen","surtees","ford","firestone","1:53.100",113100,,,,,,,"+2.390",2390,"+0.160",160,
202,1971,5,11,11,"11","9","denny-hulme","mclaren","ford","goodyear","1:53.240",113240,,,,,,,"+2.530",2530,"+0.140",140,
202,1971,5,12,12,"12","17","ronnie-peterson","march","alfa-romeo","firestone","1:53.360",113360,,,,,,,"+2.650",2650,"+0.120",120,
202,1971,5,13,13,"13","22","john-surtees","surtees","ford","firestone","1:53.570",113570,,,,,,,"+2.860",2860,"+0.210",210,
202,1971,5,14,14,"14","8","tim-schenken","brabham","ford","goodyear","1:53.580",113580,,,,,,,"+2.870",2870,"+0.010",10,
202,1971,5,15,15,"15","2","reine-wisell","lotus","ford","firestone","1:53.750",113750,,,,,,,"+3.040",3040,"+0.170",170,
202,1971,5,16,16,"16","16","howden-ganley","brm","brm","firestone","1:53.770",113770,,,,,,,"+3.060",3060,"+0.020",20,
202,1971,5,17,17,"17","1","emerson-fittipaldi","lotus","ford","firestone","1:54.220",114220,,,,,,,"+3.510",3510,"+0.450",450,
202,1971,5,18,18,"18","27","henri-pescarolo","march","ford","goodyear","1:54.270",114270,,,,,,,"+3.560",3560,"+0.050",50,
202,1971,5,19,19,"19","10","peter-gethin","mclaren","ford","goodyear","1:54.900",114900,,,,,,,"+4.190",4190,"+0.630",630,
202,1971,5,20,20,"20","33","nanni-galli","march","ford","firestone","1:55.520",115520,,,,,,,"+4.810",4810,"+0.620",620,
202,1971,5,21,21,"21","19","andrea-de-adamich","march","alfa-romeo","firestone","1:56.170",116170,,,,,,,"+5.460",5460,"+0.650",650,
202,1971,5,22,22,"22","18","alex-soler-roig","march","ford","firestone","1:57.070",117070,,,,,,,"+6.360",6360,"+0.900",900,
202,1971,5,23,23,"23","28","max-jean","march","ford","goodyear","1:59.790",119790,,,,,,,"+9.080",9080,"+2.720",2720,
202,1971,5,24,24,"24","34","francois-mazet","march","ford","firestone","2:00.510",120510,,,,,,,"+9.800",9800,"+0.720",720,
203,1971,6,1,1,"1","5","clay-regazzoni","ferrari","ferrari","firestone","1:18.100",78100,,,,,,,,,,,
203,1971,6,2,2,"2","12","jackie-stewart","tyrrell","ford","goodyear","1:18.100",78100,,,,,,,"+0.000",0,"+0.000",0,
203,1971,6,3,3,"3","16","jo-siffert","brm","brm","firestone","1:18.200",78200,,,,,,,"+0.100",100,"+0.100",100,
203,1971,6,4,4,"4","1","emerson-fittipaldi","lotus","ford","firestone","1:18.300",78300,,,,,,,"+0.200",200,"+0.100",100,
203,1971,6,5,5,"5","18","ronnie-peterson","march","ford","firestone","1:19.000",79000,,,,,,,"+0.900",900,"+0.700",700,
203,1971,6,6,6,"6","4","jacky-ickx","ferrari","ferrari","firestone","1:19.500",79500,,,,,,,"+1.400",1400,"+0.500",500,
203,1971,6,7,7,"7","8","tim-schenken","brabham","ford","goodyear","1:19.500",79500,,,,,,,"+1.400",1400,"+0.000",0,
203,1971,6,8,8,"8","9","denny-hulme","mclaren","ford","goodyear","1:19.600",79600,,,,,,,"+1.500",1500,"+0.100",100,
203,1971,6,9,9,"9","21","chris-amon","matra","matra","goodyear","1:19.700",79700,,,,,,,"+1.600",1600,"+0.100",100,
203,1971,6,10,10,"10","14","francois-cevert","tyrrell","ford","goodyear","1:19.800",79800,,,,,,,"+1.700",1700,"+0.100",100,
203,1971,6,11,11,"11","17","howden-ganley","brm","brm","firestone","1:19.840",79840,,,,,,,"+1.740",1740,"+0.040",40,
203,1971,6,12,12,"12","24","rolf-stommelen","surtees","ford","firestone","1:19.880",79880,,,,,,,"+1.780",1780,"+0.040",40,
203,1971,6,13,13,"13","2","dave-charlton","lotus","ford","firestone","1:20.050",80050,,,,,,,"+1.950",1950,"+0.170",170,
203,1971,6,14,14,"14","10","peter-gethin","mclaren","ford","goodyear","1:20.100",80100,,,,,,,"+2.000",2000,"+0.050",50,
203,1971,6,15,15,"15","22","jean-pierre-beltoise","matra","matra","goodyear","1:20.200",80200,,,,,,,"+2.100",2100,"+0.100",100,
203,1971,6,16,16,"16","7","graham-hill","brabham","ford","goodyear","1:20.300",80300,,,,,,,"+2.200",2200,"+0.100",100,
203,1971,6,17,17,"17","26","henri-pescarolo","march","ford","goodyear","1:20.500",80500,,,,,,,"+2.400",2400,"+0.200",200,
203,1971,6,18,18,"18","23","john-surtees","surtees","ford","firestone","1:20.600",80600,,,,,,,"+2.500",2500,"+0.100",100,
203,1971,6,19,19,"19","3","reine-wisell","lotus","pratt-whitney","firestone","1:20.660",80660,,,,,,,"+2.560",2560,"+0.060",60,
203,1971,6,20,20,"20","6","mike-beuttler","march","ford","firestone","1:20.700",80700,,,,,,,"+2.600",2600,"+0.040",40,
203,1971,6,21,21,"21","20","nanni-galli","march","ford","firestone","1:20.900",80900,,,,,,,"+2.800",2800,"+0.200",200,
203,1971,6,22,22,"22","11","jackie-oliver","mclaren","ford","goodyear","1:21.000",81000,,,,,,,"+2.900",2900,"+0.100",100,
203,1971,6,23,23,"23","25","derek-bell","surtees","ford","firestone","1:22.300",82300,,,,,,,"+4.200",4200,"+1.300",1300,
203,1971,6,24,24,"24","19","andrea-de-adamich","march","alfa-romeo","firestone","1:23.200",83200,,,,,,,"+5.100",5100,"+0.900",900,
204,1971,7,1,1,"1","2","jackie-stewart","tyrrell","ford","goodyear","7:19.000",439000,,,,,,,,,,,
204,1971,7,2,2,"2","4","jacky-ickx","ferrari","ferrari","firestone","7:19.200",439200,,,,,,,"+0.200",200,"+0.200",200,
204,1971,7,3,3,"3","21","jo-siffert","brm","brm","firestone","7:22.400",442400,,,,,,,"+3.400",3400,"+3.200",3200,
204,1971,7,4,4,"4","6","clay-regazzoni","ferrari","ferrari","firestone","7:22.700",442700,,,,,,,"+3.700",3700,"+0.300",300,
204,1971,7,5,5,"5","3","francois-cevert","tyrrell","ford","goodyear","7:23.400",443400,,,,,,,"+4.400",4400,"+0.700",700,
204,1971,7,6,6,"6","18","denny-hulme","mclaren","ford","goodyear","7:26.000",446000,,,,,,,"+7.000",7000,"+2.600",2600,
204,1971,7,7,7,"7","15","ronnie-peterson","march","ford","firestone","7:26.500",446500,,,,,,,"+7.500",7500,"+0.500",500,
204,1971,7,8,8,"8","8","emerson-fittipaldi","lotus","ford","firestone","7:27.500",447500,,,,,,,"+8.500",8500,"+1.000",1000,
204,1971,7,9,9,"9","25","tim-schenken","brabham","ford","goodyear","7:29.800",449800,,,,,,,"+10.800",10800,"+2.300",2300,
204,1971,7,10,10,"10","14","henri-pescarolo","march","ford","goodyear","7:30.300",450300,,,,,,,"+11.300",11300,"+0.500",500,
204,1971,7,11,11,"11","5","mario-andretti","ferrari","ferrari","firestone","7:31.700",451700,,,,,,,"+12.700",12700,"+1.400",1400,
204,1971,7,12,12,"12","12","rolf-stommelen","surtees","ford","firestone","7:34.700",454700,,,,,,,"+15.700",15700,"+3.000",3000,
204,1971,7,13,13,"13","24","graham-hill","brabham","ford","goodyear","7:36.100",456100,,,,,,,"+17.100",17100,"+1.400",1400,
204,1971,7,14,14,"14","23","howden-ganley","brm","brm","firestone","7:36.600",456600,,,,,,,"+17.600",17600,"+0.500",500,
204,1971,7,15,15,"15","7","john-surtees","surtees","ford","firestone","7:36.700",456700,,,,,,,"+17.700",17700,"+0.100",100,
204,1971,7,16,16,"16","10","chris-amon","matra","matra","goodyear","7:37.300",457300,,,,,,,"+18.300",18300,"+0.600",600,
204,1971,7,17,17,"17","9","reine-wisell","lotus","ford","firestone","7:39.960",459960,,,,,,,"+20.960",20960,"+2.660",2660,
204,1971,7,18,18,"18","22","vic-elford","brm","brm","firestone","7:39.980",459980,,,,,,,"+20.980",20980,"+0.020",20,
204,1971,7,19,19,"19","20","peter-gethin","mclaren","ford","goodyear","7:41.400",461400,,,,,,,"+22.400",22400,"+1.420",1420,
204,1971,7,20,20,"20","16","andrea-de-adamich","march","alfa-romeo","firestone","7:41.700",461700,,,,,,,"+22.700",22700,"+0.300",300,
204,1971,7,21,21,"21","17","nanni-galli","march","alfa-romeo","firestone","7:47.600",467600,,,,,,,"+28.600",28600,"+5.900",5900,
204,1971,7,22,22,"22","28","mike-beuttler","march","ford","firestone","7:52.600",472600,,,,,,,"+33.600",33600,"+5.000",5000,
204,1971,7,23,23,"23","27","jo-bonnier","mclaren","ford","goodyear","8:17.000",497000,,,,,,,"+58.000",58000,"+24.400",24400,
204,1971,7,24,24,"24","27","helmut-marko","mclaren","ford","goodyear",,,,,,,,,,,,,
205,1971,8,1,1,"1","14","jo-siffert","brm","brm","firestone","1:37.440",97440,,,,,,,,,,,
205,1971,8,2,2,"2","11","jackie-stewart","tyrrell","ford","goodyear","1:37.650",97650,,,,,,,"+0.210",210,"+0.210",210,
205,1971,8,3,3,"3","12","francois-cevert","tyrrell","ford","goodyear","1:37.860",97860,,,,,,,"+0.420",420,"+0.210",210,
205,1971,8,4,4,"4","5","clay-regazzoni","ferrari","ferrari","firestone","1:37.900",97900,,,,,,,"+0.460",460,"+0.040",40,
205,1971,8,5,5,"5","2","emerson-fittipaldi","lotus","ford","firestone","1:37.900",97900,,,,,,,"+0.460",460,"+0.000",0,
205,1971,8,6,6,"6","4","jacky-ickx","ferrari","ferrari","firestone","1:38.270",98270,,,,,,,"+0.830",830,"+0.370",370,
205,1971,8,7,7,"7","8","tim-schenken","brabham","ford","goodyear","1:38.640",98640,,,,,,,"+1.200",1200,"+0.370",370,
205,1971,8,8,8,"8","7","graham-hill","brabham","ford","goodyear","1:38.700",98700,,,,,,,"+1.260",1260,"+0.060",60,
205,1971,8,9,9,"9","9","denny-hulme","mclaren","ford","goodyear","1:38.800",98800,,,,,,,"+1.360",1360,"+0.100",100,
205,1971,8,10,10,"10","3","reine-wisell","lotus","ford","firestone","1:38.950",98950,,,,,,,"+1.510",1510,"+0.150",150,
205,1971,8,11,11,"11","17","ronnie-peterson","march","ford","firestone","1:39.010",99010,,,,,,,"+1.570",1570,"+0.060",60,
205,1971,8,12,12,"12","24","rolf-stommelen","surtees","ford","firestone","1:39.080",99080,,,,,,,"+1.640",1640,"+0.070",70,
205,1971,8,13,13,"13","25","henri-pescarolo","march","ford","goodyear","1:39.090",99090,,,,,,,"+1.650",1650,"+0.010",10,
205,1971,8,14,14,"14","15","howden-ganley","brm","brm","firestone","1:39.460",99460,,,,,,,"+2.020",2020,"+0.370",370,
205,1971,8,15,15,"15","19","nanni-galli","march","alfa-romeo","firestone","1:39.540",99540,,,,,,,"+2.100",2100,"+0.080",80,
205,1971,8,16,16,"16","23","peter-gethin","brm","brm","firestone","1:39.670",99670,,,,,,,"+2.230",2230,"+0.130",130,
205,1971,8,17,17,"17","16","helmut-marko","brm","brm","firestone","1:39.800",99800,,,,,,,"+2.360",2360,"+0.130",130,
205,1971,8,18,18,"18","22","john-surtees","surtees","ford","firestone","1:40.370",100370,,,,,,,"+2.930",2930,"+0.570",570,
205,1971,8,19,19,"19","27","mike-beuttler","march","ford","firestone","1:41.460",101460,,,,,,,"+4.020",4020,"+1.090",1090,
205,1971,8,20,20,"20","28","jo-bonnier","mclaren","ford","goodyear","1:41.660",101660,,,,,,,"+4.220",4220,"+0.200",200,
205,1971,8,21,21,"21","26","niki-lauda","march","ford","firestone","1:43.680",103680,,,,,,,"+6.240",6240,"+2.020",2020,
205,1971,8,22,22,"22","10","jackie-oliver","mclaren","ford","goodyear","1:44.220",104220,,,,,,,"+6.780",6780,"+0.540",540,
206,1971,9,1,1,"1","12","chris-amon","matra","matra","goodyear","1:22.400",82400,,,,,,,,,,,
206,1971,9,2,2,"2","3","jacky-ickx","ferrari","ferrari","firestone","1:22.820",82820,,,,,,,"+0.420",420,"+0.420",420,
206,1971,9,3,3,"3","20","jo-siffert","brm","brm","firestone","1:23.030",83030,,,,,,,"+0.630",630,"+0.210",210,
206,1971,9,4,4,"4","19","howden-ganley","brm","brm","firestone","1:23.150",83150,,,,,,,"+0.750",750,"+0.120",120,
206,1971,9,5,5,"5","2","francois-cevert","tyrrell","ford","goodyear","1:23.410",83410,,,,,,,"+1.010",1010,"+0.260",260,
206,1971,9,6,6,"6","25","ronnie-peterson","march","ford","firestone","1:23.460",83460,,,,,,,"+1.060",1060,"+0.050",50,
206,1971,9,7,7,"7","30","jackie-stewart","tyrrell","ford","goodyear","1:23.490",83490,,,,,,,"+1.090",1090,"+0.030",30,
206,1971,9,8,8,"8","4","clay-regazzoni","ferrari","ferrari","firestone","1:23.690",83690,,,,,,,"+1.290",1290,"+0.200",200,
206,1971,9,9,9,"9","11","tim-schenken","brabham","ford","goodyear","1:23.750",83750,,,,,,,"+1.350",1350,"+0.060",60,
206,1971,9,10,10,"10","16","henri-pescarolo","march","ford","goodyear","1:23.770",83770,,,,,,,"+1.370",1370,"+0.020",20,
206,1971,9,11,11,"11","18","peter-gethin","brm","brm","firestone","1:23.880",83880,,,,,,,"+1.480",1480,"+0.110",110,
206,1971,9,12,12,"12","21","helmut-marko","brm","brm","firestone","1:23.960",83960,,,,,,,"+1.560",1560,"+0.080",80,
206,1971,9,13,13,"13","14","jackie-oliver","mclaren","ford","goodyear","1:24.090",84090,,,,,,,"+1.690",1690,"+0.130",130,
206,1971,9,14,14,"14","10","graham-hill","brabham","ford","goodyear","1:24.270",84270,,,,,,,"+1.870",1870,"+0.180",180,
206,1971,9,15,15,"15","7","john-surtees","surtees","ford","firestone","1:24.450",84450,,,,,,,"+2.050",2050,"+0.180",180,
206,1971,9,16,16,"16","24","mike-beuttler","march","ford","firestone","1:25.010",85010,,,,,,,"+2.610",2610,"+0.560",560,
206,1971,9,17,17,"17","9","mike-hailwood","surtees","ford","firestone","1:25.170",85170,,,,,,,"+2.770",2770,"+0.160",160,
206,1971,9,18,18,"18","5","emerson-fittipaldi","lotus","pratt-whitney","firestone","1:25.180",85180,,,,,,,"+2.780",2780,"+0.010",10,
206,1971,9,19,19,"19","22","nanni-galli","march","ford","firestone","1:25.190",85190,,,,,,,"+2.790",2790,"+0.010",10,
206,1971,9,20,20,"20","23","andrea-de-adamich","march","alfa-romeo","firestone","1:25.780",85780,,,,,,,"+3.380",3380,"+0.590",590,
206,1971,9,21,21,"21","28","jo-bonnier","mclaren","ford","goodyear","1:26.140",86140,,,,,,,"+3.740",3740,"+0.360",360,
206,1971,9,22,22,"22","27","silvio-moser","bellasi","ford","goodyear","1:26.540",86540,,,,,,,"+4.140",4140,"+0.400",400,
206,1971,9,23,23,"23","8","rolf-stommelen","surtees","ford","firestone","1:27.920",87920,,,,,,,"+5.520",5520,"+1.380",1380,
206,1971,9,24,24,"24","26","jean-pierre-jarier","march","ford","firestone","1:28.190",88190,,,,,,,"+5.790",5790,"+0.270",270,
207,1971,10,1,1,"1","11","jackie-stewart","tyrrell","ford","goodyear","1:15.300",75300,,,,,,,,,,,
207,1971,10,2,2,"2","14","jo-siffert","brm","brm","firestone","1:15.500",75500,,,,,,,"+0.200",200,"+0.200",200,
207,1971,10,3,3,"3","12","francois-cevert","tyrrell","ford","goodyear","1:15.700",75700,,,,,,,"+0.400",400,"+0.200",200,
207,1971,10,4,4,"4","2","emerson-fittipaldi","lotus","ford","firestone","1:16.100",76100,,,,,,,"+0.800",800,"+0.400",400,
207,1971,10,5,5,"5","20","chris-amon","matra","matra","goodyear","1:16.100",76100,,,,,,,"+0.800",800,"+0.000",0,
207,1971,10,6,6,"6","17","ronnie-peterson","march","ford","firestone","1:16.200",76200,,,,,,,"+0.900",900,"+0.100",100,
207,1971,10,7,7,"7","3","reine-wisell","lotus","ford","firestone","1:16.300",76300,,,,,,,"+1.000",1000,"+0.100",100,
207,1971,10,8,8,"8","10","mark-donohue","mclaren","ford","goodyear","1:16.300",76300,,,,,,,"+1.000",1000,"+0.000",0,
207,1971,10,9,9,"9","16","howden-ganley","brm","brm","firestone","1:16.300",76300,,,,,,,"+1.000",1000,"+0.000",0,
207,1971,10,10,10,"10","9","denny-hulme","mclaren","ford","goodyear","1:16.400",76400,,,,,,,"+1.100",1100,"+0.100",100,
207,1971,10,11,11,"11","21","jean-pierre-beltoise","matra","matra","goodyear","1:16.500",76500,,,,,,,"+1.200",1200,"+0.100",100,
207,1971,10,12,12,"12","4","jacky-ickx","ferrari","ferrari","firestone","1:16.500",76500,,,,,,,"+1.200",1200,"+0.000",0,
207,1971,10,13,13,"13","6","mario-andretti","ferrari","ferrari","firestone","1:16.900",76900,,,,,,,"+1.600",1600,"+0.400",400,
207,1971,10,14,14,"14","22","john-surtees","surtees","ford","firestone","1:17.100",77100,,,,,,,"+1.800",1800,"+0.200",200,
207,1971,10,15,15,"15","37","graham-hill","brabham","ford","goodyear","1:17.200",77200,,,,,,,"+1.900",1900,"+0.100",100,
207,1971,10,16,16,"16","15","peter-gethin","brm","brm","firestone","1:17.200",77200,,,,,,,"+1.900",1900,"+0.000",0,
207,1971,10,17,17,"17","8","tim-schenken","brabham","ford","goodyear","1:17.400",77400,,,,,,,"+2.100",2100,"+0.200",200,
207,1971,10,18,18,"18","5","clay-regazzoni","ferrari","ferrari","firestone","1:17.500",77500,,,,,,,"+2.200",2200,"+0.100",100,
207,1971,10,19,19,"19","31","helmut-marko","brm","brm","firestone","1:17.800",77800,,,,,,,"+2.500",2500,"+0.300",300,
207,1971,10,20,20,"20","18","nanni-galli","march","ford","firestone","1:18.200",78200,,,,,,,"+2.900",2900,"+0.400",400,
207,1971,10,21,21,"21","28","george-eaton","brm","brm","firestone","1:18.400",78400,,,,,,,"+3.100",3100,"+0.200",200,
207,1971,10,22,22,"22","19","mike-beuttler","march","ford","firestone","1:18.500",78500,,,,,,,"+3.200",3200,"+0.100",100,
207,1971,10,23,23,"23","24","rolf-stommelen","surtees","ford","firestone","1:18.800",78800,,,,,,,"+3.500",3500,"+0.300",300,
207,1971,10,24,24,"24","33","skip-barber","march","ford","firestone","1:19.800",79800,,,,,,,"+4.500",4500,"+1.000",1000,
207,1971,10,25,25,"25","26","chris-craft","brabham","ford","goodyear","1:20.300",80300,,,,,,,"+5.000",5000,"+0.500",500,
207,1971,10,26,26,"26","35","pete-lovely","lotus","ford","firestone","1:21.100",81100,,,,,,,"+5.800",5800,"+0.800",800,
207,1971,10,27,27,"27","27","henri-pescarolo","march","ford","goodyear","1:21.900",81900,,,,,,,"+6.600",6600,"+0.800",800,
208,1971,11,1,1,"1","8","jackie-stewart","tyrrell","ford","goodyear","1:42.642",102642,,,,,,,,,,,
208,1971,11,2,2,"2","2","emerson-fittipaldi","lotus","ford","firestone","1:42.659",102659,,,,,,,"+0.017",17,"+0.017",17,
208,1971,11,3,3,"3","7","denny-hulme","mclaren","ford","goodyear","1:42.925",102925,,,,,,,"+0.283",283,"+0.266",266,
208,1971,11,4,4,"4","5","clay-regazzoni","ferrari","ferrari","firestone","1:43.002",103002,,,,,,,"+0.360",360,"+0.077",77,
208,1971,11,5,5,"5","9","francois-cevert","tyrrell","ford","goodyear","1:43.152",103152,,,,,,,"+0.510",510,"+0.150",150,
208,1971,11,6,6,"6","6","mario-andretti","ferrari","ferrari","firestone","1:43.195",103195,,,,,,,"+0.553",553,"+0.043",43,
208,1971,11,7,7,"7","14","jo-siffert","brm","brm","firestone","1:43.468",103468,,,,,,,"+0.826",826,"+0.273",273,
208,1971,11,8,8,"8","32","jacky-ickx","ferrari","ferrari","firestone","1:43.843",103843,,,,,,,"+1.201",1201,"+0.375",375,
208,1971,11,9,9,"9","11","chris-amon","matra","matra","goodyear","1:43.970",103970,,,,,,,"+1.328",1328,"+0.127",127,
208,1971,11,10,10,"10","3","reine-wisell","lotus","ford","firestone","1:44.024",104024,,,,,,,"+1.382",1382,"+0.054",54,
208,1971,11,11,11,"11","12","jean-pierre-beltoise","matra","matra","goodyear","1:44.067",104067,,,,,,,"+1.425",1425,"+0.043",43,
208,1971,11,12,12,"12","25","ronnie-peterson","march","ford","firestone","1:44.193",104193,,,,,,,"+1.551",1551,"+0.126",126,
208,1971,11,13,13,"13","16","howden-ganley","brm","brm","firestone","1:44.430",104430,,,,,,,"+1.788",1788,"+0.237",237,
208,1971,11,14,14,"14","18","john-surtees","surtees","ford","firestone","1:44.908",104908,,,,,,,"+2.266",2266,"+0.478",478,
208,1971,11,15,15,"15","20","mike-hailwood","surtees","ford","firestone","1:45.094",105094,,,,,,,"+2.452",2452,"+0.186",186,
208,1971,11,16,16,"16","23","tim-schenken","brabham","ford","goodyear","1:45.110",105110,,,,,,,"+2.468",2468,"+0.016",16,
208,1971,11,17,17,"17","17","helmut-marko","brm","brm","firestone","1:45.204",105204,,,,,,,"+2.562",2562,"+0.094",94,
208,1971,11,18,18,"18","19","sam-posey","surtees","ford","firestone","1:45.267",105267,,,,,,,"+2.625",2625,"+0.063",63,
208,1971,11,19,19,"19","31","mark-donohue","mclaren","ford","goodyear","1:45.378",105378,,,,,,,"+2.736",2736,"+0.111",111,
208,1971,11,20,20,"20","22","graham-hill","brabham","ford","goodyear","1:45.448",105448,,,,,,,"+2.806",2806,"+0.070",70,
208,1971,11,21,21,"21","10","peter-revson","tyrrell","ford","goodyear","1:45.515",105515,,,,,,,"+2.873",2873,"+0.067",67,
208,1971,11,22,22,"22","21","henri-pescarolo","march","ford","goodyear","1:45.568",105568,,,,,,,"+2.926",2926,"+0.053",53,
208,1971,11,23,23,"23","15","peter-gethin","brm","brm","firestone","1:45.729",105729,,,,,,,"+3.087",3087,"+0.161",161,
208,1971,11,24,24,"24","31","david-hobbs","mclaren","ford","goodyear","1:46.270",106270,,,,,,,"+3.628",3628,"+0.541",541,
208,1971,11,25,25,"25","26","nanni-galli","march","ford","firestone","1:46.608",106608,,,,,,,"+3.966",3966,"+0.338",338,
208,1971,11,26,26,"26","28","john-cannon","brm","brm","firestone","1:47.471",107471,,,,,,,"+4.829",4829,"+0.863",863,
208,1971,11,27,27,"27","33","skip-barber","march","ford","firestone","1:47.673",107673,,,,,,,"+5.031",5031,"+0.202",202,
208,1971,11,28,28,"28","27","andrea-de-adamich","march","alfa-romeo","firestone","1:47.952",107952,,,,,,,"+5.310",5310,"+0.279",279,
208,1971,11,29,29,"29","19","gijs-van-lennep","surtees","ford","firestone","1:48.029",108029,,,,,,,"+5.387",5387,"+0.077",77,
208,1971,11,30,30,"30","24","chris-craft","brabham","ford","goodyear","1:48.698",108698,,,,,,,"+6.056",6056,"+0.669",669,
208,1971,11,31,31,"31","29","jo-bonnier","mclaren","ford","goodyear","1:49.391",109391,,,,,,,"+6.749",6749,"+0.693",693,
208,1971,11,32,32,"32","30","pete-lovely","lotus","ford","firestone","1:52.140",112140,,,,,,,"+9.498",9498,"+2.749",2749,
209,1972,1,1,1,"1","2","carlos-reutemann","brabham","ford","goodyear","1:12.460",72460,,,,,,,,,,,
209,1972,1,2,2,"2","21","jackie-stewart","tyrrell","ford","goodyear","1:12.680",72680,,,,,,,"+0.220",220,"+0.220",220,
209,1972,1,3,3,"3","18","peter-revson","mclaren","ford","goodyear","1:12.740",72740,,,,,,,"+0.280",280,"+0.060",60,
209,1972,1,4,4,"4","17","denny-hulme","mclaren","ford","goodyear","1:12.990",72990,,,,,,,"+0.530",530,"+0.250",250,
209,1972,1,5,5,"5","11","emerson-fittipaldi","lotus","ford","firestone","1:13.280",73280,,,,,,,"+0.820",820,"+0.290",290,
209,1972,1,6,6,"6","9","clay-regazzoni","ferrari","ferrari","firestone","1:13.280",73280,,,,,,,"+0.820",820,"+0.000",0,
209,1972,1,7,7,"7","22","francois-cevert","tyrrell","ford","goodyear","1:13.390",73390,,,,,,,"+0.930",930,"+0.110",110,
209,1972,1,8,8,"8","8","jacky-ickx","ferrari","ferrari","firestone","1:13.500",73500,,,,,,,"+1.040",1040,"+0.110",110,
209,1972,1,9,9,"9","10","mario-andretti","ferrari","ferrari","firestone","1:13.610",73610,,,,,,,"+1.150",1150,"+0.110",110,
209,1972,1,10,10,"10","14","ronnie-peterson","march","ford","goodyear","1:14.060",74060,,,,,,,"+1.600",1600,"+0.450",450,
209,1972,1,11,11,"11","19","tim-schenken","surtees","ford","firestone","1:14.170",74170,,,,,,,"+1.710",1710,"+0.110",110,
209,1972,1,12,12,"12","16","chris-amon","matra","matra","goodyear","1:14.280",74280,,,,,,,"+1.820",1820,"+0.110",110,
209,1972,1,13,13,"13","3","howden-ganley","brm","brm","firestone","1:14.280",74280,,,,,,,"+1.820",1820,"+0.000",0,
209,1972,1,14,14,"14","20","andrea-de-adamich","surtees","ford","firestone","1:14.340",74340,,,,,,,"+1.880",1880,"+0.060",60,
209,1972,1,15,15,"15","23","henri-pescarolo","march","ford","goodyear","1:14.490",74490,,,,,,,"+2.030",2030,"+0.150",150,
209,1972,1,16,16,"16","1","graham-hill","brabham","ford","goodyear","1:14.520",74520,,,,,,,"+2.060",2060,"+0.030",30,
209,1972,1,17,17,"17","4","reine-wisell","brm","brm","firestone","1:14.520",74520,,,,,,,"+2.060",2060,"+0.000",0,
209,1972,1,18,18,"18","5","peter-gethin","brm","brm","firestone","1:15.110",75110,,,,,,,"+2.650",2650,"+0.590",590,
209,1972,1,19,19,"19","7","helmut-marko","brm","brm","firestone","1:15.530",75530,,,,,,,"+3.070",3070,"+0.420",420,
209,1972,1,20,20,"20","12","david-walker","lotus","ford","firestone","1:15.550",75550,,,,,,,"+3.090",3090,"+0.020",20,
209,1972,1,21,21,"21","6","alex-soler-roig","brm","brm","firestone","1:15.660",75660,,,,,,,"+3.200",3200,"+0.110",110,
209,1972,1,22,22,"22","15","niki-lauda","march","ford","goodyear","1:15.920",75920,,,,,,,"+3.460",3460,"+0.260",260,
210,1972,2,1,1,"1","1","jackie-stewart","tyrrell","ford","goodyear","1:17.000",77000,,,,,,,,,,,
210,1972,2,2,2,"2","6","clay-regazzoni","ferrari","ferrari","firestone","1:17.300",77300,,,,,,,"+0.300",300,"+0.300",300,
210,1972,2,3,3,"3","8","emerson-fittipaldi","lotus","ford","firestone","1:17.400",77400,,,,,,,"+0.400",400,"+0.100",100,
210,1972,2,4,4,"4","17","mike-hailwood","surtees","ford","firestone","1:17.400",77400,,,,,,,"+0.400",400,"+0.000",0,
210,1972,2,5,5,"5","12","denny-hulme","mclaren","ford","goodyear","1:17.400",77400,,,,,,,"+0.400",400,"+0.000",0,
210,1972,2,6,6,"6","7","mario-andretti","ferrari","ferrari","firestone","1:17.500",77500,,,,,,,"+0.500",500,"+0.100",100,
210,1972,2,7,7,"7","5","jacky-ickx","ferrari","ferrari","firestone","1:17.700",77700,,,,,,,"+0.700",700,"+0.200",200,
210,1972,2,8,8,"8","2","francois-cevert","tyrrell","ford","goodyear","1:17.800",77800,,,,,,,"+0.800",800,"+0.100",100,
210,1972,2,9,9,"9","3","ronnie-peterson","march","ford","goodyear","1:17.800",77800,,,,,,,"+0.800",800,"+0.000",0,
210,1972,2,10,10,"10","16","tim-schenken","surtees","ford","firestone","1:17.800",77800,,,,,,,"+0.800",800,"+0.000",0,
210,1972,2,11,11,"11","10","jean-pierre-beltoise","brm","brm","firestone","1:17.900",77900,,,,,,,"+0.900",900,"+0.100",100,
210,1972,2,12,12,"12","14","peter-revson","mclaren","ford","goodyear","1:18.000",78000,,,,,,,"+1.000",1000,"+0.100",100,
210,1972,2,13,13,"13","15","chris-amon","matra","matra","goodyear","1:18.000",78000,,,,,,,"+1.000",1000,"+0.000",0,
210,1972,2,14,14,"14","19","graham-hill","brabham","ford","goodyear","1:18.100",78100,,,,,,,"+1.100",1100,"+0.100",100,
210,1972,2,15,15,"15","20","carlos-reutemann","brabham","ford","goodyear","1:18.200",78200,,,,,,,"+1.200",1200,"+0.100",100,
210,1972,2,16,16,"16","23","howden-ganley","brm","brm","firestone","1:18.300",78300,,,,,,,"+1.300",1300,"+0.100",100,
210,1972,2,17,17,"17","26","dave-charlton","lotus","ford","firestone","1:18.500",78500,,,,,,,"+1.500",1500,"+0.200",200,
210,1972,2,18,18,"18","11","peter-gethin","brm","brm","firestone","1:18.700",78700,,,,,,,"+1.700",1700,"+0.200",200,
210,1972,2,19,19,"19","9","david-walker","lotus","ford","firestone","1:18.700",78700,,,,,,,"+1.700",1700,"+0.000",0,
210,1972,2,20,20,"20","18","andrea-de-adamich","surtees","ford","firestone","1:18.900",78900,,,,,,,"+1.900",1900,"+0.200",200,
210,1972,2,21,21,"21","4","niki-lauda","march","ford","goodyear","1:18.900",78900,,,,,,,"+1.900",1900,"+0.000",0,
210,1972,2,22,22,"22","21","henri-pescarolo","march","ford","goodyear","1:19.000",79000,,,,,,,"+2.000",2000,"+0.100",100,
210,1972,2,23,23,"23","24","helmut-marko","brm","brm","firestone","1:19.100",79100,,,,,,,"+2.100",2100,"+0.100",100,
210,1972,2,24,24,"24","22","carlos-pace","march","ford","goodyear","1:20.300",80300,,,,,,,"+3.300",3300,"+1.200",1200,
210,1972,2,25,25,"25","25","rolf-stommelen","eifelland","ford","goodyear","1:20.400",80400,,,,,,,"+3.400",3400,"+0.100",100,
210,1972,2,26,26,"26","27","john-love","surtees","ford","firestone","1:21.000",81000,,,,,,,"+4.000",4000,"+0.600",600,
210,1972,2,27,27,"27","28","william-ferguson","brabham","ford","firestone","1:21.000",81000,,,,,,,"+4.000",4000,"+0.000",0,
211,1972,3,1,1,"1","4","jacky-ickx","ferrari","ferrari","firestone","1:18.430",78430,,,,,,,,,,,
211,1972,3,2,2,"2","11","denny-hulme","mclaren","ford","goodyear","1:19.180",79180,,,,,,,"+0.750",750,"+0.750",750,
211,1972,3,3,3,"3","5","emerson-fittipaldi","lotus","ford","firestone","1:19.260",79260,,,,,,,"+0.830",830,"+0.080",80,
211,1972,3,4,4,"4","1","jackie-stewart","tyrrell","ford","goodyear","1:19.330",79330,,,,,,,"+0.900",900,"+0.070",70,
211,1972,3,5,5,"5","7","mario-andretti","ferrari","ferrari","firestone","1:19.390",79390,,,,,,,"+0.960",960,"+0.060",60,
211,1972,3,6,6,"6","9","chris-amon","matra","matra","goodyear","1:19.520",79520,,,,,,,"+1.090",1090,"+0.130",130,
211,1972,3,7,7,"7","19","jean-pierre-beltoise","brm","brm","firestone","1:19.570",79570,,,,,,,"+1.140",1140,"+0.050",50,
211,1972,3,8,8,"8","6","clay-regazzoni","ferrari","ferrari","firestone","1:19.710",79710,,,,,,,"+1.280",1280,"+0.140",140,
211,1972,3,9,9,"9","2","ronnie-peterson","march","ford","goodyear","1:19.860",79860,,,,,,,"+1.430",1430,"+0.150",150,
211,1972,3,10,10,"10","10","reine-wisell","brm","brm","firestone","1:19.890",79890,,,,,,,"+1.460",1460,"+0.030",30,
211,1972,3,11,11,"11","20","peter-revson","mclaren","ford","goodyear","1:20.110",80110,,,,,,,"+1.680",1680,"+0.220",220,
211,1972,3,12,12,"12","3","francois-cevert","tyrrell","ford","goodyear","1:20.500",80500,,,,,,,"+2.070",2070,"+0.390",390,
211,1972,3,13,13,"13","26","andrea-de-adamich","surtees","ford","firestone","1:20.790",80790,,,,,,,"+2.360",2360,"+0.290",290,
211,1972,3,14,14,"14","22","wilson-fittipaldi","brabham","ford","goodyear","1:20.830",80830,,,,,,,"+2.400",2400,"+0.040",40,
211,1972,3,15,15,"15","15","mike-hailwood","surtees","ford","firestone","1:20.970",80970,,,,,,,"+2.540",2540,"+0.140",140,
211,1972,3,16,16,"16","29","carlos-pace","march","ford","goodyear","1:21.000",81000,,,,,,,"+2.570",2570,"+0.030",30,
211,1972,3,17,17,"17","16","rolf-stommelen","eifelland","ford","goodyear","1:21.040",81040,,,,,,,"+2.610",2610,"+0.040",40,
211,1972,3,18,18,"18","12","tim-schenken","surtees","ford","firestone","1:21.060",81060,,,,,,,"+2.630",2630,"+0.020",20,
211,1972,3,19,19,"19","14","henri-pescarolo","march","ford","goodyear","1:21.240",81240,,,,,,,"+2.810",2810,"+0.180",180,
211,1972,3,20,20,"20","25","howden-ganley","brm","brm","firestone","1:21.430",81430,,,,,,,"+3.000",3000,"+0.190",190,
211,1972,3,21,21,"21","8","peter-gethin","brm","brm","firestone","1:22.430",82430,,,,,,,"+4.000",4000,"+1.000",1000,
211,1972,3,22,22,"22","28","alex-soler-roig","brm","brm","firestone","1:22.570",82570,,,,,,,"+4.140",4140,"+0.140",140,
211,1972,3,23,23,"23","18","graham-hill","brabham","ford","goodyear","1:22.590",82590,,,,,,,"+4.160",4160,"+0.020",20,
211,1972,3,24,24,"24","21","david-walker","lotus","ford","firestone","1:22.740",82740,,,,,,,"+4.310",4310,"+0.150",150,
211,1972,3,25,25,"25","24","niki-lauda","march","ford","goodyear","1:24.960",84960,,,,,,,"+6.530",6530,"+2.220",2220,
211,1972,3,26,26,"26","23","mike-beuttler","march","ford","firestone","1:25.480",85480,,,,,,,"+7.050",7050,"+0.520",520,
212,1972,4,1,1,"1","8","emerson-fittipaldi","lotus","ford","firestone","1:21.400",81400,,,,,,,,,,,
212,1972,4,2,2,"2","6","jacky-ickx","ferrari","ferrari","firestone","1:21.600",81600,,,,,,,"+0.200",200,"+0.200",200,
212,1972,4,3,3,"3","7","clay-regazzoni","ferrari","ferrari","firestone","1:21.900",81900,,,,,,,"+0.500",500,"+0.300",300,
212,1972,4,4,4,"4","17","jean-pierre-beltoise","brm","brm","firestone","1:22.500",82500,,,,,,,"+1.100",1100,"+0.600",600,
212,1972,4,5,5,"5","18","peter-gethin","brm","brm","firestone","1:22.600",82600,,,,,,,"+1.200",1200,"+0.100",100,
212,1972,4,6,6,"6","16","chris-amon","matra","matra","goodyear","1:22.600",82600,,,,,,,"+1.200",1200,"+0.000",0,
212,1972,4,7,7,"7","14","denny-hulme","mclaren","ford","goodyear","1:22.700",82700,,,,,,,"+1.300",1300,"+0.100",100,
212,1972,4,8,8,"8","1","jackie-stewart","tyrrell","ford","goodyear","1:22.900",82900,,,,,,,"+1.500",1500,"+0.200",200,
212,1972,4,9,9,"9","22","henri-pescarolo","march","ford","goodyear","1:22.900",82900,,,,,,,"+1.500",1500,"+0.000",0,
212,1972,4,10,10,"10","15","brian-redman","mclaren","ford","goodyear","1:23.100",83100,,,,,,,"+1.700",1700,"+0.200",200,
212,1972,4,11,11,"11","11","mike-hailwood","surtees","ford","firestone","1:23.700",83700,,,,,,,"+2.300",2300,"+0.600",600,
212,1972,4,12,12,"12","2","francois-cevert","tyrrell","ford","goodyear","1:23.800",83800,,,,,,,"+2.400",2400,"+0.100",100,
212,1972,4,13,13,"13","10","tim-schenken","surtees","ford","firestone","1:23.900",83900,,,,,,,"+2.500",2500,"+0.100",100,
212,1972,4,14,14,"14","9","david-walker","lotus","ford","firestone","1:24.000",84000,,,,,,,"+2.600",2600,"+0.100",100,
212,1972,4,15,15,"15","3","ronnie-peterson","march","ford","goodyear","1:24.100",84100,,,,,,,"+2.700",2700,"+0.100",100,
212,1972,4,16,16,"16","28","reine-wisell","brm","brm","firestone","1:24.400",84400,,,,,,,"+3.000",3000,"+0.300",300,
212,1972,4,17,17,"17","26","helmut-marko","brm","brm","firestone","1:24.600",84600,,,,,,,"+3.200",3200,"+0.200",200,
212,1972,4,18,18,"18","12","andrea-de-adamich","surtees","ford","firestone","1:24.700",84700,,,,,,,"+3.300",3300,"+0.100",100,
212,1972,4,19,19,"19","20","graham-hill","brabham","ford","goodyear","1:24.700",84700,,,,,,,"+3.300",3300,"+0.000",0,
212,1972,4,20,20,"20","19","howden-ganley","brm","brm","firestone","1:24.700",84700,,,,,,,"+3.300",3300,"+0.000",0,
212,1972,4,21,21,"21","21","wilson-fittipaldi","brabham","ford","goodyear","1:25.200",85200,,,,,,,"+3.800",3800,"+0.500",500,
212,1972,4,22,22,"22","4","niki-lauda","march","ford","goodyear","1:25.600",85600,,,,,,,"+4.200",4200,"+0.400",400,
212,1972,4,23,23,"23","5","mike-beuttler","march","ford","firestone","1:26.500",86500,,,,,,,"+5.100",5100,"+0.900",900,
212,1972,4,24,24,"24","23","carlos-pace","march","ford","goodyear","1:26.600",86600,,,,,,,"+5.200",5200,"+0.100",100,
212,1972,4,25,25,"25","27","rolf-stommelen","eifelland","ford","goodyear","1:29.500",89500,,,,,,,"+8.100",8100,"+2.900",2900,
213,1972,5,1,1,"1","32","emerson-fittipaldi","lotus","ford","firestone","1:11.430",71430,,,,,,,,,,,
213,1972,5,2,2,"2","30","clay-regazzoni","ferrari","ferrari","firestone","1:11.580",71580,,,,,,,"+0.150",150,"+0.150",150,
213,1972,5,3,3,"3","9","denny-hulme","mclaren","ford","goodyear","1:11.800",71800,,,,,,,"+0.370",370,"+0.220",220,
213,1972,5,4,4,"4","29","jacky-ickx","ferrari","ferrari","firestone","1:11.840",71840,,,,,,,"+0.410",410,"+0.040",40,
213,1972,5,5,5,"5","8","francois-cevert","tyrrell","ford","goodyear","1:11.930",71930,,,,,,,"+0.500",500,"+0.090",90,
213,1972,5,6,6,"6","23","jean-pierre-beltoise","brm","brm","firestone","1:12.120",72120,,,,,,,"+0.690",690,"+0.190",190,
213,1972,5,7,7,"7","10","peter-revson","mclaren","ford","goodyear","1:12.190",72190,,,,,,,"+0.760",760,"+0.070",70,
213,1972,5,8,8,"8","34","mike-hailwood","surtees","ford","firestone","1:12.350",72350,,,,,,,"+0.920",920,"+0.160",160,
213,1972,5,9,9,"9","19","carlos-reutemann","brabham","ford","goodyear","1:12.500",72500,,,,,,,"+1.070",1070,"+0.150",150,
213,1972,5,10,10,"10","36","andrea-de-adamich","surtees","ford","firestone","1:12.540",72540,,,,,,,"+1.110",1110,"+0.040",40,
213,1972,5,11,11,"11","16","carlos-pace","march","ford","goodyear","1:12.640",72640,,,,,,,"+1.210",1210,"+0.100",100,
213,1972,5,12,12,"12","33","david-walker","lotus","ford","firestone","1:12.760",72760,,,,,,,"+1.330",1330,"+0.120",120,
213,1972,5,13,13,"13","5","chris-amon","matra","matra","goodyear","1:12.800",72800,,,,,,,"+1.370",1370,"+0.040",40,
213,1972,5,14,14,"14","11","ronnie-peterson","march","ford","goodyear","1:13.000",73000,,,,,,,"+1.570",1570,"+0.200",200,
213,1972,5,15,15,"15","25","howden-ganley","brm","brm","firestone","1:13.010",73010,,,,,,,"+1.580",1580,"+0.010",10,
213,1972,5,16,16,"16","17","graham-hill","brabham","ford","goodyear","1:13.100",73100,,,,,,,"+1.670",1670,"+0.090",90,
213,1972,5,17,17,"17","24","peter-gethin","brm","brm","firestone","1:13.150",73150,,,,,,,"+1.720",1720,"+0.050",50,
213,1972,5,18,18,"18","18","wilson-fittipaldi","brabham","ford","goodyear","1:13.200",73200,,,,,,,"+1.770",1770,"+0.050",50,
213,1972,5,19,19,"19","15","henri-pescarolo","march","ford","goodyear","1:13.400",73400,,,,,,,"+1.970",1970,"+0.200",200,
213,1972,5,20,20,"20","6","rolf-stommelen","eifelland","ford","goodyear","1:13.430",73430,,,,,,,"+2.000",2000,"+0.030",30,
213,1972,5,21,21,"21","35","tim-schenken","surtees","ford","firestone","1:13.600",73600,,,,,,,"+2.170",2170,"+0.170",170,
213,1972,5,22,22,"22","14","mike-beuttler","march","ford","firestone","1:13.700",73700,,,,,,,"+2.270",2270,"+0.100",100,
213,1972,5,23,23,"23","27","helmut-marko","brm","brm","firestone","1:14.100",74100,,,,,,,"+2.670",2670,"+0.400",400,
213,1972,5,24,24,"24","22","nanni-galli","tecno","tecno","firestone","1:14.600",74600,,,,,,,"+3.170",3170,"+0.500",500,
213,1972,5,25,25,"25","12","niki-lauda","march","ford","goodyear","1:16.500",76500,,,,,,,"+5.070",5070,"+1.900",1900,
213,1972,5,26,26,"26","26","vern-schuppan","brm","brm","firestone","1:16.900",76900,,,,,,,"+5.470",5470,"+0.400",400,
214,1972,6,1,1,"1","9","chris-amon","matra","matra","goodyear","2:53.400",173400,,,,,,,,,,,
214,1972,6,2,2,"2","2","denny-hulme","mclaren","ford","goodyear","2:54.200",174200,,,,,,,"+0.800",800,"+0.800",800,
214,1972,6,3,3,"3","4","jackie-stewart","tyrrell","ford","goodyear","2:55.000",175000,,,,,,,"+1.600",1600,"+0.800",800,
214,1972,6,4,4,"4","3","jacky-ickx","ferrari","ferrari","firestone","2:55.100",175100,,,,,,,"+1.700",1700,"+0.100",100,
214,1972,6,5,5,"5","27","tim-schenken","surtees","ford","firestone","2:57.200",177200,,,,,,,"+3.800",3800,"+2.100",2100,
214,1972,6,6,6,"6","25","helmut-marko","brm","brm","firestone","2:57.300",177300,,,,,,,"+3.900",3900,"+0.100",100,
214,1972,6,7,7,"7","7","francois-cevert","tyrrell","ford","goodyear","2:58.100",178100,,,,,,,"+4.700",4700,"+0.800",800,
214,1972,6,8,8,"8","1","emerson-fittipaldi","lotus","ford","firestone","2:58.100",178100,,,,,,,"+4.700",4700,"+0.000",0,
214,1972,6,9,9,"9","12","ronnie-peterson","march","ford","goodyear","2:58.200",178200,,,,,,,"+4.800",4800,"+0.100",100,
214,1972,6,10,10,"10","26","mike-hailwood","surtees","ford","firestone","2:58.300",178300,,,,,,,"+4.900",4900,"+0.100",100,
214,1972,6,11,11,"11","17","carlos-pace","march","ford","goodyear","2:58.600",178600,,,,,,,"+5.200",5200,"+0.300",300,
214,1972,6,12,12,"12","16","henri-pescarolo","march","ford","goodyear","2:59.000",179000,,,,,,,"+5.600",5600,"+0.400",400,
214,1972,6,13,13,"13","28","andrea-de-adamich","surtees","ford","firestone","2:59.100",179100,,,,,,,"+5.700",5700,"+0.100",100,
214,1972,6,14,14,"14","11","brian-redman","mclaren","ford","goodyear","2:59.400",179400,,,,,,,"+6.000",6000,"+0.300",300,
214,1972,6,15,15,"15","19","wilson-fittipaldi","brabham","ford","goodyear","2:59.500",179500,,,,,,,"+6.100",6100,"+0.100",100,
214,1972,6,16,16,"16","10","rolf-stommelen","eifelland","ford","goodyear","2:59.600",179600,,,,,,,"+6.200",6200,"+0.100",100,
214,1972,6,17,17,"17","8","patrick-depailler","tyrrell","ford","goodyear","2:59.600",179600,,,,,,,"+6.200",6200,"+0.000",0,
214,1972,6,18,18,"18","20","carlos-reutemann","brabham","ford","goodyear","3:00.700",180700,,,,,,,"+7.300",7300,"+1.100",1100,
214,1972,6,19,19,"19","24","reine-wisell","brm","brm","firestone","3:00.700",180700,,,,,,,"+7.300",7300,"+0.000",0,
214,1972,6,20,20,"20","30","nanni-galli","ferrari","ferrari","firestone","3:00.700",180700,,,,,,,"+7.300",7300,"+0.000",0,
214,1972,6,21,21,"21","23","howden-ganley","brm","brm","firestone","3:02.000",182000,,,,,,,"+8.600",8600,"+1.300",1300,
214,1972,6,22,22,"22","22","peter-gethin","brm","brm","firestone","3:02.800",182800,,,,,,,"+9.400",9400,"+0.800",800,
214,1972,6,23,23,"23","18","graham-hill","brabham","ford","goodyear","3:03.000",183000,,,,,,,"+9.600",9600,"+0.200",200,
214,1972,6,24,24,"24","14","niki-lauda","march","ford","goodyear","3:03.100",183100,,,,,,,"+9.700",9700,"+0.100",100,
214,1972,6,25,25,"25","6","david-walker","lotus","ford","firestone","3:04.700",184700,,,,,,,"+11.300",11300,"+1.600",1600,
214,1972,6,26,26,"26","15","mike-beuttler","march","ford","firestone","3:05.900",185900,,,,,,,"+12.500",12500,"+1.200",1200,
214,1972,6,27,27,"27","21","derek-bell","tecno","tecno","firestone","3:06.900",186900,,,,,,,"+13.500",13500,"+1.000",1000,
214,1972,6,28,28,"28","5","jean-pierre-beltoise","brm","brm","firestone",,,,,,,,,,,,,
214,1972,6,29,29,"29","29","dave-charlton","lotus","ford","firestone","3:11.600",191600,,,,,,,"+18.200",18200,,,
215,1972,7,1,1,"1","5","jacky-ickx","ferrari","ferrari","firestone","1:22.200",82200,,,,,,,,,,,
215,1972,7,2,2,"2","8","emerson-fittipaldi","lotus","ford","firestone","1:22.600",82600,,,,,,,"+0.400",400,"+0.400",400,
215,1972,7,3,3,"3","19","peter-revson","mclaren","ford","goodyear","1:22.700",82700,,,,,,,"+0.500",500,"+0.100",100,
215,1972,7,4,4,"4","1","jackie-stewart","tyrrell","ford","goodyear","1:22.900",82900,,,,,,,"+0.700",700,"+0.200",200,
215,1972,7,5,5,"5","22","tim-schenken","surtees","ford","firestone","1:23.200",83200,,,,,,,"+1.000",1000,"+0.300",300,
215,1972,7,6,6,"6","11","jean-pierre-beltoise","brm","brm","firestone","1:23.400",83400,,,,,,,"+1.200",1200,"+0.200",200,
215,1972,7,7,7,"7","21","mike-hailwood","surtees","ford","firestone","1:23.500",83500,,,,,,,"+1.300",1300,"+0.100",100,
215,1972,7,8,8,"8","3","ronnie-peterson","march","ford","goodyear","1:23.700",83700,,,,,,,"+1.500",1500,"+0.200",200,
215,1972,7,9,9,"9","6","arturo-merzario","ferrari","ferrari","firestone","1:23.700",83700,,,,,,,"+1.500",1500,"+0.000",0,
215,1972,7,10,10,"10","27","carlos-reutemann","brabham","ford","goodyear","1:23.800",83800,,,,,,,"+1.600",1600,"+0.100",100,
215,1972,7,11,11,"11","18","denny-hulme","mclaren","ford","goodyear","1:23.900",83900,,,,,,,"+1.700",1700,"+0.100",100,
215,1972,7,12,12,"12","2","francois-cevert","tyrrell","ford","goodyear","1:23.900",83900,,,,,,,"+1.700",1700,"+0.000",0,
215,1972,7,13,13,"13","25","carlos-pace","march","ford","goodyear","1:24.000",84000,,,,,,,"+1.800",1800,"+0.100",100,
215,1972,7,14,14,"14","14","jackie-oliver","brm","brm","firestone","1:24.400",84400,,,,,,,"+2.200",2200,"+0.400",400,
215,1972,7,15,15,"15","9","david-walker","lotus","ford","firestone","1:24.400",84400,,,,,,,"+2.200",2200,"+0.000",0,
215,1972,7,16,16,"16","12","peter-gethin","brm","brm","firestone","1:24.500",84500,,,,,,,"+2.300",2300,"+0.100",100,
215,1972,7,17,17,"17","17","chris-amon","matra","matra","goodyear","1:24.600",84600,,,,,,,"+2.400",2400,"+0.100",100,
215,1972,7,18,18,"18","30","nanni-galli","tecno","tecno","firestone","1:25.100",85100,,,,,,,"+2.900",2900,"+0.500",500,
215,1972,7,19,19,"19","4","niki-lauda","march","ford","goodyear","1:25.100",85100,,,,,,,"+2.900",2900,"+0.000",0,
215,1972,7,20,20,"20","23","andrea-de-adamich","surtees","ford","firestone","1:25.200",85200,,,,,,,"+3.000",3000,"+0.100",100,
215,1972,7,21,21,"21","26","graham-hill","brabham","ford","goodyear","1:25.200",85200,,,,,,,"+3.000",3000,"+0.000",0,
215,1972,7,22,22,"22","28","wilson-fittipaldi","brabham","ford","goodyear","1:25.500",85500,,,,,,,"+3.300",3300,"+0.300",300,
215,1972,7,23,23,"23","31","mike-beuttler","march","ford","firestone","1:25.600",85600,,,,,,,"+3.400",3400,"+0.100",100,
215,1972,7,24,24,"24","29","dave-charlton","lotus","ford","firestone","1:25.600",85600,,,,,,,"+3.400",3400,"+0.000",0,
215,1972,7,25,25,"25","33","rolf-stommelen","eifelland","ford","goodyear","1:26.300",86300,,,,,,,"+4.100",4100,"+0.700",700,
215,1972,7,26,26,"26","24","henri-pescarolo","politoys","ford","goodyear","1:27.400",87400,,,,,,,"+5.200",5200,"+1.100",1100,
215,1972,7,27,27,"27","34","francois-migault","connew","ford","firestone","1:30.300",90300,,,,,,,"+8.100",8100,"+2.900",2900,
216,1972,8,1,1,"1","4","jacky-ickx","ferrari","ferrari","firestone","7:07.000",427000,,,,,,,,,,,
216,1972,8,2,2,"2","1","jackie-stewart","tyrrell","ford","goodyear","7:08.700",428700,,,,,,,"+1.700",1700,"+1.700",1700,
216,1972,8,3,3,"3","2","emerson-fittipaldi","lotus","ford","firestone","7:09.900",429900,,,,,,,"+2.900",2900,"+1.200",1200,
216,1972,8,4,4,"4","10","ronnie-peterson","march","ford","goodyear","7:11.600",431600,,,,,,,"+4.600",4600,"+1.700",1700,
216,1972,8,5,5,"5","7","francois-cevert","tyrrell","ford","goodyear","7:12.200",432200,,,,,,,"+5.200",5200,"+0.600",600,
216,1972,8,6,6,"6","12","carlos-reutemann","brabham","ford","goodyear","7:12.400",432400,,,,,,,"+5.400",5400,"+0.200",200,
216,1972,8,7,7,"7","9","clay-regazzoni","ferrari","ferrari","firestone","7:13.400",433400,,,,,,,"+6.400",6400,"+1.000",1000,
216,1972,8,8,8,"8","8","chris-amon","matra","matra","goodyear","7:13.900",433900,,,,,,,"+6.900",6900,"+0.500",500,
216,1972,8,9,9,"9","20","henri-pescarolo","march","ford","goodyear","7:14.400",434400,,,,,,,"+7.400",7400,"+0.500",500,
216,1972,8,10,10,"10","3","denny-hulme","mclaren","ford","goodyear","7:14.500",434500,,,,,,,"+7.500",7500,"+0.100",100,
216,1972,8,11,11,"11","21","carlos-pace","march","ford","goodyear","7:16.600",436600,,,,,,,"+9.600",9600,"+2.100",2100,
216,1972,8,12,12,"12","15","tim-schenken","surtees","ford","firestone","7:17.200",437200,,,,,,,"+10.200",10200,"+0.600",600,
216,1972,8,13,13,"13","6","jean-pierre-beltoise","brm","brm","firestone","7:17.300",437300,,,,,,,"+10.300",10300,"+0.100",100,
216,1972,8,14,14,"14","22","rolf-stommelen","eifelland","ford","goodyear","7:17.500",437500,,,,,,,"+10.500",10500,"+0.200",200,
216,1972,8,15,15,"15","11","graham-hill","brabham","ford","goodyear","7:18.400",438400,,,,,,,"+11.400",11400,"+0.900",900,
216,1972,8,16,16,"16","14","mike-hailwood","surtees","ford","firestone","7:21.000",441000,,,,,,,"+14.000",14000,"+2.600",2600,
216,1972,8,17,17,"17","18","reine-wisell","brm","brm","firestone","7:21.400",441400,,,,,,,"+14.400",14400,"+0.400",400,
216,1972,8,18,18,"18","17","howden-ganley","brm","brm","firestone","7:22.300",442300,,,,,,,"+15.300",15300,"+0.900",900,
216,1972,8,19,19,"19","5","brian-redman","mclaren","ford","goodyear","7:23.200",443200,,,,,,,"+16.200",16200,"+0.900",900,
216,1972,8,20,20,"20","16","andrea-de-adamich","surtees","ford","firestone","7:23.700",443700,,,,,,,"+16.700",16700,"+0.500",500,
216,1972,8,21,21,"21","26","wilson-fittipaldi","brabham","ford","goodyear","7:24.800",444800,,,,,,,"+17.800",17800,"+1.100",1100,
216,1972,8,22,22,"22","19","arturo-merzario","ferrari","ferrari","firestone","7:25.900",445900,,,,,,,"+18.900",18900,"+1.100",1100,
216,1972,8,23,23,"23","25","david-walker","lotus","ford","firestone","7:29.500",449500,,,,,,,"+22.500",22500,"+3.600",3600,
216,1972,8,24,24,"24","23","niki-lauda","march","ford","goodyear","7:32.200",452200,,,,,,,"+25.200",25200,"+2.700",2700,
216,1972,8,25,25,"25","27","derek-bell","tecno","tecno","firestone","7:33.300",453300,,,,,,,"+26.300",26300,"+1.100",1100,
216,1972,8,26,26,"26","29","dave-charlton","lotus","ford","firestone","7:34.100",454100,,,,,,,"+27.100",27100,"+0.800",800,
216,1972,8,27,27,"27","28","mike-beuttler","march","ford","firestone","7:35.900",455900,,,,,,,"+28.900",28900,"+1.800",1800,
217,1972,9,1,1,"1","31","emerson-fittipaldi","lotus","ford","firestone","1:35.970",95970,,,,,,,,,,,
217,1972,9,2,2,"2","19","clay-regazzoni","ferrari","ferrari","firestone","1:36.040",96040,,,,,,,"+0.070",70,"+0.070",70,
217,1972,9,3,3,"3","1","jackie-stewart","tyrrell","ford","goodyear","1:36.350",96350,,,,,,,"+0.380",380,"+0.310",310,
217,1972,9,4,4,"4","14","peter-revson","mclaren","ford","goodyear","1:36.630",96630,,,,,,,"+0.660",660,"+0.280",280,
217,1972,9,5,5,"5","17","carlos-reutemann","brabham","ford","goodyear","1:37.150",97150,,,,,,,"+1.180",1180,"+0.520",520,
217,1972,9,6,6,"6","10","chris-amon","matra","matra","goodyear","1:37.160",97160,,,,,,,"+1.190",1190,"+0.010",10,
217,1972,9,7,7,"7","12","denny-hulme","mclaren","ford","goodyear","1:37.200",97200,,,,,,,"+1.230",1230,"+0.040",40,
217,1972,9,8,8,"8","24","tim-schenken","surtees","ford","firestone","1:37.250",97250,,,,,,,"+1.280",1280,"+0.050",50,
217,1972,9,9,9,"9","18","jacky-ickx","ferrari","ferrari","firestone","1:37.330",97330,,,,,,,"+1.360",1360,"+0.080",80,
217,1972,9,10,10,"10","9","howden-ganley","brm","brm","firestone","1:37.550",97550,,,,,,,"+1.580",1580,"+0.220",220,
217,1972,9,11,11,"11","5","ronnie-peterson","march","ford","goodyear","1:37.580",97580,,,,,,,"+1.610",1610,"+0.030",30,
217,1972,9,12,12,"12","25","mike-hailwood","surtees","ford","firestone","1:37.770",97770,,,,,,,"+1.800",1800,"+0.190",190,
217,1972,9,13,13,"13","11","andrea-de-adamich","surtees","ford","firestone","1:38.080",98080,,,,,,,"+2.110",2110,"+0.310",310,
217,1972,9,14,14,"14","16","graham-hill","brabham","ford","goodyear","1:38.140",98140,,,,,,,"+2.170",2170,"+0.060",60,
217,1972,9,15,15,"15","28","wilson-fittipaldi","brabham","ford","goodyear","1:38.350",98350,,,,,,,"+2.380",2380,"+0.210",210,
217,1972,9,16,16,"16","6","peter-gethin","brm","brm","firestone","1:38.480",98480,,,,,,,"+2.510",2510,"+0.130",130,
217,1972,9,17,17,"17","27","rolf-stommelen","eifelland","ford","goodyear","1:38.620",98620,,,,,,,"+2.650",2650,"+0.140",140,
217,1972,9,18,18,"18","23","carlos-pace","march","ford","goodyear","1:38.620",98620,,,,,,,"+2.650",2650,"+0.000",0,
217,1972,9,19,19,"19","21","david-walker","lotus","ford","firestone","1:38.810",98810,,,,,,,"+2.840",2840,"+0.190",190,
217,1972,9,20,20,"20","2","francois-cevert","tyrrell","ford","goodyear","1:38.850",98850,,,,,,,"+2.880",2880,"+0.040",40,
217,1972,9,21,21,"21","7","jean-pierre-beltoise","brm","brm","firestone","1:38.890",98890,,,,,,,"+2.920",2920,"+0.040",40,
217,1972,9,22,22,"22","4","niki-lauda","march","ford","goodyear","1:39.040",99040,,,,,,,"+3.070",3070,"+0.150",150,
217,1972,9,23,23,"23","15","nanni-galli","tecno","tecno","firestone","1:39.130",99130,,,,,,,"+3.160",3160,"+0.090",90,
217,1972,9,24,24,"24","3","mike-beuttler","march","ford","firestone","1:39.920",99920,,,,,,,"+3.950",3950,"+0.790",790,
217,1972,9,25,25,"25","22","henri-pescarolo","march","ford","goodyear","1:40.280",100280,,,,,,,"+4.310",4310,"+0.360",360,
217,1972,9,26,26,"26","29","francois-migault","connew","ford","firestone","1:43.880",103880,,,,,,,"+7.910",7910,"+3.600",3600,
218,1972,10,1,1,"1","4","jacky-ickx","ferrari","ferrari","firestone","1:35.650",95650,,,,,,,,,,,
218,1972,10,2,2,"2","20","chris-amon","matra","matra","goodyear","1:35.690",95690,,,,,,,"+0.040",40,"+0.040",40,
218,1972,10,3,3,"3","1","jackie-stewart","tyrrell","ford","goodyear","1:35.790",95790,,,,,,,"+0.140",140,"+0.100",100,
218,1972,10,4,4,"4","5","clay-regazzoni","ferrari","ferrari","firestone","1:35.830",95830,,,,,,,"+0.180",180,"+0.040",40,
218,1972,10,5,5,"5","14","denny-hulme","mclaren","ford","goodyear","1:35.970",95970,,,,,,,"+0.320",320,"+0.140",140,
218,1972,10,6,6,"6","6","emerson-fittipaldi","lotus","ford","firestone","1:36.290",96290,,,,,,,"+0.640",640,"+0.320",320,
218,1972,10,7,7,"7","3","mario-andretti","ferrari","ferrari","firestone","1:36.320",96320,,,,,,,"+0.670",670,"+0.030",30,
218,1972,10,8,8,"8","15","peter-revson","mclaren","ford","goodyear","1:36.420",96420,,,,,,,"+0.770",770,"+0.100",100,
218,1972,10,9,9,"9","10","mike-hailwood","surtees","ford","firestone","1:36.500",96500,,,,,,,"+0.850",850,"+0.080",80,
218,1972,10,10,10,"10","24","reine-wisell","brm","brm","firestone","1:36.680",96680,,,,,,,"+1.030",1030,"+0.180",180,
218,1972,10,11,11,"11","30","carlos-reutemann","brabham","ford","goodyear","1:37.120",97120,,,,,,,"+1.470",1470,"+0.440",440,
218,1972,10,12,12,"12","23","peter-gethin","brm","brm","firestone","1:37.210",97210,,,,,,,"+1.560",1560,"+0.090",90,
218,1972,10,13,13,"13","28","graham-hill","brabham","ford","goodyear","1:37.610",97610,,,,,,,"+1.960",1960,"+0.400",400,
218,1972,10,14,14,"14","2","francois-cevert","tyrrell","ford","goodyear","1:37.790",97790,,,,,,,"+2.140",2140,"+0.180",180,
218,1972,10,15,15,"15","29","wilson-fittipaldi","brabham","ford","goodyear","1:37.820",97820,,,,,,,"+2.170",2170,"+0.030",30,
218,1972,10,16,16,"16","21","jean-pierre-beltoise","brm","brm","firestone","1:37.860",97860,,,,,,,"+2.210",2210,"+0.040",40,
218,1972,10,17,17,"17","22","howden-ganley","brm","brm","firestone","1:37.910",97910,,,,,,,"+2.260",2260,"+0.050",50,
218,1972,10,18,18,"18","26","carlos-pace","march","ford","goodyear","1:37.980",97980,,,,,,,"+2.330",2330,"+0.070",70,
218,1972,10,19,19,"19","7","john-surtees","surtees","ford","firestone","1:38.310",98310,,,,,,,"+2.660",2660,"+0.330",330,
218,1972,10,20,20,"20","18","niki-lauda","march","ford","goodyear","1:38.520",98520,,,,,,,"+2.870",2870,"+0.210",210,
218,1972,10,21,21,"21","9","andrea-de-adamich","surtees","ford","firestone","1:38.600",98600,,,,,,,"+2.950",2950,"+0.080",80,
218,1972,10,22,22,"22","8","tim-schenken","surtees","ford","firestone","1:38.610",98610,,,,,,,"+2.960",2960,"+0.010",10,
218,1972,10,23,23,"23","11","nanni-galli","tecno","tecno","firestone","1:38.640",98640,,,,,,,"+2.990",2990,"+0.030",30,
218,1972,10,24,24,"24","19","ronnie-peterson","march","ford","goodyear","1:38.700",98700,,,,,,,"+3.050",3050,"+0.060",60,
218,1972,10,25,25,"25","16","mike-beuttler","march","ford","firestone","1:39.730",99730,,,,,,,"+4.080",4080,"+1.030",1030,
218,1972,10,26,26,"26","25","henri-pescarolo","march","ford","goodyear","1:40.210",100210,,,,,,,"+4.560",4560,"+0.480",480,
218,1972,10,27,27,"27","12","derek-bell","tecno","tecno","firestone","1:42.070",102070,,,,,,,"+6.420",6420,"+1.860",1860,
219,1972,11,1,1,"1","19","peter-revson","mclaren","ford","goodyear","1:13.600",73600,,,,,,,,,,,
219,1972,11,2,2,"2","18","denny-hulme","mclaren","ford","goodyear","1:13.900",73900,,,,,,,"+0.300",300,"+0.300",300,
219,1972,11,3,3,"3","25","ronnie-peterson","march","ford","goodyear","1:14.000",74000,,,,,,,"+0.400",400,"+0.100",100,
219,1972,11,4,4,"4","5","emerson-fittipaldi","lotus","ford","firestone","1:14.400",74400,,,,,,,"+0.800",800,"+0.400",400,
219,1972,11,5,5,"5","1","jackie-stewart","tyrrell","ford","goodyear","1:14.400",74400,,,,,,,"+0.800",800,"+0.000",0,
219,1972,11,6,6,"6","2","francois-cevert","tyrrell","ford","goodyear","1:14.500",74500,,,,,,,"+0.900",900,"+0.100",100,
219,1972,11,7,7,"7","11","clay-regazzoni","ferrari","ferrari","firestone","1:14.500",74500,,,,,,,"+0.900",900,"+0.000",0,
219,1972,11,8,8,"8","10","jacky-ickx","ferrari","ferrari","firestone","1:14.700",74700,,,,,,,"+1.100",1100,"+0.200",200,
219,1972,11,9,9,"9","8","carlos-reutemann","brabham","ford","goodyear","1:14.900",74900,,,,,,,"+1.300",1300,"+0.200",200,
219,1972,11,10,10,"10","4","chris-amon","matra","matra","goodyear","1:15.400",75400,,,,,,,"+1.800",1800,"+0.500",500,
219,1972,11,11,11,"11","9","wilson-fittipaldi","brabham","ford","goodyear","1:15.600",75600,,,,,,,"+2.000",2000,"+0.200",200,
219,1972,11,12,12,"12","16","peter-gethin","brm","brm","firestone","1:15.700",75700,,,,,,,"+2.100",2100,"+0.100",100,
219,1972,11,13,13,"13","22","tim-schenken","surtees","ford","firestone","1:15.700",75700,,,,,,,"+2.100",2100,"+0.000",0,
219,1972,11,14,14,"14","15","howden-ganley","brm","brm","firestone","1:15.700",75700,,,,,,,"+2.100",2100,"+0.000",0,
219,1972,11,15,15,"15","23","andrea-de-adamich","surtees","ford","firestone","1:15.900",75900,,,,,,,"+2.300",2300,"+0.200",200,
219,1972,11,16,16,"16","6","reine-wisell","lotus","ford","firestone","1:16.000",76000,,,,,,,"+2.400",2400,"+0.100",100,
219,1972,11,17,17,"17","7","graham-hill","brabham","ford","goodyear","1:16.200",76200,,,,,,,"+2.600",2600,"+0.200",200,
219,1972,11,18,18,"18","29","carlos-pace","march","ford","goodyear","1:16.400",76400,,,,,,,"+2.800",2800,"+0.200",200,
219,1972,11,19,19,"19","26","niki-lauda","march","ford","goodyear","1:16.800",76800,,,,,,,"+3.200",3200,"+0.400",400,
219,1972,11,20,20,"20","14","jean-pierre-beltoise","brm","brm","firestone","1:16.800",76800,,,,,,,"+3.200",3200,"+0.000",0,
219,1972,11,21,21,"21","28","henri-pescarolo","march","ford","goodyear","1:17.000",77000,,,,,,,"+3.400",3400,"+0.200",200,
219,1972,11,22,22,"22","33","skip-barber","march","ford","firestone","1:17.100",77100,,,,,,,"+3.500",3500,"+0.100",100,
219,1972,11,23,23,"23","17","bill-brack","brm","brm","firestone","1:17.900",77900,,,,,,,"+4.300",4300,"+0.800",800,
219,1972,11,24,24,"24","27","mike-beuttler","march","ford","firestone","1:18.400",78400,,,,,,,"+4.800",4800,"+0.500",500,
219,1972,11,25,25,"25","31","derek-bell","tecno","tecno","firestone","1:18.600",78600,,,,,,,"+5.000",5000,"+0.200",200,
220,1972,12,1,1,"1","1","jackie-stewart","tyrrell","ford","goodyear","1:40.481",100481,,,,,,,,,,,
220,1972,12,2,2,"2","20","peter-revson","mclaren","ford","goodyear","1:40.527",100527,,,,,,,"+0.046",46,"+0.046",46,
220,1972,12,3,3,"3","19","denny-hulme","mclaren","ford","goodyear","1:41.084",101084,,,,,,,"+0.603",603,"+0.557",557,
220,1972,12,4,4,"4","2","francois-cevert","tyrrell","ford","goodyear","1:41.445",101445,,,,,,,"+0.964",964,"+0.361",361,
220,1972,12,5,5,"5","29","carlos-reutemann","brabham","ford","goodyear","1:41.692",101692,,,,,,,"+1.211",1211,"+0.247",247,
220,1972,12,6,6,"6","8","clay-regazzoni","ferrari","ferrari","firestone","1:41.951",101951,,,,,,,"+1.470",1470,"+0.259",259,
220,1972,12,7,7,"7","18","chris-amon","matra","matra","goodyear","1:41.979",101979,,,,,,,"+1.498",1498,"+0.028",28,
220,1972,12,8,8,"8","21","jody-scheckter","mclaren","ford","goodyear","1:42.058",102058,,,,,,,"+1.577",1577,"+0.079",79,
220,1972,12,9,9,"9","10","emerson-fittipaldi","lotus","ford","firestone","1:42.400",102400,,,,,,,"+1.919",1919,"+0.342",342,
220,1972,12,10,10,"10","9","mario-andretti","ferrari","ferrari","firestone","1:42.482",102482,,,,,,,"+2.001",2001,"+0.082",82,
220,1972,12,11,11,"11","3","patrick-depailler","tyrrell","ford","goodyear","1:42.521",102521,,,,,,,"+2.040",2040,"+0.039",39,
220,1972,12,12,12,"12","7","jacky-ickx","ferrari","ferrari","firestone","1:42.597",102597,,,,,,,"+2.116",2116,"+0.076",76,
220,1972,12,13,13,"13","30","wilson-fittipaldi","brabham","ford","goodyear","1:42.766",102766,,,,,,,"+2.285",2285,"+0.169",169,
220,1972,12,14,14,"14","23","mike-hailwood","surtees","ford","firestone","1:43.204",103204,,,,,,,"+2.723",2723,"+0.438",438,
220,1972,12,15,15,"15","27","carlos-pace","march","ford","goodyear","1:43.319",103319,,,,,,,"+2.838",2838,"+0.115",115,
220,1972,12,16,16,"16","12","reine-wisell","lotus","ford","firestone","1:43.543",103543,,,,,,,"+3.062",3062,"+0.224",224,
220,1972,12,17,17,"17","16","howden-ganley","brm","brm","firestone","1:44.075",104075,,,,,,,"+3.594",3594,"+0.532",532,
220,1972,12,18,18,"18","17","jean-pierre-beltoise","brm","brm","firestone","1:44.240",104240,,,,,,,"+3.759",3759,"+0.165",165,
220,1972,12,19,19,"19","25","andrea-de-adamich","surtees","ford","firestone","1:44.279",104279,,,,,,,"+3.798",3798,"+0.039",39,
220,1972,12,20,20,"20","33","skip-barber","march","ford","firestone","1:44.280",104280,,,,,,,"+3.799",3799,"+0.001",1,
220,1972,12,21,21,"21","6","mike-beuttler","march","ford","firestone","1:44.369",104369,,,,,,,"+3.888",3888,"+0.089",89,
220,1972,12,22,22,"22","26","henri-pescarolo","march","ford","goodyear","1:44.433",104433,,,,,,,"+3.952",3952,"+0.064",64,
220,1972,12,23,23,"23","34","sam-posey","surtees","ford","firestone","1:44.525",104525,,,,,,,"+4.044",4044,"+0.092",92,
220,1972,12,24,24,"24","15","brian-redman","brm","brm","firestone","1:44.925",104925,,,,,,,"+4.444",4444,"+0.400",400,
220,1972,12,25,25,"25","24","john-surtees","surtees","ford","firestone","1:45.232",105232,,,,,,,"+4.751",4751,"+0.307",307,
220,1972,12,26,26,"26","5","niki-lauda","march","ford","goodyear","1:45.290",105290,,,,,,,"+4.809",4809,"+0.058",58,
220,1972,12,27,27,"27","4","ronnie-peterson","march","ford","goodyear","1:46.142",106142,,,,,,,"+5.661",5661,"+0.852",852,
220,1972,12,28,28,"28","28","graham-hill","brabham","ford","goodyear","1:46.313",106313,,,,,,,"+5.832",5832,"+0.171",171,
220,1972,12,29,29,"29","14","peter-gethin","brm","brm","firestone","1:46.599",106599,,,,,,,"+6.118",6118,"+0.286",286,
220,1972,12,30,30,"30","31","derek-bell","tecno","tecno","firestone","1:47.023",107023,,,,,,,"+6.542",6542,"+0.424",424,
220,1972,12,31,31,"31","11","david-walker","lotus","ford","firestone","1:50.600",110600,,,,,,,"+10.119",10119,"+3.577",3577,
220,1972,12,32,32,"32","22","tim-schenken","surtees","ford","firestone","1:57.674",117674,,,,,,,"+17.193",17193,"+7.074",7074,
221,1973,1,1,1,"1","32","clay-regazzoni","brm","brm","firestone","1:10.540",70540,,,,,,,,,,,
221,1973,1,2,2,"2","2","emerson-fittipaldi","lotus","ford","goodyear","1:10.840",70840,,,,,,,"+0.300",300,"+0.300",300,
221,1973,1,3,3,"3","18","jacky-ickx","ferrari","ferrari","goodyear","1:11.010",71010,,,,,,,"+0.470",470,"+0.170",170,
221,1973,1,4,4,"4","6","jackie-stewart","tyrrell","ford","goodyear","1:11.030",71030,,,,,,,"+0.490",490,"+0.020",20,
221,1973,1,5,5,"5","4","ronnie-peterson","lotus","ford","goodyear","1:11.060",71060,,,,,,,"+0.520",520,"+0.030",30,
221,1973,1,6,6,"6","8","francois-cevert","tyrrell","ford","goodyear","1:11.460",71460,,,,,,,"+0.920",920,"+0.400",400,
221,1973,1,7,7,"7","30","jean-pierre-beltoise","brm","brm","firestone","1:11.480",71480,,,,,,,"+0.940",940,"+0.020",20,
221,1973,1,8,8,"8","14","denny-hulme","mclaren","ford","goodyear","1:11.700",71700,,,,,,,"+1.160",1160,"+0.220",220,
221,1973,1,9,9,"9","10","carlos-reutemann","brabham","ford","goodyear","1:12.080",72080,,,,,,,"+1.540",1540,"+0.380",380,
221,1973,1,10,10,"10","26","mike-hailwood","surtees","ford","firestone","1:12.130",72130,,,,,,,"+1.590",1590,"+0.050",50,
221,1973,1,11,11,"11","16","peter-revson","mclaren","ford","goodyear","1:12.220",72220,,,,,,,"+1.680",1680,"+0.090",90,
221,1973,1,12,12,"12","12","wilson-fittipaldi","brabham","ford","goodyear","1:12.310",72310,,,,,,,"+1.770",1770,"+0.090",90,
221,1973,1,13,13,"13","34","niki-lauda","brm","brm","firestone","1:12.390",72390,,,,,,,"+1.850",1850,"+0.080",80,
221,1973,1,14,14,"14","20","arturo-merzario","ferrari","ferrari","goodyear","1:12.540",72540,,,,,,,"+2.000",2000,"+0.150",150,
221,1973,1,15,15,"15","28","carlos-pace","surtees","ford","firestone","1:12.800",72800,,,,,,,"+2.260",2260,"+0.260",260,
221,1973,1,16,16,"16","36","nanni-galli","iso-marlboro","ford","firestone","1:13.970",73970,,,,,,,"+3.430",3430,"+1.170",1170,
221,1973,1,17,17,"17","24","jean-pierre-jarier","march","ford","goodyear","1:14.270",74270,,,,,,,"+3.730",3730,"+0.300",300,
221,1973,1,18,18,"18","22","mike-beuttler","march","ford","goodyear","1:15.150",75150,,,,,,,"+4.610",4610,"+0.880",880,
221,1973,1,19,19,"19","38","howden-ganley","iso-marlboro","ford","firestone","1:15.290",75290,,,,,,,"+4.750",4750,"+0.140",140,
222,1973,2,1,1,"1","2","ronnie-peterson","lotus","ford","goodyear","2:30.500",150500,,,,,,,,,,,
222,1973,2,2,2,"2","1","emerson-fittipaldi","lotus","ford","goodyear","2:30.700",150700,,,,,,,"+0.200",200,"+0.200",200,
222,1973,2,3,3,"3","9","jacky-ickx","ferrari","ferrari","goodyear","2:32.000",152000,,,,,,,"+1.500",1500,"+1.300",1300,
222,1973,2,4,4,"4","14","clay-regazzoni","brm","brm","firestone","2:32.400",152400,,,,,,,"+1.900",1900,"+0.400",400,
222,1973,2,5,5,"5","7","denny-hulme","mclaren","ford","goodyear","2:32.700",152700,,,,,,,"+2.200",2200,"+0.300",300,
222,1973,2,6,6,"6","6","carlos-pace","surtees","ford","firestone","2:32.700",152700,,,,,,,"+2.200",2200,"+0.000",0,
222,1973,2,7,7,"7","17","carlos-reutemann","brabham","ford","goodyear","2:32.900",152900,,,,,,,"+2.400",2400,"+0.200",200,
222,1973,2,8,8,"8","3","jackie-stewart","tyrrell","ford","goodyear","2:33.300",153300,,,,,,,"+2.800",2800,"+0.400",400,
222,1973,2,9,9,"9","4","francois-cevert","tyrrell","ford","goodyear","2:33.400",153400,,,,,,,"+2.900",2900,"+0.100",100,
222,1973,2,10,10,"10","15","jean-pierre-beltoise","brm","brm","firestone","2:33.500",153500,,,,,,,"+3.000",3000,"+0.100",100,
222,1973,2,11,11,"11","18","wilson-fittipaldi","brabham","ford","goodyear","2:34.300",154300,,,,,,,"+3.800",3800,"+0.800",800,
222,1973,2,12,12,"12","8","peter-revson","mclaren","ford","goodyear","2:34.300",154300,,,,,,,"+3.800",3800,"+0.000",0,
222,1973,2,13,13,"13","16","niki-lauda","brm","brm","firestone","2:35.100",155100,,,,,,,"+4.600",4600,"+0.800",800,
222,1973,2,14,14,"14","5","mike-hailwood","surtees","ford","firestone","2:35.500",155500,,,,,,,"+5.000",5000,"+0.400",400,
222,1973,2,15,15,"15","11","jean-pierre-jarier","march","ford","goodyear","2:37.600",157600,,,,,,,"+7.100",7100,"+2.100",2100,
222,1973,2,16,16,"16","19","howden-ganley","iso-marlboro","ford","firestone","2:37.600",157600,,,,,,,"+7.100",7100,"+0.000",0,
222,1973,2,17,17,"17","10","arturo-merzario","ferrari","ferrari","goodyear","2:37.700",157700,,,,,,,"+7.200",7200,"+0.100",100,
222,1973,2,18,18,"18","20","nanni-galli","iso-marlboro","ford","firestone","2:38.700",158700,,,,,,,"+8.200",8200,"+1.000",1000,
222,1973,2,19,19,"19","12","mike-beuttler","march","ford","goodyear","2:39.900",159900,,,,,,,"+9.400",9400,"+1.200",1200,
222,1973,2,20,20,"20","23","luiz-bueno","surtees","ford","firestone","2:42.500",162500,,,,,,,"+12.000",12000,"+2.600",2600,
223,1973,3,1,1,"1","5","denny-hulme","mclaren","ford","goodyear","1:16.280",76280,,,,,,,,,,,
223,1973,3,2,2,"2","1","emerson-fittipaldi","lotus","ford","goodyear","1:16.410",76410,,,,,,,"+0.130",130,"+0.130",130,
223,1973,3,3,3,"3","7","jody-scheckter","mclaren","ford","goodyear","1:16.430",76430,,,,,,,"+0.150",150,"+0.020",20,
223,1973,3,4,4,"4","2","ronnie-peterson","lotus","ford","goodyear","1:16.440",76440,,,,,,,"+0.160",160,"+0.010",10,
223,1973,3,5,5,"5","15","clay-regazzoni","brm","brm","firestone","1:16.470",76470,,,,,,,"+0.190",190,"+0.030",30,
223,1973,3,6,6,"6","6","peter-revson","mclaren","ford","goodyear","1:16.720",76720,,,,,,,"+0.440",440,"+0.250",250,
223,1973,3,7,7,"7","16","jean-pierre-beltoise","brm","brm","firestone","1:16.840",76840,,,,,,,"+0.560",560,"+0.120",120,
223,1973,3,8,8,"8","18","carlos-reutemann","brabham","ford","goodyear","1:16.940",76940,,,,,,,"+0.660",660,"+0.100",100,
223,1973,3,9,9,"9","11","carlos-pace","surtees","ford","firestone","1:17.060",77060,,,,,,,"+0.780",780,"+0.120",120,
223,1973,3,10,10,"10","17","niki-lauda","brm","brm","firestone","1:17.140",77140,,,,,,,"+0.860",860,"+0.080",80,
223,1973,3,11,11,"11","8","jacky-ickx","ferrari","ferrari","goodyear","1:17.160",77160,,,,,,,"+0.880",880,"+0.020",20,
223,1973,3,12,12,"12","10","mike-hailwood","surtees","ford","firestone","1:17.170",77170,,,,,,,"+0.890",890,"+0.010",10,
223,1973,3,13,13,"13","25","dave-charlton","lotus","ford","firestone","1:17.180",77180,,,,,,,"+0.900",900,"+0.010",10,
223,1973,3,14,14,"14","22","jackie-oliver","shadow","ford","goodyear","1:17.640",77640,,,,,,,"+1.360",1360,"+0.460",460,
223,1973,3,15,15,"15","9","arturo-merzario","ferrari","ferrari","goodyear","1:17.640",77640,,,,,,,"+1.360",1360,"+0.000",0,
223,1973,3,16,16,"16","3","jackie-stewart","tyrrell","ford","goodyear","1:17.650",77650,,,,,,,"+1.370",1370,"+0.010",10,
223,1973,3,17,17,"17","19","wilson-fittipaldi","brabham","ford","goodyear","1:17.950",77950,,,,,,,"+1.670",1670,"+0.300",300,
223,1973,3,18,18,"18","14","jean-pierre-jarier","march","ford","goodyear","1:17.980",77980,,,,,,,"+1.700",1700,"+0.030",30,
223,1973,3,19,19,"19","21","howden-ganley","iso-marlboro","ford","firestone","1:18.070",78070,,,,,,,"+1.790",1790,"+0.090",90,
223,1973,3,20,20,"20","12","andrea-de-adamich","surtees","ford","firestone","1:18.660",78660,,,,,,,"+2.380",2380,"+0.590",590,
223,1973,3,21,21,"21","23","george-follmer","shadow","ford","goodyear","1:18.820",78820,,,,,,,"+2.540",2540,"+0.160",160,
223,1973,3,22,22,"22","26","eddie-keizan","tyrrell","ford","goodyear","1:18.920",78920,,,,,,,"+2.640",2640,"+0.100",100,
223,1973,3,23,23,"23","24","mike-beuttler","march","ford","goodyear","1:20.370",80370,,,,,,,"+4.090",4090,"+1.450",1450,
223,1973,3,24,24,"24","20","jackie-pretorius","iso-marlboro","ford","firestone","1:20.540",80540,,,,,,,"+4.260",4260,"+0.170",170,
223,1973,3,25,25,"25","4","francois-cevert","tyrrell","ford","goodyear",,,,,,,,,,,,,
224,1973,4,1,1,"1","2","ronnie-peterson","lotus","ford","goodyear","1:21.800",81800,,,,,,,,,,,
224,1973,4,2,2,"2","5","denny-hulme","mclaren","ford","goodyear","1:22.500",82500,,,,,,,"+0.700",700,"+0.700",700,
224,1973,4,3,3,"3","4","francois-cevert","tyrrell","ford","goodyear","1:22.700",82700,,,,,,,"+0.900",900,"+0.200",200,
224,1973,4,4,4,"4","3","jackie-stewart","tyrrell","ford","goodyear","1:23.200",83200,,,,,,,"+1.400",1400,"+0.500",500,
224,1973,4,5,5,"5","6","peter-revson","mclaren","ford","goodyear","1:23.400",83400,,,,,,,"+1.600",1600,"+0.200",200,
224,1973,4,6,6,"6","7","jacky-ickx","ferrari","ferrari","goodyear","1:23.500",83500,,,,,,,"+1.700",1700,"+0.100",100,
224,1973,4,7,7,"7","1","emerson-fittipaldi","lotus","ford","goodyear","1:23.700",83700,,,,,,,"+1.900",1900,"+0.200",200,
224,1973,4,8,8,"8","14","clay-regazzoni","brm","brm","firestone","1:23.700",83700,,,,,,,"+1.900",1900,"+0.000",0,
224,1973,4,9,9,"9","9","mike-hailwood","surtees","ford","firestone","1:24.200",84200,,,,,,,"+2.400",2400,"+0.500",500,
224,1973,4,10,10,"10","15","jean-pierre-beltoise","brm","brm","firestone","1:24.200",84200,,,,,,,"+2.400",2400,"+0.000",0,
224,1973,4,11,11,"11","16","niki-lauda","brm","brm","firestone","1:24.400",84400,,,,,,,"+2.600",2600,"+0.200",200,
224,1973,4,12,12,"12","17","wilson-fittipaldi","brabham","ford","goodyear","1:24.500",84500,,,,,,,"+2.700",2700,"+0.100",100,
224,1973,4,13,13,"13","19","jackie-oliver","shadow","ford","goodyear","1:24.600",84600,,,,,,,"+2.800",2800,"+0.100",100,
224,1973,4,14,14,"14","20","george-follmer","shadow","ford","goodyear","1:24.700",84700,,,,,,,"+2.900",2900,"+0.100",100,
224,1973,4,15,15,"15","18","carlos-reutemann","brabham","ford","goodyear","1:24.700",84700,,,,,,,"+2.900",2900,"+0.000",0,
224,1973,4,16,16,"16","10","carlos-pace","surtees","ford","firestone","1:25.000",85000,,,,,,,"+3.200",3200,"+0.300",300,
224,1973,4,17,17,"17","21","andrea-de-adamich","brabham","ford","goodyear","1:25.200",85200,,,,,,,"+3.400",3400,"+0.200",200,
224,1973,4,18,18,"18","11","henri-pescarolo","march","ford","goodyear","1:26.100",86100,,,,,,,"+4.300",4300,"+0.900",900,
224,1973,4,19,19,"19","12","mike-beuttler","march","ford","goodyear","1:26.200",86200,,,,,,,"+4.400",4400,"+0.100",100,
224,1973,4,20,20,"20","24","nanni-galli","iso-marlboro","ford","firestone","1:26.300",86300,,,,,,,"+4.500",4500,"+0.100",100,
224,1973,4,21,21,"21","23","howden-ganley","iso-marlboro","ford","firestone","1:26.500",86500,,,,,,,"+4.700",4700,"+0.200",200,
224,1973,4,22,22,"22","25","graham-hill","shadow","ford","goodyear","1:30.300",90300,,,,,,,"+8.500",8500,"+3.800",3800,
225,1973,5,1,1,"1","2","ronnie-peterson","lotus","ford","goodyear","1:22.460",82460,,,,,,,,,,,
225,1973,5,2,2,"2","7","denny-hulme","mclaren","ford","goodyear","1:23.000",83000,,,,,,,"+0.540",540,"+0.540",540,
225,1973,5,3,3,"3","3","jacky-ickx","ferrari","ferrari","goodyear","1:23.100",83100,,,,,,,"+0.640",640,"+0.100",100,
225,1973,5,4,4,"4","6","francois-cevert","tyrrell","ford","goodyear","1:23.220",83220,,,,,,,"+0.760",760,"+0.120",120,
225,1973,5,5,5,"5","20","jean-pierre-beltoise","brm","brm","firestone","1:23.250",83250,,,,,,,"+0.790",790,"+0.030",30,
225,1973,5,6,6,"6","5","jackie-stewart","tyrrell","ford","goodyear","1:23.280",83280,,,,,,,"+0.820",820,"+0.030",30,
225,1973,5,7,7,"7","10","carlos-reutemann","brabham","ford","goodyear","1:23.340",83340,,,,,,,"+0.880",880,"+0.060",60,
225,1973,5,8,8,"8","24","carlos-pace","surtees","ford","firestone","1:23.340",83340,,,,,,,"+0.880",880,"+0.000",0,
225,1973,5,9,9,"9","1","emerson-fittipaldi","lotus","ford","goodyear","1:23.440",83440,,,,,,,"+0.980",980,"+0.100",100,
225,1973,5,10,10,"10","8","peter-revson","mclaren","ford","goodyear","1:23.520",83520,,,,,,,"+1.060",1060,"+0.080",80,
225,1973,5,11,11,"11","16","george-follmer","shadow","ford","goodyear","1:23.860",83860,,,,,,,"+1.400",1400,"+0.340",340,
225,1973,5,12,12,"12","19","clay-regazzoni","brm","brm","firestone","1:23.910",83910,,,,,,,"+1.450",1450,"+0.050",50,
225,1973,5,13,13,"13","23","mike-hailwood","surtees","ford","firestone","1:23.960",83960,,,,,,,"+1.500",1500,"+0.050",50,
225,1973,5,14,14,"14","21","niki-lauda","brm","brm","firestone","1:24.510",84510,,,,,,,"+2.050",2050,"+0.550",550,
225,1973,5,15,15,"15","22","chris-amon","tecno","tecno","firestone","1:24.790",84790,,,,,,,"+2.330",2330,"+0.280",280,
225,1973,5,16,16,"16","14","jean-pierre-jarier","march","ford","goodyear","1:24.830",84830,,,,,,,"+2.370",2370,"+0.040",40,
225,1973,5,17,17,"17","26","nanni-galli","iso-marlboro","ford","firestone","1:24.890",84890,,,,,,,"+2.430",2430,"+0.060",60,
225,1973,5,18,18,"18","9","andrea-de-adamich","brabham","ford","goodyear","1:25.280",85280,,,,,,,"+2.820",2820,"+0.390",390,
225,1973,5,19,19,"19","11","wilson-fittipaldi","brabham","ford","goodyear","1:25.570",85570,,,,,,,"+3.110",3110,"+0.290",290,
225,1973,5,20,20,"20","15","mike-beuttler","march","ford","goodyear","1:25.770",85770,,,,,,,"+3.310",3310,"+0.200",200,
225,1973,5,21,21,"21","25","howden-ganley","iso-marlboro","ford","firestone","1:26.680",86680,,,,,,,"+4.220",4220,"+0.910",910,
225,1973,5,22,22,"22","17","jackie-oliver","shadow","ford","goodyear","1:28.120",88120,,,,,,,"+5.660",5660,"+1.440",1440,
225,1973,5,23,23,"23","12","graham-hill","shadow","ford","goodyear","1:30.450",90450,,,,,,,"+7.990",7990,"+2.330",2330,
226,1973,6,1,1,"1","5","jackie-stewart","tyrrell","ford","goodyear","1:27.500",87500,,,,,,,,,,,
226,1973,6,2,2,"2","2","ronnie-peterson","lotus","ford","goodyear","1:27.700",87700,,,,,,,"+0.200",200,"+0.200",200,
226,1973,6,3,3,"3","7","denny-hulme","mclaren","ford","goodyear","1:27.800",87800,,,,,,,"+0.300",300,"+0.100",100,
226,1973,6,4,4,"4","6","francois-cevert","tyrrell","ford","goodyear","1:27.900",87900,,,,,,,"+0.400",400,"+0.100",100,
226,1973,6,5,5,"5","1","emerson-fittipaldi","lotus","ford","goodyear","1:28.100",88100,,,,,,,"+0.600",600,"+0.200",200,
226,1973,6,6,6,"6","21","niki-lauda","brm","brm","firestone","1:28.500",88500,,,,,,,"+1.000",1000,"+0.400",400,
226,1973,6,7,7,"7","3","jacky-ickx","ferrari","ferrari","goodyear","1:28.700",88700,,,,,,,"+1.200",1200,"+0.200",200,
226,1973,6,8,8,"8","19","clay-regazzoni","brm","brm","firestone","1:28.900",88900,,,,,,,"+1.400",1400,"+0.200",200,
226,1973,6,9,9,"9","11","wilson-fittipaldi","brabham","ford","goodyear","1:28.900",88900,,,,,,,"+1.400",1400,"+0.000",0,
226,1973,6,10,10,"10","25","howden-ganley","iso-marlboro","ford","firestone","1:29.000",89000,,,,,,,"+1.500",1500,"+0.100",100,
226,1973,6,11,11,"11","20","jean-pierre-beltoise","brm","brm","firestone","1:29.000",89000,,,,,,,"+1.500",1500,"+0.000",0,
226,1973,6,12,12,"12","22","chris-amon","tecno","tecno","firestone","1:29.300",89300,,,,,,,"+1.800",1800,"+0.300",300,
226,1973,6,13,13,"13","23","mike-hailwood","surtees","ford","firestone","1:29.400",89400,,,,,,,"+1.900",1900,"+0.100",100,
226,1973,6,14,14,"14","14","jean-pierre-jarier","march","ford","goodyear","1:29.400",89400,,,,,,,"+1.900",1900,"+0.000",0,
226,1973,6,15,15,"15","8","peter-revson","mclaren","ford","goodyear","1:29.400",89400,,,,,,,"+1.900",1900,"+0.000",0,
226,1973,6,16,16,"16","4","arturo-merzario","ferrari","ferrari","goodyear","1:29.500",89500,,,,,,,"+2.000",2000,"+0.100",100,
226,1973,6,17,17,"17","24","carlos-pace","surtees","ford","firestone","1:29.600",89600,,,,,,,"+2.100",2100,"+0.100",100,
226,1973,6,18,18,"18","27","james-hunt","march","ford","goodyear","1:29.900",89900,,,,,,,"+2.400",2400,"+0.300",300,
226,1973,6,19,19,"19","10","carlos-reutemann","brabham","ford","goodyear","1:30.100",90100,,,,,,,"+2.600",2600,"+0.200",200,
226,1973,6,20,20,"20","16","george-follmer","shadow","ford","goodyear","1:30.400",90400,,,,,,,"+2.900",2900,"+0.300",300,
226,1973,6,21,21,"21","15","mike-beuttler","march","ford","goodyear","1:31.000",91000,,,,,,,"+3.500",3500,"+0.600",600,
226,1973,6,22,22,"22","26","nanni-galli","iso-marlboro","ford","firestone","1:31.100",91100,,,,,,,"+3.600",3600,"+0.100",100,
226,1973,6,23,23,"23","17","jackie-oliver","shadow","ford","goodyear","1:31.200",91200,,,,,,,"+3.700",3700,"+0.100",100,
226,1973,6,24,24,"24","18","david-purley","march","ford","goodyear","1:31.900",91900,,,,,,,"+4.400",4400,"+0.700",700,
226,1973,6,25,25,"25","12","graham-hill","shadow","ford","goodyear","1:31.900",91900,,,,,,,"+4.400",4400,"+0.000",0,
226,1973,6,26,26,"26","9","andrea-de-adamich","brabham","ford","goodyear","1:32.100",92100,,,,,,,"+4.600",4600,"+0.200",200,
227,1973,7,1,1,"1","2","ronnie-peterson","lotus","ford","goodyear","1:23.810",83810,,,,,,,,,,,
227,1973,7,2,2,"2","6","francois-cevert","tyrrell","ford","goodyear","1:23.899",83899,,,,,,,"+0.089",89,"+0.089",89,
227,1973,7,3,3,"3","5","jackie-stewart","tyrrell","ford","goodyear","1:23.912",83912,,,,,,,"+0.102",102,"+0.013",13,
227,1973,7,4,4,"4","1","emerson-fittipaldi","lotus","ford","goodyear","1:24.084",84084,,,,,,,"+0.274",274,"+0.172",172,
227,1973,7,5,5,"5","10","carlos-reutemann","brabham","ford","goodyear","1:24.489",84489,,,,,,,"+0.679",679,"+0.405",405,
227,1973,7,6,6,"6","7","denny-hulme","mclaren","ford","goodyear","1:24.625",84625,,,,,,,"+0.815",815,"+0.136",136,
227,1973,7,7,7,"7","8","peter-revson","mclaren","ford","goodyear","1:24.937",84937,,,,,,,"+1.127",1127,"+0.312",312,
227,1973,7,8,8,"8","3","jacky-ickx","ferrari","ferrari","goodyear","1:25.604",85604,,,,,,,"+1.794",1794,"+0.667",667,
227,1973,7,9,9,"9","20","jean-pierre-beltoise","brm","brm","firestone","1:25.738",85738,,,,,,,"+1.928",1928,"+0.134",134,
227,1973,7,10,10,"10","23","mike-hailwood","surtees","ford","firestone","1:25.776",85776,,,,,,,"+1.966",1966,"+0.038",38,
227,1973,7,11,11,"11","25","howden-ganley","iso-marlboro","ford","firestone","1:25.800",85800,,,,,,,"+1.990",1990,"+0.024",24,
227,1973,7,12,12,"12","19","clay-regazzoni","brm","brm","firestone","1:25.995",85995,,,,,,,"+2.185",2185,"+0.195",195,
227,1973,7,13,13,"13","11","wilson-fittipaldi","brabham","ford","goodyear","1:26.127",86127,,,,,,,"+2.317",2317,"+0.132",132,
227,1973,7,14,14,"14","27","reine-wisell","march","ford","goodyear","1:26.187",86187,,,,,,,"+2.377",2377,"+0.060",60,
227,1973,7,15,15,"15","21","niki-lauda","brm","brm","firestone","1:26.211",86211,,,,,,,"+2.401",2401,"+0.024",24,
227,1973,7,16,16,"16","24","carlos-pace","surtees","ford","firestone","1:26.255",86255,,,,,,,"+2.445",2445,"+0.044",44,
227,1973,7,17,17,"17","17","jackie-oliver","shadow","ford","goodyear","1:26.305",86305,,,,,,,"+2.495",2495,"+0.050",50,
227,1973,7,18,18,"18","12","graham-hill","shadow","ford","goodyear","1:26.382",86382,,,,,,,"+2.572",2572,"+0.077",77,
227,1973,7,19,19,"19","16","george-follmer","shadow","ford","goodyear","1:26.632",86632,,,,,,,"+2.822",2822,"+0.250",250,
227,1973,7,20,20,"20","14","jean-pierre-jarier","march","ford","goodyear","1:26.874",86874,,,,,,,"+3.064",3064,"+0.242",242,
227,1973,7,21,21,"21","15","mike-beuttler","march","ford","goodyear","1:28.580",88580,,,,,,,"+4.770",4770,"+1.706",1706,
227,1973,7,22,22,"22","26","tom-belso","iso-marlboro","ford","firestone","1:28.972",88972,,,,,,,"+5.162",5162,"+0.392",392,
228,1973,8,1,1,"1","5","jackie-stewart","tyrrell","ford","goodyear","1:48.370",108370,,,,,,,,,,,
228,1973,8,2,2,"2","8","jody-scheckter","mclaren","ford","goodyear","1:49.180",109180,,,,,,,"+0.810",810,"+0.810",810,
228,1973,8,3,3,"3","1","emerson-fittipaldi","lotus","ford","goodyear","1:49.360",109360,,,,,,,"+0.990",990,"+0.180",180,
228,1973,8,4,4,"4","6","francois-cevert","tyrrell","ford","goodyear","1:49.390",109390,,,,,,,"+1.020",1020,"+0.030",30,
228,1973,8,5,5,"5","2","ronnie-peterson","lotus","ford","goodyear","1:49.450",109450,,,,,,,"+1.080",1080,"+0.060",60,
228,1973,8,6,6,"6","7","denny-hulme","mclaren","ford","goodyear","1:49.680",109680,,,,,,,"+1.310",1310,"+0.230",230,
228,1973,8,7,7,"7","14","jean-pierre-jarier","march","ford","goodyear","1:50.690",110690,,,,,,,"+2.320",2320,"+1.010",1010,
228,1973,8,8,8,"8","10","carlos-reutemann","brabham","ford","goodyear","1:50.750",110750,,,,,,,"+2.380",2380,"+0.060",60,
228,1973,8,9,9,"9","19","clay-regazzoni","brm","brm","firestone","1:50.990",110990,,,,,,,"+2.620",2620,"+0.240",240,
228,1973,8,10,10,"10","4","arturo-merzario","ferrari","ferrari","goodyear","1:51.170",111170,,,,,,,"+2.800",2800,"+0.180",180,
228,1973,8,11,11,"11","23","mike-hailwood","surtees","ford","firestone","1:51.170",111170,,,,,,,"+2.800",2800,"+0.000",0,
228,1973,8,12,12,"12","3","jacky-ickx","ferrari","ferrari","goodyear","1:51.440",111440,,,,,,,"+3.070",3070,"+0.270",270,
228,1973,8,13,13,"13","9","andrea-de-adamich","brabham","ford","goodyear","1:51.530",111530,,,,,,,"+3.160",3160,"+0.090",90,
228,1973,8,14,14,"14","27","james-hunt","march","ford","goodyear","1:51.630",111630,,,,,,,"+3.260",3260,"+0.100",100,
228,1973,8,15,15,"15","20","jean-pierre-beltoise","brm","brm","firestone","1:51.670",111670,,,,,,,"+3.300",3300,"+0.040",40,
228,1973,8,16,16,"16","12","graham-hill","shadow","ford","goodyear","1:51.700",111700,,,,,,,"+3.330",3330,"+0.030",30,
228,1973,8,17,17,"17","21","niki-lauda","brm","brm","firestone","1:51.780",111780,,,,,,,"+3.410",3410,"+0.080",80,
228,1973,8,18,18,"18","24","carlos-pace","surtees","ford","firestone","1:51.880",111880,,,,,,,"+3.510",3510,"+0.100",100,
228,1973,8,19,19,"19","11","wilson-fittipaldi","brabham","ford","goodyear","1:52.070",112070,,,,,,,"+3.700",3700,"+0.190",190,
228,1973,8,20,20,"20","16","george-follmer","shadow","ford","goodyear","1:52.300",112300,,,,,,,"+3.930",3930,"+0.230",230,
228,1973,8,21,21,"21","17","jackie-oliver","shadow","ford","goodyear","1:52.940",112940,,,,,,,"+4.570",4570,"+0.640",640,
228,1973,8,22,22,"22","15","reine-wisell","march","ford","goodyear","1:53.200",113200,,,,,,,"+4.830",4830,"+0.260",260,
228,1973,8,23,23,"23","26","henri-pescarolo","iso-marlboro","ford","firestone","1:53.560",113560,,,,,,,"+5.190",5190,"+0.360",360,
228,1973,8,24,24,"24","25","howden-ganley","iso-marlboro","ford","firestone","1:53.870",113870,,,,,,,"+5.500",5500,"+0.310",310,
228,1973,8,25,25,"25","29","rikky-von-opel","ensign","ford","firestone","1:55.550",115550,,,,,,,"+7.180",7180,"+1.680",1680,
229,1973,9,1,1,"1","2","ronnie-peterson","lotus","ford","goodyear","1:16.300",76300,,,,,,,,,,,
229,1973,9,2,2,"2","7","denny-hulme","mclaren","ford","goodyear","1:16.500",76500,,,,,,,"+0.200",200,"+0.200",200,
229,1973,9,3,3,"3","8","peter-revson","mclaren","ford","goodyear","1:16.500",76500,,,,,,,"+0.200",200,"+0.000",0,
229,1973,9,4,4,"4","5","jackie-stewart","tyrrell","ford","goodyear","1:16.700",76700,,,,,,,"+0.400",400,"+0.200",200,
229,1973,9,5,5,"5","1","emerson-fittipaldi","lotus","ford","goodyear","1:16.700",76700,,,,,,,"+0.400",400,"+0.000",0,
229,1973,9,6,6,"6","30","jody-scheckter","mclaren","ford","goodyear","1:16.900",76900,,,,,,,"+0.600",600,"+0.200",200,
229,1973,9,7,7,"7","6","francois-cevert","tyrrell","ford","goodyear","1:17.300",77300,,,,,,,"+1.000",1000,"+0.400",400,
229,1973,9,8,8,"8","10","carlos-reutemann","brabham","ford","goodyear","1:17.400",77400,,,,,,,"+1.100",1100,"+0.100",100,
229,1973,9,9,9,"9","21","niki-lauda","brm","brm","firestone","1:17.400",77400,,,,,,,"+1.100",1100,"+0.000",0,
229,1973,9,10,10,"10","19","clay-regazzoni","brm","brm","firestone","1:17.500",77500,,,,,,,"+1.200",1200,"+0.100",100,
229,1973,9,11,11,"11","27","james-hunt","march","ford","goodyear","1:17.600",77600,,,,,,,"+1.300",1300,"+0.100",100,
229,1973,9,12,12,"12","23","mike-hailwood","surtees","ford","firestone","1:18.000",78000,,,,,,,"+1.700",1700,"+0.400",400,
229,1973,9,13,13,"13","11","wilson-fittipaldi","brabham","ford","goodyear","1:18.100",78100,,,,,,,"+1.800",1800,"+0.100",100,
229,1973,9,14,14,"14","31","jochen-mass","surtees","ford","firestone","1:18.300",78300,,,,,,,"+2.000",2000,"+0.200",200,
229,1973,9,15,15,"15","24","carlos-pace","surtees","ford","firestone","1:18.300",78300,,,,,,,"+2.000",2000,"+0.000",0,
229,1973,9,16,16,"16","18","david-purley","march","ford","goodyear","1:18.400",78400,,,,,,,"+2.100",2100,"+0.100",100,
229,1973,9,17,17,"17","20","jean-pierre-beltoise","brm","brm","firestone","1:18.400",78400,,,,,,,"+2.100",2100,"+0.000",0,
229,1973,9,18,18,"18","25","howden-ganley","iso-marlboro","ford","firestone","1:18.600",78600,,,,,,,"+2.300",2300,"+0.200",200,
229,1973,9,19,19,"19","3","jacky-ickx","ferrari","ferrari","goodyear","1:18.900",78900,,,,,,,"+2.600",2600,"+0.300",300,
229,1973,9,20,20,"20","9","andrea-de-adamich","brabham","ford","goodyear","1:19.100",79100,,,,,,,"+2.800",2800,"+0.200",200,
229,1973,9,21,21,"21","28","rikky-von-opel","ensign","ford","firestone","1:19.200",79200,,,,,,,"+2.900",2900,"+0.100",100,
229,1973,9,22,22,"22","14","roger-williamson","march","ford","goodyear","1:19.500",79500,,,,,,,"+3.200",3200,"+0.300",300,
229,1973,9,23,23,"23","29","john-watson","brabham","ford","goodyear","1:20.100",80100,,,,,,,"+3.800",3800,"+0.600",600,
229,1973,9,24,24,"24","15","mike-beuttler","march","ford","goodyear","1:20.100",80100,,,,,,,"+3.800",3800,"+0.000",0,
229,1973,9,25,25,"25","16","george-follmer","shadow","ford","goodyear","1:20.300",80300,,,,,,,"+4.000",4000,"+0.200",200,
229,1973,9,26,26,"26","17","jackie-oliver","shadow","ford","goodyear","1:20.300",80300,,,,,,,"+4.000",4000,"+0.000",0,
229,1973,9,27,27,"27","12","graham-hill","shadow","ford","goodyear","1:20.500",80500,,,,,,,"+4.200",4200,"+0.200",200,
229,1973,9,28,28,"28","26","graham-mcrae","iso-marlboro","ford","firestone","1:20.800",80800,,,,,,,"+4.500",4500,"+0.300",300,
229,1973,9,29,29,"29","22","chris-amon","tecno","tecno","firestone","1:21.000",81000,,,,,,,"+4.700",4700,"+0.200",200,
230,1973,10,1,1,"1","2","ronnie-peterson","lotus","ford","goodyear","1:19.470",79470,,,,,,,,,,,
230,1973,10,2,2,"2","5","jackie-stewart","tyrrell","ford","goodyear","1:19.970",79970,,,,,,,"+0.500",500,"+0.500",500,
230,1973,10,3,3,"3","6","francois-cevert","tyrrell","ford","goodyear","1:20.120",80120,,,,,,,"+0.650",650,"+0.150",150,
230,1973,10,4,4,"4","7","denny-hulme","mclaren","ford","goodyear","1:20.310",80310,,,,,,,"+0.840",840,"+0.190",190,
230,1973,10,5,5,"5","10","carlos-reutemann","brabham","ford","goodyear","1:20.590",80590,,,,,,,"+1.120",1120,"+0.280",280,
230,1973,10,6,6,"6","8","peter-revson","mclaren","ford","goodyear","1:20.600",80600,,,,,,,"+1.130",1130,"+0.010",10,
230,1973,10,7,7,"7","27","james-hunt","march","ford","goodyear","1:20.700",80700,,,,,,,"+1.230",1230,"+0.100",100,
230,1973,10,8,8,"8","24","carlos-pace","surtees","ford","firestone","1:21.020",81020,,,,,,,"+1.550",1550,"+0.320",320,
230,1973,10,9,9,"9","20","jean-pierre-beltoise","brm","brm","firestone","1:21.140",81140,,,,,,,"+1.670",1670,"+0.120",120,
230,1973,10,10,10,"10","17","jackie-oliver","shadow","ford","goodyear","1:21.230",81230,,,,,,,"+1.760",1760,"+0.090",90,
230,1973,10,11,11,"11","21","niki-lauda","brm","brm","firestone","1:21.430",81430,,,,,,,"+1.960",1960,"+0.200",200,
230,1973,10,12,12,"12","19","clay-regazzoni","brm","brm","firestone","1:21.560",81560,,,,,,,"+2.090",2090,"+0.130",130,
230,1973,10,13,13,"13","11","wilson-fittipaldi","brabham","ford","goodyear","1:21.820",81820,,,,,,,"+2.350",2350,"+0.260",260,
230,1973,10,14,14,"14","28","rikky-von-opel","ensign","ford","firestone","1:22.010",82010,,,,,,,"+2.540",2540,"+0.190",190,
230,1973,10,15,15,"15","25","howden-ganley","iso-marlboro","ford","firestone","1:22.100",82100,,,,,,,"+2.630",2630,"+0.090",90,
230,1973,10,16,16,"16","1","emerson-fittipaldi","lotus","ford","goodyear","1:22.240",82240,,,,,,,"+2.770",2770,"+0.140",140,
230,1973,10,17,17,"17","12","graham-hill","shadow","ford","goodyear","1:22.500",82500,,,,,,,"+3.030",3030,"+0.260",260,
230,1973,10,18,18,"18","14","roger-williamson","march","ford","goodyear","1:22.720",82720,,,,,,,"+3.250",3250,"+0.220",220,
230,1973,10,19,19,"19","22","chris-amon","tecno","tecno","firestone","1:22.730",82730,,,,,,,"+3.260",3260,"+0.010",10,
230,1973,10,20,20,"20","26","gijs-van-lennep","iso-marlboro","ford","firestone","1:22.950",82950,,,,,,,"+3.480",3480,"+0.220",220,
230,1973,10,21,21,"21","18","david-purley","march","ford","goodyear","1:23.090",83090,,,,,,,"+3.620",3620,"+0.140",140,
230,1973,10,22,22,"22","16","george-follmer","shadow","ford","goodyear","1:24.140",84140,,,,,,,"+4.670",4670,"+1.050",1050,
230,1973,10,23,23,"23","15","mike-beuttler","march","ford","goodyear","1:24.450",84450,,,,,,,"+4.980",4980,"+0.310",310,
230,1973,10,24,24,"24","23","mike-hailwood","surtees","ford","firestone","1:32.330",92330,,,,,,,"+12.860",12860,"+7.880",7880,
231,1973,11,1,1,"1","5","jackie-stewart","tyrrell","ford","goodyear","7:07.800",427800,,,,,,,,,,,
231,1973,11,2,2,"2","2","ronnie-peterson","lotus","ford","goodyear","7:08.300",428300,,,,,,,"+0.500",500,"+0.500",500,
231,1973,11,3,3,"3","6","francois-cevert","tyrrell","ford","goodyear","7:09.300",429300,,,,,,,"+1.500",1500,"+1.000",1000,
231,1973,11,4,4,"4","30","jacky-ickx","mclaren","ford","goodyear","7:09.700",429700,,,,,,,"+1.900",1900,"+0.400",400,
231,1973,11,5,5,"5","21","niki-lauda","brm","brm","firestone","7:09.900",429900,,,,,,,"+2.100",2100,"+0.200",200,
231,1973,11,6,6,"6","10","carlos-reutemann","brabham","ford","goodyear","7:15.100",435100,,,,,,,"+7.300",7300,"+5.200",5200,
231,1973,11,7,7,"7","8","peter-revson","mclaren","ford","goodyear","7:15.900",435900,,,,,,,"+8.100",8100,"+0.800",800,
231,1973,11,8,8,"8","7","denny-hulme","mclaren","ford","goodyear","7:16.500",436500,,,,,,,"+8.700",8700,"+0.600",600,
231,1973,11,9,9,"9","20","jean-pierre-beltoise","brm","brm","firestone","7:18.100",438100,,,,,,,"+10.300",10300,"+1.600",1600,
231,1973,11,10,10,"10","19","clay-regazzoni","brm","brm","firestone","7:18.200",438200,,,,,,,"+10.400",10400,"+0.100",100,
231,1973,11,11,11,"11","24","carlos-pace","surtees","ford","firestone","7:18.800",438800,,,,,,,"+11.000",11000,"+0.600",600,
231,1973,11,12,12,"12","26","henri-pescarolo","iso-marlboro","ford","firestone","7:18.800",438800,,,,,,,"+11.000",11000,"+0.000",0,
231,1973,11,13,13,"13","11","wilson-fittipaldi","brabham","ford","goodyear","7:19.100",439100,,,,,,,"+11.300",11300,"+0.300",300,
231,1973,11,14,14,"14","1","emerson-fittipaldi","lotus","ford","goodyear","7:19.700",439700,,,,,,,"+11.900",11900,"+0.600",600,
231,1973,11,15,15,"15","31","jochen-mass","surtees","ford","firestone","7:20.400",440400,,,,,,,"+12.600",12600,"+0.700",700,
231,1973,11,16,16,"16","9","rolf-stommelen","brabham","ford","goodyear","7:22.200",442200,,,,,,,"+14.400",14400,"+1.800",1800,
231,1973,11,17,17,"17","17","jackie-oliver","shadow","ford","goodyear","7:22.300",442300,,,,,,,"+14.500",14500,"+0.100",100,
231,1973,11,18,18,"18","23","mike-hailwood","surtees","ford","firestone","7:22.300",442300,,,,,,,"+14.500",14500,"+0.000",0,
231,1973,11,19,19,"19","25","howden-ganley","iso-marlboro","ford","firestone","7:25.100",445100,,,,,,,"+17.300",17300,"+2.800",2800,
231,1973,11,20,20,"20","15","mike-beuttler","march","ford","goodyear","7:26.600",446600,,,,,,,"+18.800",18800,"+1.500",1500,
231,1973,11,21,21,"21","12","graham-hill","shadow","ford","goodyear","7:27.100",447100,,,,,,,"+19.300",19300,"+0.500",500,
231,1973,11,22,22,"22","16","george-follmer","shadow","ford","goodyear","7:28.300",448300,,,,,,,"+20.500",20500,"+1.200",1200,
231,1973,11,23,23,"23","18","david-purley","march","ford","goodyear","7:54.200",474200,,,,,,,"+46.400",46400,"+25.900",25900,
232,1973,12,1,1,"1","1","emerson-fittipaldi","lotus","ford","goodyear","1:34.980",94980,,,,,,,,,,,
232,1973,12,2,2,"2","2","ronnie-peterson","lotus","ford","goodyear","1:35.370",95370,,,,,,,"+0.390",390,"+0.390",390,
232,1973,12,3,3,"3","7","denny-hulme","mclaren","ford","goodyear","1:35.690",95690,,,,,,,"+0.710",710,"+0.320",320,
232,1973,12,4,4,"4","8","peter-revson","mclaren","ford","goodyear","1:35.860",95860,,,,,,,"+0.880",880,"+0.170",170,
232,1973,12,5,5,"5","10","carlos-reutemann","brabham","ford","goodyear","1:36.010",96010,,,,,,,"+1.030",1030,"+0.150",150,
232,1973,12,6,6,"6","4","arturo-merzario","ferrari","ferrari","goodyear","1:36.420",96420,,,,,,,"+1.440",1440,"+0.410",410,
232,1973,12,7,7,"7","5","jackie-stewart","tyrrell","ford","goodyear","1:36.440",96440,,,,,,,"+1.460",1460,"+0.020",20,
232,1973,12,8,8,"8","24","carlos-pace","surtees","ford","firestone","1:36.480",96480,,,,,,,"+1.500",1500,"+0.040",40,
232,1973,12,9,9,"9","27","james-hunt","march","ford","goodyear","1:36.630",96630,,,,,,,"+1.650",1650,"+0.150",150,
232,1973,12,10,10,"10","6","francois-cevert","tyrrell","ford","goodyear","1:36.770",96770,,,,,,,"+1.790",1790,"+0.140",140,
232,1973,12,11,11,"11","15","mike-beuttler","march","ford","goodyear","1:36.830",96830,,,,,,,"+1.850",1850,"+0.060",60,
232,1973,12,12,12,"12","18","jean-pierre-jarier","march","ford","goodyear","1:36.930",96930,,,,,,,"+1.950",1950,"+0.100",100,
232,1973,12,13,13,"13","20","jean-pierre-beltoise","brm","brm","firestone","1:37.460",97460,,,,,,,"+2.480",2480,"+0.530",530,
232,1973,12,14,14,"14","19","clay-regazzoni","brm","brm","firestone","1:37.520",97520,,,,,,,"+2.540",2540,"+0.060",60,
232,1973,12,15,15,"15","23","mike-hailwood","surtees","ford","firestone","1:37.600",97600,,,,,,,"+2.620",2620,"+0.080",80,
232,1973,12,16,16,"16","11","wilson-fittipaldi","brabham","ford","goodyear","1:37.810",97810,,,,,,,"+2.830",2830,"+0.210",210,
232,1973,12,17,17,"17","9","rolf-stommelen","brabham","ford","goodyear","1:37.850",97850,,,,,,,"+2.870",2870,"+0.040",40,
232,1973,12,18,18,"18","17","jackie-oliver","shadow","ford","goodyear","1:37.970",97970,,,,,,,"+2.990",2990,"+0.120",120,
232,1973,12,19,19,"19","28","rikky-von-opel","ensign","ford","firestone","1:38.220",98220,,,,,,,"+3.240",3240,"+0.250",250,
232,1973,12,20,20,"20","16","george-follmer","shadow","ford","goodyear","1:38.300",98300,,,,,,,"+3.320",3320,"+0.080",80,
232,1973,12,21,21,"21","25","howden-ganley","iso-marlboro","ford","firestone","1:39.380",99380,,,,,,,"+4.400",4400,"+1.080",1080,
232,1973,12,22,22,"22","12","graham-hill","shadow","ford","goodyear","1:39.500",99500,,,,,,,"+4.520",4520,"+0.120",120,
232,1973,12,23,23,"23","22","chris-amon","tecno","tecno","firestone","1:40.390",100390,,,,,,,"+5.410",5410,"+0.890",890,
232,1973,12,24,24,"24","26","gijs-van-lennep","iso-marlboro","ford","firestone","1:41.040",101040,,,,,,,"+6.060",6060,"+0.650",650,
233,1973,13,1,1,"1","2","ronnie-peterson","lotus","ford","goodyear","1:34.800",94800,,,,,,,,,,,
233,1973,13,2,2,"2","8","peter-revson","mclaren","ford","goodyear","1:35.290",95290,,,,,,,"+0.490",490,"+0.490",490,
233,1973,13,3,3,"3","7","denny-hulme","mclaren","ford","goodyear","1:35.450",95450,,,,,,,"+0.650",650,"+0.160",160,
233,1973,13,4,4,"4","1","emerson-fittipaldi","lotus","ford","goodyear","1:35.680",95680,,,,,,,"+0.880",880,"+0.230",230,
233,1973,13,5,5,"5","24","carlos-pace","surtees","ford","firestone","1:36.060",96060,,,,,,,"+1.260",1260,"+0.380",380,
233,1973,13,6,6,"6","5","jackie-stewart","tyrrell","ford","goodyear","1:36.100",96100,,,,,,,"+1.300",1300,"+0.040",40,
233,1973,13,7,7,"7","4","arturo-merzario","ferrari","ferrari","goodyear","1:36.370",96370,,,,,,,"+1.570",1570,"+0.270",270,
233,1973,13,8,8,"8","23","mike-hailwood","surtees","ford","firestone","1:36.440",96440,,,,,,,"+1.640",1640,"+0.070",70,
233,1973,13,9,9,"9","9","rolf-stommelen","brabham","ford","goodyear","1:36.540",96540,,,,,,,"+1.740",1740,"+0.100",100,
233,1973,13,10,10,"10","10","carlos-reutemann","brabham","ford","goodyear","1:36.550",96550,,,,,,,"+1.750",1750,"+0.010",10,
233,1973,13,11,11,"11","6","francois-cevert","tyrrell","ford","goodyear","1:36.580",96580,,,,,,,"+1.780",1780,"+0.030",30,
233,1973,13,12,12,"12","15","mike-beuttler","march","ford","goodyear","1:36.670",96670,,,,,,,"+1.870",1870,"+0.090",90,
233,1973,13,13,13,"13","20","jean-pierre-beltoise","brm","brm","firestone","1:36.880",96880,,,,,,,"+2.080",2080,"+0.210",210,
233,1973,13,14,14,"14","3","jacky-ickx","ferrari","ferrari","goodyear","1:36.990",96990,,,,,,,"+2.190",2190,"+0.110",110,
233,1973,13,15,15,"15","21","niki-lauda","brm","brm","firestone","1:37.260",97260,,,,,,,"+2.460",2460,"+0.270",270,
233,1973,13,16,16,"16","11","wilson-fittipaldi","brabham","ford","goodyear","1:37.300",97300,,,,,,,"+2.500",2500,"+0.040",40,
233,1973,13,17,17,"17","28","rikky-von-opel","ensign","ford","firestone","1:37.400",97400,,,,,,,"+2.600",2600,"+0.100",100,
233,1973,13,18,18,"18","19","clay-regazzoni","brm","brm","firestone","1:37.580",97580,,,,,,,"+2.780",2780,"+0.180",180,
233,1973,13,19,19,"19","17","jackie-oliver","shadow","ford","goodyear","1:37.810",97810,,,,,,,"+3.010",3010,"+0.230",230,
233,1973,13,20,20,"20","25","howden-ganley","iso-marlboro","ford","firestone","1:38.130",98130,,,,,,,"+3.330",3330,"+0.320",320,
233,1973,13,21,21,"21","16","george-follmer","shadow","ford","goodyear","1:38.660",98660,,,,,,,"+3.860",3860,"+0.530",530,
233,1973,13,22,22,"22","12","graham-hill","shadow","ford","goodyear","1:38.880",98880,,,,,,,"+4.080",4080,"+0.220",220,
233,1973,13,23,23,"23","26","gijs-van-lennep","iso-marlboro","ford","firestone","1:39.240",99240,,,,,,,"+4.440",4440,"+0.360",360,
233,1973,13,24,24,"24","29","david-purley","march","ford","goodyear","1:39.280",99280,,,,,,,"+4.480",4480,"+0.040",40,
233,1973,13,25,25,"25","27","james-hunt","march","ford","goodyear","1:39.820",99820,,,,,,,"+5.020",5020,"+0.540",540,
234,1973,14,1,1,"1","2","ronnie-peterson","lotus","ford","goodyear","1:13.697",73697,,,,,,,,,,,
234,1973,14,2,2,"2","8","peter-revson","mclaren","ford","goodyear","1:14.737",74737,,,,,,,"+1.040",1040,"+1.040",1040,
234,1973,14,3,3,"3","0","jody-scheckter","mclaren","ford","goodyear","1:14.758",74758,,,,,,,"+1.061",1061,"+0.021",21,
234,1973,14,4,4,"4","10","carlos-reutemann","brabham","ford","goodyear","1:14.813",74813,,,,,,,"+1.116",1116,"+0.055",55,
234,1973,14,5,5,"5","1","emerson-fittipaldi","lotus","ford","goodyear","1:15.035",75035,,,,,,,"+1.338",1338,"+0.222",222,
234,1973,14,6,6,"6","6","francois-cevert","tyrrell","ford","goodyear","1:15.118",75118,,,,,,,"+1.421",1421,"+0.083",83,
234,1973,14,7,7,"7","7","denny-hulme","mclaren","ford","goodyear","1:15.319",75319,,,,,,,"+1.622",1622,"+0.201",201,
234,1973,14,8,8,"8","21","niki-lauda","brm","brm","firestone","1:15.400",75400,,,,,,,"+1.703",1703,"+0.081",81,
234,1973,14,9,9,"9","5","jackie-stewart","tyrrell","ford","goodyear","1:15.641",75641,,,,,,,"+1.944",1944,"+0.241",241,
234,1973,14,10,10,"10","11","wilson-fittipaldi","brabham","ford","goodyear","1:16.112",76112,,,,,,,"+2.415",2415,"+0.471",471,
234,1973,14,11,11,"11","29","chris-amon","tyrrell","ford","goodyear","1:16.228",76228,,,,,,,"+2.531",2531,"+0.116",116,
234,1973,14,12,12,"12","23","mike-hailwood","surtees","ford","firestone","1:16.290",76290,,,,,,,"+2.593",2593,"+0.062",62,
234,1973,14,13,13,"13","16","george-follmer","shadow","ford","goodyear","1:16.358",76358,,,,,,,"+2.661",2661,"+0.068",68,
234,1973,14,14,14,"14","17","jackie-oliver","shadow","ford","goodyear","1:16.436",76436,,,,,,,"+2.739",2739,"+0.078",78,
234,1973,14,15,15,"15","27","james-hunt","march","ford","goodyear","1:16.584",76584,,,,,,,"+2.887",2887,"+0.148",148,
234,1973,14,16,16,"16","20","jean-pierre-beltoise","brm","brm","firestone","1:16.623",76623,,,,,,,"+2.926",2926,"+0.039",39,
234,1973,14,17,17,"17","12","graham-hill","shadow","ford","goodyear","1:16.740",76740,,,,,,,"+3.043",3043,"+0.117",117,
234,1973,14,18,18,"18","9","rolf-stommelen","brabham","ford","goodyear","1:16.846",76846,,,,,,,"+3.149",3149,"+0.106",106,
234,1973,14,19,19,"19","24","carlos-pace","surtees","ford","firestone","1:17.028",77028,,,,,,,"+3.331",3331,"+0.182",182,
234,1973,14,20,20,"20","4","arturo-merzario","ferrari","ferrari","goodyear","1:17.350",77350,,,,,,,"+3.653",3653,"+0.322",322,
234,1973,14,21,21,"21","15","mike-beuttler","march","ford","goodyear","1:17.383",77383,,,,,,,"+3.686",3686,"+0.033",33,
234,1973,14,22,22,"22","25","howden-ganley","iso-marlboro","ford","firestone","1:17.579",77579,,,,,,,"+3.882",3882,"+0.196",196,
234,1973,14,23,23,"23","18","jean-pierre-jarier","march","ford","goodyear","1:17.721",77721,,,,,,,"+4.024",4024,"+0.142",142,
234,1973,14,24,24,"24","26","tim-schenken","iso-marlboro","ford","firestone","1:18.402",78402,,,,,,,"+4.705",4705,"+0.681",681,
234,1973,14,25,25,"25","19","peter-gethin","brm","brm","firestone","1:18.498",78498,,,,,,,"+4.801",4801,"+0.096",96,
234,1973,14,26,26,"26","28","rikky-von-opel","ensign","ford","firestone","1:18.682",78682,,,,,,,"+4.985",4985,"+0.184",184,
235,1973,15,1,1,"1","2","ronnie-peterson","lotus","ford","goodyear","1:39.657",99657,,,,,,,,,,,
235,1973,15,2,2,"2","10","carlos-reutemann","brabham","ford","goodyear","1:40.013",100013,,,,,,,"+0.356",356,"+0.356",356,
235,1973,15,3,3,"3","1","emerson-fittipaldi","lotus","ford","goodyear","1:40.393",100393,,,,,,,"+0.736",736,"+0.380",380,
235,1973,15,4,4,"4","6","francois-cevert","tyrrell","ford","goodyear","1:40.444",100444,,,,,,,"+0.787",787,"+0.051",51,
235,1973,15,5,5,"5","27","james-hunt","march","ford","goodyear","1:40.520",100520,,,,,,,"+0.863",863,"+0.76",76,
235,1973,15,6,6,"6","5","jackie-stewart","tyrrell","ford","goodyear","1:40.635",100635,,,,,,,"+0.978",978,"+0.115",115,
235,1973,15,7,7,"7","23","mike-hailwood","surtees","ford","firestone","1:40.844",100844,,,,,,,"+1.187",1187,"+0.209",209,
235,1973,15,8,8,"8","8","peter-revson","mclaren","ford","goodyear","1:40.895",100895,,,,,,,"+1.238",1238,"+0.051",51,
235,1973,15,9,9,"9","7","denny-hulme","mclaren","ford","goodyear","1:40.907",100907,,,,,,,"+1.250",1250,"+0.012",12,
235,1973,15,10,10,"10","24","carlos-pace","surtees","ford","firestone","1:41.125",101125,,,,,,,"+1.468",1468,"+0.218",218,
235,1973,15,11,11,"11","0","jody-scheckter","mclaren","ford","goodyear","1:41.321",101321,,,,,,,"+1.664",1664,"+0.196",196,
235,1973,15,12,12,"12","4","arturo-merzario","ferrari","ferrari","goodyear","1:41.455",101455,,,,,,,"+1.798",1798,"+0.134",134,
235,1973,15,13,13,"13","29","chris-amon","tyrrell","ford","goodyear","1:41.679",101679,,,,,,,"+2.022",2022,"+0.224",224,
235,1973,15,14,14,"14","31","brian-redman","shadow","ford","goodyear","1:42.247",102247,,,,,,,"+2.590",2590,"+0.568",568,
235,1973,15,15,15,"15","20","jean-pierre-beltoise","brm","brm","firestone","1:42.417",102417,,,,,,,"+2.760",2760,"+0.170",170,
235,1973,15,16,16,"16","19","clay-regazzoni","brm","brm","firestone","1:42.468",102468,,,,,,,"+2.811",2811,"+0.051",51,
235,1973,15,17,17,"17","30","jochen-mass","surtees","ford","firestone","1:42.517",102517,,,,,,,"+2.860",2860,"+0.049",49,
235,1973,15,18,18,"18","18","jean-pierre-jarier","march","ford","goodyear","1:42.752",102752,,,,,,,"+3.095",3095,"+0.235",235,
235,1973,15,19,19,"19","12","graham-hill","shadow","ford","goodyear","1:42.848",102848,,,,,,,"+3.191",3191,"+0.096",96,
235,1973,15,20,20,"20","25","howden-ganley","iso-marlboro","ford","firestone","1:43.166",103166,,,,,,,"+3.509",3509,"+0.318",318,
235,1973,15,21,21,"21","16","george-follmer","shadow","ford","goodyear","1:43.387",103387,,,,,,,"+3.730",3730,"+0.221",221,
235,1973,15,22,22,"22","21","niki-lauda","brm","brm","firestone","1:43.543",103543,,,,,,,"+3.886",3886,"+0.156",156,
235,1973,15,23,23,"23","17","jackie-oliver","shadow","ford","goodyear","1:43.650",103650,,,,,,,"+3.993",3993,"+0.107",107,
235,1973,15,24,24,"24","26","jacky-ickx","iso-marlboro","ford","firestone","1:43.885",103885,,,,,,,"+4.228",4228,"+0.235",235,
235,1973,15,25,25,"25","9","john-watson","brabham","ford","goodyear","1:43.887",103887,,,,,,,"+4.230",4230,"+0.002",2,
235,1973,15,26,26,"26","11","wilson-fittipaldi","brabham","ford","goodyear","1:44.478",104478,,,,,,,"+4.821",4821,"+0.591",591,
235,1973,15,27,27,"27","15","mike-beuttler","march","ford","goodyear","1:45.032",105032,,,,,,,"+5.375",5375,"+0.554",554,
235,1973,15,28,28,"28","28","rikky-von-opel","ensign","ford","firestone","1:45.441",105441,,,,,,,"+5.784",5784,"+0.409",409,
236,1974,1,1,1,"1","1","ronnie-peterson","lotus","ford","goodyear","1:50.780",110780,,,,,,,,,,,
236,1974,1,2,2,"2","11","clay-regazzoni","ferrari","ferrari","goodyear","1:50.960",110960,,,,,,,"+0.180",180,"+0.180",180,
236,1974,1,3,3,"3","5","emerson-fittipaldi","mclaren","ford","goodyear","1:51.060",111060,,,,,,,"+0.280",280,"+0.100",100,
236,1974,1,4,4,"4","16","peter-revson","shadow","ford","goodyear","1:51.300",111300,,,,,,,"+0.520",520,"+0.240",240,
236,1974,1,5,5,"5","24","james-hunt","march","ford","firestone","1:51.520",111520,,,,,,,"+0.740",740,"+0.220",220,
236,1974,1,6,6,"6","7","carlos-reutemann","brabham","ford","goodyear","1:51.550",111550,,,,,,,"+0.770",770,"+0.030",30,
236,1974,1,7,7,"7","2","jacky-ickx","lotus","ford","goodyear","1:51.700",111700,,,,,,,"+0.920",920,"+0.150",150,
236,1974,1,8,8,"8","12","niki-lauda","ferrari","ferrari","goodyear","1:51.810",111810,,,,,,,"+1.030",1030,"+0.110",110,
236,1974,1,9,9,"9","33","mike-hailwood","mclaren","ford","goodyear","1:51.860",111860,,,,,,,"+1.080",1080,"+0.050",50,
236,1974,1,10,10,"10","6","denny-hulme","mclaren","ford","goodyear","1:52.060",112060,,,,,,,"+1.280",1280,"+0.200",200,
236,1974,1,11,11,"11","18","carlos-pace","surtees","ford","firestone","1:52.200",112200,,,,,,,"+1.420",1420,"+0.140",140,
236,1974,1,12,12,"12","3","jody-scheckter","tyrrell","ford","goodyear","1:52.470",112470,,,,,,,"+1.690",1690,"+0.270",270,
236,1974,1,13,13,"13","20","arturo-merzario","iso-marlboro","ford","firestone","1:53.140",113140,,,,,,,"+2.360",2360,"+0.670",670,
236,1974,1,14,14,"14","14","jean-pierre-beltoise","brm","brm","firestone","1:53.180",113180,,,,,,,"+2.400",2400,"+0.040",40,
236,1974,1,15,15,"15","4","patrick-depailler","tyrrell","ford","goodyear","1:53.270",113270,,,,,,,"+2.490",2490,"+0.090",90,
236,1974,1,16,16,"16","17","jean-pierre-jarier","shadow","ford","goodyear","1:53.660",113660,,,,,,,"+2.880",2880,"+0.390",390,
236,1974,1,17,17,"17","26","graham-hill","lola","ford","firestone","1:53.900",113900,,,,,,,"+3.120",3120,"+0.240",240,
236,1974,1,18,18,"18","19","jochen-mass","surtees","ford","firestone","1:53.900",113900,,,,,,,"+3.120",3120,"+0.000",0,
236,1974,1,19,19,"19","10","howden-ganley","march","ford","goodyear","1:54.210",114210,,,,,,,"+3.430",3430,"+0.310",310,
236,1974,1,20,20,"20","28","john-watson","brabham","ford","firestone","1:54.390",114390,,,,,,,"+3.610",3610,"+0.180",180,
236,1974,1,21,21,"21","15","henri-pescarolo","brm","brm","firestone","1:54.670",114670,,,,,,,"+3.890",3890,"+0.280",280,
236,1974,1,22,22,"22","8","richard-robarts","brabham","ford","goodyear","1:54.730",114730,,,,,,,"+3.950",3950,"+0.060",60,
236,1974,1,23,23,"23","9","hans-joachim-stuck","march","ford","goodyear","1:55.190",115190,,,,,,,"+4.410",4410,"+0.460",460,
236,1974,1,24,24,"24","37","francois-migault","brm","brm","firestone","1:55.430",115430,,,,,,,"+4.650",4650,"+0.240",240,
236,1974,1,25,25,"25","27","guy-edwards","lola","ford","firestone","1:56.430",116430,,,,,,,"+5.650",5650,"+1.000",1000,
236,1974,1,26,26,"26","22","rikky-von-opel","ensign","ford","firestone","1:57.860",117860,,,,,,,"+7.080",7080,"+1.430",1430,
237,1974,2,1,1,"1","5","emerson-fittipaldi","mclaren","ford","goodyear","2:32.970",152970,,,,,,,,,,,
237,1974,2,2,2,"2","7","carlos-reutemann","brabham","ford","goodyear","2:33.210",153210,,,,,,,"+0.240",240,"+0.240",240,
237,1974,2,3,3,"3","12","niki-lauda","ferrari","ferrari","goodyear","2:33.770",153770,,,,,,,"+0.800",800,"+0.560",560,
237,1974,2,4,4,"4","1","ronnie-peterson","lotus","ford","goodyear","2:33.820",153820,,,,,,,"+0.850",850,"+0.050",50,
237,1974,2,5,5,"5","2","jacky-ickx","lotus","ford","goodyear","2:34.640",154640,,,,,,,"+1.670",1670,"+0.820",820,
237,1974,2,6,6,"6","16","peter-revson","shadow","ford","goodyear","2:34.660",154660,,,,,,,"+1.690",1690,"+0.020",20,
237,1974,2,7,7,"7","33","mike-hailwood","mclaren","ford","goodyear","2:34.950",154950,,,,,,,"+1.980",1980,"+0.290",290,
237,1974,2,8,8,"8","11","clay-regazzoni","ferrari","ferrari","goodyear","2:35.050",155050,,,,,,,"+2.080",2080,"+0.100",100,
237,1974,2,9,9,"9","20","arturo-merzario","iso-marlboro","ford","firestone","2:35.150",155150,,,,,,,"+2.180",2180,"+0.100",100,
237,1974,2,10,10,"10","19","jochen-mass","surtees","ford","firestone","2:35.430",155430,,,,,,,"+2.460",2460,"+0.280",280,
237,1974,2,11,11,"11","6","denny-hulme","mclaren","ford","goodyear","2:35.540",155540,,,,,,,"+2.570",2570,"+0.110",110,
237,1974,2,12,12,"12","18","carlos-pace","surtees","ford","firestone","2:35.630",155630,,,,,,,"+2.660",2660,"+0.090",90,
237,1974,2,13,13,"13","9","hans-joachim-stuck","march","ford","goodyear","2:35.640",155640,,,,,,,"+2.670",2670,"+0.010",10,
237,1974,2,14,14,"14","3","jody-scheckter","tyrrell","ford","goodyear","2:35.780",155780,,,,,,,"+2.810",2810,"+0.140",140,
237,1974,2,15,15,"15","28","john-watson","brabham","ford","firestone","2:36.060",156060,,,,,,,"+3.090",3090,"+0.280",280,
237,1974,2,16,16,"16","4","patrick-depailler","tyrrell","ford","goodyear","2:36.210",156210,,,,,,,"+3.240",3240,"+0.150",150,
237,1974,2,17,17,"17","14","jean-pierre-beltoise","brm","brm","firestone","2:36.490",156490,,,,,,,"+3.520",3520,"+0.280",280,
237,1974,2,18,18,"18","24","james-hunt","march","ford","firestone","2:37.240",157240,,,,,,,"+4.270",4270,"+0.750",750,
237,1974,2,19,19,"19","17","jean-pierre-jarier","shadow","ford","goodyear","2:37.630",157630,,,,,,,"+4.660",4660,"+0.390",390,
237,1974,2,20,20,"20","10","howden-ganley","march","ford","goodyear","2:37.650",157650,,,,,,,"+4.680",4680,"+0.020",20,
237,1974,2,21,21,"21","26","graham-hill","lola","ford","firestone","2:38.620",158620,,,,,,,"+5.650",5650,"+0.970",970,
237,1974,2,22,22,"22","15","henri-pescarolo","brm","brm","firestone","2:38.800",158800,,,,,,,"+5.830",5830,"+0.180",180,
237,1974,2,23,23,"23","37","francois-migault","brm","brm","firestone","2:39.200",159200,,,,,,,"+6.230",6230,"+0.400",400,
237,1974,2,24,24,"24","8","richard-robarts","brabham","ford","goodyear","2:39.850",159850,,,,,,,"+6.880",6880,"+0.650",650,
237,1974,2,25,25,"25","27","guy-edwards","lola","ford","firestone","2:42.150",162150,,,,,,,"+9.180",9180,"+2.300",2300,
238,1974,3,1,1,"1","12","niki-lauda","ferrari","ferrari","goodyear","1:16.580",76580,,,,,,,,,,,
238,1974,3,2,2,"2","18","carlos-pace","surtees","ford","firestone","1:16.630",76630,,,,,,,"+0.050",50,"+0.050",50,
238,1974,3,3,3,"3","20","arturo-merzario","iso-marlboro","ford","firestone","1:16.790",76790,,,,,,,"+0.210",210,"+0.160",160,
238,1974,3,4,4,"4","7","carlos-reutemann","brabham","ford","goodyear","1:16.800",76800,,,,,,,"+0.220",220,"+0.010",10,
238,1974,3,5,5,"5","5","emerson-fittipaldi","mclaren","ford","goodyear","1:16.820",76820,,,,,,,"+0.240",240,"+0.020",20,
238,1974,3,6,6,"6","11","clay-regazzoni","ferrari","ferrari","goodyear","1:16.850",76850,,,,,,,"+0.270",270,"+0.030",30,
238,1974,3,7,7,"7","9","hans-joachim-stuck","march","ford","goodyear","1:16.980",76980,,,,,,,"+0.400",400,"+0.130",130,
238,1974,3,8,8,"8","3","jody-scheckter","tyrrell","ford","goodyear","1:16.990",76990,,,,,,,"+0.410",410,"+0.010",10,
238,1974,3,9,9,"9","6","denny-hulme","mclaren","ford","goodyear","1:17.110",77110,,,,,,,"+0.530",530,"+0.120",120,
238,1974,3,10,10,"10","2","jacky-ickx","lotus","ford","goodyear","1:17.180",77180,,,,,,,"+0.600",600,"+0.070",70,
238,1974,3,11,11,"11","14","jean-pierre-beltoise","brm","brm","firestone","1:17.340",77340,,,,,,,"+0.760",760,"+0.160",160,
238,1974,3,12,12,"12","33","mike-hailwood","mclaren","ford","goodyear","1:17.340",77340,,,,,,,"+0.760",760,"+0.000",0,
238,1974,3,13,13,"13","28","john-watson","brabham","ford","firestone","1:17.390",77390,,,,,,,"+0.810",810,"+0.050",50,
238,1974,3,14,14,"14","24","james-hunt","hesketh","ford","firestone","1:17.410",77410,,,,,,,"+0.830",830,"+0.020",20,
238,1974,3,15,15,"15","4","patrick-depailler","tyrrell","ford","goodyear","1:17.750",77750,,,,,,,"+1.170",1170,"+0.340",340,
238,1974,3,16,16,"16","1","ronnie-peterson","lotus","ford","goodyear","1:18.000",78000,,,,,,,"+1.420",1420,"+0.250",250,
238,1974,3,17,17,"17","19","jochen-mass","surtees","ford","firestone","1:18.230",78230,,,,,,,"+1.650",1650,"+0.230",230,
238,1974,3,18,18,"18","26","graham-hill","lola","ford","firestone","1:18.250",78250,,,,,,,"+1.670",1670,"+0.020",20,
238,1974,3,19,19,"19","10","vittorio-brambilla","march","ford","goodyear","1:18.290",78290,,,,,,,"+1.710",1710,"+0.040",40,
238,1974,3,20,20,"20","23","dave-charlton","mclaren","ford","goodyear","1:18.370",78370,,,,,,,"+1.790",1790,"+0.080",80,
238,1974,3,21,21,"21","15","henri-pescarolo","brm","brm","firestone","1:18.390",78390,,,,,,,"+1.810",1810,"+0.020",20,
238,1974,3,22,22,"22","29","ian-scheckter","lotus","ford","goodyear","1:18.560",78560,,,,,,,"+1.980",1980,"+0.170",170,
238,1974,3,23,23,"23","8","richard-robarts","brabham","ford","goodyear","1:18.600",78600,,,,,,,"+2.020",2020,"+0.040",40,
238,1974,3,24,24,"24","32","eddie-keizan","tyrrell","ford","firestone","1:19.000",79000,,,,,,,"+2.420",2420,"+0.400",400,
238,1974,3,25,25,"25","37","francois-migault","brm","brm","firestone","1:19.140",79140,,,,,,,"+2.560",2560,"+0.140",140,
238,1974,3,26,26,"26","30","paddy-driver","lotus","ford","goodyear","1:19.490",79490,,,,,,,"+2.910",2910,"+0.350",350,
238,1974,3,27,27,"27","21","tom-belso","iso-marlboro","ford","firestone","1:19.800",79800,,,,,,,"+3.220",3220,"+0.310",310,
239,1974,4,1,1,"1","12","niki-lauda","ferrari","ferrari","goodyear","1:18.440",78440,,,,,,,,,,,
239,1974,4,2,2,"2","1","ronnie-peterson","lotus","ford","goodyear","1:18.470",78470,,,,,,,"+0.030",30,"+0.030",30,
239,1974,4,3,3,"3","11","clay-regazzoni","ferrari","ferrari","goodyear","1:18.780",78780,,,,,,,"+0.340",340,"+0.310",310,
239,1974,4,4,4,"4","5","emerson-fittipaldi","mclaren","ford","goodyear","1:19.250",79250,,,,,,,"+0.810",810,"+0.470",470,
239,1974,4,5,5,"5","2","jacky-ickx","lotus","ford","goodyear","1:19.280",79280,,,,,,,"+0.840",840,"+0.030",30,
239,1974,4,6,6,"6","7","carlos-reutemann","brabham","ford","goodyear","1:19.370",79370,,,,,,,"+0.930",930,"+0.090",90,
239,1974,4,7,7,"7","20","arturo-merzario","iso-marlboro","ford","firestone","1:19.540",79540,,,,,,,"+1.100",1100,"+0.170",170,
239,1974,4,8,8,"8","6","denny-hulme","mclaren","ford","goodyear","1:19.660",79660,,,,,,,"+1.220",1220,"+0.120",120,
239,1974,4,9,9,"9","10","vittorio-brambilla","march","ford","goodyear","1:19.810",79810,,,,,,,"+1.370",1370,"+0.150",150,
239,1974,4,10,10,"10","3","jody-scheckter","tyrrell","ford","goodyear","1:19.860",79860,,,,,,,"+1.420",1420,"+0.050",50,
239,1974,4,11,11,"11","24","james-hunt","hesketh","ford","firestone","1:19.870",79870,,,,,,,"+1.430",1430,"+0.010",10,
239,1974,4,12,12,"12","14","jean-pierre-beltoise","brm","brm","firestone","1:20.030",80030,,,,,,,"+1.590",1590,"+0.160",160,
239,1974,4,13,13,"13","17","jean-pierre-jarier","shadow","ford","goodyear","1:20.200",80200,,,,,,,"+1.760",1760,"+0.170",170,
239,1974,4,14,14,"14","9","hans-joachim-stuck","march","ford","goodyear","1:20.460",80460,,,,,,,"+2.020",2020,"+0.260",260,
239,1974,4,15,15,"15","18","carlos-pace","surtees","ford","firestone","1:20.520",80520,,,,,,,"+2.080",2080,"+0.060",60,
239,1974,4,16,16,"16","28","john-watson","brabham","ford","firestone","1:20.540",80540,,,,,,,"+2.100",2100,"+0.020",20,
239,1974,4,17,17,"17","4","patrick-depailler","tyrrell","ford","goodyear","1:20.650",80650,,,,,,,"+2.210",2210,"+0.110",110,
239,1974,4,18,18,"18","33","mike-hailwood","mclaren","ford","goodyear","1:20.650",80650,,,,,,,"+2.210",2210,"+0.000",0,
239,1974,4,19,19,"19","19","jochen-mass","surtees","ford","firestone","1:20.800",80800,,,,,,,"+2.360",2360,"+0.150",150,
239,1974,4,20,20,"20","26","graham-hill","lola","ford","firestone","1:20.990",80990,,,,,,,"+2.550",2550,"+0.190",190,
239,1974,4,21,21,"21","15","henri-pescarolo","brm","brm","firestone","1:21.320",81320,,,,,,,"+2.880",2880,"+0.330",330,
239,1974,4,22,22,"22","16","brian-redman","shadow","ford","goodyear","1:21.350",81350,,,,,,,"+2.910",2910,"+0.030",30,
239,1974,4,23,23,"23","37","francois-migault","brm","brm","firestone","1:21.430",81430,,,,,,,"+2.990",2990,"+0.080",80,
239,1974,4,24,24,"24","30","chris-amon","amon","ford","firestone","1:21.790",81790,,,,,,,"+3.350",3350,"+0.360",360,
239,1974,4,25,25,"25","8","rikky-von-opel","brabham","ford","goodyear","1:21.850",81850,,,,,,,"+3.410",3410,"+0.060",60,
239,1974,4,26,26,"26","23","tim-schenken","trojan","ford","firestone","1:21.890",81890,,,,,,,"+3.450",3450,"+0.040",40,
239,1974,4,27,27,"27","27","guy-edwards","lola","ford","firestone","1:21.960",81960,,,,,,,"+3.520",3520,"+0.070",70,
239,1974,4,28,28,"28","21","tom-belso","iso-marlboro","ford","firestone","1:22.090",82090,,,,,,,"+3.650",3650,"+0.130",130,
240,1974,5,1,1,"1","11","clay-regazzoni","ferrari","ferrari","goodyear","1:09.820",69820,,,,,,,,,,,
240,1974,5,2,2,"2","3","jody-scheckter","tyrrell","ford","goodyear","1:10.860",70860,,,,,,,"+1.040",1040,"+1.040",1040,
240,1974,5,3,3,"3","12","niki-lauda","ferrari","ferrari","goodyear","1:11.040",71040,,,,,,,"+1.220",1220,"+0.180",180,
240,1974,5,4,4,"4","5","emerson-fittipaldi","mclaren","ford","goodyear","1:11.070",71070,,,,,,,"+1.250",1250,"+0.030",30,
240,1974,5,5,5,"5","1","ronnie-peterson","lotus","ford","goodyear","1:11.210",71210,,,,,,,"+1.390",1390,"+0.140",140,
240,1974,5,6,6,"6","20","arturo-merzario","iso-marlboro","ford","firestone","1:11.290",71290,,,,,,,"+1.470",1470,"+0.080",80,
240,1974,5,7,7,"7","14","jean-pierre-beltoise","brm","brm","firestone","1:11.390",71390,,,,,,,"+1.570",1570,"+0.100",100,
240,1974,5,8,8,"8","18","carlos-pace","surtees","ford","firestone","1:11.460",71460,,,,,,,"+1.640",1640,"+0.070",70,
240,1974,5,9,9,"9","24","james-hunt","hesketh","ford","firestone","1:11.530",71530,,,,,,,"+1.710",1710,"+0.070",70,
240,1974,5,10,10,"10","9","hans-joachim-stuck","march","ford","goodyear","1:11.570",71570,,,,,,,"+1.750",1750,"+0.040",40,
240,1974,5,11,11,"11","4","patrick-depailler","tyrrell","ford","goodyear","1:11.600",71600,,,,,,,"+1.780",1780,"+0.030",30,
240,1974,5,12,12,"12","6","denny-hulme","mclaren","ford","goodyear","1:11.610",71610,,,,,,,"+1.790",1790,"+0.010",10,
240,1974,5,13,13,"13","33","mike-hailwood","mclaren","ford","goodyear","1:11.980",71980,,,,,,,"+2.160",2160,"+0.370",370,
240,1974,5,14,14,"14","22","vern-schuppan","ensign","ford","firestone","1:12.020",72020,,,,,,,"+2.200",2200,"+0.040",40,
240,1974,5,15,15,"15","15","henri-pescarolo","brm","brm","firestone","1:12.330",72330,,,,,,,"+2.510",2510,"+0.310",310,
240,1974,5,16,16,"16","2","jacky-ickx","lotus","ford","goodyear","1:12.420",72420,,,,,,,"+2.600",2600,"+0.090",90,
240,1974,5,17,17,"17","17","jean-pierre-jarier","shadow","ford","goodyear","1:12.530",72530,,,,,,,"+2.710",2710,"+0.110",110,
240,1974,5,18,18,"18","16","brian-redman","shadow","ford","goodyear","1:12.730",72730,,,,,,,"+2.910",2910,"+0.200",200,
240,1974,5,19,19,"19","28","john-watson","brabham","ford","firestone","1:12.760",72760,,,,,,,"+2.940",2940,"+0.030",30,
240,1974,5,20,20,"20","42","tom-pryce","token","ford","firestone","1:12.850",72850,,,,,,,"+3.030",3030,"+0.090",90,
240,1974,5,21,21,"21","27","guy-edwards","lola","ford","firestone","1:13.330",73330,,,,,,,"+3.510",3510,"+0.480",480,
240,1974,5,22,22,"22","8","rikky-von-opel","brabham","ford","goodyear","1:13.340",73340,,,,,,,"+3.520",3520,"+0.010",10,
240,1974,5,23,23,"23","41","tim-schenken","trojan","ford","firestone","1:13.360",73360,,,,,,,"+3.540",3540,"+0.020",20,
240,1974,5,24,24,"24","7","carlos-reutemann","brabham","ford","goodyear","1:13.470",73470,,,,,,,"+3.650",3650,"+0.110",110,
240,1974,5,25,25,"25","37","francois-migault","brm","brm","firestone","1:13.490",73490,,,,,,,"+3.670",3670,"+0.020",20,
240,1974,5,26,26,"26","19","jochen-mass","surtees","ford","firestone","1:13.810",73810,,,,,,,"+3.990",3990,"+0.320",320,
240,1974,5,27,27,"27","34","teddy-pilette","brabham","ford","goodyear","1:14.050",74050,,,,,,,"+4.230",4230,"+0.240",240,
240,1974,5,28,28,"28","43","gerard-larrousse","brabham","ford","firestone","1:14.220",74220,,,,,,,"+4.400",4400,"+0.170",170,
240,1974,5,29,29,"29","26","graham-hill","lola","ford","firestone","1:14.300",74300,,,,,,,"+4.480",4480,"+0.080",80,
240,1974,5,30,30,"30","21","gijs-van-lennep","iso-marlboro","ford","firestone","1:15.600",75600,,,,,,,"+5.780",5780,"+1.300",1300,
240,1974,5,31,31,"31","10","vittorio-brambilla","march","ford","goodyear","1:19.880",79880,,,,,,,"+10.060",10060,"+4.280",4280,
240,1974,5,32,32,"32","44","leo-kinnunen","surtees","ford","firestone","1:28.770",88770,,,,,,,"+18.950",18950,"+8.890",8890,
241,1974,6,1,1,"1","12","niki-lauda","ferrari","ferrari","goodyear","1:26.300",86300,,,,,,,,,,,
241,1974,6,2,2,"2","11","clay-regazzoni","ferrari","ferrari","goodyear","1:26.600",86600,,,,,,,"+0.300",300,"+0.300",300,
241,1974,6,3,3,"3","1","ronnie-peterson","lotus","ford","goodyear","1:26.800",86800,,,,,,,"+0.500",500,"+0.200",200,
241,1974,6,4,4,"4","4","patrick-depailler","tyrrell","ford","goodyear","1:27.100",87100,,,,,,,"+0.800",800,"+0.300",300,
241,1974,6,5,5,"5","3","jody-scheckter","tyrrell","ford","goodyear","1:27.100",87100,,,,,,,"+0.800",800,"+0.000",0,
241,1974,6,6,6,"6","17","jean-pierre-jarier","shadow","ford","goodyear","1:27.500",87500,,,,,,,"+1.200",1200,"+0.400",400,
241,1974,6,7,7,"7","24","james-hunt","hesketh","ford","firestone","1:27.800",87800,,,,,,,"+1.500",1500,"+0.300",300,
241,1974,6,8,8,"8","7","carlos-reutemann","brabham","ford","goodyear","1:27.800",87800,,,,,,,"+1.500",1500,"+0.000",0,
241,1974,6,9,9,"9","9","hans-joachim-stuck","march","ford","goodyear","1:28.000",88000,,,,,,,"+1.700",1700,"+0.200",200,
241,1974,6,10,10,"10","33","mike-hailwood","mclaren","ford","goodyear","1:28.100",88100,,,,,,,"+1.800",1800,"+0.100",100,
241,1974,6,11,11,"11","14","jean-pierre-beltoise","brm","brm","firestone","1:28.100",88100,,,,,,,"+1.800",1800,"+0.000",0,
241,1974,6,12,12,"12","6","denny-hulme","mclaren","ford","goodyear","1:28.200",88200,,,,,,,"+1.900",1900,"+0.100",100,
241,1974,6,13,13,"13","5","emerson-fittipaldi","mclaren","ford","goodyear","1:28.200",88200,,,,,,,"+1.900",1900,"+0.000",0,
241,1974,6,14,14,"14","20","arturo-merzario","iso-marlboro","ford","firestone","1:28.500",88500,,,,,,,"+2.200",2200,"+0.300",300,
241,1974,6,15,15,"15","10","vittorio-brambilla","march","ford","goodyear","1:28.700",88700,,,,,,,"+2.400",2400,"+0.200",200,
241,1974,6,16,16,"16","16","brian-redman","shadow","ford","goodyear","1:28.800",88800,,,,,,,"+2.500",2500,"+0.100",100,
241,1974,6,17,17,"17","19","jochen-mass","surtees","ford","firestone","1:28.800",88800,,,,,,,"+2.500",2500,"+0.000",0,
241,1974,6,18,18,"18","18","carlos-pace","surtees","ford","firestone","1:29.100",89100,,,,,,,"+2.800",2800,"+0.300",300,
241,1974,6,19,19,"19","2","jacky-ickx","lotus","ford","goodyear","1:29.400",89400,,,,,,,"+3.100",3100,"+0.300",300,
241,1974,6,20,20,"20","30","chris-amon","amon","ford","firestone","1:29.800",89800,,,,,,,"+3.500",3500,"+0.400",400,
241,1974,6,21,21,"21","26","graham-hill","lola","ford","firestone","1:30.000",90000,,,,,,,"+3.700",3700,"+0.200",200,
241,1974,6,22,22,"22","37","francois-migault","brm","brm","firestone","1:30.000",90000,,,,,,,"+3.700",3700,"+0.000",0,
241,1974,6,23,23,"23","28","john-watson","brabham","ford","firestone","1:30.000",90000,,,,,,,"+3.700",3700,"+0.000",0,
241,1974,6,24,24,"24","23","tim-schenken","trojan","ford","firestone","1:30.200",90200,,,,,,,"+3.900",3900,"+0.200",200,
241,1974,6,25,25,"25","22","vern-schuppan","ensign","ford","firestone","1:30.300",90300,,,,,,,"+4.000",4000,"+0.100",100,
241,1974,6,26,26,"26","27","guy-edwards","lola","ford","firestone","1:30.400",90400,,,,,,,"+4.100",4100,"+0.100",100,
241,1974,6,27,27,"27","15","henri-pescarolo","brm","brm","firestone","1:30.700",90700,,,,,,,"+4.400",4400,"+0.300",300,
241,1974,6,28,28,"28","8","rikky-von-opel","brabham","ford","goodyear","1:31.100",91100,,,,,,,"+4.800",4800,"+0.400",400,
242,1974,7,1,1,"1","4","patrick-depailler","tyrrell","ford","goodyear","1:24.758",84758,,,,,,,,,,,
242,1974,7,2,2,"2","3","jody-scheckter","tyrrell","ford","goodyear","1:25.076",85076,,,,,,,"+0.318",318,"+0.318",318,
242,1974,7,3,3,"3","12","niki-lauda","ferrari","ferrari","goodyear","1:25.161",85161,,,,,,,"+0.403",403,"+0.085",85,
242,1974,7,4,4,"4","11","clay-regazzoni","ferrari","ferrari","goodyear","1:25.276",85276,,,,,,,"+0.518",518,"+0.115",115,
242,1974,7,5,5,"5","1","ronnie-peterson","lotus","ford","goodyear","1:25.390",85390,,,,,,,"+0.632",632,"+0.114",114,
242,1974,7,6,6,"6","24","james-hunt","hesketh","ford","firestone","1:25.556",85556,,,,,,,"+0.798",798,"+0.166",166,
242,1974,7,7,7,"7","2","jacky-ickx","lotus","ford","goodyear","1:25.650",85650,,,,,,,"+0.892",892,"+0.094",94,
242,1974,7,8,8,"8","17","jean-pierre-jarier","shadow","ford","goodyear","1:25.725",85725,,,,,,,"+0.967",967,"+0.075",75,
242,1974,7,9,9,"9","5","emerson-fittipaldi","mclaren","ford","goodyear","1:25.938",85938,,,,,,,"+1.180",1180,"+0.213",213,
242,1974,7,10,10,"10","7","carlos-reutemann","brabham","ford","goodyear","1:25.962",85962,,,,,,,"+1.204",1204,"+0.024",24,
242,1974,7,11,11,"11","33","mike-hailwood","mclaren","ford","goodyear","1:26.040",86040,,,,,,,"+1.282",1282,"+0.078",78,
242,1974,7,12,12,"12","6","denny-hulme","mclaren","ford","goodyear","1:26.480",86480,,,,,,,"+1.722",1722,"+0.440",440,
242,1974,7,13,13,"13","14","jean-pierre-beltoise","brm","brm","firestone","1:26.813",86813,,,,,,,"+2.055",2055,"+0.333",333,
242,1974,7,14,14,"14","28","john-watson","brabham","ford","firestone","1:27.100",87100,,,,,,,"+2.342",2342,"+0.287",287,
242,1974,7,15,15,"15","26","graham-hill","lola","ford","firestone","1:27.173",87173,,,,,,,"+2.415",2415,"+0.073",73,
242,1974,7,16,16,"16","9","reine-wisell","march","ford","goodyear","1:27.382",87382,,,,,,,"+2.624",2624,"+0.209",209,
242,1974,7,17,17,"17","10","vittorio-brambilla","march","ford","goodyear","1:27.390",87390,,,,,,,"+2.632",2632,"+0.008",8,
242,1974,7,18,18,"18","27","guy-edwards","lola","ford","firestone","1:27.407",87407,,,,,,,"+2.649",2649,"+0.017",17,
242,1974,7,19,19,"19","15","henri-pescarolo","brm","brm","firestone","1:27.503",87503,,,,,,,"+2.745",2745,"+0.096",96,
242,1974,7,20,20,"20","8","rikky-von-opel","brabham","ford","goodyear","1:27.690",87690,,,,,,,"+2.932",2932,"+0.187",187,
242,1974,7,21,21,"21","21","tom-belso","iso-marlboro","ford","firestone","1:27.889",87889,,,,,,,"+3.131",3131,"+0.199",199,
242,1974,7,22,22,"22","19","jochen-mass","surtees","ford","firestone","1:28.119",88119,,,,,,,"+3.361",3361,"+0.230",230,
242,1974,7,23,23,"23","16","bertil-roos","shadow","ford","goodyear","1:28.298",88298,,,,,,,"+3.540",3540,"+0.179",179,
242,1974,7,24,24,"24","18","carlos-pace","surtees","ford","firestone","1:28.574",88574,,,,,,,"+3.816",3816,"+0.276",276,
242,1974,7,25,25,"25","20","richard-robarts","iso-marlboro","ford","firestone","1:28.930",88930,,,,,,,"+4.172",4172,"+0.356",356,
242,1974,7,26,26,"26","23","leo-kinnunen","surtees","ford","firestone","1:29.387",89387,,,,,,,"+4.629",4629,"+0.457",457,
242,1974,7,27,27,"27","22","vern-schuppan","ensign","ford","firestone","1:29.480",89480,,,,,,,"+4.722",4722,"+0.093",93,
242,1974,7,28,28,"28","20","arturo-merzario","iso-marlboro","ford","firestone","1:53.677",113677,,,,,,,"+28.919",28919,"+24.197",24197,
243,1974,8,1,1,"1","12","niki-lauda","ferrari","ferrari","goodyear","1:18.310",78310,,,,,,,,,,,
243,1974,8,2,2,"2","11","clay-regazzoni","ferrari","ferrari","goodyear","1:18.910",78910,,,,,,,"+0.600",600,"+0.600",600,
243,1974,8,3,3,"3","5","emerson-fittipaldi","mclaren","ford","goodyear","1:19.560",79560,,,,,,,"+1.250",1250,"+0.650",650,
243,1974,8,4,4,"4","33","mike-hailwood","mclaren","ford","goodyear","1:19.680",79680,,,,,,,"+1.370",1370,"+0.120",120,
243,1974,8,5,5,"5","3","jody-scheckter","tyrrell","ford","goodyear","1:19.910",79910,,,,,,,"+1.600",1600,"+0.230",230,
243,1974,8,6,6,"6","24","james-hunt","hesketh","ford","firestone","1:19.950",79950,,,,,,,"+1.640",1640,"+0.040",40,
243,1974,8,7,7,"7","17","jean-pierre-jarier","shadow","ford","goodyear","1:20.070",80070,,,,,,,"+1.760",1760,"+0.120",120,
243,1974,8,8,8,"8","4","patrick-depailler","tyrrell","ford","goodyear","1:20.140",80140,,,,,,,"+1.830",1830,"+0.070",70,
243,1974,8,9,9,"9","6","denny-hulme","mclaren","ford","goodyear","1:20.150",80150,,,,,,,"+1.840",1840,"+0.010",10,
243,1974,8,10,10,"10","1","ronnie-peterson","lotus","ford","goodyear","1:20.220",80220,,,,,,,"+1.910",1910,"+0.070",70,
243,1974,8,11,11,"11","16","tom-pryce","shadow","ford","goodyear","1:20.440",80440,,,,,,,"+2.130",2130,"+0.220",220,
243,1974,8,12,12,"12","7","carlos-reutemann","brabham","ford","goodyear","1:20.450",80450,,,,,,,"+2.140",2140,"+0.010",10,
243,1974,8,13,13,"13","28","john-watson","brabham","ford","firestone","1:20.780",80780,,,,,,,"+2.470",2470,"+0.330",330,
243,1974,8,14,14,"14","27","guy-edwards","lola","ford","firestone","1:21.000",81000,,,,,,,"+2.690",2690,"+0.220",220,
243,1974,8,15,15,"15","10","vittorio-brambilla","march","ford","goodyear","1:21.010",81010,,,,,,,"+2.700",2700,"+0.010",10,
243,1974,8,16,16,"16","14","jean-pierre-beltoise","brm","brm","firestone","1:21.040",81040,,,,,,,"+2.730",2730,"+0.030",30,
243,1974,8,17,17,"17","22","vern-schuppan","ensign","ford","firestone","1:21.140",81140,,,,,,,"+2.830",2830,"+0.100",100,
243,1974,8,18,18,"18","2","jacky-ickx","lotus","ford","goodyear","1:21.210",81210,,,,,,,"+2.900",2900,"+0.070",70,
243,1974,8,19,19,"19","26","graham-hill","lola","ford","firestone","1:21.220",81220,,,,,,,"+2.910",2910,"+0.010",10,
243,1974,8,20,20,"20","19","jochen-mass","surtees","ford","firestone","1:21.270",81270,,,,,,,"+2.960",2960,"+0.050",50,
243,1974,8,21,21,"21","20","arturo-merzario","iso-marlboro","ford","firestone","1:21.520",81520,,,,,,,"+3.210",3210,"+0.250",250,
243,1974,8,22,22,"22","9","hans-joachim-stuck","march","ford","goodyear","1:21.530",81530,,,,,,,"+3.220",3220,"+0.010",10,
243,1974,8,23,23,"23","8","rikky-von-opel","brabham","ford","goodyear","1:21.560",81560,,,,,,,"+3.250",3250,"+0.030",30,
243,1974,8,24,24,"24","15","henri-pescarolo","brm","brm","firestone","1:21.840",81840,,,,,,,"+3.530",3530,"+0.280",280,
243,1974,8,25,25,"25","37","francois-migault","brm","brm","firestone","1:22.340",82340,,,,,,,"+4.030",4030,"+0.500",500,
243,1974,8,26,26,"26","23","tim-schenken","trojan","ford","firestone","1:22.650",82650,,,,,,,"+4.340",4340,"+0.310",310,
243,1974,8,27,27,"27","21","gijs-van-lennep","iso-marlboro","ford","firestone","1:22.680",82680,,,,,,,"+4.370",4370,"+0.030",30,
244,1974,9,1,1,"1","12","niki-lauda","ferrari","ferrari","goodyear","58.790",58790,,,,,,,,,,,
244,1974,9,2,2,"2","1","ronnie-peterson","lotus","ford","goodyear","59.080",59080,,,,,,,"+0.290",290,"+0.290",290,
244,1974,9,3,3,"3","16","tom-pryce","shadow","ford","goodyear","59.110",59110,,,,,,,"+0.320",320,"+0.030",30,
244,1974,9,4,4,"4","11","clay-regazzoni","ferrari","ferrari","goodyear","59.130",59130,,,,,,,"+0.340",340,"+0.020",20,
244,1974,9,5,5,"5","5","emerson-fittipaldi","mclaren","ford","goodyear","59.200",59200,,,,,,,"+0.410",410,"+0.070",70,
244,1974,9,6,6,"6","33","mike-hailwood","mclaren","ford","goodyear","59.220",59220,,,,,,,"+0.430",430,"+0.020",20,
244,1974,9,7,7,"7","3","jody-scheckter","tyrrell","ford","goodyear","59.320",59320,,,,,,,"+0.530",530,"+0.100",100,
244,1974,9,8,8,"8","7","carlos-reutemann","brabham","ford","goodyear","59.360",59360,,,,,,,"+0.570",570,"+0.040",40,
244,1974,9,9,9,"9","4","patrick-depailler","tyrrell","ford","goodyear","59.430",59430,,,,,,,"+0.640",640,"+0.070",70,
244,1974,9,10,10,"10","24","james-hunt","hesketh","ford","firestone","59.510",59510,,,,,,,"+0.720",720,"+0.080",80,
244,1974,9,11,11,"11","6","denny-hulme","mclaren","ford","goodyear","59.540",59540,,,,,,,"+0.750",750,"+0.030",30,
244,1974,9,12,12,"12","17","jean-pierre-jarier","shadow","ford","goodyear","59.590",59590,,,,,,,"+0.800",800,"+0.050",50,
244,1974,9,13,13,"13","2","jacky-ickx","lotus","ford","goodyear","1:00.000",60000,,,,,,,"+1.210",1210,"+0.410",410,
244,1974,9,14,14,"14","28","john-watson","brabham","ford","firestone","1:00.020",60020,,,,,,,"+1.230",1230,"+0.020",20,
244,1974,9,15,15,"15","20","arturo-merzario","iso-marlboro","ford","firestone","1:00.160",60160,,,,,,,"+1.370",1370,"+0.140",140,
244,1974,9,16,16,"16","10","vittorio-brambilla","march","ford","goodyear","1:00.260",60260,,,,,,,"+1.470",1470,"+0.100",100,
244,1974,9,17,17,"17","14","jean-pierre-beltoise","brm","brm","firestone","1:00.360",60360,,,,,,,"+1.570",1570,"+0.100",100,
244,1974,9,18,18,"18","19","jochen-mass","surtees","ford","firestone","1:00.480",60480,,,,,,,"+1.690",1690,"+0.120",120,
244,1974,9,19,19,"19","15","henri-pescarolo","brm","brm","firestone","1:00.670",60670,,,,,,,"+1.880",1880,"+0.190",190,
244,1974,9,20,20,"20","27","guy-edwards","lola","ford","firestone","1:00.680",60680,,,,,,,"+1.890",1890,"+0.010",10,
244,1974,9,21,21,"21","26","graham-hill","lola","ford","firestone","1:00.730",60730,,,,,,,"+1.940",1940,"+0.050",50,
244,1974,9,22,22,"22","37","francois-migault","brm","brm","firestone","1:00.860",60860,,,,,,,"+2.070",2070,"+0.130",130,
244,1974,9,23,23,"23","22","vern-schuppan","ensign","ford","firestone","1:01.240",61240,,,,,,,"+2.450",2450,"+0.380",380,
244,1974,9,24,24,"24","34","carlos-pace","brabham","ford","firestone","1:01.350",61350,,,,,,,"+2.560",2560,"+0.110",110,
244,1974,9,25,25,"25","21","jean-pierre-jabouille","iso-marlboro","ford","firestone","1:01.520",61520,,,,,,,"+2.730",2730,"+0.170",170,
244,1974,9,26,26,"26","18","jose-dolhem","surtees","ford","firestone","1:01.700",61700,,,,,,,"+2.910",2910,"+0.180",180,
244,1974,9,27,27,"27","9","hans-joachim-stuck","march","ford","goodyear","1:01.990",61990,,,,,,,"+3.200",3200,"+0.290",290,
244,1974,9,28,28,"28","8","rikky-von-opel","brabham","ford","goodyear","1:02.260",62260,,,,,,,"+3.470",3470,"+0.270",270,
244,1974,9,29,29,"29","23","leo-kinnunen","surtees","ford","firestone","1:03.150",63150,,,,,,,"+4.360",4360,"+0.890",890,
244,1974,9,30,30,"30","43","gerard-larrousse","brabham","ford","firestone","1:03.270",63270,,,,,,,"+4.480",4480,"+0.120",120,
245,1974,10,1,1,"1","12","niki-lauda","ferrari","ferrari","goodyear","1:19.700",79700,,,,,,,,,,,
245,1974,10,2,2,"2","1","ronnie-peterson","lotus","ford","goodyear","1:19.700",79700,,,,,,,"+0.000",0,"+0.000",0,
245,1974,10,3,3,"3","3","jody-scheckter","tyrrell","ford","goodyear","1:20.100",80100,,,,,,,"+0.400",400,"+0.400",400,
245,1974,10,4,4,"4","7","carlos-reutemann","brabham","ford","goodyear","1:20.200",80200,,,,,,,"+0.500",500,"+0.100",100,
245,1974,10,5,5,"5","16","tom-pryce","shadow","ford","goodyear","1:20.300",80300,,,,,,,"+0.600",600,"+0.100",100,
245,1974,10,6,6,"6","24","james-hunt","hesketh","ford","goodyear","1:20.300",80300,,,,,,,"+0.600",600,"+0.000",0,
245,1974,10,7,7,"7","11","clay-regazzoni","ferrari","ferrari","goodyear","1:20.300",80300,,,,,,,"+0.600",600,"+0.000",0,
245,1974,10,8,8,"8","5","emerson-fittipaldi","mclaren","ford","goodyear","1:20.500",80500,,,,,,,"+0.800",800,"+0.200",200,
245,1974,10,9,9,"9","9","hans-joachim-stuck","march","ford","goodyear","1:20.700",80700,,,,,,,"+1.000",1000,"+0.200",200,
245,1974,10,10,10,"10","4","patrick-depailler","tyrrell","ford","goodyear","1:20.800",80800,,,,,,,"+1.100",1100,"+0.100",100,
245,1974,10,11,11,"11","33","mike-hailwood","mclaren","ford","goodyear","1:21.200",81200,,,,,,,"+1.500",1500,"+0.400",400,
245,1974,10,12,12,"12","2","jacky-ickx","lotus","ford","goodyear","1:21.200",81200,,,,,,,"+1.500",1500,"+0.000",0,
245,1974,10,13,13,"13","28","john-watson","brabham","ford","firestone","1:21.300",81300,,,,,,,"+1.600",1600,"+0.100",100,
245,1974,10,14,14,"14","37","francois-migault","brm","brm","firestone","1:21.400",81400,,,,,,,"+1.700",1700,"+0.100",100,
245,1974,10,15,15,"15","20","arturo-merzario","iso-marlboro","ford","firestone","1:21.600",81600,,,,,,,"+1.900",1900,"+0.200",200,
245,1974,10,16,16,"16","17","jean-pierre-jarier","shadow","ford","goodyear","1:21.600",81600,,,,,,,"+1.900",1900,"+0.000",0,
245,1974,10,17,17,"17","19","jochen-mass","surtees","ford","firestone","1:21.600",81600,,,,,,,"+1.900",1900,"+0.000",0,
245,1974,10,18,18,"18","10","vittorio-brambilla","march","ford","goodyear","1:21.600",81600,,,,,,,"+1.900",1900,"+0.000",0,
245,1974,10,19,19,"19","6","denny-hulme","mclaren","ford","goodyear","1:21.700",81700,,,,,,,"+2.000",2000,"+0.100",100,
245,1974,10,20,20,"20","8","carlos-pace","brabham","ford","goodyear","1:21.700",81700,,,,,,,"+2.000",2000,"+0.000",0,
245,1974,10,21,21,"21","27","peter-gethin","lola","ford","firestone","1:21.700",81700,,,,,,,"+2.000",2000,"+0.000",0,
245,1974,10,22,22,"22","26","graham-hill","lola","ford","firestone","1:21.900",81900,,,,,,,"+2.200",2200,"+0.200",200,
245,1974,10,23,23,"23","14","jean-pierre-beltoise","brm","brm","firestone","1:22.100",82100,,,,,,,"+2.400",2400,"+0.200",200,
245,1974,10,24,24,"24","15","henri-pescarolo","brm","brm","firestone","1:22.200",82200,,,,,,,"+2.500",2500,"+0.100",100,
245,1974,10,25,25,"25","23","tim-schenken","trojan","ford","firestone","1:22.400",82400,,,,,,,"+2.700",2700,"+0.200",200,
245,1974,10,26,26,"26","42","david-purley","token","ford","firestone","1:22.400",82400,,,,,,,"+2.700",2700,"+0.000",0,
245,1974,10,27,27,"27","18","derek-bell","surtees","ford","firestone","1:22.700",82700,,,,,,,"+3.000",3000,"+0.300",300,
245,1974,10,28,28,"28","21","tom-belso","iso-marlboro","ford","firestone","1:23.300",83300,,,,,,,"+3.600",3600,"+0.600",600,
245,1974,10,29,29,"29","208","lella-lombardi","brabham","ford","goodyear","1:23.300",83300,,,,,,,"+3.600",3600,"+0.000",0,
245,1974,10,30,30,"30","22","vern-schuppan","ensign","ford","firestone","1:23.400",83400,,,,,,,"+3.700",3700,"+0.100",100,
245,1974,10,31,31,"31","29","john-nicholson","lyncar","ford","firestone","1:23.600",83600,,,,,,,"+3.900",3900,"+0.200",200,
245,1974,10,32,32,"32","25","howden-ganley","maki","ford","firestone","1:23.700",83700,,,,,,,"+4.000",4000,"+0.100",100,
245,1974,10,33,33,"33","35","mike-wilds","march","ford","firestone","1:24.100",84100,,,,,,,"+4.400",4400,"+0.400",400,
245,1974,10,34,34,"34","43","leo-kinnunen","surtees","ford","firestone","1:25.600",85600,,,,,,,"+5.900",5900,"+1.500",1500,
245,1974,10,35,35,"35","27","guy-edwards","lola","ford","firestone","1:34.900",94900,,,,,,,"+15.200",15200,"+9.300",9300,
246,1974,11,1,1,"1","12","niki-lauda","ferrari","ferrari","goodyear","7:00.800",420800,,,,,,,,,,,
246,1974,11,2,2,"2","11","clay-regazzoni","ferrari","ferrari","goodyear","7:01.100",421100,,,,,,,"+0.300",300,"+0.300",300,
246,1974,11,3,3,"3","5","emerson-fittipaldi","mclaren","ford","goodyear","7:02.300",422300,,,,,,,"+1.500",1500,"+1.200",1200,
246,1974,11,4,4,"4","3","jody-scheckter","tyrrell","ford","goodyear","7:03.400",423400,,,,,,,"+2.600",2600,"+1.100",1100,
246,1974,11,5,5,"5","4","patrick-depailler","tyrrell","ford","goodyear","7:06.200",426200,,,,,,,"+5.400",5400,"+2.800",2800,
246,1974,11,6,6,"6","7","carlos-reutemann","brabham","ford","goodyear","7:07.200",427200,,,,,,,"+6.400",6400,"+1.000",1000,
246,1974,11,7,7,"7","6","denny-hulme","mclaren","ford","goodyear","7:08.800",428800,,,,,,,"+8.000",8000,"+1.600",1600,
246,1974,11,8,8,"8","1","ronnie-peterson","lotus","ford","goodyear","7:09.000",429000,,,,,,,"+8.200",8200,"+0.200",200,
246,1974,11,9,9,"9","2","jacky-ickx","lotus","ford","goodyear","7:09.100",429100,,,,,,,"+8.300",8300,"+0.100",100,
246,1974,11,10,10,"10","19","jochen-mass","surtees","ford","firestone","7:09.800",429800,,,,,,,"+9.000",9000,"+0.700",700,
246,1974,11,11,11,"11","16","tom-pryce","shadow","ford","goodyear","7:09.900",429900,,,,,,,"+9.100",9100,"+0.100",100,
246,1974,11,12,12,"12","33","mike-hailwood","mclaren","ford","goodyear","7:10.100",430100,,,,,,,"+9.300",9300,"+0.200",200,
246,1974,11,13,13,"13","24","james-hunt","hesketh","ford","goodyear","7:10.400",430400,,,,,,,"+9.600",9600,"+0.300",300,
246,1974,11,14,14,"14","28","john-watson","brabham","ford","firestone","7:10.510",430510,,,,,,,"+9.710",9710,"+0.110",110,
246,1974,11,15,15,"15","14","jean-pierre-beltoise","brm","brm","firestone","7:10.530",430530,,,,,,,"+9.730",9730,"+0.020",20,
246,1974,11,16,16,"16","20","arturo-merzario","iso-marlboro","ford","firestone","7:11.200",431200,,,,,,,"+10.400",10400,"+0.670",670,
246,1974,11,17,17,"17","8","carlos-pace","brabham","ford","goodyear","7:12.700",432700,,,,,,,"+11.900",11900,"+1.500",1500,
246,1974,11,18,18,"18","17","jean-pierre-jarier","shadow","ford","goodyear","7:14.900",434900,,,,,,,"+14.100",14100,"+2.200",2200,
246,1974,11,19,19,"19","26","graham-hill","lola","ford","firestone","7:15.500",435500,,,,,,,"+14.700",14700,"+0.600",600,
246,1974,11,20,20,"20","9","hans-joachim-stuck","march","ford","goodyear","7:16.000",436000,,,,,,,"+15.200",15200,"+0.500",500,
246,1974,11,21,21,"21","21","jacques-laffite","iso-marlboro","ford","firestone","7:17.600",437600,,,,,,,"+16.800",16800,"+1.600",1600,
246,1974,11,22,22,"22","22","vern-schuppan","ensign","ford","firestone","7:20.810",440810,,,,,,,"+20.010",20010,"+3.210",3210,
246,1974,11,23,23,"23","10","vittorio-brambilla","march","ford","goodyear","7:20.880",440880,,,,,,,"+20.080",20080,"+0.070",70,
246,1974,11,24,24,"24","15","henri-pescarolo","brm","brm","firestone","7:20.900",440900,,,,,,,"+20.100",20100,"+0.020",20,
246,1974,11,25,25,"25","18","derek-bell","surtees","ford","firestone","7:22.000",442000,,,,,,,"+21.200",21200,"+1.100",1100,
246,1974,11,26,26,"26","32","ian-ashley","token","ford","firestone","7:24.600",444600,,,,,,,"+23.800",23800,"+2.600",2600,
246,1974,11,27,27,"27","37","francois-migault","brm","brm","firestone","7:26.300",446300,,,,,,,"+25.500",25500,"+1.700",1700,
246,1974,11,28,28,"28","23","tim-schenken","trojan","ford","firestone","7:29.100",449100,,,,,,,"+28.300",28300,"+2.800",2800,
246,1974,11,29,29,"29","27","guy-edwards","lola","ford","firestone","7:31.500",451500,,,,,,,"+30.700",30700,"+2.400",2400,
246,1974,11,30,30,"30","30","larry-perkins","amon","ford","firestone","7:36.200",456200,,,,,,,"+35.400",35400,"+4.700",4700,
246,1974,11,31,31,"31","30","chris-amon","amon","ford","firestone","8:26.200",506200,,,,,,,"+1:25.400",85400,"+50.000",50000,
246,1974,11,32,32,"32","25","howden-ganley","maki","ford","firestone",,,,,,,,,,,,,
247,1974,12,1,1,"1","12","niki-lauda","ferrari","ferrari","goodyear","1:35.400",95400,,,,,,,,,,,
247,1974,12,2,2,"2","7","carlos-reutemann","brabham","ford","goodyear","1:35.560",95560,,,,,,,"+0.160",160,"+0.160",160,
247,1974,12,3,3,"3","5","emerson-fittipaldi","mclaren","ford","goodyear","1:35.760",95760,,,,,,,"+0.360",360,"+0.200",200,
247,1974,12,4,4,"4","8","carlos-pace","brabham","ford","goodyear","1:35.910",95910,,,,,,,"+0.510",510,"+0.150",150,
247,1974,12,5,5,"5","3","jody-scheckter","tyrrell","ford","goodyear","1:35.940",95940,,,,,,,"+0.540",540,"+0.030",30,
247,1974,12,6,6,"6","1","ronnie-peterson","lotus","ford","goodyear","1:36.000",96000,,,,,,,"+0.600",600,"+0.060",60,
247,1974,12,7,7,"7","24","james-hunt","hesketh","ford","goodyear","1:36.110",96110,,,,,,,"+0.710",710,"+0.110",110,
247,1974,12,8,8,"8","11","clay-regazzoni","ferrari","ferrari","goodyear","1:36.310",96310,,,,,,,"+0.910",910,"+0.200",200,
247,1974,12,9,9,"9","20","arturo-merzario","iso-marlboro","ford","firestone","1:36.350",96350,,,,,,,"+0.950",950,"+0.040",40,
247,1974,12,10,10,"10","6","denny-hulme","mclaren","ford","goodyear","1:36.390",96390,,,,,,,"+0.990",990,"+0.040",40,
247,1974,12,11,11,"11","28","john-watson","brabham","ford","firestone","1:36.520",96520,,,,,,,"+1.120",1120,"+0.130",130,
247,1974,12,12,12,"12","21","jacques-laffite","iso-marlboro","ford","firestone","1:36.860",96860,,,,,,,"+1.460",1460,"+0.340",340,
247,1974,12,13,13,"13","27","rolf-stommelen","lola","ford","firestone","1:37.180",97180,,,,,,,"+1.780",1780,"+0.320",320,
247,1974,12,14,14,"14","4","patrick-depailler","tyrrell","ford","goodyear","1:37.250",97250,,,,,,,"+1.850",1850,"+0.070",70,
247,1974,12,15,15,"15","9","hans-joachim-stuck","march","ford","goodyear","1:37.370",97370,,,,,,,"+1.970",1970,"+0.120",120,
247,1974,12,16,16,"16","16","tom-pryce","shadow","ford","goodyear","1:37.390",97390,,,,,,,"+1.990",1990,"+0.020",20,
247,1974,12,17,17,"17","33","david-hobbs","mclaren","ford","goodyear","1:37.410",97410,,,,,,,"+2.010",2010,"+0.020",20,
247,1974,12,18,18,"18","14","jean-pierre-beltoise","brm","brm","firestone","1:37.430",97430,,,,,,,"+2.030",2030,"+0.020",20,
247,1974,12,19,19,"19","23","tim-schenken","trojan","ford","firestone","1:37.430",97430,,,,,,,"+2.030",2030,"+0.000",0,
247,1974,12,20,20,"20","10","vittorio-brambilla","march","ford","goodyear","1:37.470",97470,,,,,,,"+2.070",2070,"+0.040",40,
247,1974,12,21,21,"21","26","graham-hill","lola","ford","firestone","1:37.540",97540,,,,,,,"+2.140",2140,"+0.070",70,
247,1974,12,22,22,"22","2","jacky-ickx","lotus","ford","goodyear","1:38.090",98090,,,,,,,"+2.690",2690,"+0.550",550,
247,1974,12,23,23,"23","17","jean-pierre-jarier","shadow","ford","goodyear","1:38.170",98170,,,,,,,"+2.770",2770,"+0.080",80,
247,1974,12,24,24,"24","35","ian-ashley","token","ford","firestone","1:38.670",98670,,,,,,,"+3.270",3270,"+0.500",500,
247,1974,12,25,25,"25","30","dieter-quester","surtees","ford","firestone","1:38.880",98880,,,,,,,"+3.480",3480,"+0.210",210,
247,1974,12,26,26,"26","31","ian-scheckter","hesketh","ford","goodyear","1:39.170",99170,,,,,,,"+3.770",3770,"+0.290",290,
247,1974,12,27,27,"27","43","leo-kinnunen","surtees","ford","firestone","1:39.470",99470,,,,,,,"+4.070",4070,"+0.300",300,
247,1974,12,28,28,"28","18","derek-bell","surtees","ford","firestone","1:39.530",99530,,,,,,,"+4.130",4130,"+0.060",60,
247,1974,12,29,29,"29","22","mike-wilds","ensign","ford","firestone","1:39.960",99960,,,,,,,"+4.560",4560,"+0.430",430,
247,1974,12,30,30,"30","19","jean-pierre-jabouille","surtees","ford","firestone","1:40.100",100100,,,,,,,"+4.700",4700,"+0.140",140,
247,1974,12,31,31,"31","32","helmuth-koinigg","brabham","ford","firestone","1:40.600",100600,,,,,,,"+5.200",5200,"+0.500",500,
248,1974,13,1,1,"1","12","niki-lauda","ferrari","ferrari","goodyear","1:33.160",93160,,,,,,,,,,,
248,1974,13,2,2,"2","7","carlos-reutemann","brabham","ford","goodyear","1:33.270",93270,,,,,,,"+0.110",110,"+0.110",110,
248,1974,13,3,3,"3","8","carlos-pace","brabham","ford","goodyear","1:33.530",93530,,,,,,,"+0.370",370,"+0.260",260,
248,1974,13,4,4,"4","28","john-watson","brabham","ford","firestone","1:33.630",93630,,,,,,,"+0.470",470,"+0.100",100,
248,1974,13,5,5,"5","11","clay-regazzoni","ferrari","ferrari","goodyear","1:33.730",93730,,,,,,,"+0.570",570,"+0.100",100,
248,1974,13,6,6,"6","5","emerson-fittipaldi","mclaren","ford","goodyear","1:33.950",93950,,,,,,,"+0.790",790,"+0.220",220,
248,1974,13,7,7,"7","1","ronnie-peterson","lotus","ford","goodyear","1:34.240",94240,,,,,,,"+1.080",1080,"+0.290",290,
248,1974,13,8,8,"8","24","james-hunt","hesketh","ford","goodyear","1:34.340",94340,,,,,,,"+1.180",1180,"+0.100",100,
248,1974,13,9,9,"9","17","jean-pierre-jarier","shadow","ford","goodyear","1:34.560",94560,,,,,,,"+1.400",1400,"+0.220",220,
248,1974,13,10,10,"10","4","patrick-depailler","tyrrell","ford","goodyear","1:34.561",94561,,,,,,,"+1.401",1401,"+0.001",1,
248,1974,13,11,11,"11","14","jean-pierre-beltoise","brm","brm","firestone","1:34.620",94620,,,,,,,"+1.460",1460,"+0.059",59,
248,1974,13,12,12,"12","3","jody-scheckter","tyrrell","ford","goodyear","1:34.700",94700,,,,,,,"+1.540",1540,"+0.080",80,
248,1974,13,13,13,"13","10","vittorio-brambilla","march","ford","goodyear","1:34.760",94760,,,,,,,"+1.600",1600,"+0.060",60,
248,1974,13,14,14,"14","27","rolf-stommelen","lola","ford","firestone","1:34.840",94840,,,,,,,"+1.680",1680,"+0.080",80,
248,1974,13,15,15,"15","20","arturo-merzario","iso-marlboro","ford","firestone","1:35.020",95020,,,,,,,"+1.860",1860,"+0.180",180,
248,1974,13,16,16,"16","2","jacky-ickx","lotus","ford","goodyear","1:35.190",95190,,,,,,,"+2.030",2030,"+0.170",170,
248,1974,13,17,17,"17","21","jacques-laffite","iso-marlboro","ford","firestone","1:35.220",95220,,,,,,,"+2.060",2060,"+0.030",30,
248,1974,13,18,18,"18","9","hans-joachim-stuck","march","ford","goodyear","1:35.230",95230,,,,,,,"+2.070",2070,"+0.010",10,
248,1974,13,19,19,"19","6","denny-hulme","mclaren","ford","goodyear","1:35.630",95630,,,,,,,"+2.470",2470,"+0.400",400,
248,1974,13,20,20,"20","29","tim-schenken","trojan","ford","firestone","1:35.720",95720,,,,,,,"+2.560",2560,"+0.090",90,
248,1974,13,21,21,"21","26","graham-hill","lola","ford","firestone","1:35.820",95820,,,,,,,"+2.660",2660,"+0.100",100,
248,1974,13,22,22,"22","16","tom-pryce","shadow","ford","goodyear","1:36.270",96270,,,,,,,"+3.110",3110,"+0.450",450,
248,1974,13,23,23,"23","33","david-hobbs","mclaren","ford","goodyear","1:36.310",96310,,,,,,,"+3.150",3150,"+0.040",40,
248,1974,13,24,24,"24","37","francois-migault","brm","brm","firestone","1:36.360",96360,,,,,,,"+3.200",3200,"+0.050",50,
248,1974,13,25,25,"25","15","henri-pescarolo","brm","brm","firestone","1:36.640",96640,,,,,,,"+3.480",3480,"+0.280",280,
248,1974,13,26,26,"26","19","jose-dolhem","surtees","ford","firestone","1:36.840",96840,,,,,,,"+3.680",3680,"+0.200",200,
248,1974,13,27,27,"27","31","carlo-facetti","brabham","ford","firestone","1:37.300",97300,,,,,,,"+4.140",4140,"+0.460",460,
248,1974,13,28,28,"28","18","derek-bell","surtees","ford","firestone","1:37.320",97320,,,,,,,"+4.160",4160,"+0.020",20,
248,1974,13,29,29,"29","25","mike-wilds","ensign","ford","firestone","1:37.380",97380,,,,,,,"+4.220",4220,"+0.060",60,
248,1974,13,30,30,"30","22","chris-amon","amon","ford","firestone","1:38.210",98210,,,,,,,"+5.050",5050,"+0.830",830,
248,1974,13,31,31,"31","23","leo-kinnunen","surtees","ford","firestone","1:40.320",100320,,,,,,,"+7.160",7160,"+2.110",2110,
249,1974,14,1,1,"1","5","emerson-fittipaldi","mclaren","ford","goodyear","1:13.188",73188,,,,,,,,,,,
249,1974,14,2,2,"2","12","niki-lauda","ferrari","ferrari","goodyear","1:13.230",73230,,,,,,,"+0.042",42,"+0.042",42,
249,1974,14,3,3,"3","3","jody-scheckter","tyrrell","ford","goodyear","1:13.302",73302,,,,,,,"+0.114",114,"+0.072",72,
249,1974,14,4,4,"4","7","carlos-reutemann","brabham","ford","goodyear","1:13.482",73482,,,,,,,"+0.294",294,"+0.180",180,
249,1974,14,5,5,"5","17","jean-pierre-jarier","shadow","ford","goodyear","1:13.538",73538,,,,,,,"+0.350",350,"+0.056",56,
249,1974,14,6,6,"6","11","clay-regazzoni","ferrari","ferrari","goodyear","1:13.553",73553,,,,,,,"+0.365",365,"+0.015",15,
249,1974,14,7,7,"7","4","patrick-depailler","tyrrell","ford","goodyear","1:13.634",73634,,,,,,,"+0.446",446,"+0.081",81,
249,1974,14,8,8,"8","24","james-hunt","hesketh","ford","goodyear","1:13.736",73736,,,,,,,"+0.548",548,"+0.102",102,
249,1974,14,9,9,"9","8","carlos-pace","brabham","ford","goodyear","1:14.100",74100,,,,,,,"+0.912",912,"+0.364",364,
249,1974,14,10,10,"10","1","ronnie-peterson","lotus","ford","goodyear","1:14.340",74340,,,,,,,"+1.152",1152,"+0.240",240,
249,1974,14,11,11,"11","27","rolf-stommelen","lola","ford","firestone","1:14.449",74449,,,,,,,"+1.261",1261,"+0.109",109,
249,1974,14,12,12,"12","33","jochen-mass","mclaren","ford","goodyear","1:14.486",74486,,,,,,,"+1.298",1298,"+0.037",37,
249,1974,14,13,13,"13","16","tom-pryce","shadow","ford","goodyear","1:14.631",74631,,,,,,,"+1.443",1443,"+0.145",145,
249,1974,14,14,14,"14","6","denny-hulme","mclaren","ford","goodyear","1:14.754",74754,,,,,,,"+1.566",1566,"+0.123",123,
249,1974,14,15,15,"15","28","john-watson","brabham","ford","firestone","1:14.757",74757,,,,,,,"+1.569",1569,"+0.003",3,
249,1974,14,16,16,"16","55","mario-andretti","parnelli","ford","firestone","1:14.923",74923,,,,,,,"+1.735",1735,"+0.166",166,
249,1974,14,17,17,"17","14","jean-pierre-beltoise","brm","brm","firestone","1:15.021",75021,,,,,,,"+1.833",1833,"+0.098",98,
249,1974,14,18,18,"18","21","jacques-laffite","iso-marlboro","ford","firestone","1:15.218",75218,,,,,,,"+2.030",2030,"+0.197",197,
249,1974,14,19,19,"19","20","arturo-merzario","iso-marlboro","ford","firestone","1:15.337",75337,,,,,,,"+2.149",2149,"+0.119",119,
249,1974,14,20,20,"20","26","graham-hill","lola","ford","firestone","1:15.538",75538,,,,,,,"+2.350",2350,"+0.201",201,
249,1974,14,21,21,"21","2","jacky-ickx","lotus","ford","goodyear","1:15.661",75661,,,,,,,"+2.473",2473,"+0.123",123,
249,1974,14,22,22,"22","19","helmuth-koinigg","surtees","ford","firestone","1:15.668",75668,,,,,,,"+2.480",2480,"+0.007",7,
249,1974,14,23,23,"23","9","hans-joachim-stuck","march","ford","goodyear","1:15.709",75709,,,,,,,"+2.521",2521,"+0.041",41,
249,1974,14,24,24,"24","66","mark-donohue","penske","ford","goodyear","1:15.741",75741,,,,,,,"+2.553",2553,"+0.032",32,
249,1974,14,25,25,"25","15","chris-amon","brm","brm","firestone","1:15.815",75815,,,,,,,"+2.627",2627,"+0.074",74,
249,1974,14,26,26,"26","50","eppie-wietzes","brabham","ford","goodyear","1:16.311",76311,,,,,,,"+3.123",3123,"+0.496",496,
249,1974,14,27,27,"27","18","derek-bell","surtees","ford","firestone","1:16.600",76600,,,,,,,"+3.412",3412,"+0.289",289,
249,1974,14,28,28,"28","22","mike-wilds","ensign","ford","firestone","1:16.822",76822,,,,,,,"+3.634",3634,"+0.222",222,
249,1974,14,29,29,"29","10","vittorio-brambilla","march","ford","goodyear","1:17.216",77216,,,,,,,"+4.028",4028,"+0.394",394,
249,1974,14,30,30,"30","42","ian-ashley","brabham","ford","goodyear","1:17.305",77305,,,,,,,"+4.117",4117,"+0.089",89,
250,1974,15,1,1,"1","7","carlos-reutemann","brabham","ford","goodyear","1:38.978",98978,,,,,,,,,,,
250,1974,15,2,2,"2","24","james-hunt","hesketh","ford","goodyear","1:38.995",98995,,,,,,,"+0.017",17,"+0.017",17,
250,1974,15,3,3,"3","55","mario-andretti","parnelli","ford","firestone","1:39.204",99204,,,,,,,"+0.226",226,"+0.209",209,
250,1974,15,4,4,"4","8","carlos-pace","brabham","ford","goodyear","1:39.284",99284,,,,,,,"+0.306",306,"+0.080",80,
250,1974,15,5,5,"5","12","niki-lauda","ferrari","ferrari","goodyear","1:39.327",99327,,,,,,,"+0.349",349,"+0.043",43,
250,1974,15,6,6,"6","3","jody-scheckter","tyrrell","ford","goodyear","1:39.478",99478,,,,,,,"+0.500",500,"+0.151",151,
250,1974,15,7,7,"7","28","john-watson","brabham","ford","firestone","1:39.527",99527,,,,,,,"+0.549",549,"+0.049",49,
250,1974,15,8,8,"8","5","emerson-fittipaldi","mclaren","ford","goodyear","1:39.538",99538,,,,,,,"+0.560",560,"+0.011",11,
250,1974,15,9,9,"9","11","clay-regazzoni","ferrari","ferrari","goodyear","1:39.600",99600,,,,,,,"+0.622",622,"+0.062",62,
250,1974,15,10,10,"10","17","jean-pierre-jarier","shadow","ford","goodyear","1:40.317",100317,,,,,,,"+1.339",1339,"+0.717",717,
250,1974,15,11,11,"11","21","jacques-laffite","iso-marlboro","ford","firestone","1:40.597",100597,,,,,,,"+1.619",1619,"+0.280",280,
250,1974,15,12,12,"12","15","chris-amon","brm","brm","firestone","1:40.700",100700,,,,,,,"+1.722",1722,"+0.103",103,
250,1974,15,13,13,"13","4","patrick-depailler","tyrrell","ford","goodyear","1:40.700",100700,,,,,,,"+1.722",1722,"+0.000",0,
250,1974,15,14,14,"14","66","mark-donohue","penske","ford","goodyear","1:40.834",100834,,,,,,,"+1.856",1856,"+0.134",134,
250,1974,15,15,15,"15","20","arturo-merzario","iso-marlboro","ford","firestone","1:40.854",100854,,,,,,,"+1.876",1876,"+0.020",20,
250,1974,15,16,16,"16","2","jacky-ickx","lotus","ford","goodyear","1:40.876",100876,,,,,,,"+1.898",1898,"+0.022",22,
250,1974,15,17,17,"17","6","denny-hulme","mclaren","ford","goodyear","1:41.027",101027,,,,,,,"+2.049",2049,"+0.151",151,
250,1974,15,18,18,"18","16","tom-pryce","shadow","ford","goodyear","1:41.188",101188,,,,,,,"+2.210",2210,"+0.161",161,
250,1974,15,19,19,"19","1","ronnie-peterson","lotus","ford","goodyear","1:41.195",101195,,,,,,,"+2.217",2217,"+0.007",7,
250,1974,15,20,20,"20","33","jochen-mass","mclaren","ford","goodyear","1:41.370",101370,,,,,,,"+2.392",2392,"+0.175",175,
250,1974,15,21,21,"21","27","rolf-stommelen","lola","ford","firestone","1:41.370",101370,,,,,,,"+2.392",2392,"+0.000",0,
250,1974,15,22,22,"22","22","mike-wilds","ensign","ford","firestone","1:41.500",101500,,,,,,,"+2.522",2522,"+0.130",130,
250,1974,15,23,23,"23","19","helmuth-koinigg","surtees","ford","firestone","1:41.763",101763,,,,,,,"+2.785",2785,"+0.263",263,
250,1974,15,24,24,"24","26","graham-hill","lola","ford","firestone","1:41.901",101901,,,,,,,"+2.923",2923,"+0.138",138,
250,1974,15,25,25,"25","10","vittorio-brambilla","march","ford","goodyear","1:42.031",102031,,,,,,,"+3.053",3053,"+0.130",130,
250,1974,15,26,26,"26","18","jose-dolhem","surtees","ford","firestone","1:42.914",102914,,,,,,,"+3.936",3936,"+0.883",883,
250,1974,15,27,27,"27","31","tim-schenken","lotus","ford","goodyear","1:43.243",103243,,,,,,,"+4.265",4265,"+0.329",329,
250,1974,15,28,28,"28","9","hans-joachim-stuck","march","ford","goodyear","1:43.606",103606,,,,,,,"+4.628",4628,"+0.363",363,
250,1974,15,29,29,"29","42","ian-ashley","brabham","ford","goodyear","1:43.801",103801,,,,,,,"+4.823",4823,"+0.195",195,
250,1974,15,30,30,"30","14","jean-pierre-beltoise","brm","brm","firestone",,,,,,,,,,,,,
251,1975,1,1,1,"1","17","jean-pierre-jarier","shadow","ford","goodyear","1:49.210",109210,,,,,,,,,,,
251,1975,1,2,2,"2","8","carlos-pace","brabham","ford","goodyear","1:49.640",109640,,,,,,,"+0.430",430,"+0.430",430,
251,1975,1,3,3,"3","7","carlos-reutemann","brabham","ford","goodyear","1:49.800",109800,,,,,,,"+0.590",590,"+0.160",160,
251,1975,1,4,4,"4","12","niki-lauda","ferrari","ferrari","goodyear","1:49.960",109960,,,,,,,"+0.750",750,"+0.160",160,
251,1975,1,5,5,"5","1","emerson-fittipaldi","mclaren","ford","goodyear","1:50.020",110020,,,,,,,"+0.810",810,"+0.060",60,
251,1975,1,6,6,"6","24","james-hunt","hesketh","ford","goodyear","1:50.260",110260,,,,,,,"+1.050",1050,"+0.240",240,
251,1975,1,7,7,"7","11","clay-regazzoni","ferrari","ferrari","goodyear","1:50.710",110710,,,,,,,"+1.500",1500,"+0.450",450,
251,1975,1,8,8,"8","4","patrick-depailler","tyrrell","ford","goodyear","1:50.800",110800,,,,,,,"+1.590",1590,"+0.090",90,
251,1975,1,9,9,"9","3","jody-scheckter","tyrrell","ford","goodyear","1:50.820",110820,,,,,,,"+1.610",1610,"+0.020",20,
251,1975,1,10,10,"10","27","mario-andretti","parnelli","ford","firestone","1:51.060",111060,,,,,,,"+1.850",1850,"+0.240",240,
251,1975,1,11,11,"11","5","ronnie-peterson","lotus","ford","goodyear","1:51.440",111440,,,,,,,"+2.230",2230,"+0.380",380,
251,1975,1,12,12,"12","9","vittorio-brambilla","march","ford","goodyear","1:51.770",111770,,,,,,,"+2.560",2560,"+0.330",330,
251,1975,1,13,13,"13","2","jochen-mass","mclaren","ford","goodyear","1:51.820",111820,,,,,,,"+2.610",2610,"+0.050",50,
251,1975,1,14,14,"14","16","tom-pryce","shadow","ford","goodyear","1:51.920",111920,,,,,,,"+2.710",2710,"+0.100",100,
251,1975,1,15,15,"15","18","john-watson","surtees","ford","goodyear","1:52.130",112130,,,,,,,"+2.920",2920,"+0.210",210,
251,1975,1,16,16,"16","28","mark-donohue","penske","ford","goodyear","1:52.360",112360,,,,,,,"+3.150",3150,"+0.230",230,
251,1975,1,17,17,"17","21","jacques-laffite","frank-williams-racing-cars","ford","goodyear","1:52.880",112880,,,,,,,"+3.670",3670,"+0.520",520,
251,1975,1,18,18,"18","6","jacky-ickx","lotus","ford","goodyear","1:52.900",112900,,,,,,,"+3.690",3690,"+0.020",20,
251,1975,1,19,19,"19","23","rolf-stommelen","lola","ford","goodyear","1:53.120",113120,,,,,,,"+3.910",3910,"+0.220",220,
251,1975,1,20,20,"20","20","arturo-merzario","frank-williams-racing-cars","ford","goodyear","1:53.430",113430,,,,,,,"+4.220",4220,"+0.310",310,
251,1975,1,21,21,"21","22","graham-hill","lola","ford","goodyear","1:54.000",114000,,,,,,,"+4.790",4790,"+0.570",570,
251,1975,1,22,22,"22","14","mike-wilds","brm","brm","goodyear","1:54.480",114480,,,,,,,"+5.270",5270,"+0.480",480,
251,1975,1,23,23,"23","30","wilson-fittipaldi","fittipaldi","ford","goodyear","2:00.220",120220,,,,,,,"+11.010",11010,"+5.740",5740,
252,1975,2,1,1,"1","17","jean-pierre-jarier","shadow","ford","goodyear","2:29.880",149880,,,,,,,,,,,
252,1975,2,2,2,"2","1","emerson-fittipaldi","mclaren","ford","goodyear","2:30.680",150680,,,,,,,"+0.800",800,"+0.800",800,
252,1975,2,3,3,"3","7","carlos-reutemann","brabham","ford","goodyear","2:31.000",151000,,,,,,,"+1.120",1120,"+0.320",320,
252,1975,2,4,4,"4","12","niki-lauda","ferrari","ferrari","goodyear","2:31.120",151120,,,,,,,"+1.240",1240,"+0.120",120,
252,1975,2,5,5,"5","11","clay-regazzoni","ferrari","ferrari","goodyear","2:31.220",151220,,,,,,,"+1.340",1340,"+0.100",100,
252,1975,2,6,6,"6","8","carlos-pace","brabham","ford","goodyear","2:31.580",151580,,,,,,,"+1.700",1700,"+0.360",360,
252,1975,2,7,7,"7","24","james-hunt","hesketh","ford","goodyear","2:31.700",151700,,,,,,,"+1.820",1820,"+0.120",120,
252,1975,2,8,8,"8","3","jody-scheckter","tyrrell","ford","goodyear","2:31.740",151740,,,,,,,"+1.860",1860,"+0.040",40,
252,1975,2,9,9,"9","4","patrick-depailler","tyrrell","ford","goodyear","2:32.940",152940,,,,,,,"+3.060",3060,"+1.200",1200,
252,1975,2,10,10,"10","2","jochen-mass","mclaren","ford","goodyear","2:33.060",153060,,,,,,,"+3.180",3180,"+0.120",120,
252,1975,2,11,11,"11","20","arturo-merzario","frank-williams-racing-cars","ford","goodyear","2:33.160",153160,,,,,,,"+3.280",3280,"+0.100",100,
252,1975,2,12,12,"12","6","jacky-ickx","lotus","ford","goodyear","2:33.200",153200,,,,,,,"+3.320",3320,"+0.040",40,
252,1975,2,13,13,"13","18","john-watson","surtees","ford","goodyear","2:33.230",153230,,,,,,,"+3.350",3350,"+0.030",30,
252,1975,2,14,14,"14","16","tom-pryce","shadow","ford","goodyear","2:33.240",153240,,,,,,,"+3.360",3360,"+0.010",10,
252,1975,2,15,15,"15","28","mark-donohue","penske","ford","goodyear","2:33.330",153330,,,,,,,"+3.450",3450,"+0.090",90,
252,1975,2,16,16,"16","5","ronnie-peterson","lotus","ford","goodyear","2:33.900",153900,,,,,,,"+4.020",4020,"+0.570",570,
252,1975,2,17,17,"17","9","vittorio-brambilla","march","ford","goodyear","2:34.440",154440,,,,,,,"+4.560",4560,"+0.540",540,
252,1975,2,18,18,"18","27","mario-andretti","parnelli","ford","goodyear","2:34.560",154560,,,,,,,"+4.680",4680,"+0.120",120,
252,1975,2,19,19,"19","21","jacques-laffite","frank-williams-racing-cars","ford","goodyear","2:34.760",154760,,,,,,,"+4.880",4880,"+0.200",200,
252,1975,2,20,20,"20","22","graham-hill","lola","ford","goodyear","2:35.490",155490,,,,,,,"+5.610",5610,"+0.730",730,
252,1975,2,21,21,"21","30","wilson-fittipaldi","fittipaldi","ford","goodyear","2:36.470",156470,,,,,,,"+6.590",6590,"+0.980",980,
252,1975,2,22,22,"22","14","mike-wilds","brm","brm","goodyear","2:37.150",157150,,,,,,,"+7.270",7270,"+0.680",680,
252,1975,2,23,23,"23","23","rolf-stommelen","lola","ford","goodyear","2:38.050",158050,,,,,,,"+8.170",8170,"+0.900",900,
253,1975,3,1,1,"1","8","carlos-pace","brabham","ford","goodyear","1:16.410",76410,,,,,,,,,,,
253,1975,3,2,2,"2","7","carlos-reutemann","brabham","ford","goodyear","1:16.480",76480,,,,,,,"+0.070",70,"+0.070",70,
253,1975,3,3,3,"3","3","jody-scheckter","tyrrell","ford","goodyear","1:16.640",76640,,,,,,,"+0.230",230,"+0.160",160,
253,1975,3,4,4,"4","12","niki-lauda","ferrari","ferrari","goodyear","1:16.830",76830,,,,,,,"+0.420",420,"+0.190",190,
253,1975,3,5,5,"5","4","patrick-depailler","tyrrell","ford","goodyear","1:16.830",76830,,,,,,,"+0.420",420,"+0.000",0,
253,1975,3,6,6,"6","27","mario-andretti","parnelli","ford","goodyear","1:16.890",76890,,,,,,,"+0.480",480,"+0.060",60,
253,1975,3,7,7,"7","9","vittorio-brambilla","march","ford","goodyear","1:17.050",77050,,,,,,,"+0.640",640,"+0.160",160,
253,1975,3,8,8,"8","5","ronnie-peterson","lotus","ford","goodyear","1:17.140",77140,,,,,,,"+0.730",730,"+0.090",90,
253,1975,3,9,9,"9","11","clay-regazzoni","ferrari","ferrari","goodyear","1:17.160",77160,,,,,,,"+0.750",750,"+0.020",20,
253,1975,3,10,10,"10","18","john-watson","surtees","ford","goodyear","1:17.170",77170,,,,,,,"+0.760",760,"+0.010",10,
253,1975,3,11,11,"11","1","emerson-fittipaldi","mclaren","ford","goodyear","1:17.220",77220,,,,,,,"+0.810",810,"+0.050",50,
253,1975,3,12,12,"12","24","james-hunt","hesketh","ford","goodyear","1:17.300",77300,,,,,,,"+0.890",890,"+0.080",80,
253,1975,3,13,13,"13","17","jean-pierre-jarier","shadow","ford","goodyear","1:17.320",77320,,,,,,,"+0.910",910,"+0.020",20,
253,1975,3,14,14,"14","23","rolf-stommelen","lola","ford","goodyear","1:17.470",77470,,,,,,,"+1.060",1060,"+0.150",150,
253,1975,3,15,15,"15","20","arturo-merzario","frank-williams-racing-cars","ford","goodyear","1:17.530",77530,,,,,,,"+1.120",1120,"+0.060",60,
253,1975,3,16,16,"16","2","jochen-mass","mclaren","ford","goodyear","1:17.790",77790,,,,,,,"+1.380",1380,"+0.260",260,
253,1975,3,17,17,"17","32","ian-scheckter","tyrrell","ford","goodyear","1:18.010",78010,,,,,,,"+1.600",1600,"+0.220",220,
253,1975,3,18,18,"18","28","mark-donohue","penske","ford","goodyear","1:18.280",78280,,,,,,,"+1.870",1870,"+0.270",270,
253,1975,3,19,19,"19","16","tom-pryce","shadow","ford","goodyear","1:18.360",78360,,,,,,,"+1.950",1950,"+0.080",80,
253,1975,3,20,20,"20","31","dave-charlton","mclaren","ford","goodyear","1:18.510",78510,,,,,,,"+2.100",2100,"+0.150",150,
253,1975,3,21,21,"21","6","jacky-ickx","lotus","ford","goodyear","1:18.680",78680,,,,,,,"+2.270",2270,"+0.170",170,
253,1975,3,22,22,"22","33","eddie-keizan","lotus","ford","goodyear","1:19.010",79010,,,,,,,"+2.600",2600,"+0.330",330,
253,1975,3,23,23,"23","21","jacques-laffite","frank-williams-racing-cars","ford","goodyear","1:19.150",79150,,,,,,,"+2.740",2740,"+0.140",140,
253,1975,3,24,24,"24","14","bob-evans","brm","brm","goodyear","1:19.170",79170,,,,,,,"+2.760",2760,"+0.020",20,
253,1975,3,25,25,"25","34","guy-tunmer","lotus","ford","goodyear","1:19.520",79520,,,,,,,"+3.110",3110,"+0.350",350,
253,1975,3,26,26,"26","10","lella-lombardi","march","ford","goodyear","1:19.680",79680,,,,,,,"+3.270",3270,"+0.160",160,
253,1975,3,27,27,"27","30","wilson-fittipaldi","fittipaldi","ford","goodyear","1:19.730",79730,,,,,,,"+3.320",3320,"+0.050",50,
253,1975,3,28,28,"28","22","graham-hill","lola","ford","goodyear","1:21.450",81450,,,,,,,"+5.040",5040,"+1.720",1720,
254,1975,4,1,1,"1","12","niki-lauda","ferrari","ferrari","goodyear","1:23.400",83400,,,,,,,,,,,
254,1975,4,2,2,"2","11","clay-regazzoni","ferrari","ferrari","goodyear","1:23.500",83500,,,,,,,"+0.100",100,"+0.100",100,
254,1975,4,3,3,"3","24","james-hunt","hesketh","ford","goodyear","1:23.800",83800,,,,,,,"+0.400",400,"+0.300",300,
254,1975,4,4,4,"4","27","mario-andretti","parnelli","ford","goodyear","1:23.900",83900,,,,,,,"+0.500",500,"+0.100",100,
254,1975,4,5,5,"5","9","vittorio-brambilla","march","ford","goodyear","1:24.200",84200,,,,,,,"+0.800",800,"+0.300",300,
254,1975,4,6,6,"6","18","john-watson","surtees","ford","goodyear","1:24.300",84300,,,,,,,"+0.900",900,"+0.100",100,
254,1975,4,7,7,"7","4","patrick-depailler","tyrrell","ford","goodyear","1:24.400",84400,,,,,,,"+1.000",1000,"+0.100",100,
254,1975,4,8,8,"8","16","tom-pryce","shadow","ford","goodyear","1:24.500",84500,,,,,,,"+1.100",1100,"+0.100",100,
254,1975,4,9,9,"9","22","rolf-stommelen","hill","ford","goodyear","1:24.700",84700,,,,,,,"+1.300",1300,"+0.200",200,
254,1975,4,10,10,"10","17","jean-pierre-jarier","shadow","ford","goodyear","1:25.000",85000,,,,,,,"+1.600",1600,"+0.300",300,
254,1975,4,11,11,"11","2","jochen-mass","mclaren","ford","goodyear","1:25.200",85200,,,,,,,"+1.800",1800,"+0.200",200,
254,1975,4,12,12,"12","5","ronnie-peterson","lotus","ford","goodyear","1:25.300",85300,,,,,,,"+1.900",1900,"+0.100",100,
254,1975,4,13,13,"13","3","jody-scheckter","tyrrell","ford","goodyear","1:25.400",85400,,,,,,,"+2.000",2000,"+0.100",100,
254,1975,4,14,14,"14","8","carlos-pace","brabham","ford","goodyear","1:25.800",85800,,,,,,,"+2.400",2400,"+0.400",400,
254,1975,4,15,15,"15","7","carlos-reutemann","brabham","ford","goodyear","1:25.800",85800,,,,,,,"+2.400",2400,"+0.000",0,
254,1975,4,16,16,"16","6","jacky-ickx","lotus","ford","goodyear","1:26.300",86300,,,,,,,"+2.900",2900,"+0.500",500,
254,1975,4,17,17,"17","28","mark-donohue","penske","ford","goodyear","1:26.300",86300,,,,,,,"+2.900",2900,"+0.000",0,
254,1975,4,18,18,"18","21","tony-brise","frank-williams-racing-cars","ford","goodyear","1:26.400",86400,,,,,,,"+3.000",3000,"+0.100",100,
254,1975,4,19,19,"19","31","roelof-wunderink","ensign","ford","goodyear","1:26.600",86600,,,,,,,"+3.200",3200,"+0.200",200,
254,1975,4,20,20,"20","25","alan-jones","hesketh","ford","goodyear","1:26.700",86700,,,,,,,"+3.300",3300,"+0.100",100,
254,1975,4,21,21,"21","30","wilson-fittipaldi","fittipaldi","ford","goodyear","1:27.200",87200,,,,,,,"+3.800",3800,"+0.500",500,
254,1975,4,22,22,"22","23","francois-migault","hill","ford","goodyear","1:27.900",87900,,,,,,,"+4.500",4500,"+0.700",700,
254,1975,4,23,23,"23","14","bob-evans","brm","brm","goodyear","1:28.800",88800,,,,,,,"+5.400",5400,"+0.900",900,
254,1975,4,24,24,"24","10","lella-lombardi","march","ford","goodyear","1:30.300",90300,,,,,,,"+6.900",6900,"+1.500",1500,
254,1975,4,25,25,"25","20","arturo-merzario","frank-williams-racing-cars","ford","goodyear","1:54.300",114300,,,,,,,"+30.900",30900,"+24.000",24000,
254,1975,4,26,26,"26","1","emerson-fittipaldi","mclaren","ford","goodyear","2:10.200",130200,,,,,,,"+46.800",46800,"+15.900",15900,
255,1975,5,1,1,"1","12","niki-lauda","ferrari","ferrari","goodyear","1:26.400",86400,,,,,,,,,,,
255,1975,5,2,2,"2","16","tom-pryce","shadow","ford","goodyear","1:27.090",87090,,,,,,,"+0.690",690,"+0.690",690,
255,1975,5,3,3,"3","17","jean-pierre-jarier","shadow","ford","goodyear","1:27.250",87250,,,,,,,"+0.850",850,"+0.160",160,
255,1975,5,4,4,"4","5","ronnie-peterson","lotus","ford","goodyear","1:27.400",87400,,,,,,,"+1.000",1000,"+0.150",150,
255,1975,5,5,5,"5","9","vittorio-brambilla","march","ford","goodyear","1:27.500",87500,,,,,,,"+1.100",1100,"+0.100",100,
255,1975,5,6,6,"6","11","clay-regazzoni","ferrari","ferrari","goodyear","1:27.550",87550,,,,,,,"+1.150",1150,"+0.050",50,
255,1975,5,7,7,"7","3","jody-scheckter","tyrrell","ford","goodyear","1:27.580",87580,,,,,,,"+1.180",1180,"+0.030",30,
255,1975,5,8,8,"8","8","carlos-pace","brabham","ford","goodyear","1:27.670",87670,,,,,,,"+1.270",1270,"+0.090",90,
255,1975,5,9,9,"9","1","emerson-fittipaldi","mclaren","ford","goodyear","1:27.770",87770,,,,,,,"+1.370",1370,"+0.100",100,
255,1975,5,10,10,"10","7","carlos-reutemann","brabham","ford","goodyear","1:27.930",87930,,,,,,,"+1.530",1530,"+0.160",160,
255,1975,5,11,11,"11","24","james-hunt","hesketh","ford","goodyear","1:27.940",87940,,,,,,,"+1.540",1540,"+0.010",10,
255,1975,5,12,12,"12","4","patrick-depailler","tyrrell","ford","goodyear","1:27.950",87950,,,,,,,"+1.550",1550,"+0.010",10,
255,1975,5,13,13,"13","27","mario-andretti","parnelli","ford","goodyear","1:28.110",88110,,,,,,,"+1.710",1710,"+0.160",160,
255,1975,5,14,14,"14","6","jacky-ickx","lotus","ford","goodyear","1:28.280",88280,,,,,,,"+1.880",1880,"+0.170",170,
255,1975,5,15,15,"15","2","jochen-mass","mclaren","ford","goodyear","1:28.490",88490,,,,,,,"+2.090",2090,"+0.210",210,
255,1975,5,16,16,"16","28","mark-donohue","penske","ford","goodyear","1:28.810",88810,,,,,,,"+2.410",2410,"+0.320",320,
255,1975,5,17,17,"17","18","john-watson","surtees","ford","goodyear","1:28.900",88900,,,,,,,"+2.500",2500,"+0.090",90,
255,1975,5,18,18,"18","26","alan-jones","hesketh","ford","goodyear","1:29.120",89120,,,,,,,"+2.720",2720,"+0.220",220,
255,1975,5,19,19,"19","21","jacques-laffite","frank-williams-racing-cars","ford","goodyear","1:29.280",89280,,,,,,,"+2.880",2880,"+0.160",160,
255,1975,5,20,20,"20","20","arturo-merzario","frank-williams-racing-cars","ford","goodyear","1:29.320",89320,,,,,,,"+2.920",2920,"+0.040",40,
255,1975,5,21,21,"21","23","graham-hill","hill","ford","goodyear","1:29.490",89490,,,,,,,"+3.090",3090,"+0.170",170,
255,1975,5,22,22,"22","14","bob-evans","brm","brm","goodyear","1:30.330",90330,,,,,,,"+3.930",3930,"+0.840",840,
255,1975,5,23,23,"23","31","roelof-wunderink","ensign","ford","goodyear","1:31.600",91600,,,,,,,"+5.200",5200,"+1.270",1270,
255,1975,5,24,24,"24","25","torsten-palm","hesketh","ford","goodyear","1:31.950",91950,,,,,,,"+5.550",5550,"+0.350",350,
255,1975,5,25,25,"25","10","lella-lombardi","march","ford","goodyear","1:32.200",92200,,,,,,,"+5.800",5800,"+0.250",250,
255,1975,5,26,26,"26","30","wilson-fittipaldi","fittipaldi","ford","goodyear","1:33.020",93020,,,,,,,"+6.620",6620,"+0.820",820,
256,1975,6,1,1,"1","12","niki-lauda","ferrari","ferrari","goodyear","1:25.430",85430,,,,,,,,,,,
256,1975,6,2,2,"2","8","carlos-pace","brabham","ford","goodyear","1:25.470",85470,,,,,,,"+0.040",40,"+0.040",40,
256,1975,6,3,3,"3","9","vittorio-brambilla","march","ford","goodyear","1:25.660",85660,,,,,,,"+0.230",230,"+0.190",190,
256,1975,6,4,4,"4","11","clay-regazzoni","ferrari","ferrari","goodyear","1:25.850",85850,,,,,,,"+0.420",420,"+0.190",190,
256,1975,6,5,5,"5","16","tom-pryce","shadow","ford","goodyear","1:25.940",85940,,,,,,,"+0.510",510,"+0.090",90,
256,1975,6,6,6,"6","7","carlos-reutemann","brabham","ford","goodyear","1:26.090",86090,,,,,,,"+0.660",660,"+0.150",150,
256,1975,6,7,7,"7","23","tony-brise","hill","ford","goodyear","1:26.220",86220,,,,,,,"+0.790",790,"+0.130",130,
256,1975,6,8,8,"8","1","emerson-fittipaldi","mclaren","ford","goodyear","1:26.260",86260,,,,,,,"+0.830",830,"+0.040",40,
256,1975,6,9,9,"9","3","jody-scheckter","tyrrell","ford","goodyear","1:26.360",86360,,,,,,,"+0.930",930,"+0.100",100,
256,1975,6,10,10,"10","17","jean-pierre-jarier","shadow","ford","goodyear","1:26.380",86380,,,,,,,"+0.950",950,"+0.020",20,
256,1975,6,11,11,"11","24","james-hunt","hesketh","ford","goodyear","1:26.510",86510,,,,,,,"+1.080",1080,"+0.130",130,
256,1975,6,12,12,"12","4","patrick-depailler","tyrrell","ford","goodyear","1:26.740",86740,,,,,,,"+1.310",1310,"+0.230",230,
256,1975,6,13,13,"13","26","alan-jones","hesketh","ford","goodyear","1:27.050",87050,,,,,,,"+1.620",1620,"+0.310",310,
256,1975,6,14,14,"14","5","ronnie-peterson","lotus","ford","goodyear","1:27.170",87170,,,,,,,"+1.740",1740,"+0.120",120,
256,1975,6,15,15,"15","2","jochen-mass","mclaren","ford","goodyear","1:27.380",87380,,,,,,,"+1.950",1950,"+0.210",210,
256,1975,6,16,16,"16","6","jacky-ickx","lotus","ford","goodyear","1:27.400",87400,,,,,,,"+1.970",1970,"+0.020",20,
256,1975,6,17,17,"17","21","jacques-laffite","frank-williams-racing-cars","ford","goodyear","1:27.700",87700,,,,,,,"+2.270",2270,"+0.300",300,
256,1975,6,18,18,"18","18","john-watson","surtees","ford","goodyear","1:28.010",88010,,,,,,,"+2.580",2580,"+0.310",310,
256,1975,6,19,19,"19","20","arturo-merzario","frank-williams-racing-cars","ford","goodyear","1:28.180",88180,,,,,,,"+2.750",2750,"+0.170",170,
256,1975,6,20,20,"20","14","bob-evans","brm","brm","goodyear","1:28.570",88570,,,,,,,"+3.140",3140,"+0.390",390,
256,1975,6,21,21,"21","28","mark-donohue","penske","ford","goodyear","1:28.650",88650,,,,,,,"+3.220",3220,"+0.080",80,
256,1975,6,22,22,"22","22","francois-migault","hill","ford","goodyear","1:29.570",89570,,,,,,,"+4.140",4140,"+0.920",920,
256,1975,6,23,23,"23","10","lella-lombardi","march","ford","goodyear","1:29.710",89710,,,,,,,"+4.280",4280,"+0.140",140,
256,1975,6,24,24,"24","30","wilson-fittipaldi","fittipaldi","ford","goodyear","1:30.270",90270,,,,,,,"+4.840",4840,"+0.560",560,
257,1975,7,1,1,"1","9","vittorio-brambilla","march","ford","goodyear","1:24.630",84630,,,,,,,,,,,
257,1975,7,2,2,"2","4","patrick-depailler","tyrrell","ford","goodyear","1:25.010",85010,,,,,,,"+0.380",380,"+0.380",380,
257,1975,7,3,3,"3","17","jean-pierre-jarier","shadow","ford","goodyear","1:25.060",85060,,,,,,,"+0.430",430,"+0.050",50,
257,1975,7,4,4,"4","7","carlos-reutemann","brabham","ford","goodyear","1:25.180",85180,,,,,,,"+0.550",550,"+0.120",120,
257,1975,7,5,5,"5","12","niki-lauda","ferrari","ferrari","goodyear","1:25.457",85457,,,,,,,"+0.827",827,"+0.277",277,
257,1975,7,6,6,"6","8","carlos-pace","brabham","ford","goodyear","1:25.802",85802,,,,,,,"+1.172",1172,"+0.345",345,
257,1975,7,7,7,"7","16","tom-pryce","shadow","ford","goodyear","1:25.866",85866,,,,,,,"+1.236",1236,"+0.064",64,
257,1975,7,8,8,"8","3","jody-scheckter","tyrrell","ford","goodyear","1:25.900",85900,,,,,,,"+1.270",1270,"+0.034",34,
257,1975,7,9,9,"9","5","ronnie-peterson","lotus","ford","goodyear","1:26.012",86012,,,,,,,"+1.382",1382,"+0.112",112,
257,1975,7,10,10,"10","18","john-watson","surtees","ford","goodyear","1:26.085",86085,,,,,,,"+1.455",1455,"+0.073",73,
257,1975,7,11,11,"11","1","emerson-fittipaldi","mclaren","ford","goodyear","1:26.088",86088,,,,,,,"+1.458",1458,"+0.003",3,
257,1975,7,12,12,"12","11","clay-regazzoni","ferrari","ferrari","goodyear","1:26.283",86283,,,,,,,"+1.653",1653,"+0.195",195,
257,1975,7,13,13,"13","24","james-hunt","hesketh","ford","goodyear","1:26.500",86500,,,,,,,"+1.870",1870,"+0.217",217,
257,1975,7,14,14,"14","2","jochen-mass","mclaren","ford","goodyear","1:26.773",86773,,,,,,,"+2.143",2143,"+0.273",273,
257,1975,7,15,15,"15","27","mario-andretti","parnelli","ford","goodyear","1:26.821",86821,,,,,,,"+2.191",2191,"+0.048",48,
257,1975,7,16,16,"16","28","mark-donohue","penske","ford","goodyear","1:27.154",87154,,,,,,,"+2.524",2524,"+0.333",333,
257,1975,7,17,17,"17","23","tony-brise","hill","ford","goodyear","1:27.318",87318,,,,,,,"+2.688",2688,"+0.164",164,
257,1975,7,18,18,"18","6","jacky-ickx","lotus","ford","goodyear","1:27.320",87320,,,,,,,"+2.690",2690,"+0.002",2,
257,1975,7,19,19,"19","26","alan-jones","hesketh","ford","goodyear","1:27.375",87375,,,,,,,"+2.745",2745,"+0.055",55,
257,1975,7,20,20,"20","21","ian-scheckter","frank-williams-racing-cars","ford","goodyear","1:27.470",87470,,,,,,,"+2.840",2840,"+0.095",95,
257,1975,7,21,21,"21","32","torsten-palm","hesketh","ford","goodyear","1:27.642",87642,,,,,,,"+3.012",3012,"+0.172",172,
257,1975,7,22,22,"22","20","damien-magee","frank-williams-racing-cars","ford","goodyear","1:27.676",87676,,,,,,,"+3.046",3046,"+0.034",34,
257,1975,7,23,23,"23","14","bob-evans","brm","brm","goodyear","1:28.422",88422,,,,,,,"+3.792",3792,"+0.746",746,
257,1975,7,24,24,"24","10","lella-lombardi","march","ford","goodyear","1:28.687",88687,,,,,,,"+4.057",4057,"+0.265",265,
257,1975,7,25,25,"25","30","wilson-fittipaldi","fittipaldi","ford","goodyear","1:28.810",88810,,,,,,,"+4.180",4180,"+0.123",123,
257,1975,7,26,26,"26","22","vern-schuppan","hill","ford","goodyear","1:29.032",89032,,,,,,,"+4.402",4402,"+0.222",222,
258,1975,8,1,1,"1","12","niki-lauda","ferrari","ferrari","goodyear","1:20.290",80290,,,,,,,,,,,
258,1975,8,2,2,"2","11","clay-regazzoni","ferrari","ferrari","goodyear","1:20.570",80570,,,,,,,"+0.280",280,"+0.280",280,
258,1975,8,3,3,"3","24","james-hunt","hesketh","ford","goodyear","1:20.700",80700,,,,,,,"+0.410",410,"+0.130",130,
258,1975,8,4,4,"4","3","jody-scheckter","tyrrell","ford","goodyear","1:20.740",80740,,,,,,,"+0.450",450,"+0.040",40,
258,1975,8,5,5,"5","7","carlos-reutemann","brabham","ford","goodyear","1:20.870",80870,,,,,,,"+0.580",580,"+0.130",130,
258,1975,8,6,6,"6","1","emerson-fittipaldi","mclaren","ford","goodyear","1:20.910",80910,,,,,,,"+0.620",620,"+0.040",40,
258,1975,8,7,7,"7","23","tony-brise","hill","ford","goodyear","1:20.940",80940,,,,,,,"+0.650",650,"+0.030",30,
258,1975,8,8,8,"8","2","jochen-mass","mclaren","ford","goodyear","1:21.010",81010,,,,,,,"+0.720",720,"+0.070",70,
258,1975,8,9,9,"9","8","carlos-pace","brabham","ford","goodyear","1:21.060",81060,,,,,,,"+0.770",770,"+0.050",50,
258,1975,8,10,10,"10","17","jean-pierre-jarier","shadow","ford","goodyear","1:21.100",81100,,,,,,,"+0.810",810,"+0.040",40,
258,1975,8,11,11,"11","9","vittorio-brambilla","march","ford","goodyear","1:21.140",81140,,,,,,,"+0.850",850,"+0.040",40,
258,1975,8,12,12,"12","16","tom-pryce","shadow","ford","goodyear","1:21.160",81160,,,,,,,"+0.870",870,"+0.020",20,
258,1975,8,13,13,"13","4","patrick-depailler","tyrrell","ford","goodyear","1:21.200",81200,,,,,,,"+0.910",910,"+0.040",40,
258,1975,8,14,14,"14","18","john-watson","surtees","ford","goodyear","1:21.230",81230,,,,,,,"+0.940",940,"+0.030",30,
258,1975,8,15,15,"15","21","jacques-laffite","frank-williams-racing-cars","ford","goodyear","1:21.320",81320,,,,,,,"+1.030",1030,"+0.090",90,
258,1975,8,16,16,"16","5","ronnie-peterson","lotus","ford","goodyear","1:21.460",81460,,,,,,,"+1.170",1170,"+0.140",140,
258,1975,8,17,17,"17","22","alan-jones","hill","ford","goodyear","1:22.010",82010,,,,,,,"+1.720",1720,"+0.550",550,
258,1975,8,18,18,"18","28","mark-donohue","penske","ford","goodyear","1:22.330",82330,,,,,,,"+2.040",2040,"+0.320",320,
258,1975,8,19,19,"19","20","ian-scheckter","frank-williams-racing-cars","ford","goodyear","1:22.820",82820,,,,,,,"+2.530",2530,"+0.490",490,
258,1975,8,20,20,"20","14","bob-evans","brm","brm","goodyear","1:22.970",82970,,,,,,,"+2.680",2680,"+0.150",150,
258,1975,8,21,21,"21","6","jacky-ickx","lotus","ford","goodyear","1:23.200",83200,,,,,,,"+2.910",2910,"+0.230",230,
258,1975,8,22,22,"22","31","gijs-van-lennep","ensign","ford","goodyear","1:23.300",83300,,,,,,,"+3.010",3010,"+0.100",100,
258,1975,8,23,23,"23","10","lella-lombardi","march","ford","goodyear","1:23.990",83990,,,,,,,"+3.700",3700,"+0.690",690,
258,1975,8,24,24,"24","30","wilson-fittipaldi","fittipaldi","ford","goodyear","1:24.150",84150,,,,,,,"+3.860",3860,"+0.160",160,
258,1975,8,25,25,"25","35","hiroshi-fushida","maki","ford","goodyear","1:33.370",93370,,,,,,,"+13.080",13080,"+9.220",9220,
259,1975,9,1,1,"1","12","niki-lauda","ferrari","ferrari","goodyear","1:47.820",107820,,,,,,,,,,,
259,1975,9,2,2,"2","3","jody-scheckter","tyrrell","ford","goodyear","1:48.220",108220,,,,,,,"+0.400",400,"+0.400",400,
259,1975,9,3,3,"3","24","james-hunt","hesketh","ford","goodyear","1:48.250",108250,,,,,,,"+0.430",430,"+0.030",30,
259,1975,9,4,4,"4","17","jean-pierre-jarier","shadow","ford","goodyear","1:48.440",108440,,,,,,,"+0.620",620,"+0.190",190,
259,1975,9,5,5,"5","8","carlos-pace","brabham","ford","goodyear","1:48.480",108480,,,,,,,"+0.660",660,"+0.040",40,
259,1975,9,6,6,"6","16","tom-pryce","shadow","ford","goodyear","1:48.480",108480,,,,,,,"+0.660",660,"+0.000",0,
259,1975,9,7,7,"7","2","jochen-mass","mclaren","ford","goodyear","1:48.540",108540,,,,,,,"+0.720",720,"+0.060",60,
259,1975,9,8,8,"8","9","vittorio-brambilla","march","ford","goodyear","1:48.560",108560,,,,,,,"+0.740",740,"+0.020",20,
259,1975,9,9,9,"9","11","clay-regazzoni","ferrari","ferrari","goodyear","1:48.680",108680,,,,,,,"+0.860",860,"+0.120",120,
259,1975,9,10,10,"10","1","emerson-fittipaldi","mclaren","ford","goodyear","1:48.750",108750,,,,,,,"+0.930",930,"+0.070",70,
259,1975,9,11,11,"11","7","carlos-reutemann","brabham","ford","goodyear","1:48.850",108850,,,,,,,"+1.030",1030,"+0.100",100,
259,1975,9,12,12,"12","23","tony-brise","hill","ford","goodyear","1:49.210",109210,,,,,,,"+1.390",1390,"+0.360",360,
259,1975,9,13,13,"13","4","patrick-depailler","tyrrell","ford","goodyear","1:49.310",109310,,,,,,,"+1.490",1490,"+0.100",100,
259,1975,9,14,14,"14","18","john-watson","surtees","ford","goodyear","1:49.700",109700,,,,,,,"+1.880",1880,"+0.390",390,
259,1975,9,15,15,"15","27","mario-andretti","parnelli","ford","goodyear","1:49.720",109720,,,,,,,"+1.900",1900,"+0.020",20,
259,1975,9,16,16,"16","21","jacques-laffite","frank-williams-racing-cars","ford","goodyear","1:49.720",109720,,,,,,,"+1.900",1900,"+0.000",0,
259,1975,9,17,17,"17","5","ronnie-peterson","lotus","ford","goodyear","1:50.040",110040,,,,,,,"+2.220",2220,"+0.320",320,
259,1975,9,18,18,"18","28","mark-donohue","penske","ford","goodyear","1:50.150",110150,,,,,,,"+2.330",2330,"+0.110",110,
259,1975,9,19,19,"19","6","jacky-ickx","lotus","ford","goodyear","1:50.940",110940,,,,,,,"+3.120",3120,"+0.790",790,
259,1975,9,20,20,"20","22","alan-jones","hill","ford","goodyear","1:51.020",111020,,,,,,,"+3.200",3200,"+0.080",80,
259,1975,9,21,21,"21","15","jean-pierre-jabouille","tyrrell","ford","goodyear","1:51.060",111060,,,,,,,"+3.240",3240,"+0.040",40,
259,1975,9,22,22,"22","31","gijs-van-lennep","ensign","ford","goodyear","1:51.210",111210,,,,,,,"+3.390",3390,"+0.150",150,
259,1975,9,23,23,"23","30","wilson-fittipaldi","fittipaldi","ford","goodyear","1:51.640",111640,,,,,,,"+3.820",3820,"+0.430",430,
259,1975,9,24,24,"24","20","francois-migault","frank-williams-racing-cars","ford","goodyear","1:51.820",111820,,,,,,,"+4.000",4000,"+0.180",180,
259,1975,9,25,25,"25","14","bob-evans","brm","brm","goodyear","1:51.850",111850,,,,,,,"+4.030",4030,"+0.030",30,
259,1975,9,26,26,"26","10","lella-lombardi","march","ford","goodyear","1:52.970",112970,,,,,,,"+5.150",5150,"+1.120",1120,
260,1975,10,1,1,"1","16","tom-pryce","shadow","ford","goodyear","1:19.360",79360,,,,,,,,,,,
260,1975,10,2,2,"2","8","carlos-pace","brabham","ford","goodyear","1:19.500",79500,,,,,,,"+0.140",140,"+0.140",140,
260,1975,10,3,3,"3","12","niki-lauda","ferrari","ferrari","goodyear","1:19.540",79540,,,,,,,"+0.180",180,"+0.040",40,
260,1975,10,4,4,"4","11","clay-regazzoni","ferrari","ferrari","goodyear","1:19.550",79550,,,,,,,"+0.190",190,"+0.010",10,
260,1975,10,5,5,"5","9","vittorio-brambilla","march","ford","goodyear","1:19.630",79630,,,,,,,"+0.270",270,"+0.080",80,
260,1975,10,6,6,"6","3","jody-scheckter","tyrrell","ford","goodyear","1:19.810",79810,,,,,,,"+0.450",450,"+0.180",180,
260,1975,10,7,7,"7","1","emerson-fittipaldi","mclaren","ford","goodyear","1:19.910",79910,,,,,,,"+0.550",550,"+0.100",100,
260,1975,10,8,8,"8","7","carlos-reutemann","brabham","ford","goodyear","1:20.040",80040,,,,,,,"+0.680",680,"+0.130",130,
260,1975,10,9,9,"9","24","james-hunt","hesketh","ford","goodyear","1:20.140",80140,,,,,,,"+0.780",780,"+0.100",100,
260,1975,10,10,10,"10","2","jochen-mass","mclaren","ford","goodyear","1:20.180",80180,,,,,,,"+0.820",820,"+0.040",40,
260,1975,10,11,11,"11","17","jean-pierre-jarier","shadow","ford","goodyear","1:20.330",80330,,,,,,,"+0.970",970,"+0.150",150,
260,1975,10,12,12,"12","27","mario-andretti","parnelli","ford","goodyear","1:20.360",80360,,,,,,,"+1.000",1000,"+0.030",30,
260,1975,10,13,13,"13","23","tony-brise","hill","ford","goodyear","1:20.410",80410,,,,,,,"+1.050",1050,"+0.050",50,
260,1975,10,14,14,"14","10","hans-joachim-stuck","march","ford","goodyear","1:20.460",80460,,,,,,,"+1.100",1100,"+0.050",50,
260,1975,10,15,15,"15","28","mark-donohue","march","ford","goodyear","1:20.500",80500,,,,,,,"+1.140",1140,"+0.040",40,
260,1975,10,16,16,"16","5","ronnie-peterson","lotus","ford","goodyear","1:20.580",80580,,,,,,,"+1.220",1220,"+0.080",80,
260,1975,10,17,17,"17","4","patrick-depailler","tyrrell","ford","goodyear","1:20.600",80600,,,,,,,"+1.240",1240,"+0.020",20,
260,1975,10,18,18,"18","18","john-watson","surtees","ford","goodyear","1:20.830",80830,,,,,,,"+1.470",1470,"+0.230",230,
260,1975,10,19,19,"19","21","jacques-laffite","frank-williams-racing-cars","ford","goodyear","1:21.010",81010,,,,,,,"+1.650",1650,"+0.180",180,
260,1975,10,20,20,"20","22","alan-jones","hill","ford","goodyear","1:21.190",81190,,,,,,,"+1.830",1830,"+0.180",180,
260,1975,10,21,21,"21","15","brian-henton","lotus","ford","goodyear","1:21.360",81360,,,,,,,"+2.000",2000,"+0.170",170,
260,1975,10,22,22,"22","29","lella-lombardi","march","ford","goodyear","1:21.600",81600,,,,,,,"+2.240",2240,"+0.240",240,
260,1975,10,23,23,"23","19","dave-morgan","surtees","ford","goodyear","1:21.650",81650,,,,,,,"+2.290",2290,"+0.050",50,
260,1975,10,24,24,"24","30","wilson-fittipaldi","fittipaldi","ford","goodyear","1:21.670",81670,,,,,,,"+2.310",2310,"+0.020",20,
260,1975,10,25,25,"25","6","jim-crawford","lotus","ford","goodyear","1:21.860",81860,,,,,,,"+2.500",2500,"+0.190",190,
260,1975,10,26,26,"26","32","john-nicholson","lyncar","ford","goodyear","1:22.860",82860,,,,,,,"+3.500",3500,"+1.000",1000,
260,1975,10,27,27,"27","31","roelof-wunderink","ensign","ford","goodyear","1:25.020",85020,,,,,,,"+5.660",5660,"+2.160",2160,
260,1975,10,28,28,"28","35","hiroshi-fushida","maki","ford","goodyear","1:26.610",86610,,,,,,,"+7.250",7250,"+1.590",1590,
261,1975,11,1,1,"1","12","niki-lauda","ferrari","ferrari","goodyear","6:58.600",418600,,,,,,,,,,,
261,1975,11,2,2,"2","8","carlos-pace","brabham","ford","goodyear","7:00.000",420000,,,,,,,"+1.400",1400,"+1.400",1400,
261,1975,11,3,3,"3","3","jody-scheckter","tyrrell","ford","goodyear","7:01.300",421300,,,,,,,"+2.700",2700,"+1.300",1300,
261,1975,11,4,4,"4","4","patrick-depailler","tyrrell","ford","goodyear","7:01.400",421400,,,,,,,"+2.800",2800,"+0.100",100,
261,1975,11,5,5,"5","11","clay-regazzoni","ferrari","ferrari","goodyear","7:01.600",421600,,,,,,,"+3.000",3000,"+0.200",200,
261,1975,11,6,6,"6","2","jochen-mass","mclaren","ford","goodyear","7:01.800",421800,,,,,,,"+3.200",3200,"+0.200",200,
261,1975,11,7,7,"7","10","hans-joachim-stuck","march","ford","goodyear","7:02.100",422100,,,,,,,"+3.500",3500,"+0.300",300,
261,1975,11,8,8,"8","1","emerson-fittipaldi","mclaren","ford","goodyear","7:02.700",422700,,,,,,,"+4.100",4100,"+0.600",600,
261,1975,11,9,9,"9","24","james-hunt","hesketh","ford","goodyear","7:02.700",422700,,,,,,,"+4.100",4100,"+0.000",0,
261,1975,11,10,10,"10","7","carlos-reutemann","brabham","ford","goodyear","7:04.000",424000,,,,,,,"+5.400",5400,"+1.300",1300,
261,1975,11,11,11,"11","9","vittorio-brambilla","march","ford","goodyear","7:06.000",426000,,,,,,,"+7.400",7400,"+2.000",2000,
261,1975,11,12,12,"12","17","jean-pierre-jarier","shadow","ford","goodyear","7:07.100",427100,,,,,,,"+8.500",8500,"+1.100",1100,
261,1975,11,13,13,"13","27","mario-andretti","parnelli","ford","goodyear","7:08.200",428200,,,,,,,"+9.600",9600,"+1.100",1100,
261,1975,11,14,14,"14","6","john-watson","lotus","ford","goodyear","7:09.400",429400,,,,,,,"+10.800",10800,"+1.200",1200,
261,1975,11,15,15,"15","21","jacques-laffite","frank-williams-racing-cars","ford","goodyear","7:10.000",430000,,,,,,,"+11.400",11400,"+0.600",600,
261,1975,11,16,16,"16","16","tom-pryce","shadow","ford","goodyear","7:10.100",430100,,,,,,,"+11.500",11500,"+0.100",100,
261,1975,11,17,17,"17","23","tony-brise","hill","ford","goodyear","7:10.900",430900,,,,,,,"+12.300",12300,"+0.800",800,
261,1975,11,18,18,"18","5","ronnie-peterson","lotus","ford","goodyear","7:11.600",431600,,,,,,,"+13.000",13000,"+0.700",700,
261,1975,11,19,19,"19","28","mark-donohue","march","ford","goodyear","7:11.800",431800,,,,,,,"+13.200",13200,"+0.200",200,
261,1975,11,20,20,"20","20","ian-ashley","frank-williams-racing-cars","ford","goodyear","7:15.900",435900,,,,,,,"+17.300",17300,"+4.100",4100,
261,1975,11,21,21,"21","22","alan-jones","hill","ford","goodyear","7:18.600",438600,,,,,,,"+20.000",20000,"+2.700",2700,
261,1975,11,22,22,"22","30","wilson-fittipaldi","fittipaldi","ford","goodyear","7:19.100",439100,,,,,,,"+20.500",20500,"+0.500",500,
261,1975,11,23,23,"23","25","harald-ertl","hesketh","ford","goodyear","7:19.500",439500,,,,,,,"+20.900",20900,"+0.400",400,
261,1975,11,24,24,"24","19","gijs-van-lennep","ensign","ford","goodyear","7:20.400",440400,,,,,,,"+21.800",21800,"+0.900",900,
261,1975,11,25,25,"25","29","lella-lombardi","march","ford","goodyear","7:36.400",456400,,,,,,,"+37.800",37800,"+16.000",16000,
261,1975,11,26,26,"26","35","tony-trimmer","maki","ford","goodyear","7:43.100",463100,,,,,,,"+44.500",44500,"+6.700",6700,
262,1975,12,1,1,"1","12","niki-lauda","ferrari","ferrari","goodyear","1:34.850",94850,,,,,,,,,,,
262,1975,12,2,2,"2","24","james-hunt","hesketh","ford","goodyear","1:34.970",94970,,,,,,,"+0.120",120,"+0.120",120,
262,1975,12,3,3,"3","1","emerson-fittipaldi","mclaren","ford","goodyear","1:35.210",95210,,,,,,,"+0.360",360,"+0.240",240,
262,1975,12,4,4,"4","10","hans-joachim-stuck","march","ford","goodyear","1:35.380",95380,,,,,,,"+0.530",530,"+0.170",170,
262,1975,12,5,5,"5","11","clay-regazzoni","ferrari","ferrari","goodyear","1:35.410",95410,,,,,,,"+0.560",560,"+0.030",30,
262,1975,12,6,6,"6","8","carlos-pace","brabham","ford","goodyear","1:35.710",95710,,,,,,,"+0.860",860,"+0.300",300,
262,1975,12,7,7,"7","4","patrick-depailler","tyrrell","ford","goodyear","1:35.780",95780,,,,,,,"+0.930",930,"+0.070",70,
262,1975,12,8,8,"8","9","vittorio-brambilla","march","ford","goodyear","1:35.800",95800,,,,,,,"+0.950",950,"+0.020",20,
262,1975,12,9,9,"9","2","jochen-mass","mclaren","ford","goodyear","1:36.120",96120,,,,,,,"+1.270",1270,"+0.320",320,
262,1975,12,10,10,"10","3","jody-scheckter","tyrrell","ford","goodyear","1:36.140",96140,,,,,,,"+1.290",1290,"+0.020",20,
262,1975,12,11,11,"11","7","carlos-reutemann","brabham","ford","goodyear","1:36.430",96430,,,,,,,"+1.580",1580,"+0.290",290,
262,1975,12,12,12,"12","21","jacques-laffite","frank-williams-racing-cars","ford","goodyear","1:37.600",97600,,,,,,,"+2.750",2750,"+1.170",1170,
262,1975,12,13,13,"13","5","ronnie-peterson","lotus","ford","goodyear","1:37.610",97610,,,,,,,"+2.760",2760,"+0.010",10,
262,1975,12,14,14,"14","17","jean-pierre-jarier","shadow","matra","goodyear","1:37.620",97620,,,,,,,"+2.770",2770,"+0.010",10,
262,1975,12,15,15,"15","16","tom-pryce","shadow","ford","goodyear","1:37.640",97640,,,,,,,"+2.790",2790,"+0.020",20,
262,1975,12,16,16,"16","23","tony-brise","hill","ford","goodyear","1:37.690",97690,,,,,,,"+2.840",2840,"+0.050",50,
262,1975,12,17,17,"17","25","brett-lunger","hesketh","ford","goodyear","1:37.870",97870,,,,,,,"+3.020",3020,"+0.180",180,
262,1975,12,18,18,"18","18","john-watson","surtees","ford","goodyear","1:37.960",97960,,,,,,,"+3.110",3110,"+0.090",90,
262,1975,12,19,19,"19","27","mario-andretti","parnelli","ford","goodyear","1:37.970",97970,,,,,,,"+3.120",3120,"+0.010",10,
262,1975,12,20,20,"20","30","wilson-fittipaldi","fittipaldi","ford","goodyear","1:38.140",98140,,,,,,,"+3.290",3290,"+0.170",170,
262,1975,12,21,21,"21","28","mark-donohue","march","ford","goodyear","1:38.190",98190,,,,,,,"+3.340",3340,"+0.050",50,
262,1975,12,22,22,"22","29","lella-lombardi","march","ford","goodyear","1:38.430",98430,,,,,,,"+3.580",3580,"+0.240",240,
262,1975,12,23,23,"23","6","brian-henton","lotus","ford","goodyear","1:38.720",98720,,,,,,,"+3.870",3870,"+0.290",290,
262,1975,12,24,24,"24","31","chris-amon","ensign","ford","goodyear","1:38.750",98750,,,,,,,"+3.900",3900,"+0.030",30,
262,1975,12,25,25,"25","14","bob-evans","brm","brm","goodyear","1:39.530",99530,,,,,,,"+4.680",4680,"+0.780",780,
262,1975,12,26,26,"26","22","rolf-stommelen","hill","ford","goodyear","1:39.560",99560,,,,,,,"+4.710",4710,"+0.030",30,
262,1975,12,27,27,"27","32","harald-ertl","hesketh","ford","goodyear","1:40.720",100720,,,,,,,"+5.870",5870,"+1.160",1160,
262,1975,12,28,28,"28","33","roelof-wunderink","ensign","ford","goodyear","1:42.580",102580,,,,,,,"+7.730",7730,"+1.860",1860,
262,1975,12,29,29,"29","20","jo-vonlanthen","frank-williams-racing-cars","ford","goodyear","1:42.800",102800,,,,,,,"+7.950",7950,"+0.220",220,
262,1975,12,30,30,"30","35","tony-trimmer","maki","ford","goodyear","1:44.880",104880,,,,,,,"+10.030",10030,"+2.080",2080,
263,1975,13,1,1,"1","12","niki-lauda","ferrari","ferrari","goodyear","1:32.240",92240,,,,,,,,,,,
263,1975,13,2,2,"2","11","clay-regazzoni","ferrari","ferrari","goodyear","1:32.750",92750,,,,,,,"+0.510",510,"+0.510",510,
263,1975,13,3,3,"3","1","emerson-fittipaldi","mclaren","ford","goodyear","1:33.080",93080,,,,,,,"+0.840",840,"+0.330",330,
263,1975,13,4,4,"4","3","jody-scheckter","tyrrell","ford","goodyear","1:33.270",93270,,,,,,,"+1.030",1030,"+0.190",190,
263,1975,13,5,5,"5","2","jochen-mass","mclaren","ford","goodyear","1:33.290",93290,,,,,,,"+1.050",1050,"+0.020",20,
263,1975,13,6,6,"6","23","tony-brise","hill","ford","goodyear","1:33.340",93340,,,,,,,"+1.100",1100,"+0.050",50,
263,1975,13,7,7,"7","7","carlos-reutemann","brabham","ford","goodyear","1:33.440",93440,,,,,,,"+1.200",1200,"+0.100",100,
263,1975,13,8,8,"8","24","james-hunt","hesketh","ford","goodyear","1:33.730",93730,,,,,,,"+1.490",1490,"+0.290",290,
263,1975,13,9,9,"9","9","vittorio-brambilla","march","ford","goodyear","1:33.900",93900,,,,,,,"+1.660",1660,"+0.170",170,
263,1975,13,10,10,"10","8","carlos-pace","brabham","ford","goodyear","1:34.170",94170,,,,,,,"+1.930",1930,"+0.270",270,
263,1975,13,11,11,"11","5","ronnie-peterson","lotus","ford","goodyear","1:34.220",94220,,,,,,,"+1.980",1980,"+0.050",50,
263,1975,13,12,12,"12","4","patrick-depailler","tyrrell","ford","goodyear","1:34.360",94360,,,,,,,"+2.120",2120,"+0.140",140,
263,1975,13,13,13,"13","17","jean-pierre-jarier","shadow","matra","goodyear","1:34.610",94610,,,,,,,"+2.370",2370,"+0.250",250,
263,1975,13,14,14,"14","16","tom-pryce","shadow","ford","goodyear","1:34.710",94710,,,,,,,"+2.470",2470,"+0.100",100,
263,1975,13,15,15,"15","27","mario-andretti","parnelli","ford","goodyear","1:34.720",94720,,,,,,,"+2.480",2480,"+0.010",10,
263,1975,13,16,16,"16","10","hans-joachim-stuck","march","ford","goodyear","1:35.290",95290,,,,,,,"+3.050",3050,"+0.570",570,
263,1975,13,17,17,"17","34","harald-ertl","hesketh","ford","goodyear","1:35.430",95430,,,,,,,"+3.190",3190,"+0.140",140,
263,1975,13,18,18,"18","21","jacques-laffite","frank-williams-racing-cars","ford","goodyear","1:35.480",95480,,,,,,,"+3.240",3240,"+0.050",50,
263,1975,13,19,19,"19","32","chris-amon","ensign","ford","goodyear","1:35.560",95560,,,,,,,"+3.320",3320,"+0.080",80,
263,1975,13,20,20,"20","14","bob-evans","brm","brm","goodyear","1:35.610",95610,,,,,,,"+3.370",3370,"+0.050",50,
263,1975,13,21,21,"21","25","brett-lunger","hesketh","ford","goodyear","1:36.110",96110,,,,,,,"+3.870",3870,"+0.500",500,
263,1975,13,22,22,"22","20","renzo-zorzi","frank-williams-racing-cars","ford","goodyear","1:36.190",96190,,,,,,,"+3.950",3950,"+0.080",80,
263,1975,13,23,23,"23","22","rolf-stommelen","hill","ford","goodyear","1:36.440",96440,,,,,,,"+4.200",4200,"+0.250",250,
263,1975,13,24,24,"24","29","lella-lombardi","march","ford","goodyear","1:37.060",97060,,,,,,,"+4.820",4820,"+0.620",620,
263,1975,13,25,25,"25","6","jim-crawford","lotus","ford","goodyear","1:37.140",97140,,,,,,,"+4.900",4900,"+0.080",80,
263,1975,13,26,26,"26","30","arturo-merzario","fittipaldi","ford","goodyear","1:37.330",97330,,,,,,,"+5.090",5090,"+0.190",190,
263,1975,13,27,27,"27","31","roelof-wunderink","ensign","ford","goodyear","1:37.640",97640,,,,,,,"+5.400",5400,"+0.310",310,
263,1975,13,28,28,"28","35","tony-trimmer","maki","ford","goodyear","1:39.440",99440,,,,,,,"+7.200",7200,"+1.800",1800,
264,1975,14,1,1,"1","12","niki-lauda","ferrari","ferrari","goodyear","1:42.003",102003,,,,,,,,,,,
264,1975,14,2,2,"2","1","emerson-fittipaldi","mclaren","ford","goodyear","1:42.360",102360,,,,,,,"+0.357",357,"+0.357",357,
264,1975,14,3,3,"3","7","carlos-reutemann","brabham","ford","goodyear","1:42.685",102685,,,,,,,"+0.682",682,"+0.325",325,
264,1975,14,4,4,"4","17","jean-pierre-jarier","shadow","ford","goodyear","1:42.759",102759,,,,,,,"+0.756",756,"+0.074",74,
264,1975,14,5,5,"5","27","mario-andretti","parnelli","ford","goodyear","1:42.822",102822,,,,,,,"+0.819",819,"+0.063",63,
264,1975,14,6,6,"6","9","vittorio-brambilla","march","ford","goodyear","1:42.846",102846,,,,,,,"+0.843",843,"+0.024",24,
264,1975,14,7,7,"7","16","tom-pryce","shadow","ford","goodyear","1:42.960",102960,,,,,,,"+0.957",957,"+0.114",114,
264,1975,14,8,8,"8","4","patrick-depailler","tyrrell","ford","goodyear","1:43.032",103032,,,,,,,"+1.029",1029,"+0.072",72,
264,1975,14,9,9,"9","2","jochen-mass","mclaren","ford","goodyear","1:43.100",103100,,,,,,,"+1.097",1097,"+0.068",68,
264,1975,14,10,10,"10","3","jody-scheckter","tyrrell","ford","goodyear","1:43.127",103127,,,,,,,"+1.124",1124,"+0.027",27,
264,1975,14,11,11,"11","11","clay-regazzoni","ferrari","ferrari","goodyear","1:43.246",103246,,,,,,,"+1.243",1243,"+0.119",119,
264,1975,14,12,12,"12","28","john-watson","penske","ford","goodyear","1:43.310",103310,,,,,,,"+1.307",1307,"+0.064",64,
264,1975,14,13,13,"13","10","hans-joachim-stuck","march","ford","goodyear","1:43.417",103417,,,,,,,"+1.414",1414,"+0.107",107,
264,1975,14,14,14,"14","5","ronnie-peterson","lotus","ford","goodyear","1:43.570",103570,,,,,,,"+1.567",1567,"+0.153",153,
264,1975,14,15,15,"15","24","james-hunt","hesketh","ford","goodyear","1:43.820",103820,,,,,,,"+1.817",1817,"+0.250",250,
264,1975,14,16,16,"16","8","carlos-pace","brabham","ford","goodyear","1:44.054",104054,,,,,,,"+2.051",2051,"+0.234",234,
264,1975,14,17,17,"17","23","tony-brise","hill","ford","goodyear","1:44.064",104064,,,,,,,"+2.061",2061,"+0.010",10,
264,1975,14,18,18,"18","25","brett-lunger","hesketh","ford","goodyear","1:45.236",105236,,,,,,,"+3.233",3233,"+1.172",1172,
264,1975,14,19,19,"19","6","brian-henton","lotus","ford","goodyear","1:45.244",105244,,,,,,,"+3.241",3241,"+0.008",8,
264,1975,14,20,20,"20","15","michel-leclere","tyrrell","ford","goodyear","1:46.023",106023,,,,,,,"+4.020",4020,"+0.779",779,
264,1975,14,21,21,"21","21","jacques-laffite","frank-williams-racing-cars","ford","goodyear","1:46.032",106032,,,,,,,"+4.029",4029,"+0.009",9,
264,1975,14,22,22,"22","31","roelof-wunderink","ensign","ford","goodyear","1:47.224",107224,,,,,,,"+5.221",5221,"+1.192",1192,
264,1975,14,23,23,"23","30","wilson-fittipaldi","fittipaldi","ford","goodyear","1:48.226",108226,,,,,,,"+6.223",6223,"+1.002",1002,
264,1975,14,24,24,"24","20","lella-lombardi","frank-williams-racing-cars","ford","goodyear","1:49.734",109734,,,,,,,"+7.731",7731,"+1.508",1508,
265,1976,1,1,1,"1","11","james-hunt","mclaren","ford","goodyear","2:32.500",152500,,,,,,,,,,,
265,1976,1,2,2,"2","1","niki-lauda","ferrari","ferrari","goodyear","2:32.520",152520,,,,,,,"+0.020",20,"+0.020",20,
265,1976,1,3,3,"3","17","jean-pierre-jarier","shadow","ford","goodyear","2:32.660",152660,,,,,,,"+0.160",160,"+0.140",140,
265,1976,1,4,4,"4","2","clay-regazzoni","ferrari","ferrari","goodyear","2:33.170",153170,,,,,,,"+0.670",670,"+0.510",510,
265,1976,1,5,5,"5","30","emerson-fittipaldi","fittipaldi","ford","goodyear","2:33.330",153330,,,,,,,"+0.830",830,"+0.160",160,
265,1976,1,6,6,"6","12","jochen-mass","mclaren","ford","goodyear","2:33.590",153590,,,,,,,"+1.090",1090,"+0.260",260,
265,1976,1,7,7,"7","9","vittorio-brambilla","march","ford","goodyear","2:33.630",153630,,,,,,,"+1.130",1130,"+0.040",40,
265,1976,1,8,8,"8","28","john-watson","penske","ford","goodyear","2:33.870",153870,,,,,,,"+1.370",1370,"+0.240",240,
265,1976,1,9,9,"9","4","patrick-depailler","tyrrell","ford","goodyear","2:34.490",154490,,,,,,,"+1.990",1990,"+0.620",620,
265,1976,1,10,10,"10","8","carlos-pace","brabham","alfa-romeo","goodyear","2:34.540",154540,,,,,,,"+2.040",2040,"+0.050",50,
265,1976,1,11,11,"11","26","jacques-laffite","ligier","matra","goodyear","2:34.670",154670,,,,,,,"+2.170",2170,"+0.130",130,
265,1976,1,12,12,"12","16","tom-pryce","shadow","ford","goodyear","2:34.840",154840,,,,,,,"+2.340",2340,"+0.170",170,
265,1976,1,13,13,"13","3","jody-scheckter","tyrrell","ford","goodyear","2:35.020",155020,,,,,,,"+2.520",2520,"+0.180",180,
265,1976,1,14,14,"14","34","hans-joachim-stuck","march","ford","goodyear","2:35.380",155380,,,,,,,"+2.880",2880,"+0.360",360,
265,1976,1,15,15,"15","7","carlos-reutemann","brabham","alfa-romeo","goodyear","2:35.970",155970,,,,,,,"+3.470",3470,"+0.590",590,
265,1976,1,16,16,"16","6","mario-andretti","lotus","ford","goodyear","2:36.010",156010,,,,,,,"+3.510",3510,"+0.040",40,
265,1976,1,17,17,"17","21","renzo-zorzi","wolf-williams","ford","goodyear","2:37.070",157070,,,,,,,"+4.570",4570,"+1.060",1060,
265,1976,1,18,18,"18","5","ronnie-peterson","lotus","ford","goodyear","2:37.190",157190,,,,,,,"+4.690",4690,"+0.120",120,
265,1976,1,19,19,"19","20","jacky-ickx","wolf-williams","ford","goodyear","2:37.620",157620,,,,,,,"+5.120",5120,"+0.430",430,
265,1976,1,20,20,"20","31","ingo-hoffmann","fittipaldi","ford","goodyear","2:40.250",160250,,,,,,,"+7.750",7750,"+2.630",2630,
265,1976,1,21,21,"21","14","ian-ashley","brm","brm","goodyear","2:40.940",160940,,,,,,,"+8.440",8440,"+0.690",690,
265,1976,1,22,22,"22","10","lella-lombardi","march","ford","goodyear","2:40.950",160950,,,,,,,"+8.450",8450,"+0.010",10,
266,1976,2,1,1,"1","11","james-hunt","mclaren","ford","goodyear","1:16.100",76100,,,,,,,,,,,
266,1976,2,2,2,"2","1","niki-lauda","ferrari","ferrari","goodyear","1:16.200",76200,,,,,,,"+0.100",100,"+0.100",100,
266,1976,2,3,3,"3","28","john-watson","penske","ford","goodyear","1:16.430",76430,,,,,,,"+0.330",330,"+0.230",230,
266,1976,2,4,4,"4","12","jochen-mass","mclaren","ford","goodyear","1:16.450",76450,,,,,,,"+0.350",350,"+0.020",20,
266,1976,2,5,5,"5","9","vittorio-brambilla","march","ford","goodyear","1:16.640",76640,,,,,,,"+0.540",540,"+0.190",190,
266,1976,2,6,6,"6","4","patrick-depailler","tyrrell","ford","goodyear","1:16.770",76770,,,,,,,"+0.670",670,"+0.130",130,
266,1976,2,7,7,"7","16","tom-pryce","shadow","ford","goodyear","1:16.840",76840,,,,,,,"+0.740",740,"+0.070",70,
266,1976,2,8,8,"8","26","jacques-laffite","ligier","matra","goodyear","1:16.880",76880,,,,,,,"+0.780",780,"+0.040",40,
266,1976,2,9,9,"9","2","clay-regazzoni","ferrari","ferrari","goodyear","1:16.940",76940,,,,,,,"+0.840",840,"+0.060",60,
266,1976,2,10,10,"10","10","ronnie-peterson","march","ford","goodyear","1:17.030",77030,,,,,,,"+0.930",930,"+0.090",90,
266,1976,2,11,11,"11","7","carlos-reutemann","brabham","alfa-romeo","goodyear","1:17.090",77090,,,,,,,"+0.990",990,"+0.060",60,
266,1976,2,12,12,"12","3","jody-scheckter","tyrrell","ford","goodyear","1:17.180",77180,,,,,,,"+1.080",1080,"+0.090",90,
266,1976,2,13,13,"13","27","mario-andretti","parnelli","ford","goodyear","1:17.250",77250,,,,,,,"+1.150",1150,"+0.070",70,
266,1976,2,14,14,"14","8","carlos-pace","brabham","alfa-romeo","goodyear","1:17.260",77260,,,,,,,"+1.160",1160,"+0.010",10,
266,1976,2,15,15,"15","17","jean-pierre-jarier","shadow","ford","goodyear","1:17.350",77350,,,,,,,"+1.250",1250,"+0.090",90,
266,1976,2,16,16,"16","15","ian-scheckter","tyrrell","ford","goodyear","1:17.400",77400,,,,,,,"+1.300",1300,"+0.050",50,
266,1976,2,17,17,"17","34","hans-joachim-stuck","march","ford","goodyear","1:17.440",77440,,,,,,,"+1.340",1340,"+0.040",40,
266,1976,2,18,18,"18","22","chris-amon","ensign","ford","goodyear","1:17.730",77730,,,,,,,"+1.630",1630,"+0.290",290,
266,1976,2,19,19,"19","20","jacky-ickx","wolf-williams","ford","goodyear","1:18.130",78130,,,,,,,"+2.030",2030,"+0.400",400,
266,1976,2,20,20,"20","18","brett-lunger","surtees","ford","goodyear","1:18.360",78360,,,,,,,"+2.260",2260,"+0.230",230,
266,1976,2,21,21,"21","30","emerson-fittipaldi","fittipaldi","ford","goodyear","1:18.400",78400,,,,,,,"+2.300",2300,"+0.040",40,
266,1976,2,22,22,"22","21","michel-leclere","wolf-williams","ford","goodyear","1:18.820",78820,,,,,,,"+2.720",2720,"+0.420",420,
266,1976,2,23,23,"23","5","bob-evans","lotus","ford","goodyear","1:19.350",79350,,,,,,,"+3.250",3250,"+0.530",530,
266,1976,2,24,24,"24","24","harald-ertl","hesketh","ford","goodyear","1:22.110",82110,,,,,,,"+6.010",6010,"+2.760",2760,
266,1976,2,25,25,"25","6","gunnar-nilsson","lotus","ford","goodyear","1:22.700",82700,,,,,,,"+6.600",6600,"+0.590",590,
267,1976,3,1,1,"1","2","clay-regazzoni","ferrari","ferrari","goodyear","1:23.099",83099,,,,,,,,,,,
267,1976,3,2,2,"2","4","patrick-depailler","tyrrell","ford","goodyear","1:23.292",83292,,,,,,,"+0.193",193,"+0.193",193,
267,1976,3,3,3,"3","11","james-hunt","mclaren","ford","goodyear","1:23.420",83420,,,,,,,"+0.321",321,"+0.128",128,
267,1976,3,4,4,"4","1","niki-lauda","ferrari","ferrari","goodyear","1:23.647",83647,,,,,,,"+0.548",548,"+0.227",227,
267,1976,3,5,5,"5","16","tom-pryce","shadow","ford","goodyear","1:23.677",83677,,,,,,,"+0.578",578,"+0.030",30,
267,1976,3,6,6,"6","10","ronnie-peterson","march","ford","goodyear","1:24.157",84157,,,,,,,"+1.058",1058,"+0.480",480,
267,1976,3,7,7,"7","17","jean-pierre-jarier","shadow","ford","goodyear","1:24.163",84163,,,,,,,"+1.064",1064,"+0.006",6,
267,1976,3,8,8,"8","9","vittorio-brambilla","march","ford","goodyear","1:24.168",84168,,,,,,,"+1.069",1069,"+0.005",5,
267,1976,3,9,9,"9","28","john-watson","penske","ford","goodyear","1:24.170",84170,,,,,,,"+1.071",1071,"+0.002",2,
267,1976,3,10,10,"10","7","carlos-reutemann","brabham","alfa-romeo","goodyear","1:24.265",84265,,,,,,,"+1.166",1166,"+0.095",95,
267,1976,3,11,11,"11","3","jody-scheckter","tyrrell","ford","goodyear","1:24.344",84344,,,,,,,"+1.245",1245,"+0.079",79,
267,1976,3,12,12,"12","26","jacques-laffite","ligier","matra","goodyear","1:24.442",84442,,,,,,,"+1.343",1343,"+0.098",98,
267,1976,3,13,13,"13","8","carlos-pace","brabham","alfa-romeo","goodyear","1:24.472",84472,,,,,,,"+1.373",1373,"+0.030",30,
267,1976,3,14,14,"14","12","jochen-mass","mclaren","ford","goodyear","1:24.541",84541,,,,,,,"+1.442",1442,"+0.069",69,
267,1976,3,15,15,"15","27","mario-andretti","parnelli","ford","goodyear","1:24.566",84566,,,,,,,"+1.467",1467,"+0.025",25,
267,1976,3,16,16,"16","30","emerson-fittipaldi","fittipaldi","ford","goodyear","1:24.779",84779,,,,,,,"+1.680",1680,"+0.213",213,
267,1976,3,17,17,"17","22","chris-amon","ensign","ford","goodyear","1:24.803",84803,,,,,,,"+1.704",1704,"+0.024",24,
267,1976,3,18,18,"18","34","hans-joachim-stuck","march","ford","goodyear","1:25.122",85122,,,,,,,"+2.023",2023,"+0.319",319,
267,1976,3,19,19,"19","19","alan-jones","surtees","ford","goodyear","1:25.214",85214,,,,,,,"+2.115",2115,"+0.092",92,
267,1976,3,20,20,"20","6","gunnar-nilsson","lotus","ford","goodyear","1:25.277",85277,,,,,,,"+2.178",2178,"+0.063",63,
267,1976,3,21,21,"21","21","michel-leclere","wolf-williams","ford","goodyear","1:25.436",85436,,,,,,,"+2.337",2337,"+0.159",159,
267,1976,3,22,22,"22","31","ingo-hoffmann","fittipaldi","ford","goodyear","1:25.557",85557,,,,,,,"+2.458",2458,"+0.121",121,
267,1976,3,23,23,"23","35","arturo-merzario","march","ford","goodyear","1:25.737",85737,,,,,,,"+2.638",2638,"+0.180",180,
267,1976,3,24,24,"24","5","bob-evans","lotus","ford","goodyear","1:25.890",85890,,,,,,,"+2.791",2791,"+0.153",153,
267,1976,3,25,25,"25","20","jacky-ickx","wolf-williams","ford","goodyear","1:26.528",86528,,,,,,,"+3.429",3429,"+0.638",638,
267,1976,3,26,26,"26","24","harald-ertl","hesketh","ford","goodyear","1:26.824",86824,,,,,,,"+3.725",3725,"+0.296",296,
267,1976,3,27,27,"27","18","brett-lunger","surtees","ford","goodyear","1:26.828",86828,,,,,,,"+3.729",3729,"+0.004",4,
268,1976,4,1,1,"1","11","james-hunt","mclaren","ford","goodyear","1:18.520",78520,,,,,,,,,,,
268,1976,4,2,2,"2","1","niki-lauda","ferrari","ferrari","goodyear","1:18.840",78840,,,,,,,"+0.320",320,"+0.320",320,
268,1976,4,3,3,"3","4","patrick-depailler","tyrrell","ford","goodyear","1:19.110",79110,,,,,,,"+0.590",590,"+0.270",270,
268,1976,4,4,4,"4","12","jochen-mass","mclaren","ford","goodyear","1:19.140",79140,,,,,,,"+0.620",620,"+0.030",30,
268,1976,4,5,5,"5","2","clay-regazzoni","ferrari","ferrari","goodyear","1:19.150",79150,,,,,,,"+0.630",630,"+0.010",10,
268,1976,4,6,6,"6","9","vittorio-brambilla","march","ford","goodyear","1:19.270",79270,,,,,,,"+0.750",750,"+0.120",120,
268,1976,4,7,7,"7","6","gunnar-nilsson","lotus","ford","goodyear","1:19.350",79350,,,,,,,"+0.830",830,"+0.080",80,
268,1976,4,8,8,"8","26","jacques-laffite","ligier","matra","goodyear","1:19.390",79390,,,,,,,"+0.870",870,"+0.040",40,
268,1976,4,9,9,"9","5","mario-andretti","lotus","ford","goodyear","1:19.590",79590,,,,,,,"+1.070",1070,"+0.200",200,
268,1976,4,10,10,"10","22","chris-amon","ensign","ford","goodyear","1:19.830",79830,,,,,,,"+1.310",1310,"+0.240",240,
268,1976,4,11,11,"11","8","carlos-pace","brabham","alfa-romeo","goodyear","1:19.930",79930,,,,,,,"+1.410",1410,"+0.100",100,
268,1976,4,12,12,"12","7","carlos-reutemann","brabham","alfa-romeo","goodyear","1:20.120",80120,,,,,,,"+1.600",1600,"+0.190",190,
268,1976,4,13,13,"13","28","john-watson","penske","ford","goodyear","1:20.170",80170,,,,,,,"+1.650",1650,"+0.050",50,
268,1976,4,14,14,"14","3","jody-scheckter","tyrrell","ford","goodyear","1:20.190",80190,,,,,,,"+1.670",1670,"+0.020",20,
268,1976,4,15,15,"15","17","jean-pierre-jarier","shadow","ford","goodyear","1:20.210",80210,,,,,,,"+1.690",1690,"+0.020",20,
268,1976,4,16,16,"16","10","ronnie-peterson","march","ford","goodyear","1:20.340",80340,,,,,,,"+1.820",1820,"+0.130",130,
268,1976,4,17,17,"17","34","hans-joachim-stuck","march","ford","goodyear","1:20.400",80400,,,,,,,"+1.880",1880,"+0.060",60,
268,1976,4,18,18,"18","35","arturo-merzario","march","ford","goodyear","1:20.630",80630,,,,,,,"+2.110",2110,"+0.230",230,
268,1976,4,19,19,"19","30","emerson-fittipaldi","fittipaldi","ford","goodyear","1:20.710",80710,,,,,,,"+2.190",2190,"+0.080",80,
268,1976,4,20,20,"20","19","alan-jones","surtees","ford","goodyear","1:20.870",80870,,,,,,,"+2.350",2350,"+0.160",160,
268,1976,4,21,21,"21","20","jacky-ickx","wolf-williams","ford","goodyear","1:21.130",81130,,,,,,,"+2.610",2610,"+0.260",260,
268,1976,4,22,22,"22","16","tom-pryce","shadow","ford","goodyear","1:21.190",81190,,,,,,,"+2.670",2670,"+0.060",60,
268,1976,4,23,23,"23","21","michel-leclere","wolf-williams","ford","goodyear","1:21.290",81290,,,,,,,"+2.770",2770,"+0.100",100,
268,1976,4,24,24,"24","37","larry-perkins","boro","ford","goodyear","1:21.520",81520,,,,,,,"+3.000",3000,"+0.230",230,
268,1976,4,25,25,"25","18","brett-lunger","surtees","ford","goodyear","1:21.960",81960,,,,,,,"+3.440",3440,"+0.440",440,
268,1976,4,26,26,"26","32","loris-kessel","brabham","ford","goodyear","1:22.050",82050,,,,,,,"+3.530",3530,"+0.090",90,
268,1976,4,27,27,"27","25","emilio-zapico","wolf-williams","ford","goodyear","1:22.220",82220,,,,,,,"+3.700",3700,"+0.170",170,
268,1976,4,28,28,"28","33","emilio-de-villota","brabham","ford","goodyear","1:22.890",82890,,,,,,,"+4.370",4370,"+0.670",670,
268,1976,4,29,29,"29","24","harald-ertl","hesketh","ford","goodyear","1:22.920",82920,,,,,,,"+4.400",4400,"+0.030",30,
268,1976,4,30,30,"30","31","ingo-hoffmann","fittipaldi","ford","goodyear","1:53.120",113120,,,,,,,"+34.600",34600,"+30.200",30200,
269,1976,5,1,1,"1","1","niki-lauda","ferrari","ferrari","goodyear","1:26.550",86550,,,,,,,,,,,
269,1976,5,2,2,"2","2","clay-regazzoni","ferrari","ferrari","goodyear","1:26.600",86600,,,,,,,"+0.050",50,"+0.050",50,
269,1976,5,3,3,"3","11","james-hunt","mclaren","ford","goodyear","1:26.740",86740,,,,,,,"+0.190",190,"+0.140",140,
269,1976,5,4,4,"4","4","patrick-depailler","tyrrell","ford","goodyear","1:26.910",86910,,,,,,,"+0.360",360,"+0.170",170,
269,1976,5,5,5,"5","9","vittorio-brambilla","march","ford","goodyear","1:26.930",86930,,,,,,,"+0.380",380,"+0.020",20,
269,1976,5,6,6,"6","26","jacques-laffite","ligier","matra","goodyear","1:27.140",87140,,,,,,,"+0.590",590,"+0.210",210,
269,1976,5,7,7,"7","3","jody-scheckter","tyrrell","ford","goodyear","1:27.190",87190,,,,,,,"+0.640",640,"+0.050",50,
269,1976,5,8,8,"8","22","chris-amon","ensign","ford","goodyear","1:27.540",87540,,,,,,,"+0.990",990,"+0.350",350,
269,1976,5,9,9,"9","8","carlos-pace","brabham","alfa-romeo","goodyear","1:27.660",87660,,,,,,,"+1.110",1110,"+0.120",120,
269,1976,5,10,10,"10","10","ronnie-peterson","march","ford","goodyear","1:27.720",87720,,,,,,,"+1.170",1170,"+0.060",60,
269,1976,5,11,11,"11","5","mario-andretti","lotus","ford","goodyear","1:27.750",87750,,,,,,,"+1.200",1200,"+0.030",30,
269,1976,5,12,12,"12","7","carlos-reutemann","brabham","alfa-romeo","goodyear","1:28.300",88300,,,,,,,"+1.750",1750,"+0.550",550,
269,1976,5,13,13,"13","16","tom-pryce","shadow","ford","goodyear","1:28.370",88370,,,,,,,"+1.820",1820,"+0.070",70,
269,1976,5,14,14,"14","17","jean-pierre-jarier","shadow","ford","goodyear","1:28.380",88380,,,,,,,"+1.830",1830,"+0.010",10,
269,1976,5,15,15,"15","34","hans-joachim-stuck","march","ford","goodyear","1:28.410",88410,,,,,,,"+1.860",1860,"+0.030",30,
269,1976,5,16,16,"16","19","alan-jones","surtees","ford","goodyear","1:28.440",88440,,,,,,,"+1.890",1890,"+0.030",30,
269,1976,5,17,17,"17","28","john-watson","penske","ford","goodyear","1:28.440",88440,,,,,,,"+1.890",1890,"+0.000",0,
269,1976,5,18,18,"18","12","jochen-mass","mclaren","ford","goodyear","1:28.500",88500,,,,,,,"+1.950",1950,"+0.060",60,
269,1976,5,19,19,"19","33","patrick-neve","brabham","ford","goodyear","1:28.800",88800,,,,,,,"+2.250",2250,"+0.300",300,
269,1976,5,20,20,"20","37","larry-perkins","boro","ford","goodyear","1:28.810",88810,,,,,,,"+2.260",2260,"+0.010",10,
269,1976,5,21,21,"21","35","arturo-merzario","march","ford","goodyear","1:28.840",88840,,,,,,,"+2.290",2290,"+0.030",30,
269,1976,5,22,22,"22","6","gunnar-nilsson","lotus","ford","goodyear","1:28.990",88990,,,,,,,"+2.440",2440,"+0.150",150,
269,1976,5,23,23,"23","32","loris-kessel","brabham","ford","goodyear","1:29.090",89090,,,,,,,"+2.540",2540,"+0.100",100,
269,1976,5,24,24,"24","24","harald-ertl","hesketh","ford","goodyear","1:29.400",89400,,,,,,,"+2.850",2850,"+0.310",310,
269,1976,5,25,25,"25","21","michel-leclere","wolf-williams","ford","goodyear","1:29.460",89460,,,,,,,"+2.910",2910,"+0.060",60,
269,1976,5,26,26,"26","18","brett-lunger","surtees","ford","goodyear","1:29.760",89760,,,,,,,"+3.210",3210,"+0.300",300,
269,1976,5,27,27,"27","30","emerson-fittipaldi","fittipaldi","ford","goodyear","1:29.890",89890,,,,,,,"+3.340",3340,"+0.130",130,
269,1976,5,28,28,"28","20","jacky-ickx","wolf-williams","ford","goodyear","1:30.610",90610,,,,,,,"+4.060",4060,"+0.720",720,
269,1976,5,29,29,"29","25","guy-edwards","hesketh","ford","goodyear","1:30.770",90770,,,,,,,"+4.220",4220,"+0.160",160,
270,1976,6,1,1,"1","1","niki-lauda","ferrari","ferrari","goodyear","1:29.650",89650,,,,,,,,,,,
270,1976,6,2,2,"2","2","clay-regazzoni","ferrari","ferrari","goodyear","1:29.910",89910,,,,,,,"+0.260",260,"+0.260",260,
270,1976,6,3,3,"3","10","ronnie-peterson","march","ford","goodyear","1:30.080",90080,,,,,,,"+0.430",430,"+0.170",170,
270,1976,6,4,4,"4","4","patrick-depailler","tyrrell","ford","goodyear","1:30.330",90330,,,,,,,"+0.680",680,"+0.250",250,
270,1976,6,5,5,"5","3","jody-scheckter","tyrrell","ford","goodyear","1:30.550",90550,,,,,,,"+0.900",900,"+0.220",220,
270,1976,6,6,6,"6","34","hans-joachim-stuck","march","ford","goodyear","1:30.600",90600,,,,,,,"+0.950",950,"+0.050",50,
270,1976,6,7,7,"7","30","emerson-fittipaldi","fittipaldi","ford","goodyear","1:31.390",91390,,,,,,,"+1.740",1740,"+0.790",790,
270,1976,6,8,8,"8","26","jacques-laffite","ligier","matra","goodyear","1:31.460",91460,,,,,,,"+1.810",1810,"+0.070",70,
270,1976,6,9,9,"9","9","vittorio-brambilla","march","ford","goodyear","1:31.470",91470,,,,,,,"+1.820",1820,"+0.010",10,
270,1976,6,10,10,"10","17","jean-pierre-jarier","shadow","ford","goodyear","1:31.650",91650,,,,,,,"+2.000",2000,"+0.180",180,
270,1976,6,11,11,"11","12","jochen-mass","mclaren","ford","goodyear","1:31.670",91670,,,,,,,"+2.020",2020,"+0.020",20,
270,1976,6,12,12,"12","22","chris-amon","ensign","ford","goodyear","1:31.750",91750,,,,,,,"+2.100",2100,"+0.080",80,
270,1976,6,13,13,"13","8","carlos-pace","brabham","alfa-romeo","goodyear","1:31.810",91810,,,,,,,"+2.160",2160,"+0.060",60,
270,1976,6,14,14,"14","11","james-hunt","mclaren","ford","goodyear","1:31.880",91880,,,,,,,"+2.230",2230,"+0.070",70,
270,1976,6,15,15,"15","16","tom-pryce","shadow","ford","goodyear","1:31.980",91980,,,,,,,"+2.330",2330,"+0.100",100,
270,1976,6,16,16,"16","6","gunnar-nilsson","lotus","ford","goodyear","1:32.100",92100,,,,,,,"+2.450",2450,"+0.120",120,
270,1976,6,17,17,"17","28","john-watson","penske","ford","goodyear","1:32.140",92140,,,,,,,"+2.490",2490,"+0.040",40,
270,1976,6,18,18,"18","21","michel-leclere","wolf-williams","ford","goodyear","1:32.170",92170,,,,,,,"+2.520",2520,"+0.030",30,
270,1976,6,19,19,"19","19","alan-jones","surtees","ford","goodyear","1:32.330",92330,,,,,,,"+2.680",2680,"+0.160",160,
270,1976,6,20,20,"20","7","carlos-reutemann","brabham","alfa-romeo","goodyear","1:32.430",92430,,,,,,,"+2.780",2780,"+0.100",100,
270,1976,6,21,21,"21","20","jacky-ickx","wolf-williams","ford","goodyear","1:32.740",92740,,,,,,,"+3.090",3090,"+0.310",310,
270,1976,6,22,22,"22","38","henri-pescarolo","surtees","ford","goodyear","1:32.820",92820,,,,,,,"+3.170",3170,"+0.080",80,
270,1976,6,23,23,"23","37","larry-perkins","boro","ford","goodyear","1:33.730",93730,,,,,,,"+4.080",4080,"+0.910",910,
270,1976,6,24,24,"24","24","harald-ertl","hesketh","ford","goodyear","1:33.930",93930,,,,,,,"+4.280",4280,"+0.200",200,
270,1976,6,25,25,"25","35","arturo-merzario","march","ford","goodyear","1:35.170",95170,,,,,,,"+5.520",5520,"+1.240",1240,
271,1976,7,1,1,"1","3","jody-scheckter","tyrrell","ford","goodyear","1:25.659",85659,,,,,,,,,,,
271,1976,7,2,2,"2","5","mario-andretti","lotus","ford","goodyear","1:26.008",86008,,,,,,,"+0.349",349,"+0.349",349,
271,1976,7,3,3,"3","22","chris-amon","ensign","ford","goodyear","1:26.163",86163,,,,,,,"+0.504",504,"+0.155",155,
271,1976,7,4,4,"4","4","patrick-depailler","tyrrell","ford","goodyear","1:26.362",86362,,,,,,,"+0.703",703,"+0.199",199,
271,1976,7,5,5,"5","1","niki-lauda","ferrari","ferrari","goodyear","1:26.441",86441,,,,,,,"+0.782",782,"+0.079",79,
271,1976,7,6,6,"6","6","gunnar-nilsson","lotus","ford","goodyear","1:26.570",86570,,,,,,,"+0.911",911,"+0.129",129,
271,1976,7,7,7,"7","26","jacques-laffite","ligier","matra","goodyear","1:26.773",86773,,,,,,,"+1.114",1114,"+0.203",203,
271,1976,7,8,8,"8","11","james-hunt","mclaren","ford","goodyear","1:26.958",86958,,,,,,,"+1.299",1299,"+0.185",185,
271,1976,7,9,9,"9","10","ronnie-peterson","march","ford","goodyear","1:27.040",87040,,,,,,,"+1.381",1381,"+0.082",82,
271,1976,7,10,10,"10","8","carlos-pace","brabham","alfa-romeo","goodyear","1:27.133",87133,,,,,,,"+1.474",1474,"+0.093",93,
271,1976,7,11,11,"11","2","clay-regazzoni","ferrari","ferrari","goodyear","1:27.157",87157,,,,,,,"+1.498",1498,"+0.024",24,
271,1976,7,12,12,"12","16","tom-pryce","shadow","ford","goodyear","1:27.527",87527,,,,,,,"+1.868",1868,"+0.370",370,
271,1976,7,13,13,"13","12","jochen-mass","mclaren","ford","goodyear","1:27.568",87568,,,,,,,"+1.909",1909,"+0.041",41,
271,1976,7,14,14,"14","17","jean-pierre-jarier","shadow","ford","goodyear","1:27.618",87618,,,,,,,"+1.959",1959,"+0.050",50,
271,1976,7,15,15,"15","9","vittorio-brambilla","march","ford","goodyear","1:27.640",87640,,,,,,,"+1.981",1981,"+0.022",22,
271,1976,7,16,16,"16","7","carlos-reutemann","brabham","alfa-romeo","goodyear","1:27.762",87762,,,,,,,"+2.103",2103,"+0.122",122,
271,1976,7,17,17,"17","28","john-watson","penske","ford","goodyear","1:28.065",88065,,,,,,,"+2.406",2406,"+0.303",303,
271,1976,7,18,18,"18","19","alan-jones","surtees","ford","goodyear","1:28.207",88207,,,,,,,"+2.548",2548,"+0.142",142,
271,1976,7,19,19,"19","35","arturo-merzario","march","ford","goodyear","1:28.221",88221,,,,,,,"+2.562",2562,"+0.014",14,
271,1976,7,20,20,"20","34","hans-joachim-stuck","march","ford","goodyear","1:28.230",88230,,,,,,,"+2.571",2571,"+0.009",9,
271,1976,7,21,21,"21","30","emerson-fittipaldi","fittipaldi","ford","goodyear","1:28.670",88670,,,,,,,"+3.011",3011,"+0.440",440,
271,1976,7,22,22,"22","37","larry-perkins","boro","ford","goodyear","1:28.815",88815,,,,,,,"+3.156",3156,"+0.145",145,
271,1976,7,23,23,"23","24","harald-ertl","hesketh","ford","goodyear","1:28.885",88885,,,,,,,"+3.226",3226,"+0.070",70,
271,1976,7,24,24,"24","18","brett-lunger","surtees","ford","goodyear","1:29.343",89343,,,,,,,"+3.684",3684,"+0.458",458,
271,1976,7,25,25,"25","21","michel-leclere","wolf-williams","ford","goodyear","1:29.597",89597,,,,,,,"+3.938",3938,"+0.254",254,
271,1976,7,26,26,"26","32","loris-kessel","brabham","ford","goodyear","1:30.020",90020,,,,,,,"+4.361",4361,"+0.423",423,
271,1976,7,27,27,"27","33","jac-nellemann","brabham","ford","goodyear","1:30.259",90259,,,,,,,"+4.600",4600,"+0.239",239,
272,1976,8,1,1,"1","11","james-hunt","mclaren","ford","goodyear","1:47.890",107890,,,,,,,,,,,
272,1976,8,2,2,"2","1","niki-lauda","ferrari","ferrari","goodyear","1:48.170",108170,,,,,,,"+0.280",280,"+0.280",280,
272,1976,8,3,3,"3","4","patrick-depailler","tyrrell","ford","goodyear","1:48.590",108590,,,,,,,"+0.700",700,"+0.420",420,
272,1976,8,4,4,"4","2","clay-regazzoni","ferrari","ferrari","goodyear","1:48.690",108690,,,,,,,"+0.800",800,"+0.100",100,
272,1976,8,5,5,"5","8","carlos-pace","brabham","alfa-romeo","goodyear","1:48.750",108750,,,,,,,"+0.860",860,"+0.060",60,
272,1976,8,6,6,"6","10","ronnie-peterson","march","ford","goodyear","1:49.070",109070,,,,,,,"+1.180",1180,"+0.320",320,
272,1976,8,7,7,"7","5","mario-andretti","lotus","ford","goodyear","1:49.190",109190,,,,,,,"+1.300",1300,"+0.120",120,
272,1976,8,8,8,"8","28","john-watson","penske","ford","goodyear","1:49.220",109220,,,,,,,"+1.330",1330,"+0.030",30,
272,1976,8,9,9,"9","3","jody-scheckter","tyrrell","ford","goodyear","1:49.630",109630,,,,,,,"+1.740",1740,"+0.410",410,
272,1976,8,10,10,"10","7","carlos-reutemann","brabham","alfa-romeo","goodyear","1:49.790",109790,,,,,,,"+1.900",1900,"+0.160",160,
272,1976,8,11,11,"11","9","vittorio-brambilla","march","ford","goodyear","1:49.790",109790,,,,,,,"+1.900",1900,"+0.000",0,
272,1976,8,12,12,"12","6","gunnar-nilsson","lotus","ford","goodyear","1:49.830",109830,,,,,,,"+1.940",1940,"+0.040",40,
272,1976,8,13,13,"13","26","jacques-laffite","ligier","matra","goodyear","1:50.060",110060,,,,,,,"+2.170",2170,"+0.230",230,
272,1976,8,14,14,"14","12","jochen-mass","mclaren","ford","goodyear","1:50.100",110100,,,,,,,"+2.210",2210,"+0.040",40,
272,1976,8,15,15,"15","17","jean-pierre-jarier","shadow","ford","goodyear","1:50.120",110120,,,,,,,"+2.230",2230,"+0.020",20,
272,1976,8,16,16,"16","16","tom-pryce","shadow","ford","goodyear","1:50.270",110270,,,,,,,"+2.380",2380,"+0.150",150,
272,1976,8,17,17,"17","34","hans-joachim-stuck","march","ford","goodyear","1:50.310",110310,,,,,,,"+2.420",2420,"+0.040",40,
272,1976,8,18,18,"18","19","alan-jones","surtees","ford","goodyear","1:51.110",111110,,,,,,,"+3.220",3220,"+0.800",800,
272,1976,8,19,19,"19","20","jacky-ickx","wolf-williams","ford","goodyear","1:51.410",111410,,,,,,,"+3.520",3520,"+0.300",300,
272,1976,8,20,20,"20","35","arturo-merzario","march","ford","goodyear","1:51.790",111790,,,,,,,"+3.900",3900,"+0.380",380,
272,1976,8,21,21,"21","30","emerson-fittipaldi","fittipaldi","ford","goodyear","1:52.110",112110,,,,,,,"+4.220",4220,"+0.320",320,
272,1976,8,22,22,"22","21","michel-leclere","wolf-williams","ford","goodyear","1:52.290",112290,,,,,,,"+4.400",4400,"+0.180",180,
272,1976,8,23,23,"23","18","brett-lunger","surtees","ford","goodyear","1:52.410",112410,,,,,,,"+4.520",4520,"+0.120",120,
272,1976,8,24,24,"24","38","henri-pescarolo","surtees","ford","goodyear","1:52.600",112600,,,,,,,"+4.710",4710,"+0.190",190,
272,1976,8,25,25,"25","25","guy-edwards","hesketh","ford","goodyear","1:52.630",112630,,,,,,,"+4.740",4740,"+0.030",30,
272,1976,8,26,26,"26","22","patrick-neve","ensign","ford","goodyear","1:52.820",112820,,,,,,,"+4.930",4930,"+0.190",190,
272,1976,8,27,27,"27","33","damien-magee","brabham","ford","goodyear","1:53.490",113490,,,,,,,"+5.600",5600,"+0.670",670,
272,1976,8,28,28,"28","31","ingo-hoffmann","fittipaldi","ford","goodyear","1:53.780",113780,,,,,,,"+5.890",5890,"+0.290",290,
272,1976,8,29,29,"29","24","harald-ertl","hesketh","ford","goodyear","1:54.050",114050,,,,,,,"+6.160",6160,"+0.270",270,
272,1976,8,30,30,"30","32","loris-kessel","brabham","ford","goodyear","1:55.300",115300,,,,,,,"+7.410",7410,"+1.250",1250,
273,1976,9,1,1,"1","1","niki-lauda","ferrari","ferrari","goodyear","1:19.350",79350,,,,,,,,,,,
273,1976,9,2,2,"2","11","james-hunt","mclaren","ford","goodyear","1:19.410",79410,,,,,,,"+0.060",60,"+0.060",60,
273,1976,9,3,3,"3","5","mario-andretti","lotus","ford","goodyear","1:19.760",79760,,,,,,,"+0.410",410,"+0.350",350,
273,1976,9,4,4,"4","2","clay-regazzoni","ferrari","ferrari","goodyear","1:20.050",80050,,,,,,,"+0.700",700,"+0.290",290,
273,1976,9,5,5,"5","4","patrick-depailler","tyrrell","ford","goodyear","1:20.150",80150,,,,,,,"+0.800",800,"+0.100",100,
273,1976,9,6,6,"6","22","chris-amon","ensign","ford","goodyear","1:20.270",80270,,,,,,,"+0.920",920,"+0.120",120,
273,1976,9,7,7,"7","10","ronnie-peterson","march","ford","goodyear","1:20.290",80290,,,,,,,"+0.940",940,"+0.020",20,
273,1976,9,8,8,"8","3","jody-scheckter","tyrrell","ford","goodyear","1:20.310",80310,,,,,,,"+0.960",960,"+0.020",20,
273,1976,9,9,9,"9","35","arturo-merzario","march","ford","goodyear","1:20.320",80320,,,,,,,"+0.970",970,"+0.010",10,
273,1976,9,10,10,"10","9","vittorio-brambilla","march","ford","goodyear","1:20.360",80360,,,,,,,"+1.010",1010,"+0.040",40,
273,1976,9,11,11,"11","28","john-watson","penske","ford","goodyear","1:20.410",80410,,,,,,,"+1.060",1060,"+0.050",50,
273,1976,9,12,12,"12","12","jochen-mass","mclaren","ford","goodyear","1:20.610",80610,,,,,,,"+1.260",1260,"+0.200",200,
273,1976,9,13,13,"13","26","jacques-laffite","ligier","matra","goodyear","1:20.670",80670,,,,,,,"+1.320",1320,"+0.060",60,
273,1976,9,14,14,"14","6","gunnar-nilsson","lotus","ford","goodyear","1:20.670",80670,,,,,,,"+1.320",1320,"+0.000",0,
273,1976,9,15,15,"15","7","carlos-reutemann","brabham","alfa-romeo","goodyear","1:20.990",80990,,,,,,,"+1.640",1640,"+0.320",320,
273,1976,9,16,16,"16","8","carlos-pace","brabham","alfa-romeo","goodyear","1:21.030",81030,,,,,,,"+1.680",1680,"+0.040",40,
273,1976,9,17,17,"17","34","hans-joachim-stuck","march","ford","goodyear","1:21.200",81200,,,,,,,"+1.850",1850,"+0.170",170,
273,1976,9,18,18,"18","18","brett-lunger","surtees","ford","goodyear","1:21.300",81300,,,,,,,"+1.950",1950,"+0.100",100,
273,1976,9,19,19,"19","19","alan-jones","surtees","ford","goodyear","1:21.420",81420,,,,,,,"+2.070",2070,"+0.120",120,
273,1976,9,20,20,"20","16","tom-pryce","shadow","ford","goodyear","1:21.840",81840,,,,,,,"+2.490",2490,"+0.420",420,
273,1976,9,21,21,"21","30","emerson-fittipaldi","fittipaldi","ford","goodyear","1:22.060",82060,,,,,,,"+2.710",2710,"+0.220",220,
273,1976,9,22,22,"22","32","bob-evans","brabham","ford","goodyear","1:22.470",82470,,,,,,,"+3.120",3120,"+0.410",410,
273,1976,9,23,23,"23","17","jean-pierre-jarier","shadow","ford","goodyear","1:22.720",82720,,,,,,,"+3.370",3370,"+0.250",250,
273,1976,9,24,24,"24","24","harald-ertl","hesketh","ford","goodyear","1:22.750",82750,,,,,,,"+3.400",3400,"+0.030",30,
273,1976,9,25,25,"25","25","guy-edwards","hesketh","ford","goodyear","1:22.760",82760,,,,,,,"+3.410",3410,"+0.010",10,
273,1976,9,26,26,"26","38","henri-pescarolo","surtees","ford","goodyear","1:22.760",82760,,,,,,,"+3.410",3410,"+0.000",0,
273,1976,9,27,27,"27","20","jacky-ickx","wolf-williams","ford","goodyear","1:23.320",83320,,,,,,,"+3.970",3970,"+0.560",560,
273,1976,9,28,28,"28","13","divina-galica","surtees","ford","goodyear","1:25.240",85240,,,,,,,"+5.890",5890,"+1.920",1920,
273,1976,9,29,29,"29","40","mike-wilds","shadow","ford","goodyear","1:25.660",85660,,,,,,,"+6.310",6310,"+0.420",420,
273,1976,9,30,30,"30","33","lella-lombardi","brabham","ford","goodyear","1:27.080",87080,,,,,,,"+7.730",7730,"+1.420",1420,
274,1976,10,1,1,"1","11","james-hunt","mclaren","ford","goodyear","7:06.500",426500,,,,,,,,,,,
274,1976,10,2,2,"2","1","niki-lauda","ferrari","ferrari","goodyear","7:07.400",427400,,,,,,,"+0.900",900,"+0.900",900,
274,1976,10,3,3,"3","4","patrick-depailler","tyrrell","ford","goodyear","7:08.800",428800,,,,,,,"+2.300",2300,"+1.400",1400,
274,1976,10,4,4,"4","34","hans-joachim-stuck","march","ford","goodyear","7:09.100",429100,,,,,,,"+2.600",2600,"+0.300",300,
274,1976,10,5,5,"5","2","clay-regazzoni","ferrari","ferrari","goodyear","7:09.300",429300,,,,,,,"+2.800",2800,"+0.200",200,
274,1976,10,6,6,"6","26","jacques-laffite","ligier","matra","goodyear","7:11.300",431300,,,,,,,"+4.800",4800,"+2.000",2000,
274,1976,10,7,7,"7","8","carlos-pace","brabham","alfa-romeo","goodyear","7:12.000",432000,,,,,,,"+5.500",5500,"+0.700",700,
274,1976,10,8,8,"8","3","jody-scheckter","tyrrell","ford","goodyear","7:12.200",432200,,,,,,,"+5.700",5700,"+0.200",200,
274,1976,10,9,9,"9","12","jochen-mass","mclaren","ford","goodyear","7:13.000",433000,,,,,,,"+6.500",6500,"+0.800",800,
274,1976,10,10,10,"10","7","carlos-reutemann","brabham","alfa-romeo","goodyear","7:14.900",434900,,,,,,,"+8.400",8400,"+1.900",1900,
274,1976,10,11,11,"11","10","ronnie-peterson","march","ford","goodyear","7:14.900",434900,,,,,,,"+8.400",8400,"+0.000",0,
274,1976,10,12,12,"12","5","mario-andretti","lotus","ford","goodyear","7:16.100",436100,,,,,,,"+9.600",9600,"+1.200",1200,
274,1976,10,13,13,"13","9","vittorio-brambilla","march","ford","goodyear","7:17.700",437700,,,,,,,"+11.200",11200,"+1.600",1600,
274,1976,10,14,14,"14","19","alan-jones","surtees","ford","goodyear","7:19.900",439900,,,,,,,"+13.400",13400,"+2.200",2200,
274,1976,10,15,15,"15","77","rolf-stommelen","brabham","alfa-romeo","goodyear","7:21.600",441600,,,,,,,"+15.100",15100,"+1.700",1700,
274,1976,10,16,16,"16","6","gunnar-nilsson","lotus","ford","goodyear","7:23.000",443000,,,,,,,"+16.500",16500,"+1.400",1400,
274,1976,10,17,17,"17","22","chris-amon","ensign","ford","goodyear","7:23.100",443100,,,,,,,"+16.600",16600,"+0.100",100,
274,1976,10,18,18,"18","16","tom-pryce","shadow","ford","goodyear","7:23.300",443300,,,,,,,"+16.800",16800,"+0.200",200,
274,1976,10,19,19,"19","28","john-watson","penske","ford","goodyear","7:23.500",443500,,,,,,,"+17.000",17000,"+0.200",200,
274,1976,10,20,20,"20","30","emerson-fittipaldi","fittipaldi","ford","goodyear","7:28.000",448000,,,,,,,"+21.500",21500,"+4.500",4500,
274,1976,10,21,21,"21","20","arturo-merzario","wolf-williams","ford","goodyear","7:28.800",448800,,,,,,,"+22.300",22300,"+0.800",800,
274,1976,10,22,22,"22","24","harald-ertl","hesketh","ford","goodyear","7:30.000",450000,,,,,,,"+23.500",23500,"+1.200",1200,
274,1976,10,23,23,"23","17","jean-pierre-jarier","shadow","ford","goodyear","7:30.900",450900,,,,,,,"+24.400",24400,"+0.900",900,
274,1976,10,24,24,"24","18","brett-lunger","surtees","ford","goodyear","7:32.700",452700,,,,,,,"+26.200",26200,"+1.800",1800,
274,1976,10,25,25,"25","25","guy-edwards","hesketh","ford","goodyear","7:38.600",458600,,,,,,,"+32.100",32100,"+5.900",5900,
274,1976,10,26,26,"26","40","alessandro-pesenti-rossi","tyrrell","ford","goodyear","7:48.500",468500,,,,,,,"+42.000",42000,"+9.900",9900,
274,1976,10,27,27,"27","37","lella-lombardi","brabham","ford","goodyear","7:51.100",471100,,,,,,,"+44.600",44600,"+2.600",2600,
274,1976,10,28,28,"28","38","henri-pescarolo","surtees","ford","goodyear","8:04.200",484200,,,,,,,"+57.700",57700,"+13.100",13100,
275,1976,11,1,1,"1","11","james-hunt","mclaren","ford","goodyear","1:35.020",95020,,,,,,,,,,,
275,1976,11,2,2,"2","28","john-watson","penske","ford","goodyear","1:35.840",95840,,,,,,,"+0.820",820,"+0.820",820,
275,1976,11,3,3,"3","10","ronnie-peterson","march","ford","goodyear","1:36.340",96340,,,,,,,"+1.320",1320,"+0.500",500,
275,1976,11,4,4,"4","6","gunnar-nilsson","lotus","ford","goodyear","1:36.460",96460,,,,,,,"+1.440",1440,"+0.120",120,
275,1976,11,5,5,"5","26","jacques-laffite","ligier","matra","goodyear","1:36.520",96520,,,,,,,"+1.500",1500,"+0.060",60,
275,1976,11,6,6,"6","16","tom-pryce","shadow","ford","goodyear","1:36.560",96560,,,,,,,"+1.540",1540,"+0.040",40,
275,1976,11,7,7,"7","9","vittorio-brambilla","march","ford","goodyear","1:36.590",96590,,,,,,,"+1.570",1570,"+0.030",30,
275,1976,11,8,8,"8","8","carlos-pace","brabham","alfa-romeo","goodyear","1:36.660",96660,,,,,,,"+1.640",1640,"+0.070",70,
275,1976,11,9,9,"9","5","mario-andretti","lotus","ford","goodyear","1:36.680",96680,,,,,,,"+1.660",1660,"+0.020",20,
275,1976,11,10,10,"10","3","jody-scheckter","tyrrell","ford","goodyear","1:36.910",96910,,,,,,,"+1.890",1890,"+0.230",230,
275,1976,11,11,11,"11","34","hans-joachim-stuck","march","ford","goodyear","1:36.950",96950,,,,,,,"+1.930",1930,"+0.040",40,
275,1976,11,12,12,"12","12","jochen-mass","mclaren","ford","goodyear","1:37.220",97220,,,,,,,"+2.200",2200,"+0.270",270,
275,1976,11,13,13,"13","4","patrick-depailler","tyrrell","ford","goodyear","1:37.240",97240,,,,,,,"+2.220",2220,"+0.020",20,
275,1976,11,14,14,"14","7","carlos-reutemann","brabham","alfa-romeo","goodyear","1:37.240",97240,,,,,,,"+2.220",2220,"+0.000",0,
275,1976,11,15,15,"15","19","alan-jones","surtees","ford","goodyear","1:37.600",97600,,,,,,,"+2.580",2580,"+0.360",360,
275,1976,11,16,16,"16","18","brett-lunger","surtees","ford","goodyear","1:37.620",97620,,,,,,,"+2.600",2600,"+0.020",20,
275,1976,11,17,17,"17","30","emerson-fittipaldi","fittipaldi","ford","goodyear","1:37.760",97760,,,,,,,"+2.740",2740,"+0.140",140,
275,1976,11,18,18,"18","17","jean-pierre-jarier","shadow","ford","goodyear","1:37.880",97880,,,,,,,"+2.860",2860,"+0.120",120,
275,1976,11,19,19,"19","22","hans-binder","ensign","ford","goodyear","1:38.360",98360,,,,,,,"+3.340",3340,"+0.480",480,
275,1976,11,20,20,"20","24","harald-ertl","hesketh","ford","goodyear","1:39.090",99090,,,,,,,"+4.070",4070,"+0.730",730,
275,1976,11,21,21,"21","20","arturo-merzario","wolf-williams","ford","goodyear","1:39.330",99330,,,,,,,"+4.310",4310,"+0.240",240,
275,1976,11,22,22,"22","38","henri-pescarolo","surtees","ford","goodyear","1:39.840",99840,,,,,,,"+4.820",4820,"+0.510",510,
275,1976,11,23,23,"23","39","alessandro-pesenti-rossi","tyrrell","ford","goodyear","1:40.670",100670,,,,,,,"+5.650",5650,"+0.830",830,
275,1976,11,24,24,"24","33","lella-lombardi","brabham","ford","goodyear","1:42.250",102250,,,,,,,"+7.230",7230,"+1.580",1580,
275,1976,11,25,25,"25","32","loris-kessel","brabham","ford","goodyear","1:56.010",116010,,,,,,,"+20.990",20990,"+13.760",13760,
276,1976,12,1,1,"1","10","ronnie-peterson","march","ford","goodyear","1:21.310",81310,,,,,,,,,,,
276,1976,12,2,2,"2","11","james-hunt","mclaren","ford","goodyear","1:21.390",81390,,,,,,,"+0.080",80,"+0.080",80,
276,1976,12,3,3,"3","16","tom-pryce","shadow","ford","goodyear","1:21.550",81550,,,,,,,"+0.240",240,"+0.160",160,
276,1976,12,4,4,"4","28","john-watson","penske","ford","goodyear","1:21.620",81620,,,,,,,"+0.310",310,"+0.070",70,
276,1976,12,5,5,"5","2","clay-regazzoni","ferrari","ferrari","goodyear","1:21.850",81850,,,,,,,"+0.540",540,"+0.230",230,
276,1976,12,6,6,"6","5","mario-andretti","lotus","ford","goodyear","1:21.880",81880,,,,,,,"+0.570",570,"+0.030",30,
276,1976,12,7,7,"7","9","vittorio-brambilla","march","ford","goodyear","1:21.880",81880,,,,,,,"+0.570",570,"+0.000",0,
276,1976,12,8,8,"8","3","jody-scheckter","tyrrell","ford","goodyear","1:21.910",81910,,,,,,,"+0.600",600,"+0.030",30,
276,1976,12,9,9,"9","8","carlos-pace","brabham","alfa-romeo","goodyear","1:22.030",82030,,,,,,,"+0.720",720,"+0.120",120,
276,1976,12,10,10,"10","26","jacques-laffite","ligier","matra","goodyear","1:22.060",82060,,,,,,,"+0.750",750,"+0.030",30,
276,1976,12,11,11,"11","22","jacky-ickx","ensign","ford","goodyear","1:22.130",82130,,,,,,,"+0.820",820,"+0.070",70,
276,1976,12,12,12,"12","7","carlos-reutemann","brabham","alfa-romeo","goodyear","1:22.160",82160,,,,,,,"+0.850",850,"+0.030",30,
276,1976,12,13,13,"13","6","gunnar-nilsson","lotus","ford","goodyear","1:22.160",82160,,,,,,,"+0.850",850,"+0.000",0,
276,1976,12,14,14,"14","4","patrick-depailler","tyrrell","ford","goodyear","1:22.270",82270,,,,,,,"+0.960",960,"+0.110",110,
276,1976,12,15,15,"15","12","jochen-mass","mclaren","ford","goodyear","1:22.480",82480,,,,,,,"+1.170",1170,"+0.210",210,
276,1976,12,16,16,"16","19","alan-jones","surtees","ford","goodyear","1:22.510",82510,,,,,,,"+1.200",1200,"+0.030",30,
276,1976,12,17,17,"17","30","emerson-fittipaldi","fittipaldi","ford","goodyear","1:22.550",82550,,,,,,,"+1.240",1240,"+0.040",40,
276,1976,12,18,18,"18","34","hans-joachim-stuck","march","ford","goodyear","1:22.590",82590,,,,,,,"+1.280",1280,"+0.040",40,
276,1976,12,19,19,"19","27","larry-perkins","boro","ford","goodyear","1:23.100",83100,,,,,,,"+1.790",1790,"+0.510",510,
276,1976,12,20,20,"20","17","jean-pierre-jarier","shadow","ford","goodyear","1:23.180",83180,,,,,,,"+1.870",1870,"+0.080",80,
276,1976,12,21,21,"21","39","boy-hayje","penske","ford","goodyear","1:23.260",83260,,,,,,,"+1.950",1950,"+0.080",80,
276,1976,12,22,22,"22","38","henri-pescarolo","surtees","ford","goodyear","1:23.550",83550,,,,,,,"+2.240",2240,"+0.290",290,
276,1976,12,23,23,"23","20","arturo-merzario","wolf-williams","ford","goodyear","1:24.090",84090,,,,,,,"+2.780",2780,"+0.540",540,
276,1976,12,24,24,"24","24","harald-ertl","hesketh","ford","goodyear","1:24.370",84370,,,,,,,"+3.060",3060,"+0.280",280,
276,1976,12,25,25,"25","25","rolf-stommelen","hesketh","ford","goodyear","1:24.710",84710,,,,,,,"+3.400",3400,"+0.340",340,
276,1976,12,26,26,"26","18","conny-andersson","surtees","ford","goodyear","1:24.740",84740,,,,,,,"+3.430",3430,"+0.030",30,
276,1976,12,27,27,"27","40","alessandro-pesenti-rossi","tyrrell","ford","goodyear","1:26.010",86010,,,,,,,"+4.700",4700,"+1.270",1270,
277,1976,13,1,1,"1","26","jacques-laffite","ligier","matra","goodyear","1:41.350",101350,,,,,,,,,,,
277,1976,13,2,2,"2","3","jody-scheckter","tyrrell","ford","goodyear","1:41.380",101380,,,,,,,"+0.030",30,"+0.030",30,
277,1976,13,3,3,"3","8","carlos-pace","brabham","alfa-romeo","goodyear","1:41.530",101530,,,,,,,"+0.180",180,"+0.150",150,
277,1976,13,4,4,"4","4","patrick-depailler","tyrrell","ford","goodyear","1:42.060",102060,,,,,,,"+0.710",710,"+0.530",530,
277,1976,13,5,5,"5","1","niki-lauda","ferrari","ferrari","goodyear","1:42.090",102090,,,,,,,"+0.740",740,"+0.030",30,
277,1976,13,6,6,"6","34","hans-joachim-stuck","march","ford","goodyear","1:42.180",102180,,,,,,,"+0.830",830,"+0.090",90,
277,1976,13,7,7,"7","35","carlos-reutemann","ferrari","ferrari","goodyear","1:42.380",102380,,,,,,,"+1.030",1030,"+0.200",200,
277,1976,13,8,8,"8","10","ronnie-peterson","march","ford","goodyear","1:42.640",102640,,,,,,,"+1.290",1290,"+0.260",260,
277,1976,13,9,9,"9","2","clay-regazzoni","ferrari","ferrari","goodyear","1:42.960",102960,,,,,,,"+1.610",1610,"+0.320",320,
277,1976,13,10,10,"10","22","jacky-ickx","ensign","ford","goodyear","1:43.290",103290,,,,,,,"+1.940",1940,"+0.330",330,
277,1976,13,11,11,"11","7","rolf-stommelen","brabham","alfa-romeo","goodyear","1:43.290",103290,,,,,,,"+1.940",1940,"+0.000",0,
277,1976,13,12,12,"12","6","gunnar-nilsson","lotus","ford","goodyear","1:43.300",103300,,,,,,,"+1.950",1950,"+0.010",10,
277,1976,13,13,13,"13","40","larry-perkins","boro","ford","goodyear","1:43.320",103320,,,,,,,"+1.970",1970,"+0.020",20,
277,1976,13,14,14,"14","5","mario-andretti","lotus","ford","goodyear","1:43.340",103340,,,,,,,"+1.990",1990,"+0.020",20,
277,1976,13,15,15,"15","16","tom-pryce","shadow","ford","goodyear","1:43.630",103630,,,,,,,"+2.280",2280,"+0.290",290,
277,1976,13,16,16,"16","9","vittorio-brambilla","march","ford","goodyear","1:43.940",103940,,,,,,,"+2.590",2590,"+0.310",310,
277,1976,13,17,17,"17","17","jean-pierre-jarier","shadow","ford","goodyear","1:44.050",104050,,,,,,,"+2.700",2700,"+0.110",110,
277,1976,13,18,18,"18","19","alan-jones","surtees","ford","goodyear","1:44.410",104410,,,,,,,"+3.060",3060,"+0.360",360,
277,1976,13,19,19,"19","24","harald-ertl","hesketh","ford","goodyear","1:44.560",104560,,,,,,,"+3.210",3210,"+0.150",150,
277,1976,13,20,20,"20","30","emerson-fittipaldi","fittipaldi","ford","goodyear","1:44.570",104570,,,,,,,"+3.220",3220,"+0.010",10,
277,1976,13,21,21,"21","37","alessandro-pesenti-rossi","tyrrell","ford","goodyear","1:44.620",104620,,,,,,,"+3.270",3270,"+0.050",50,
277,1976,13,22,22,"22","38","henri-pescarolo","surtees","ford","goodyear","1:45.120",105120,,,,,,,"+3.770",3770,"+0.500",500,
277,1976,13,23,23,"23","25","guy-edwards","hesketh","ford","goodyear","1:45.790",105790,,,,,,,"+4.440",4440,"+0.670",670,
277,1976,13,24,24,"24","18","brett-lunger","surtees","ford","goodyear","1:46.480",106480,,,,,,,"+5.130",5130,"+0.690",690,
277,1976,13,25,25,"25","20","arturo-merzario","wolf-williams","ford","goodyear","1:47.310",107310,,,,,,,"+5.960",5960,"+0.830",830,
277,1976,13,26,26,"26","39","otto-stuppacher","tyrrell","ford","goodyear","1:55.220",115220,,,,,,,"+13.870",13870,"+7.910",7910,
277,1976,13,27,27,"27","11","james-hunt","mclaren","ford","goodyear","2:08.760",128760,,,,,,,"+27.410",27410,"+13.540",13540,
277,1976,13,28,28,"28","12","jochen-mass","mclaren","ford","goodyear","2:11.060",131060,,,,,,,"+29.710",29710,"+2.300",2300,
277,1976,13,29,29,"29","28","john-watson","penske","ford","goodyear","2:13.950",133950,,,,,,,"+32.600",32600,"+2.890",2890,
278,1976,14,1,1,"1","11","james-hunt","mclaren","ford","goodyear","1:12.389",72389,,,,,,,,,,,
278,1976,14,2,2,"2","10","ronnie-peterson","march","ford","goodyear","1:12.783",72783,,,,,,,"+0.394",394,"+0.394",394,
278,1976,14,3,3,"3","9","vittorio-brambilla","march","ford","goodyear","1:12.799",72799,,,,,,,"+0.410",410,"+0.016",16,
278,1976,14,4,4,"4","4","patrick-depailler","tyrrell","ford","goodyear","1:12.837",72837,,,,,,,"+0.448",448,"+0.038",38,
278,1976,14,5,5,"5","5","mario-andretti","lotus","ford","goodyear","1:13.028",73028,,,,,,,"+0.639",639,"+0.191",191,
278,1976,14,6,6,"6","1","niki-lauda","ferrari","ferrari","goodyear","1:13.060",73060,,,,,,,"+0.671",671,"+0.032",32,
278,1976,14,7,7,"7","3","jody-scheckter","tyrrell","ford","goodyear","1:13.191",73191,,,,,,,"+0.802",802,"+0.131",131,
278,1976,14,8,8,"8","34","hans-joachim-stuck","march","ford","goodyear","1:13.322",73322,,,,,,,"+0.933",933,"+0.131",131,
278,1976,14,9,9,"9","26","jacques-laffite","ligier","matra","goodyear","1:13.425",73425,,,,,,,"+1.036",1036,"+0.103",103,
278,1976,14,10,10,"10","8","carlos-pace","brabham","alfa-romeo","goodyear","1:13.438",73438,,,,,,,"+1.049",1049,"+0.013",13,
278,1976,14,11,11,"11","12","jochen-mass","mclaren","ford","goodyear","1:13.439",73439,,,,,,,"+1.050",1050,"+0.001",1,
278,1976,14,12,12,"12","2","clay-regazzoni","ferrari","ferrari","goodyear","1:13.500",73500,,,,,,,"+1.111",1111,"+0.061",61,
278,1976,14,13,13,"13","16","tom-pryce","shadow","ford","goodyear","1:13.665",73665,,,,,,,"+1.276",1276,"+0.165",165,
278,1976,14,14,14,"14","28","john-watson","penske","ford","goodyear","1:13.973",73973,,,,,,,"+1.584",1584,"+0.308",308,
278,1976,14,15,15,"15","6","gunnar-nilsson","lotus","ford","goodyear","1:14.397",74397,,,,,,,"+2.008",2008,"+0.424",424,
278,1976,14,16,16,"16","22","jacky-ickx","ensign","ford","goodyear","1:14.461",74461,,,,,,,"+2.072",2072,"+0.064",64,
278,1976,14,17,17,"17","30","emerson-fittipaldi","fittipaldi","ford","goodyear","1:14.471",74471,,,,,,,"+2.082",2082,"+0.010",10,
278,1976,14,18,18,"18","17","jean-pierre-jarier","shadow","ford","goodyear","1:15.113",75113,,,,,,,"+2.724",2724,"+0.642",642,
278,1976,14,19,19,"19","7","larry-perkins","brabham","alfa-romeo","goodyear","1:15.598",75598,,,,,,,"+3.209",3209,"+0.485",485,
278,1976,14,20,20,"20","19","alan-jones","surtees","ford","goodyear","1:15.652",75652,,,,,,,"+3.263",3263,"+0.054",54,
278,1976,14,21,21,"21","38","henri-pescarolo","surtees","ford","goodyear","1:15.846",75846,,,,,,,"+3.457",3457,"+0.194",194,
278,1976,14,22,22,"22","18","brett-lunger","surtees","ford","goodyear","1:16.201",76201,,,,,,,"+3.812",3812,"+0.355",355,
278,1976,14,23,23,"23","24","harald-ertl","hesketh","ford","goodyear","1:16.534",76534,,,,,,,"+4.145",4145,"+0.333",333,
278,1976,14,24,24,"24","25","guy-edwards","hesketh","ford","goodyear","1:17.217",77217,,,,,,,"+4.828",4828,"+0.683",683,
278,1976,14,25,25,"25","20","arturo-merzario","wolf-williams","ford","goodyear","1:17.288",77288,,,,,,,"+4.899",4899,"+0.071",71,
278,1976,14,26,26,"26","21","chris-amon","wolf-williams","ford","goodyear","1:18.202",78202,,,,,,,"+5.813",5813,"+0.914",914,
278,1976,14,27,27,"27","39","otto-stuppacher","tyrrell","ford","goodyear","1:25.084",85084,,,,,,,"+12.695",12695,"+6.882",6882,
279,1976,15,1,1,"1","11","james-hunt","mclaren","ford","goodyear","1:43.622",103622,,,,,,,,,,,
279,1976,15,2,2,"2","3","jody-scheckter","tyrrell","ford","goodyear","1:43.870",103870,,,,,,,"+0.248",248,"+0.248",248,
279,1976,15,3,3,"3","10","ronnie-peterson","march","ford","goodyear","1:43.941",103941,,,,,,,"+0.319",319,"+0.071",71,
279,1976,15,4,4,"4","9","vittorio-brambilla","march","ford","goodyear","1:44.250",104250,,,,,,,"+0.628",628,"+0.309",309,
279,1976,15,5,5,"5","1","niki-lauda","ferrari","ferrari","goodyear","1:44.257",104257,,,,,,,"+0.635",635,"+0.007",7,
279,1976,15,6,6,"6","34","hans-joachim-stuck","march","ford","goodyear","1:44.265",104265,,,,,,,"+0.643",643,"+0.008",8,
279,1976,15,7,7,"7","4","patrick-depailler","tyrrell","ford","goodyear","1:44.516",104516,,,,,,,"+0.894",894,"+0.251",251,
279,1976,15,8,8,"8","28","john-watson","penske","ford","goodyear","1:44.719",104719,,,,,,,"+1.097",1097,"+0.203",203,
279,1976,15,9,9,"9","16","tom-pryce","shadow","ford","goodyear","1:45.102",105102,,,,,,,"+1.480",1480,"+0.383",383,
279,1976,15,10,10,"10","8","carlos-pace","brabham","alfa-romeo","goodyear","1:45.274",105274,,,,,,,"+1.652",1652,"+0.172",172,
279,1976,15,11,11,"11","5","mario-andretti","lotus","ford","goodyear","1:45.311",105311,,,,,,,"+1.689",1689,"+0.037",37,
279,1976,15,12,12,"12","26","jacques-laffite","ligier","matra","goodyear","1:45.324",105324,,,,,,,"+1.702",1702,"+0.013",13,
279,1976,15,13,13,"13","7","larry-perkins","brabham","alfa-romeo","goodyear","1:45.353",105353,,,,,,,"+1.731",1731,"+0.029",29,
279,1976,15,14,14,"14","2","clay-regazzoni","ferrari","ferrari","goodyear","1:45.534",105534,,,,,,,"+1.912",1912,"+0.181",181,
279,1976,15,15,15,"15","30","emerson-fittipaldi","fittipaldi","ford","goodyear","1:45.646",105646,,,,,,,"+2.024",2024,"+0.112",112,
279,1976,15,16,16,"16","17","jean-pierre-jarier","shadow","ford","goodyear","1:45.979",105979,,,,,,,"+2.357",2357,"+0.333",333,
279,1976,15,17,17,"17","12","jochen-mass","mclaren","ford","goodyear","1:46.067",106067,,,,,,,"+2.445",2445,"+0.088",88,
279,1976,15,18,18,"18","19","alan-jones","surtees","ford","goodyear","1:46.402",106402,,,,,,,"+2.780",2780,"+0.335",335,
279,1976,15,19,19,"19","22","jacky-ickx","ensign","ford","goodyear","1:46.605",106605,,,,,,,"+2.983",2983,"+0.203",203,
279,1976,15,20,20,"20","6","gunnar-nilsson","lotus","ford","goodyear","1:46.776",106776,,,,,,,"+3.154",3154,"+0.171",171,
279,1976,15,21,21,"21","24","harald-ertl","hesketh","ford","goodyear","1:49.418",109418,,,,,,,"+5.796",5796,"+2.642",2642,
279,1976,15,22,22,"22","25","alex-ribeiro","hesketh","ford","goodyear","1:49.669",109669,,,,,,,"+6.047",6047,"+0.251",251,
279,1976,15,23,23,"23","21","warwick-brown","wolf-williams","ford","goodyear","1:51.124",111124,,,,,,,"+7.502",7502,"+1.455",1455,
279,1976,15,24,24,"24","18","brett-lunger","surtees","ford","goodyear","1:51.373",111373,,,,,,,"+7.751",7751,"+0.249",249,
279,1976,15,25,25,"25","20","arturo-merzario","wolf-williams","ford","goodyear","2:00.932",120932,,,,,,,"+17.310",17310,"+9.559",9559,
279,1976,15,26,26,"26","38","henri-pescarolo","surtees","ford","goodyear","2:05.211",125211,,,,,,,"+21.589",21589,"+4.279",4279,
279,1976,15,27,27,"27","39","otto-stuppacher","tyrrell","ford","goodyear","2:11.070",131070,,,,,,,"+27.448",27448,"+5.859",5859,
280,1976,16,1,1,"1","5","mario-andretti","lotus","ford","goodyear","1:12.770",72770,,,,,,,,,,,
280,1976,16,2,2,"2","11","james-hunt","mclaren","ford","goodyear","1:12.800",72800,,,,,,,"+0.030",30,"+0.030",30,
280,1976,16,3,3,"3","1","niki-lauda","ferrari","ferrari","goodyear","1:13.080",73080,,,,,,,"+0.310",310,"+0.280",280,
280,1976,16,4,4,"4","28","john-watson","penske","ford","goodyear","1:13.290",73290,,,,,,,"+0.520",520,"+0.210",210,
280,1976,16,5,5,"5","3","jody-scheckter","tyrrell","ford","goodyear","1:13.310",73310,,,,,,,"+0.540",540,"+0.020",20,
280,1976,16,6,6,"6","8","carlos-pace","brabham","alfa-romeo","goodyear","1:13.430",73430,,,,,,,"+0.660",660,"+0.120",120,
280,1976,16,7,7,"7","2","clay-regazzoni","ferrari","ferrari","goodyear","1:13.640",73640,,,,,,,"+0.870",870,"+0.210",210,
280,1976,16,8,8,"8","9","vittorio-brambilla","march","ford","goodyear","1:13.720",73720,,,,,,,"+0.950",950,"+0.080",80,
280,1976,16,9,9,"9","10","ronnie-peterson","march","ford","goodyear","1:13.850",73850,,,,,,,"+1.080",1080,"+0.130",130,
280,1976,16,10,10,"10","51","masahiro-hasemi","kojima","ford","dunlop","1:13.880",73880,,,,,,,"+1.110",1110,"+0.030",30,
280,1976,16,11,11,"11","26","jacques-laffite","ligier","matra","goodyear","1:13.880",73880,,,,,,,"+1.110",1110,"+0.000",0,
280,1976,16,12,12,"12","12","jochen-mass","mclaren","ford","goodyear","1:14.050",74050,,,,,,,"+1.280",1280,"+0.170",170,
280,1976,16,13,13,"13","4","patrick-depailler","tyrrell","ford","goodyear","1:14.150",74150,,,,,,,"+1.380",1380,"+0.100",100,
280,1976,16,14,14,"14","16","tom-pryce","shadow","ford","goodyear","1:14.230",74230,,,,,,,"+1.460",1460,"+0.080",80,
280,1976,16,15,15,"15","17","jean-pierre-jarier","shadow","ford","goodyear","1:14.320",74320,,,,,,,"+1.550",1550,"+0.090",90,
280,1976,16,16,16,"16","6","gunnar-nilsson","lotus","ford","goodyear","1:14.350",74350,,,,,,,"+1.580",1580,"+0.030",30,
280,1976,16,17,17,"17","7","larry-perkins","brabham","alfa-romeo","goodyear","1:14.380",74380,,,,,,,"+1.610",1610,"+0.030",30,
280,1976,16,18,18,"18","34","hans-joachim-stuck","march","ford","goodyear","1:14.380",74380,,,,,,,"+1.610",1610,"+0.000",0,
280,1976,16,19,19,"19","20","arturo-merzario","wolf-williams","ford","goodyear","1:14.410",74410,,,,,,,"+1.640",1640,"+0.030",30,
280,1976,16,20,20,"20","19","alan-jones","surtees","ford","goodyear","1:14.600",74600,,,,,,,"+1.830",1830,"+0.190",190,
280,1976,16,21,21,"21","52","kazuyoshi-hoshino","tyrrell","ford","bridgestone","1:14.650",74650,,,,,,,"+1.880",1880,"+0.050",50,
280,1976,16,22,22,"22","24","harald-ertl","hesketh","ford","goodyear","1:15.260",75260,,,,,,,"+2.490",2490,"+0.610",610,
280,1976,16,23,23,"23","30","emerson-fittipaldi","fittipaldi","ford","goodyear","1:15.300",75300,,,,,,,"+2.530",2530,"+0.040",40,
280,1976,16,24,24,"24","18","noritake-takahara","surtees","ford","goodyear","1:15.770",75770,,,,,,,"+3.000",3000,"+0.470",470,
280,1976,16,25,25,"25","21","hans-binder","wolf-williams","ford","goodyear","1:17.360",77360,,,,,,,"+4.590",4590,"+1.590",1590,
280,1976,16,26,26,"26","21","masami-kuwashima","wolf-williams","ford","goodyear","1:17.900",77900,,,,,,,"+5.130",5130,"+0.540",540,
280,1976,16,27,27,"27","54","tony-trimmer","maki","ford","goodyear","1:30.910",90910,,,,,,,"+18.140",18140,"+13.010",13010,
281,1977,1,1,1,"1","1","james-hunt","mclaren","ford","goodyear","1:48.680",108680,,,,,,,,,,,
281,1977,1,2,2,"2","7","john-watson","brabham","alfa-romeo","goodyear","1:48.960",108960,,,,,,,"+0.280",280,"+0.280",280,
281,1977,1,3,3,"3","4","patrick-depailler","tyrrell","ford","goodyear","1:49.130",109130,,,,,,,"+0.450",450,"+0.170",170,
281,1977,1,4,4,"4","11","niki-lauda","ferrari","ferrari","goodyear","1:49.730",109730,,,,,,,"+1.050",1050,"+0.600",600,
281,1977,1,5,5,"5","2","jochen-mass","mclaren","ford","goodyear","1:49.810",109810,,,,,,,"+1.130",1130,"+0.080",80,
281,1977,1,6,6,"6","8","carlos-pace","brabham","alfa-romeo","goodyear","1:49.970",109970,,,,,,,"+1.290",1290,"+0.160",160,
281,1977,1,7,7,"7","12","carlos-reutemann","ferrari","ferrari","goodyear","1:50.020",110020,,,,,,,"+1.340",1340,"+0.050",50,
281,1977,1,8,8,"8","5","mario-andretti","lotus","ford","goodyear","1:50.130",110130,,,,,,,"+1.450",1450,"+0.110",110,
281,1977,1,9,9,"9","16","tom-pryce","shadow","ford","goodyear","1:50.650",110650,,,,,,,"+1.970",1970,"+0.520",520,
281,1977,1,10,10,"10","6","gunnar-nilsson","lotus","ford","goodyear","1:50.660",110660,,,,,,,"+1.980",1980,"+0.010",10,
281,1977,1,11,11,"11","20","jody-scheckter","wolf","ford","goodyear","1:50.760",110760,,,,,,,"+2.080",2080,"+0.100",100,
281,1977,1,12,12,"12","22","clay-regazzoni","ensign","ford","goodyear","1:50.970",110970,,,,,,,"+2.290",2290,"+0.210",210,
281,1977,1,13,13,"13","19","vittorio-brambilla","surtees","ford","goodyear","1:51.030",111030,,,,,,,"+2.350",2350,"+0.060",60,
281,1977,1,14,14,"14","3","ronnie-peterson","tyrrell","ford","goodyear","1:51.340",111340,,,,,,,"+2.660",2660,"+0.310",310,
281,1977,1,15,15,"15","26","jacques-laffite","ligier","matra","goodyear","1:51.520",111520,,,,,,,"+2.840",2840,"+0.180",180,
281,1977,1,16,16,"16","28","emerson-fittipaldi","fittipaldi","ford","goodyear","1:51.530",111530,,,,,,,"+2.850",2850,"+0.010",10,
281,1977,1,17,17,"17","10","ian-scheckter","march","ford","goodyear","1:52.400",112400,,,,,,,"+3.720",3720,"+0.870",870,
281,1977,1,18,18,"18","18","hans-binder","surtees","ford","goodyear","1:53.110",113110,,,,,,,"+4.430",4430,"+0.710",710,
281,1977,1,19,19,"19","29","ingo-hoffmann","fittipaldi","ford","goodyear","1:53.280",113280,,,,,,,"+4.600",4600,"+0.170",170,
281,1977,1,20,20,"20","9","alex-ribeiro","march","ford","goodyear","1:53.540",113540,,,,,,,"+4.860",4860,"+0.260",260,
281,1977,1,21,21,"21","17","renzo-zorzi","shadow","ford","goodyear","1:54.190",114190,,,,,,,"+5.510",5510,"+0.650",650,
282,1977,2,1,1,"1","1","james-hunt","mclaren","ford","goodyear","2:30.110",150110,,,,,,,,,,,
282,1977,2,2,2,"2","12","carlos-reutemann","ferrari","ferrari","goodyear","2:30.180",150180,,,,,,,"+0.070",70,"+0.070",70,
282,1977,2,3,3,"3","5","mario-andretti","lotus","ford","goodyear","2:30.350",150350,,,,,,,"+0.240",240,"+0.170",170,
282,1977,2,4,4,"4","2","jochen-mass","mclaren","ford","goodyear","2:30.360",150360,,,,,,,"+0.250",250,"+0.010",10,
282,1977,2,5,5,"5","8","carlos-pace","brabham","alfa-romeo","goodyear","2:30.570",150570,,,,,,,"+0.460",460,"+0.210",210,
282,1977,2,6,6,"6","4","patrick-depailler","tyrrell","ford","goodyear","2:30.690",150690,,,,,,,"+0.580",580,"+0.120",120,
282,1977,2,7,7,"7","7","john-watson","brabham","alfa-romeo","goodyear","2:31.090",151090,,,,,,,"+0.980",980,"+0.400",400,
282,1977,2,8,8,"8","3","ronnie-peterson","tyrrell","ford","goodyear","2:31.630",151630,,,,,,,"+1.520",1520,"+0.540",540,
282,1977,2,9,9,"9","22","clay-regazzoni","ensign","ford","goodyear","2:31.690",151690,,,,,,,"+1.580",1580,"+0.060",60,
282,1977,2,10,10,"10","6","gunnar-nilsson","lotus","ford","goodyear","2:32.140",152140,,,,,,,"+2.030",2030,"+0.450",450,
282,1977,2,11,11,"11","19","vittorio-brambilla","surtees","ford","goodyear","2:32.190",152190,,,,,,,"+2.080",2080,"+0.050",50,
282,1977,2,12,12,"12","16","tom-pryce","shadow","ford","goodyear","2:32.220",152220,,,,,,,"+2.110",2110,"+0.030",30,
282,1977,2,13,13,"13","11","niki-lauda","ferrari","ferrari","goodyear","2:32.370",152370,,,,,,,"+2.260",2260,"+0.150",150,
282,1977,2,14,14,"14","26","jacques-laffite","ligier","matra","goodyear","2:32.430",152430,,,,,,,"+2.320",2320,"+0.060",60,
282,1977,2,15,15,"15","20","jody-scheckter","wolf","ford","goodyear","2:32.810",152810,,,,,,,"+2.700",2700,"+0.380",380,
282,1977,2,16,16,"16","28","emerson-fittipaldi","fittipaldi","ford","goodyear","2:32.940",152940,,,,,,,"+2.830",2830,"+0.130",130,
282,1977,2,17,17,"17","10","ian-scheckter","march","ford","goodyear","2:33.460",153460,,,,,,,"+3.350",3350,"+0.520",520,
282,1977,2,18,18,"18","17","renzo-zorzi","shadow","ford","goodyear","2:34.620",154620,,,,,,,"+4.510",4510,"+1.160",1160,
282,1977,2,19,19,"19","29","ingo-hoffmann","fittipaldi","ford","goodyear","2:35.570",155570,,,,,,,"+5.460",5460,"+0.950",950,
282,1977,2,20,20,"20","18","hans-binder","surtees","ford","goodyear","2:35.790",155790,,,,,,,"+5.680",5680,"+0.220",220,
282,1977,2,21,21,"21","9","alex-ribeiro","march","ford","goodyear","2:36.190",156190,,,,,,,"+6.080",6080,"+0.400",400,
282,1977,2,22,22,"22","14","larry-perkins","brm","brm","goodyear","2:42.220",162220,,,,,,,"+12.110",12110,"+6.030",6030,
283,1977,3,1,1,"1","1","james-hunt","mclaren","ford","goodyear","1:15.960",75960,,,,,,,,,,,
283,1977,3,2,2,"2","8","carlos-pace","brabham","alfa-romeo","goodyear","1:16.010",76010,,,,,,,"+0.050",50,"+0.050",50,
283,1977,3,3,3,"3","11","niki-lauda","ferrari","ferrari","goodyear","1:16.290",76290,,,,,,,"+0.330",330,"+0.280",280,
283,1977,3,4,4,"4","4","patrick-depailler","tyrrell","ford","goodyear","1:16.330",76330,,,,,,,"+0.370",370,"+0.040",40,
283,1977,3,5,5,"5","20","jody-scheckter","wolf","ford","goodyear","1:16.350",76350,,,,,,,"+0.390",390,"+0.020",20,
283,1977,3,6,6,"6","5","mario-andretti","lotus","ford","goodyear","1:16.380",76380,,,,,,,"+0.420",420,"+0.030",30,
283,1977,3,7,7,"7","3","ronnie-peterson","tyrrell","ford","goodyear","1:16.440",76440,,,,,,,"+0.480",480,"+0.060",60,
283,1977,3,8,8,"8","12","carlos-reutemann","ferrari","ferrari","goodyear","1:16.540",76540,,,,,,,"+0.580",580,"+0.100",100,
283,1977,3,9,9,"9","28","emerson-fittipaldi","fittipaldi","ford","goodyear","1:16.640",76640,,,,,,,"+0.680",680,"+0.100",100,
283,1977,3,10,10,"10","6","gunnar-nilsson","lotus","ford","goodyear","1:16.650",76650,,,,,,,"+0.690",690,"+0.010",10,
283,1977,3,11,11,"11","7","john-watson","brabham","alfa-romeo","goodyear","1:16.710",76710,,,,,,,"+0.750",750,"+0.060",60,
283,1977,3,12,12,"12","26","jacques-laffite","ligier","matra","goodyear","1:16.740",76740,,,,,,,"+0.780",780,"+0.030",30,
283,1977,3,13,13,"13","2","jochen-mass","mclaren","ford","goodyear","1:16.990",76990,,,,,,,"+1.030",1030,"+0.250",250,
283,1977,3,14,14,"14","19","vittorio-brambilla","surtees","ford","goodyear","1:17.080",77080,,,,,,,"+1.120",1120,"+0.090",90,
283,1977,3,15,15,"15","16","tom-pryce","shadow","ford","goodyear","1:17.110",77110,,,,,,,"+1.150",1150,"+0.030",30,
283,1977,3,16,16,"16","22","clay-regazzoni","ensign","ford","goodyear","1:17.210",77210,,,,,,,"+1.250",1250,"+0.100",100,
283,1977,3,17,17,"17","9","alex-ribeiro","march","ford","goodyear","1:17.440",77440,,,,,,,"+1.480",1480,"+0.230",230,
283,1977,3,18,18,"18","10","hans-joachim-stuck","march","ford","goodyear","1:17.490",77490,,,,,,,"+1.530",1530,"+0.050",50,
283,1977,3,19,19,"19","18","hans-binder","surtees","ford","goodyear","1:18.070",78070,,,,,,,"+2.110",2110,"+0.580",580,
283,1977,3,20,20,"20","17","renzo-zorzi","shadow","ford","goodyear","1:18.420",78420,,,,,,,"+2.460",2460,"+0.350",350,
283,1977,3,21,21,"21","33","boy-hayje","march","ford","goodyear","1:19.590",79590,,,,,,,"+3.630",3630,"+1.170",1170,
283,1977,3,22,22,"22","14","larry-perkins","brm","brm","goodyear","1:21.770",81770,,,,,,,"+5.810",5810,"+2.180",2180,
283,1977,3,23,23,"23","30","brett-lunger","march","ford","goodyear","1:24.350",84350,,,,,,,"+8.390",8390,"+2.580",2580,
284,1977,4,1,1,"1","11","niki-lauda","ferrari","ferrari","goodyear","1:21.630",81630,,,,,,,,,,,
284,1977,4,2,2,"2","5","mario-andretti","lotus","ford","goodyear","1:21.868",81868,,,,,,,"+0.238",238,"+0.238",238,
284,1977,4,3,3,"3","20","jody-scheckter","wolf","ford","goodyear","1:21.887",81887,,,,,,,"+0.257",257,"+0.019",19,
284,1977,4,4,4,"4","12","carlos-reutemann","ferrari","ferrari","goodyear","1:22.260",82260,,,,,,,"+0.630",630,"+0.373",373,
284,1977,4,5,5,"5","26","jacques-laffite","ligier","matra","goodyear","1:22.296",82296,,,,,,,"+0.666",666,"+0.036",36,
284,1977,4,6,6,"6","7","john-watson","brabham","alfa-romeo","goodyear","1:22.372",82372,,,,,,,"+0.742",742,"+0.076",76,
284,1977,4,7,7,"7","28","emerson-fittipaldi","fittipaldi","ford","goodyear","1:22.382",82382,,,,,,,"+0.752",752,"+0.010",10,
284,1977,4,8,8,"8","1","james-hunt","mclaren","ford","goodyear","1:22.529",82529,,,,,,,"+0.899",899,"+0.147",147,
284,1977,4,9,9,"9","34","jean-pierre-jarier","penske","ford","goodyear","1:22.611",82611,,,,,,,"+0.981",981,"+0.082",82,
284,1977,4,10,10,"10","3","ronnie-peterson","tyrrell","ford","goodyear","1:22.655",82655,,,,,,,"+1.025",1025,"+0.044",44,
284,1977,4,11,11,"11","19","vittorio-brambilla","surtees","ford","goodyear","1:22.659",82659,,,,,,,"+1.029",1029,"+0.004",4,
284,1977,4,12,12,"12","4","patrick-depailler","tyrrell","ford","goodyear","1:22.675",82675,,,,,,,"+1.045",1045,"+0.016",16,
284,1977,4,13,13,"13","22","clay-regazzoni","ensign","ford","goodyear","1:22.762",82762,,,,,,,"+1.132",1132,"+0.087",87,
284,1977,4,14,14,"14","17","alan-jones","shadow","ford","goodyear","1:23.056",83056,,,,,,,"+1.426",1426,"+0.294",294,
284,1977,4,15,15,"15","2","jochen-mass","mclaren","ford","goodyear","1:23.231",83231,,,,,,,"+1.601",1601,"+0.175",175,
284,1977,4,16,16,"16","6","gunnar-nilsson","lotus","ford","goodyear","1:23.384",83384,,,,,,,"+1.754",1754,"+0.153",153,
284,1977,4,17,17,"17","8","hans-joachim-stuck","brabham","alfa-romeo","goodyear","1:23.811",83811,,,,,,,"+2.181",2181,"+0.427",427,
284,1977,4,18,18,"18","10","brian-henton","march","ford","goodyear","1:24.036",84036,,,,,,,"+2.406",2406,"+0.225",225,
284,1977,4,19,19,"19","18","hans-binder","surtees","ford","goodyear","1:24.163",84163,,,,,,,"+2.533",2533,"+0.127",127,
284,1977,4,20,20,"20","16","renzo-zorzi","shadow","ford","goodyear","1:24.357",84357,,,,,,,"+2.727",2727,"+0.194",194,
284,1977,4,21,21,"21","30","brett-lunger","march","ford","goodyear","1:24.979",84979,,,,,,,"+3.349",3349,"+0.622",622,
284,1977,4,22,22,"22","9","alex-ribeiro","march","ford","goodyear","1:25.080",85080,,,,,,,"+3.450",3450,"+0.101",101,
285,1977,5,1,1,"1","5","mario-andretti","lotus","ford","goodyear","1:18.700",78700,,,,,,,,,,,
285,1977,5,2,2,"2","26","jacques-laffite","ligier","matra","goodyear","1:19.420",79420,,,,,,,"+0.720",720,"+0.720",720,
285,1977,5,3,3,"3","11","niki-lauda","ferrari","ferrari","goodyear","1:19.480",79480,,,,,,,"+0.780",780,"+0.060",60,
285,1977,5,4,4,"4","12","carlos-reutemann","ferrari","ferrari","goodyear","1:19.520",79520,,,,,,,"+0.820",820,"+0.040",40,
285,1977,5,5,5,"5","20","jody-scheckter","wolf","ford","goodyear","1:19.570",79570,,,,,,,"+0.870",870,"+0.050",50,
285,1977,5,6,6,"6","7","john-watson","brabham","alfa-romeo","goodyear","1:19.870",79870,,,,,,,"+1.170",1170,"+0.300",300,
285,1977,5,7,7,"7","1","james-hunt","mclaren","ford","goodyear","1:20.110",80110,,,,,,,"+1.410",1410,"+0.240",240,
285,1977,5,8,8,"8","22","clay-regazzoni","ensign","ford","goodyear","1:20.130",80130,,,,,,,"+1.430",1430,"+0.020",20,
285,1977,5,9,9,"9","2","jochen-mass","mclaren","ford","goodyear","1:20.140",80140,,,,,,,"+1.440",1440,"+0.010",10,
285,1977,5,10,10,"10","4","patrick-depailler","tyrrell","ford","goodyear","1:20.160",80160,,,,,,,"+1.460",1460,"+0.020",20,
285,1977,5,11,11,"11","19","vittorio-brambilla","surtees","ford","goodyear","1:20.260",80260,,,,,,,"+1.560",1560,"+0.100",100,
285,1977,5,12,12,"12","6","gunnar-nilsson","lotus","ford","goodyear","1:20.380",80380,,,,,,,"+1.680",1680,"+0.120",120,
285,1977,5,13,13,"13","8","hans-joachim-stuck","brabham","alfa-romeo","goodyear","1:20.550",80550,,,,,,,"+1.850",1850,"+0.170",170,
285,1977,5,14,14,"14","17","alan-jones","shadow","ford","goodyear","1:20.740",80740,,,,,,,"+2.040",2040,"+0.190",190,
285,1977,5,15,15,"15","3","ronnie-peterson","tyrrell","ford","goodyear","1:20.960",80960,,,,,,,"+2.260",2260,"+0.220",220,
285,1977,5,16,16,"16","24","rupert-keegan","hesketh","ford","goodyear","1:21.030",81030,,,,,,,"+2.330",2330,"+0.070",70,
285,1977,5,17,17,"17","10","ian-scheckter","march","ford","goodyear","1:21.050",81050,,,,,,,"+2.350",2350,"+0.020",20,
285,1977,5,18,18,"18","25","harald-ertl","hesketh","ford","goodyear","1:21.160",81160,,,,,,,"+2.460",2460,"+0.110",110,
285,1977,5,19,19,"19","28","emerson-fittipaldi","fittipaldi","ford","goodyear","1:21.560",81560,,,,,,,"+2.860",2860,"+0.400",400,
285,1977,5,20,20,"20","18","hans-binder","surtees","ford","goodyear","1:21.730",81730,,,,,,,"+3.030",3030,"+0.170",170,
285,1977,5,21,21,"21","37","arturo-merzario","march","ford","goodyear","1:21.820",81820,,,,,,,"+3.120",3120,"+0.090",90,
285,1977,5,22,22,"22","27","patrick-neve","march","ford","goodyear","1:21.920",81920,,,,,,,"+3.220",3220,"+0.100",100,
285,1977,5,23,23,"23","36","emilio-de-villota","mclaren","ford","goodyear","1:21.970",81970,,,,,,,"+3.270",3270,"+0.050",50,
285,1977,5,24,24,"24","16","renzo-zorzi","shadow","ford","goodyear","1:22.090",82090,,,,,,,"+3.390",3390,"+0.120",120,
285,1977,5,25,25,"25","30","brett-lunger","march","ford","goodyear","1:22.240",82240,,,,,,,"+3.540",3540,"+0.150",150,
285,1977,5,26,26,"26","34","jean-pierre-jarier","penske","ford","goodyear","1:22.270",82270,,,,,,,"+3.570",3570,"+0.030",30,
285,1977,5,27,27,"27","9","alex-ribeiro","march","ford","goodyear","1:22.300",82300,,,,,,,"+3.600",3600,"+0.030",30,
285,1977,5,28,28,"28","33","boy-hayje","march","ford","goodyear","1:22.390",82390,,,,,,,"+3.690",3690,"+0.090",90,
285,1977,5,29,29,"29","38","brian-henton","march","ford","goodyear","1:22.570",82570,,,,,,,"+3.870",3870,"+0.180",180,
285,1977,5,30,30,"30","31","david-purley","lec","ford","goodyear","1:22.890",82890,,,,,,,"+4.190",4190,"+0.320",320,
285,1977,5,31,31,"31","35","conny-andersson","brm","brm","goodyear","1:24.290",84290,,,,,,,"+5.590",5590,"+1.400",1400,
286,1977,6,1,1,"1","7","john-watson","brabham","alfa-romeo","goodyear","1:29.860",89860,,,,,,,,,,,
286,1977,6,2,2,"2","20","jody-scheckter","wolf","ford","goodyear","1:30.270",90270,,,,,,,"+0.410",410,"+0.410",410,
286,1977,6,3,3,"3","12","carlos-reutemann","ferrari","ferrari","goodyear","1:30.440",90440,,,,,,,"+0.580",580,"+0.170",170,
286,1977,6,4,4,"4","3","ronnie-peterson","tyrrell","ford","goodyear","1:30.720",90720,,,,,,,"+0.860",860,"+0.280",280,
286,1977,6,5,5,"5","8","hans-joachim-stuck","brabham","alfa-romeo","goodyear","1:30.730",90730,,,,,,,"+0.870",870,"+0.010",10,
286,1977,6,6,6,"6","11","niki-lauda","ferrari","ferrari","goodyear","1:30.760",90760,,,,,,,"+0.900",900,"+0.030",30,
286,1977,6,7,7,"7","1","james-hunt","mclaren","ford","goodyear","1:30.850",90850,,,,,,,"+0.990",990,"+0.090",90,
286,1977,6,8,8,"8","4","patrick-depailler","tyrrell","ford","goodyear","1:31.160",91160,,,,,,,"+1.300",1300,"+0.310",310,
286,1977,6,9,9,"9","2","jochen-mass","mclaren","ford","goodyear","1:31.360",91360,,,,,,,"+1.500",1500,"+0.200",200,
286,1977,6,10,10,"10","5","mario-andretti","lotus","ford","goodyear","1:31.500",91500,,,,,,,"+1.640",1640,"+0.140",140,
286,1977,6,11,11,"11","17","alan-jones","shadow","ford","goodyear","1:32.040",92040,,,,,,,"+2.180",2180,"+0.540",540,
286,1977,6,12,12,"12","34","jean-pierre-jarier","penske","ford","goodyear","1:32.320",92320,,,,,,,"+2.460",2460,"+0.280",280,
286,1977,6,13,13,"13","6","gunnar-nilsson","lotus","ford","goodyear","1:32.370",92370,,,,,,,"+2.510",2510,"+0.050",50,
286,1977,6,14,14,"14","19","vittorio-brambilla","surtees","ford","goodyear","1:32.400",92400,,,,,,,"+2.540",2540,"+0.030",30,
286,1977,6,15,15,"15","16","riccardo-patrese","shadow","ford","goodyear","1:32.520",92520,,,,,,,"+2.660",2660,"+0.120",120,
286,1977,6,16,16,"16","26","jacques-laffite","ligier","matra","goodyear","1:32.650",92650,,,,,,,"+2.790",2790,"+0.130",130,
286,1977,6,17,17,"17","22","jacky-ickx","ensign","ford","goodyear","1:33.250",93250,,,,,,,"+3.390",3390,"+0.600",600,
286,1977,6,18,18,"18","28","emerson-fittipaldi","fittipaldi","ford","goodyear","1:33.390",93390,,,,,,,"+3.530",3530,"+0.140",140,
286,1977,6,19,19,"19","18","hans-binder","surtees","ford","goodyear","1:33.490",93490,,,,,,,"+3.630",3630,"+0.100",100,
286,1977,6,20,20,"20","24","rupert-keegan","hesketh","ford","goodyear","1:33.780",93780,,,,,,,"+3.920",3920,"+0.290",290,
286,1977,6,21,21,"21","37","arturo-merzario","march","ford","goodyear","1:34.460",94460,,,,,,,"+4.600",4600,"+0.680",680,
286,1977,6,22,22,"22","33","boy-hayje","march","ford","goodyear","1:34.480",94480,,,,,,,"+4.620",4620,"+0.020",20,
286,1977,6,23,23,"23","25","harald-ertl","hesketh","ford","goodyear","1:34.760",94760,,,,,,,"+4.900",4900,"+0.280",280,
286,1977,6,24,24,"24","22","clay-regazzoni","ensign","ford","goodyear","1:35.000",95000,,,,,,,"+5.140",5140,"+0.240",240,
286,1977,6,25,25,"25","9","alex-ribeiro","march","ford","goodyear","1:36.620",96620,,,,,,,"+6.760",6760,"+1.620",1620,
286,1977,6,26,26,"26","10","ian-scheckter","march","ford","goodyear","1:46.300",106300,,,,,,,"+16.440",16440,"+9.680",9680,
287,1977,7,1,1,"1","5","mario-andretti","lotus","ford","goodyear","1:24.640",84640,,,,,,,,,,,
287,1977,7,2,2,"2","7","john-watson","brabham","alfa-romeo","goodyear","1:26.180",86180,,,,,,,"+1.540",1540,"+1.540",1540,
287,1977,7,3,3,"3","6","gunnar-nilsson","lotus","ford","goodyear","1:26.450",86450,,,,,,,"+1.810",1810,"+0.270",270,
287,1977,7,4,4,"4","20","jody-scheckter","wolf","ford","goodyear","1:26.480",86480,,,,,,,"+1.840",1840,"+0.030",30,
287,1977,7,5,5,"5","4","patrick-depailler","tyrrell","ford","goodyear","1:26.710",86710,,,,,,,"+2.070",2070,"+0.230",230,
287,1977,7,6,6,"6","2","jochen-mass","mclaren","ford","goodyear","1:26.810",86810,,,,,,,"+2.170",2170,"+0.100",100,
287,1977,7,7,7,"7","12","carlos-reutemann","ferrari","ferrari","goodyear","1:26.850",86850,,,,,,,"+2.210",2210,"+0.040",40,
287,1977,7,8,8,"8","3","ronnie-peterson","tyrrell","ford","goodyear","1:26.950",86950,,,,,,,"+2.310",2310,"+0.100",100,
287,1977,7,9,9,"9","1","james-hunt","mclaren","ford","goodyear","1:27.040",87040,,,,,,,"+2.400",2400,"+0.090",90,
287,1977,7,10,10,"10","26","jacques-laffite","ligier","matra","goodyear","1:27.050",87050,,,,,,,"+2.410",2410,"+0.010",10,
287,1977,7,11,11,"11","11","niki-lauda","ferrari","ferrari","goodyear","1:27.110",87110,,,,,,,"+2.470",2470,"+0.060",60,
287,1977,7,12,12,"12","19","vittorio-brambilla","surtees","ford","goodyear","1:27.230",87230,,,,,,,"+2.590",2590,"+0.120",120,
287,1977,7,13,13,"13","22","clay-regazzoni","ensign","ford","goodyear","1:27.280",87280,,,,,,,"+2.640",2640,"+0.050",50,
287,1977,7,14,14,"14","37","arturo-merzario","march","ford","goodyear","1:27.330",87330,,,,,,,"+2.690",2690,"+0.050",50,
287,1977,7,15,15,"15","16","riccardo-patrese","shadow","ford","goodyear","1:27.350",87350,,,,,,,"+2.710",2710,"+0.020",20,
287,1977,7,16,16,"16","28","emerson-fittipaldi","fittipaldi","ford","goodyear","1:27.470",87470,,,,,,,"+2.830",2830,"+0.120",120,
287,1977,7,17,17,"17","17","alan-jones","shadow","ford","goodyear","1:27.550",87550,,,,,,,"+2.910",2910,"+0.080",80,
287,1977,7,18,18,"18","8","hans-joachim-stuck","brabham","alfa-romeo","goodyear","1:27.750",87750,,,,,,,"+3.110",3110,"+0.200",200,
287,1977,7,19,19,"19","24","rupert-keegan","hesketh","ford","goodyear","1:28.020",88020,,,,,,,"+3.380",3380,"+0.270",270,
287,1977,7,20,20,"20","31","david-purley","lec","ford","goodyear","1:28.100",88100,,,,,,,"+3.460",3460,"+0.080",80,
287,1977,7,21,21,"21","10","ian-scheckter","march","ford","goodyear","1:28.500",88500,,,,,,,"+3.860",3860,"+0.400",400,
287,1977,7,22,22,"22","30","brett-lunger","mclaren","ford","goodyear","1:28.510",88510,,,,,,,"+3.870",3870,"+0.010",10,
287,1977,7,23,23,"23","18","larry-perkins","surtees","ford","goodyear","1:28.530",88530,,,,,,,"+3.890",3890,"+0.020",20,
287,1977,7,24,24,"24","27","patrick-neve","march","ford","goodyear","1:28.670",88670,,,,,,,"+4.030",4030,"+0.140",140,
287,1977,7,25,25,"25","25","harald-ertl","hesketh","ford","goodyear","1:29.020",89020,,,,,,,"+4.380",4380,"+0.350",350,
287,1977,7,26,26,"26","34","jean-pierre-jarier","penske","ford","goodyear","1:29.110",89110,,,,,,,"+4.470",4470,"+0.090",90,
287,1977,7,27,27,"27","33","boy-hayje","march","ford","goodyear","1:29.460",89460,,,,,,,"+4.820",4820,"+0.350",350,
287,1977,7,28,28,"28","36","emilio-de-villota","mclaren","ford","goodyear","1:30.120",90120,,,,,,,"+5.480",5480,"+0.660",660,
287,1977,7,29,29,"29","35","conny-andersson","brm","brm","goodyear","1:30.240",90240,,,,,,,"+5.600",5600,"+0.120",120,
287,1977,7,30,30,"30","9","alex-ribeiro","march","ford","goodyear","1:30.240",90240,,,,,,,"+5.600",5600,"+0.000",0,
287,1977,7,31,31,"31","38","bernard-de-dryver","march","ford","goodyear","1:30.420",90420,,,,,,,"+5.780",5780,"+0.180",180,
287,1977,7,32,32,"32","39","hector-rebaque","hesketh","ford","goodyear","1:33.300",93300,,,,,,,"+8.660",8660,"+2.880",2880,
288,1977,8,1,1,"1","5","mario-andretti","lotus","ford","goodyear","1:25.404",85404,,,,,,,,,,,
288,1977,8,2,2,"2","7","john-watson","brabham","alfa-romeo","goodyear","1:25.545",85545,,,,,,,"+0.141",141,"+0.141",141,
288,1977,8,3,3,"3","1","james-hunt","mclaren","ford","goodyear","1:25.626",85626,,,,,,,"+0.222",222,"+0.081",81,
288,1977,8,4,4,"4","20","jody-scheckter","wolf","ford","goodyear","1:25.681",85681,,,,,,,"+0.277",277,"+0.055",55,
288,1977,8,5,5,"5","8","hans-joachim-stuck","brabham","alfa-romeo","goodyear","1:26.127",86127,,,,,,,"+0.723",723,"+0.446",446,
288,1977,8,6,6,"6","4","patrick-depailler","tyrrell","ford","goodyear","1:26.209",86209,,,,,,,"+0.805",805,"+0.082",82,
288,1977,8,7,7,"7","6","gunnar-nilsson","lotus","ford","goodyear","1:26.227",86227,,,,,,,"+0.823",823,"+0.018",18,
288,1977,8,8,8,"8","26","jacques-laffite","ligier","matra","goodyear","1:26.259",86259,,,,,,,"+0.855",855,"+0.032",32,
288,1977,8,9,9,"9","2","jochen-mass","mclaren","ford","goodyear","1:26.380",86380,,,,,,,"+0.976",976,"+0.121",121,
288,1977,8,10,10,"10","3","ronnie-peterson","tyrrell","ford","goodyear","1:26.383",86383,,,,,,,"+0.979",979,"+0.003",3,
288,1977,8,11,11,"11","17","alan-jones","shadow","ford","goodyear","1:26.529",86529,,,,,,,"+1.125",1125,"+0.146",146,
288,1977,8,12,12,"12","12","carlos-reutemann","ferrari","ferrari","goodyear","1:26.542",86542,,,,,,,"+1.138",1138,"+0.013",13,
288,1977,8,13,13,"13","19","vittorio-brambilla","surtees","ford","goodyear","1:26.573",86573,,,,,,,"+1.169",1169,"+0.031",31,
288,1977,8,14,14,"14","22","clay-regazzoni","ensign","ford","goodyear","1:26.616",86616,,,,,,,"+1.212",1212,"+0.043",43,
288,1977,8,15,15,"15","11","niki-lauda","ferrari","ferrari","goodyear","1:26.826",86826,,,,,,,"+1.422",1422,"+0.210",210,
288,1977,8,16,16,"16","16","jackie-oliver","shadow","ford","goodyear","1:27.492",87492,,,,,,,"+2.088",2088,"+0.666",666,
288,1977,8,17,17,"17","34","jean-pierre-jarier","penske","ford","goodyear","1:27.537",87537,,,,,,,"+2.133",2133,"+0.045",45,
288,1977,8,18,18,"18","28","emerson-fittipaldi","fittipaldi","ford","goodyear","1:27.620",87620,,,,,,,"+2.216",2216,"+0.083",83,
288,1977,8,19,19,"19","31","david-purley","lec","ford","goodyear","1:27.716",87716,,,,,,,"+2.312",2312,"+0.096",96,
288,1977,8,20,20,"20","27","patrick-neve","march","ford","goodyear","1:27.758",87758,,,,,,,"+2.354",2354,"+0.042",42,
288,1977,8,21,21,"21","10","ian-scheckter","march","ford","goodyear","1:27.806",87806,,,,,,,"+2.402",2402,"+0.048",48,
288,1977,8,22,22,"22","30","brett-lunger","mclaren","ford","goodyear","1:28.205",88205,,,,,,,"+2.801",2801,"+0.399",399,
288,1977,8,23,23,"23","25","harald-ertl","hesketh","ford","goodyear","1:28.377",88377,,,,,,,"+2.973",2973,"+0.172",172,
288,1977,8,24,24,"24","24","rupert-keegan","hesketh","ford","goodyear","1:28.404",88404,,,,,,,"+3.000",3000,"+0.027",27,
288,1977,8,25,25,"25","9","alex-ribeiro","march","ford","goodyear","1:28.463",88463,,,,,,,"+3.059",3059,"+0.059",59,
288,1977,8,26,26,"26","36","emilio-de-villota","mclaren","ford","goodyear","1:28.708",88708,,,,,,,"+3.304",3304,"+0.245",245,
288,1977,8,27,27,"27","18","larry-perkins","surtees","ford","goodyear","1:28.766",88766,,,,,,,"+3.362",3362,"+0.058",58,
288,1977,8,28,28,"28","33","boy-hayje","march","ford","goodyear","1:29.086",89086,,,,,,,"+3.682",3682,"+0.320",320,
288,1977,8,29,29,"29","39","hector-rebaque","hesketh","ford","goodyear","1:29.889",89889,,,,,,,"+4.485",4485,"+0.803",803,
288,1977,8,30,30,"30","35","conny-andersson","brm","brm","goodyear","1:30.286",90286,,,,,,,"+4.882",4882,"+0.397",397,
288,1977,8,31,31,"31","32","mikko-kozarowitzky","march","ford","goodyear","1:31.079",91079,,,,,,,"+5.675",5675,"+0.793",793,
289,1977,9,1,1,"1","5","mario-andretti","lotus","ford","goodyear","1:12.210",72210,,,,,,,,,,,
289,1977,9,2,2,"2","1","james-hunt","mclaren","ford","goodyear","1:12.730",72730,,,,,,,"+0.520",520,"+0.520",520,
289,1977,9,3,3,"3","6","gunnar-nilsson","lotus","ford","goodyear","1:12.790",72790,,,,,,,"+0.580",580,"+0.060",60,
289,1977,9,4,4,"4","7","john-watson","brabham","alfa-romeo","goodyear","1:12.830",72830,,,,,,,"+0.620",620,"+0.040",40,
289,1977,9,5,5,"5","26","jacques-laffite","ligier","matra","goodyear","1:13.300",73300,,,,,,,"+1.090",1090,"+0.470",470,
289,1977,9,6,6,"6","12","carlos-reutemann","ferrari","ferrari","goodyear","1:13.360",73360,,,,,,,"+1.150",1150,"+0.060",60,
289,1977,9,7,7,"7","2","jochen-mass","mclaren","ford","goodyear","1:13.410",73410,,,,,,,"+1.200",1200,"+0.050",50,
289,1977,9,8,8,"8","20","jody-scheckter","wolf","ford","goodyear","1:13.450",73450,,,,,,,"+1.240",1240,"+0.040",40,
289,1977,9,9,9,"9","11","niki-lauda","ferrari","ferrari","goodyear","1:13.520",73520,,,,,,,"+1.310",1310,"+0.070",70,
289,1977,9,10,10,"10","17","alan-jones","shadow","ford","goodyear","1:13.560",73560,,,,,,,"+1.350",1350,"+0.040",40,
289,1977,9,11,11,"11","19","vittorio-brambilla","surtees","ford","goodyear","1:13.610",73610,,,,,,,"+1.400",1400,"+0.050",50,
289,1977,9,12,12,"12","4","patrick-depailler","tyrrell","ford","goodyear","1:13.660",73660,,,,,,,"+1.450",1450,"+0.050",50,
289,1977,9,13,13,"13","8","hans-joachim-stuck","brabham","alfa-romeo","goodyear","1:13.670",73670,,,,,,,"+1.460",1460,"+0.010",10,
289,1977,9,14,14,"14","24","rupert-keegan","hesketh","ford","goodyear","1:13.710",73710,,,,,,,"+1.500",1500,"+0.040",40,
289,1977,9,15,15,"15","16","riccardo-patrese","shadow","ford","goodyear","1:13.870",73870,,,,,,,"+1.660",1660,"+0.160",160,
289,1977,9,16,16,"16","22","clay-regazzoni","ensign","ford","goodyear","1:13.900",73900,,,,,,,"+1.690",1690,"+0.030",30,
289,1977,9,17,17,"17","3","ronnie-peterson","tyrrell","ford","goodyear","1:13.920",73920,,,,,,,"+1.710",1710,"+0.020",20,
289,1977,9,18,18,"18","37","arturo-merzario","march","ford","goodyear","1:13.920",73920,,,,,,,"+1.710",1710,"+0.000",0,
289,1977,9,19,19,"19","34","jean-pierre-jarier","penske","ford","goodyear","1:14.170",74170,,,,,,,"+1.960",1960,"+0.250",250,
289,1977,9,20,20,"20","10","ian-scheckter","march","ford","goodyear","1:14.240",74240,,,,,,,"+2.030",2030,"+0.070",70,
289,1977,9,21,21,"21","31","david-purley","lec","ford","goodyear","1:14.390",74390,,,,,,,"+2.180",2180,"+0.150",150,
289,1977,9,22,22,"22","28","emerson-fittipaldi","fittipaldi","ford","goodyear","1:14.450",74450,,,,,,,"+2.240",2240,"+0.060",60,
289,1977,9,23,23,"23","9","alex-ribeiro","march","ford","goodyear","1:14.600",74600,,,,,,,"+2.390",2390,"+0.150",150,
289,1977,9,24,24,"24","27","patrick-neve","march","ford","goodyear","1:14.740",74740,,,,,,,"+2.530",2530,"+0.140",140,
289,1977,9,25,25,"25","30","brett-lunger","mclaren","ford","goodyear","1:14.830",74830,,,,,,,"+2.620",2620,"+0.090",90,
289,1977,9,26,26,"26","25","harald-ertl","hesketh","ford","goodyear","1:15.060",75060,,,,,,,"+2.850",2850,"+0.230",230,
289,1977,9,27,27,"27","18","larry-perkins","surtees","ford","goodyear","1:15.130",75130,,,,,,,"+2.920",2920,"+0.070",70,
289,1977,9,28,28,"28","39","hector-rebaque","hesketh","ford","goodyear","1:15.880",75880,,,,,,,"+3.670",3670,"+0.750",750,
289,1977,9,29,29,"29","18","patrick-tambay","surtees","ford","goodyear","1:16.060",76060,,,,,,,"+3.850",3850,"+0.180",180,
289,1977,9,30,30,"30","35","conny-andersson","brm","brm","goodyear","1:16.170",76170,,,,,,,"+3.960",3960,"+0.110",110,
290,1977,10,1,1,"1","1","james-hunt","mclaren","ford","goodyear","1:18.490",78490,,,,,,,,,,,
290,1977,10,2,2,"2","7","john-watson","brabham","alfa-romeo","goodyear","1:18.770",78770,,,,,,,"+0.280",280,"+0.280",280,
290,1977,10,3,3,"3","11","niki-lauda","ferrari","ferrari","goodyear","1:18.840",78840,,,,,,,"+0.350",350,"+0.070",70,
290,1977,10,4,4,"4","20","jody-scheckter","wolf","ford","goodyear","1:18.850",78850,,,,,,,"+0.360",360,"+0.010",10,
290,1977,10,5,5,"5","6","gunnar-nilsson","lotus","ford","goodyear","1:18.950",78950,,,,,,,"+0.460",460,"+0.100",100,
290,1977,10,6,6,"6","5","mario-andretti","lotus","ford","goodyear","1:19.110",79110,,,,,,,"+0.620",620,"+0.160",160,
290,1977,10,7,7,"7","8","hans-joachim-stuck","brabham","alfa-romeo","goodyear","1:19.160",79160,,,,,,,"+0.670",670,"+0.050",50,
290,1977,10,8,8,"8","19","vittorio-brambilla","surtees","ford","goodyear","1:19.200",79200,,,,,,,"+0.710",710,"+0.040",40,
290,1977,10,9,9,"9","40","gilles-villeneuve","mclaren","ford","goodyear","1:19.320",79320,,,,,,,"+0.830",830,"+0.120",120,
290,1977,10,10,10,"10","3","ronnie-peterson","tyrrell","ford","goodyear","1:19.420",79420,,,,,,,"+0.930",930,"+0.100",100,
290,1977,10,11,11,"11","2","jochen-mass","mclaren","ford","goodyear","1:19.550",79550,,,,,,,"+1.060",1060,"+0.130",130,
290,1977,10,12,12,"12","17","alan-jones","shadow","ford","goodyear","1:19.600",79600,,,,,,,"+1.110",1110,"+0.050",50,
290,1977,10,13,13,"13","24","rupert-keegan","hesketh","ford","goodyear","1:19.640",79640,,,,,,,"+1.150",1150,"+0.040",40,
290,1977,10,14,14,"14","12","carlos-reutemann","ferrari","ferrari","goodyear","1:19.640",79640,,,,,,,"+1.150",1150,"+0.000",0,
290,1977,10,15,15,"15","26","jacques-laffite","ligier","matra","goodyear","1:19.750",79750,,,,,,,"+1.260",1260,"+0.110",110,
290,1977,10,16,16,"16","23","patrick-tambay","ensign","ford","goodyear","1:19.810",79810,,,,,,,"+1.320",1320,"+0.060",60,
290,1977,10,17,17,"17","37","arturo-merzario","march","ford","goodyear","1:19.880",79880,,,,,,,"+1.390",1390,"+0.070",70,
290,1977,10,18,18,"18","4","patrick-depailler","tyrrell","ford","goodyear","1:19.900",79900,,,,,,,"+1.410",1410,"+0.020",20,
290,1977,10,19,19,"19","30","brett-lunger","mclaren","ford","goodyear","1:20.060",80060,,,,,,,"+1.570",1570,"+0.160",160,
290,1977,10,20,20,"20","34","jean-pierre-jarier","penske","ford","goodyear","1:20.100",80100,,,,,,,"+1.610",1610,"+0.040",40,
290,1977,10,21,21,"21","15","jean-pierre-jabouille","renault","renault","michelin","1:20.110",80110,,,,,,,"+1.620",1620,"+0.010",10,
290,1977,10,22,22,"22","28","emerson-fittipaldi","fittipaldi","ford","goodyear","1:20.200",80200,,,,,,,"+1.710",1710,"+0.090",90,
290,1977,10,23,23,"23","18","vern-schuppan","surtees","ford","goodyear","1:20.240",80240,,,,,,,"+1.750",1750,"+0.040",40,
290,1977,10,24,24,"24","10","ian-scheckter","march","ford","goodyear","1:20.310",80310,,,,,,,"+1.820",1820,"+0.070",70,
290,1977,10,25,25,"25","16","riccardo-patrese","shadow","ford","goodyear","1:20.350",80350,,,,,,,"+1.860",1860,"+0.040",40,
290,1977,10,26,26,"26","27","patrick-neve","march","ford","goodyear","1:20.360",80360,,,,,,,"+1.870",1870,"+0.010",10,
290,1977,10,27,27,"27","9","alex-ribeiro","march","ford","goodyear","1:20.460",80460,,,,,,,"+1.970",1970,"+0.100",100,
290,1977,10,28,28,"28","22","clay-regazzoni","ensign","ford","goodyear","1:20.790",80790,,,,,,,"+2.300",2300,"+0.330",330,
290,1977,10,29,29,"29","38","brian-henton","march","ford","goodyear","1:20.790",80790,,,,,,,"+2.300",2300,"+0.000",0,
290,1977,10,30,30,"30","36","emilio-de-villota","mclaren","ford","goodyear","1:21.530",81530,,,,,,,"+3.040",3040,"+0.740",740,
291,1977,11,1,1,"1","20","jody-scheckter","wolf","ford","goodyear","1:53.070",113070,,,,,,,,,,,
291,1977,11,2,2,"2","7","john-watson","brabham","alfa-romeo","goodyear","1:53.340",113340,,,,,,,"+0.270",270,"+0.270",270,
291,1977,11,3,3,"3","11","niki-lauda","ferrari","ferrari","goodyear","1:53.530",113530,,,,,,,"+0.460",460,"+0.190",190,
291,1977,11,4,4,"4","1","james-hunt","mclaren","ford","goodyear","1:53.680",113680,,,,,,,"+0.610",610,"+0.150",150,
291,1977,11,5,5,"5","8","hans-joachim-stuck","brabham","alfa-romeo","goodyear","1:53.910",113910,,,,,,,"+0.840",840,"+0.230",230,
291,1977,11,6,6,"6","26","jacques-laffite","ligier","matra","goodyear","1:53.970",113970,,,,,,,"+0.900",900,"+0.060",60,
291,1977,11,7,7,"7","5","mario-andretti","lotus","ford","goodyear","1:53.990",113990,,,,,,,"+0.920",920,"+0.020",20,
291,1977,11,8,8,"8","12","carlos-reutemann","ferrari","ferrari","goodyear","1:54.270",114270,,,,,,,"+1.200",1200,"+0.280",280,
291,1977,11,9,9,"9","6","gunnar-nilsson","lotus","ford","goodyear","1:54.440",114440,,,,,,,"+1.370",1370,"+0.170",170,
291,1977,11,10,10,"10","19","vittorio-brambilla","surtees","ford","goodyear","1:54.530",114530,,,,,,,"+1.460",1460,"+0.090",90,
291,1977,11,11,11,"11","23","patrick-tambay","ensign","ford","goodyear","1:54.770",114770,,,,,,,"+1.700",1700,"+0.240",240,
291,1977,11,12,12,"12","34","jean-pierre-jarier","penske","ford","goodyear","1:55.190",115190,,,,,,,"+2.120",2120,"+0.420",420,
291,1977,11,13,13,"13","2","jochen-mass","mclaren","ford","goodyear","1:55.250",115250,,,,,,,"+2.180",2180,"+0.060",60,
291,1977,11,14,14,"14","3","ronnie-peterson","tyrrell","ford","goodyear","1:55.700",115700,,,,,,,"+2.630",2630,"+0.450",450,
291,1977,11,15,15,"15","4","patrick-depailler","tyrrell","ford","goodyear","1:55.920",115920,,,,,,,"+2.850",2850,"+0.220",220,
291,1977,11,16,16,"16","16","riccardo-patrese","shadow","ford","goodyear","1:56.090",116090,,,,,,,"+3.020",3020,"+0.170",170,
291,1977,11,17,17,"17","17","alan-jones","shadow","ford","goodyear","1:56.220",116220,,,,,,,"+3.150",3150,"+0.130",130,
291,1977,11,18,18,"18","10","ian-scheckter","march","ford","goodyear","1:56.350",116350,,,,,,,"+3.280",3280,"+0.130",130,
291,1977,11,19,19,"19","18","vern-schuppan","surtees","ford","goodyear","1:56.540",116540,,,,,,,"+3.470",3470,"+0.190",190,
291,1977,11,20,20,"20","9","alex-ribeiro","march","ford","goodyear","1:56.630",116630,,,,,,,"+3.560",3560,"+0.090",90,
291,1977,11,21,21,"21","30","brett-lunger","mclaren","ford","goodyear","1:56.640",116640,,,,,,,"+3.570",3570,"+0.010",10,
291,1977,11,22,22,"22","22","clay-regazzoni","ensign","ford","goodyear","1:56.680",116680,,,,,,,"+3.610",3610,"+0.040",40,
291,1977,11,23,23,"23","24","rupert-keegan","hesketh","ford","goodyear","1:56.890",116890,,,,,,,"+3.820",3820,"+0.210",210,
291,1977,11,24,24,"24","25","hector-rebaque","hesketh","ford","goodyear","1:57.180",117180,,,,,,,"+4.110",4110,"+0.290",290,
291,1977,11,25,25,"25","27","patrick-neve","march","ford","goodyear","1:57.260",117260,,,,,,,"+4.190",4190,"+0.080",80,
291,1977,11,26,26,"26","36","emilio-de-villota","mclaren","ford","goodyear","1:57.390",117390,,,,,,,"+4.320",4320,"+0.130",130,
291,1977,11,27,27,"27","35","hans-heyer","penske","ford","goodyear","1:57.580",117580,,,,,,,"+4.510",4510,"+0.190",190,
291,1977,11,28,28,"28","28","emerson-fittipaldi","fittipaldi","ford","goodyear","1:58.530",118530,,,,,,,"+5.460",5460,"+0.950",950,
291,1977,11,29,29,"29","37","arturo-merzario","march","ford","goodyear","1:59.130",119130,,,,,,,"+6.060",6060,"+0.600",600,
291,1977,11,30,30,"30","40","teddy-pilette","brm","brm","goodyear","1:59.550",119550,,,,,,,"+6.480",6480,"+0.420",420,
292,1977,12,1,1,"1","11","niki-lauda","ferrari","ferrari","goodyear","1:39.320",99320,,,,,,,,,,,
292,1977,12,2,2,"2","1","james-hunt","mclaren","ford","goodyear","1:39.450",99450,,,,,,,"+0.130",130,"+0.130",130,
292,1977,12,3,3,"3","5","mario-andretti","lotus","ford","goodyear","1:39.740",99740,,,,,,,"+0.420",420,"+0.290",290,
292,1977,12,4,4,"4","8","hans-joachim-stuck","brabham","alfa-romeo","goodyear","1:39.970",99970,,,,,,,"+0.650",650,"+0.230",230,
292,1977,12,5,5,"5","12","carlos-reutemann","ferrari","ferrari","goodyear","1:40.120",100120,,,,,,,"+0.800",800,"+0.150",150,
292,1977,12,6,6,"6","26","jacques-laffite","ligier","matra","goodyear","1:40.220",100220,,,,,,,"+0.900",900,"+0.100",100,
292,1977,12,7,7,"7","23","patrick-tambay","ensign","ford","goodyear","1:40.290",100290,,,,,,,"+0.970",970,"+0.070",70,
292,1977,12,8,8,"8","20","jody-scheckter","wolf","ford","goodyear","1:40.400",100400,,,,,,,"+1.080",1080,"+0.110",110,
292,1977,12,9,9,"9","2","jochen-mass","mclaren","ford","goodyear","1:40.440",100440,,,,,,,"+1.120",1120,"+0.040",40,
292,1977,12,10,10,"10","4","patrick-depailler","tyrrell","ford","goodyear","1:40.620",100620,,,,,,,"+1.300",1300,"+0.180",180,
292,1977,12,11,11,"11","22","clay-regazzoni","ensign","ford","goodyear","1:40.740",100740,,,,,,,"+1.420",1420,"+0.120",120,
292,1977,12,12,12,"12","7","john-watson","brabham","alfa-romeo","goodyear","1:40.920",100920,,,,,,,"+1.600",1600,"+0.180",180,
292,1977,12,13,13,"13","19","vittorio-brambilla","surtees","ford","goodyear","1:40.930",100930,,,,,,,"+1.610",1610,"+0.010",10,
292,1977,12,14,14,"14","17","alan-jones","shadow","ford","goodyear","1:41.000",101000,,,,,,,"+1.680",1680,"+0.070",70,
292,1977,12,15,15,"15","3","ronnie-peterson","tyrrell","ford","goodyear","1:41.130",101130,,,,,,,"+1.810",1810,"+0.130",130,
292,1977,12,16,16,"16","6","gunnar-nilsson","lotus","ford","goodyear","1:41.240",101240,,,,,,,"+1.920",1920,"+0.110",110,
292,1977,12,17,17,"17","30","brett-lunger","mclaren","ford","goodyear","1:41.400",101400,,,,,,,"+2.080",2080,"+0.160",160,
292,1977,12,18,18,"18","34","jean-pierre-jarier","penske","ford","goodyear","1:41.700",101700,,,,,,,"+2.380",2380,"+0.300",300,
292,1977,12,19,19,"19","33","hans-binder","penske","ford","goodyear","1:41.710",101710,,,,,,,"+2.390",2390,"+0.010",10,
292,1977,12,20,20,"20","24","rupert-keegan","hesketh","ford","goodyear","1:41.920",101920,,,,,,,"+2.600",2600,"+0.210",210,
292,1977,12,21,21,"21","16","arturo-merzario","shadow","ford","goodyear","1:41.920",101920,,,,,,,"+2.600",2600,"+0.000",0,
292,1977,12,22,22,"22","27","patrick-neve","march","ford","goodyear","1:41.960",101960,,,,,,,"+2.640",2640,"+0.040",40,
292,1977,12,23,23,"23","28","emerson-fittipaldi","fittipaldi","ford","goodyear","1:42.150",102150,,,,,,,"+2.830",2830,"+0.190",190,
292,1977,12,24,24,"24","10","ian-scheckter","march","ford","goodyear","1:42.220",102220,,,,,,,"+2.900",2900,"+0.070",70,
292,1977,12,25,25,"25","18","vern-schuppan","surtees","ford","goodyear","1:42.310",102310,,,,,,,"+2.990",2990,"+0.090",90,
292,1977,12,26,26,"26","36","emilio-de-villota","mclaren","ford","goodyear","1:42.380",102380,,,,,,,"+3.060",3060,"+0.070",70,
292,1977,12,27,27,"27","38","brian-henton","march","ford","goodyear","1:42.430",102430,,,,,,,"+3.110",3110,"+0.050",50,
292,1977,12,28,28,"28","39","ian-ashley","hesketh","ford","goodyear","1:42.520",102520,,,,,,,"+3.200",3200,"+0.090",90,
292,1977,12,29,29,"29","25","hector-rebaque","hesketh","ford","goodyear","1:42.750",102750,,,,,,,"+3.430",3430,"+0.230",230,
292,1977,12,30,30,"30","9","alex-ribeiro","march","ford","goodyear","1:43.030",103030,,,,,,,"+3.710",3710,"+0.280",280,
293,1977,13,1,1,"1","5","mario-andretti","lotus","ford","goodyear","1:18.650",78650,,,,,,,,,,,
293,1977,13,2,2,"2","26","jacques-laffite","ligier","matra","goodyear","1:19.270",79270,,,,,,,"+0.620",620,"+0.620",620,
293,1977,13,3,3,"3","1","james-hunt","mclaren","ford","goodyear","1:19.500",79500,,,,,,,"+0.850",850,"+0.230",230,
293,1977,13,4,4,"4","11","niki-lauda","ferrari","ferrari","goodyear","1:19.540",79540,,,,,,,"+0.890",890,"+0.040",40,
293,1977,13,5,5,"5","6","gunnar-nilsson","lotus","ford","goodyear","1:19.570",79570,,,,,,,"+0.920",920,"+0.030",30,
293,1977,13,6,6,"6","12","carlos-reutemann","ferrari","ferrari","goodyear","1:19.660",79660,,,,,,,"+1.010",1010,"+0.090",90,
293,1977,13,7,7,"7","3","ronnie-peterson","tyrrell","ford","goodyear","1:19.850",79850,,,,,,,"+1.200",1200,"+0.190",190,
293,1977,13,8,8,"8","7","john-watson","brabham","alfa-romeo","goodyear","1:19.930",79930,,,,,,,"+1.280",1280,"+0.080",80,
293,1977,13,9,9,"9","22","clay-regazzoni","ensign","ford","goodyear","1:19.930",79930,,,,,,,"+1.280",1280,"+0.000",0,
293,1977,13,10,10,"10","15","jean-pierre-jabouille","renault","renault","michelin","1:20.130",80130,,,,,,,"+1.480",1480,"+0.200",200,
293,1977,13,11,11,"11","4","patrick-depailler","tyrrell","ford","goodyear","1:20.140",80140,,,,,,,"+1.490",1490,"+0.010",10,
293,1977,13,12,12,"12","23","patrick-tambay","ensign","ford","goodyear","1:20.230",80230,,,,,,,"+1.580",1580,"+0.090",90,
293,1977,13,13,13,"13","17","alan-jones","shadow","ford","goodyear","1:20.240",80240,,,,,,,"+1.590",1590,"+0.010",10,
293,1977,13,14,14,"14","2","jochen-mass","mclaren","ford","goodyear","1:20.240",80240,,,,,,,"+1.590",1590,"+0.000",0,
293,1977,13,15,15,"15","20","jody-scheckter","wolf","ford","goodyear","1:20.240",80240,,,,,,,"+1.590",1590,"+0.000",0,
293,1977,13,16,16,"16","16","riccardo-patrese","shadow","ford","goodyear","1:20.430",80430,,,,,,,"+1.780",1780,"+0.190",190,
293,1977,13,17,17,"17","28","emerson-fittipaldi","fittipaldi","ford","goodyear","1:20.530",80530,,,,,,,"+1.880",1880,"+0.100",100,
293,1977,13,18,18,"18","35","hans-binder","penske","ford","goodyear","1:20.840",80840,,,,,,,"+2.190",2190,"+0.310",310,
293,1977,13,19,19,"19","8","hans-joachim-stuck","brabham","alfa-romeo","goodyear","1:20.860",80860,,,,,,,"+2.210",2210,"+0.020",20,
293,1977,13,20,20,"20","30","brett-lunger","mclaren","ford","goodyear","1:20.870",80870,,,,,,,"+2.220",2220,"+0.010",10,
293,1977,13,21,21,"21","34","jean-pierre-jarier","penske","ford","goodyear","1:21.060",81060,,,,,,,"+2.410",2410,"+0.190",190,
293,1977,13,22,22,"22","19","vittorio-brambilla","surtees","ford","goodyear","1:21.120",81120,,,,,,,"+2.470",2470,"+0.060",60,
293,1977,13,23,23,"23","38","brian-henton","boro","ford","goodyear","1:21.130",81130,,,,,,,"+2.480",2480,"+0.010",10,
293,1977,13,24,24,"24","9","alex-ribeiro","march","ford","goodyear","1:21.160",81160,,,,,,,"+2.510",2510,"+0.030",30,
293,1977,13,25,25,"25","10","ian-scheckter","march","ford","goodyear","1:21.190",81190,,,,,,,"+2.540",2540,"+0.030",30,
293,1977,13,26,26,"26","24","rupert-keegan","hesketh","ford","goodyear","1:21.530",81530,,,,,,,"+2.880",2880,"+0.340",340,
293,1977,13,27,27,"27","27","patrick-neve","march","ford","goodyear","1:21.670",81670,,,,,,,"+3.020",3020,"+0.140",140,
293,1977,13,28,28,"28","37","arturo-merzario","march","ford","goodyear","1:21.790",81790,,,,,,,"+3.140",3140,"+0.120",120,
293,1977,13,29,29,"29","18","vern-schuppan","surtees","ford","goodyear","1:21.800",81800,,,,,,,"+3.150",3150,"+0.010",10,
293,1977,13,30,30,"30","39","ian-ashley","hesketh","ford","goodyear","1:21.850",81850,,,,,,,"+3.200",3200,"+0.050",50,
293,1977,13,31,31,"31","33","boy-hayje","march","ford","goodyear","1:22.200",82200,,,,,,,"+3.550",3550,"+0.350",350,
293,1977,13,32,32,"32","25","hector-rebaque","hesketh","ford","goodyear","1:22.490",82490,,,,,,,"+3.840",3840,"+0.290",290,
293,1977,13,33,33,"33","29","teddy-pilette","brm","brm","goodyear","1:23.070",83070,,,,,,,"+4.420",4420,"+0.580",580,
293,1977,13,34,34,"34","32","michael-bleekemolen","march","ford","goodyear","1:26.680",86680,,,,,,,"+8.030",8030,"+3.610",3610,
294,1977,14,1,1,"1","1","james-hunt","mclaren","ford","goodyear","1:38.080",98080,,,,,,,,,,,
294,1977,14,2,2,"2","12","carlos-reutemann","ferrari","ferrari","goodyear","1:38.150",98150,,,,,,,"+0.070",70,"+0.070",70,
294,1977,14,3,3,"3","20","jody-scheckter","wolf","ford","goodyear","1:38.290",98290,,,,,,,"+0.210",210,"+0.140",140,
294,1977,14,4,4,"4","5","mario-andretti","lotus","ford","goodyear","1:38.370",98370,,,,,,,"+0.290",290,"+0.080",80,
294,1977,14,5,5,"5","11","niki-lauda","ferrari","ferrari","goodyear","1:38.540",98540,,,,,,,"+0.460",460,"+0.170",170,
294,1977,14,6,6,"6","16","riccardo-patrese","shadow","ford","goodyear","1:38.683",98683,,,,,,,"+0.603",603,"+0.143",143,
294,1977,14,7,7,"7","22","clay-regazzoni","ensign","ford","goodyear","1:38.684",98684,,,,,,,"+0.604",604,"+0.001",1,
294,1977,14,8,8,"8","26","jacques-laffite","ligier","matra","goodyear","1:38.770",98770,,,,,,,"+0.690",690,"+0.086",86,
294,1977,14,9,9,"9","2","jochen-mass","mclaren","ford","goodyear","1:38.860",98860,,,,,,,"+0.780",780,"+0.090",90,
294,1977,14,10,10,"10","19","vittorio-brambilla","surtees","ford","goodyear","1:38.920",98920,,,,,,,"+0.840",840,"+0.060",60,
294,1977,14,11,11,"11","8","hans-joachim-stuck","brabham","alfa-romeo","goodyear","1:39.050",99050,,,,,,,"+0.970",970,"+0.130",130,
294,1977,14,12,12,"12","3","ronnie-peterson","tyrrell","ford","goodyear","1:39.170",99170,,,,,,,"+1.090",1090,"+0.120",120,
294,1977,14,13,13,"13","4","patrick-depailler","tyrrell","ford","goodyear","1:39.180",99180,,,,,,,"+1.100",1100,"+0.010",10,
294,1977,14,14,14,"14","7","john-watson","brabham","alfa-romeo","goodyear","1:39.210",99210,,,,,,,"+1.130",1130,"+0.030",30,
294,1977,14,15,15,"15","14","bruno-giacomelli","mclaren","ford","goodyear","1:39.420",99420,,,,,,,"+1.340",1340,"+0.210",210,
294,1977,14,16,16,"16","17","alan-jones","shadow","ford","goodyear","1:39.500",99500,,,,,,,"+1.420",1420,"+0.080",80,
294,1977,14,17,17,"17","10","ian-scheckter","march","ford","goodyear","1:39.620",99620,,,,,,,"+1.540",1540,"+0.120",120,
294,1977,14,18,18,"18","34","jean-pierre-jarier","penske","ford","goodyear","1:39.630",99630,,,,,,,"+1.550",1550,"+0.010",10,
294,1977,14,19,19,"19","6","gunnar-nilsson","lotus","ford","goodyear","1:39.850",99850,,,,,,,"+1.770",1770,"+0.220",220,
294,1977,14,20,20,"20","15","jean-pierre-jabouille","renault","renault","michelin","1:40.030",100030,,,,,,,"+1.950",1950,"+0.180",180,
294,1977,14,21,21,"21","23","patrick-tambay","ensign","ford","goodyear","1:40.190",100190,,,,,,,"+2.110",2110,"+0.160",160,
294,1977,14,22,22,"22","30","brett-lunger","mclaren","ford","goodyear","1:40.260",100260,,,,,,,"+2.180",2180,"+0.070",70,
294,1977,14,23,23,"23","24","rupert-keegan","hesketh","ford","goodyear","1:40.280",100280,,,,,,,"+2.200",2200,"+0.020",20,
294,1977,14,24,24,"24","27","patrick-neve","march","ford","goodyear","1:40.510",100510,,,,,,,"+2.430",2430,"+0.230",230,
294,1977,14,25,25,"25","9","alex-ribeiro","march","ford","goodyear","1:40.790",100790,,,,,,,"+2.710",2710,"+0.280",280,
294,1977,14,26,26,"26","28","emerson-fittipaldi","fittipaldi","ford","goodyear","1:40.970",100970,,,,,,,"+2.890",2890,"+0.180",180,
294,1977,14,27,27,"27","18","lamberto-leoni","surtees","ford","goodyear","1:41.030",101030,,,,,,,"+2.950",2950,"+0.060",60,
294,1977,14,28,28,"28","38","brian-henton","boro","ford","goodyear","1:41.130",101130,,,,,,,"+3.050",3050,"+0.100",100,
294,1977,14,29,29,"29","36","emilio-de-villota","mclaren","ford","goodyear","1:41.210",101210,,,,,,,"+3.130",3130,"+0.080",80,
294,1977,14,30,30,"30","25","ian-ashley","hesketh","ford","goodyear","1:41.220",101220,,,,,,,"+3.140",3140,"+0.010",10,
294,1977,14,31,31,"31","35","teddy-pilette","brm","brm","goodyear","1:41.920",101920,,,,,,,"+3.840",3840,"+0.700",700,
294,1977,14,32,32,"32","33","hans-binder","penske","ford","goodyear","1:43.100",103100,,,,,,,"+5.020",5020,"+1.180",1180,
294,1977,14,33,33,"33","41","loris-kessel","apollon","ford","goodyear","1:46.680",106680,,,,,,,"+8.600",8600,"+3.580",3580,
294,1977,14,34,34,"34","21","giorgio-francia","brabham","alfa-romeo","goodyear","1:49.670",109670,,,,,,,"+11.590",11590,"+2.990",2990,
295,1977,15,1,1,"1","1","james-hunt","mclaren","ford","goodyear","1:40.863",100863,,,,,,,,,,,
295,1977,15,2,2,"2","8","hans-joachim-stuck","brabham","alfa-romeo","goodyear","1:41.138",101138,,,,,,,"+0.275",275,"+0.275",275,
295,1977,15,3,3,"3","7","john-watson","brabham","alfa-romeo","goodyear","1:41.193",101193,,,,,,,"+0.330",330,"+0.055",55,
295,1977,15,4,4,"4","5","mario-andretti","lotus","ford","goodyear","1:41.481",101481,,,,,,,"+0.618",618,"+0.288",288,
295,1977,15,5,5,"5","3","ronnie-peterson","tyrrell","ford","goodyear","1:41.908",101908,,,,,,,"+1.045",1045,"+0.427",427,
295,1977,15,6,6,"6","12","carlos-reutemann","ferrari","ferrari","goodyear","1:41.952",101952,,,,,,,"+1.089",1089,"+0.044",44,
295,1977,15,7,7,"7","11","niki-lauda","ferrari","ferrari","goodyear","1:42.089",102089,,,,,,,"+1.226",1226,"+0.137",137,
295,1977,15,8,8,"8","4","patrick-depailler","tyrrell","ford","goodyear","1:42.238",102238,,,,,,,"+1.375",1375,"+0.149",149,
295,1977,15,9,9,"9","20","jody-scheckter","wolf","ford","goodyear","1:42.315",102315,,,,,,,"+1.452",1452,"+0.077",77,
295,1977,15,10,10,"10","26","jacques-laffite","ligier","matra","goodyear","1:42.640",102640,,,,,,,"+1.777",1777,"+0.325",325,
295,1977,15,11,11,"11","19","vittorio-brambilla","surtees","ford","goodyear","1:42.786",102786,,,,,,,"+1.923",1923,"+0.146",146,
295,1977,15,12,12,"12","6","gunnar-nilsson","lotus","ford","goodyear","1:42.815",102815,,,,,,,"+1.952",1952,"+0.029",29,
295,1977,15,13,13,"13","17","alan-jones","shadow","ford","goodyear","1:43.019",103019,,,,,,,"+2.156",2156,"+0.204",204,
295,1977,15,14,14,"14","15","jean-pierre-jabouille","renault","renault","michelin","1:43.069",103069,,,,,,,"+2.206",2206,"+0.050",50,
295,1977,15,15,15,"15","2","jochen-mass","mclaren","ford","goodyear","1:43.242",103242,,,,,,,"+2.379",2379,"+0.173",173,
295,1977,15,16,16,"16","16","jean-pierre-jarier","shadow","ford","goodyear","1:43.516",103516,,,,,,,"+2.653",2653,"+0.274",274,
295,1977,15,17,17,"17","30","brett-lunger","mclaren","ford","goodyear","1:43.698",103698,,,,,,,"+2.835",2835,"+0.182",182,
295,1977,15,18,18,"18","28","emerson-fittipaldi","fittipaldi","ford","goodyear","1:43.938",103938,,,,,,,"+3.075",3075,"+0.240",240,
295,1977,15,19,19,"19","22","clay-regazzoni","ensign","ford","goodyear","1:44.208",104208,,,,,,,"+3.345",3345,"+0.270",270,
295,1977,15,20,20,"20","24","rupert-keegan","hesketh","ford","goodyear","1:44.550",104550,,,,,,,"+3.687",3687,"+0.342",342,
295,1977,15,21,21,"21","10","ian-scheckter","march","ford","goodyear","1:44.702",104702,,,,,,,"+3.839",3839,"+0.152",152,
295,1977,15,22,22,"22","25","ian-ashley","hesketh","ford","goodyear","1:45.100",105100,,,,,,,"+4.237",4237,"+0.398",398,
295,1977,15,23,23,"23","9","alex-ribeiro","march","ford","goodyear","1:45.473",105473,,,,,,,"+4.610",4610,"+0.373",373,
295,1977,15,24,24,"24","27","patrick-neve","march","ford","goodyear","1:45.845",105845,,,,,,,"+4.982",4982,"+0.372",372,
295,1977,15,25,25,"25","18","hans-binder","surtees","ford","goodyear","1:45.880",105880,,,,,,,"+5.017",5017,"+0.035",35,
295,1977,15,26,26,"26","14","danny-ongais","penske","ford","goodyear","1:46.070",106070,,,,,,,"+5.207",5207,"+0.190",190,
295,1977,15,27,27,"27","23","patrick-tambay","ensign","ford","goodyear","1:49.435",109435,,,,,,,"+8.572",8572,"+3.365",3365,
296,1977,16,1,1,"1","5","mario-andretti","lotus","ford","goodyear","1:11.385",71385,,,,,,,,,,,
296,1977,16,2,2,"2","1","james-hunt","mclaren","ford","goodyear","1:11.942",71942,,,,,,,"+0.557",557,"+0.557",557,
296,1977,16,3,3,"3","3","ronnie-peterson","tyrrell","ford","goodyear","1:12.752",72752,,,,,,,"+1.367",1367,"+0.810",810,
296,1977,16,4,4,"4","6","gunnar-nilsson","lotus","ford","goodyear","1:12.975",72975,,,,,,,"+1.590",1590,"+0.223",223,
296,1977,16,5,5,"5","2","jochen-mass","mclaren","ford","goodyear","1:13.116",73116,,,,,,,"+1.731",1731,"+0.141",141,
296,1977,16,6,6,"6","4","patrick-depailler","tyrrell","ford","goodyear","1:13.207",73207,,,,,,,"+1.822",1822,"+0.091",91,
296,1977,16,7,7,"7","17","alan-jones","shadow","ford","goodyear","1:13.347",73347,,,,,,,"+1.962",1962,"+0.140",140,
296,1977,16,8,8,"8","16","riccardo-patrese","shadow","ford","goodyear","1:13.435",73435,,,,,,,"+2.050",2050,"+0.088",88,
296,1977,16,9,9,"9","20","jody-scheckter","wolf","ford","goodyear","1:13.497",73497,,,,,,,"+2.112",2112,"+0.062",62,
296,1977,16,10,10,"10","7","john-watson","brabham","alfa-romeo","goodyear","1:13.500",73500,,,,,,,"+2.115",2115,"+0.003",3,
296,1977,16,11,11,"11","26","jacques-laffite","ligier","matra","goodyear","1:13.739",73739,,,,,,,"+2.354",2354,"+0.239",239,
296,1977,16,12,12,"12","12","carlos-reutemann","ferrari","ferrari","goodyear","1:13.890",73890,,,,,,,"+2.505",2505,"+0.151",151,
296,1977,16,13,13,"13","8","hans-joachim-stuck","brabham","alfa-romeo","goodyear","1:13.953",73953,,,,,,,"+2.568",2568,"+0.063",63,
296,1977,16,14,14,"14","22","clay-regazzoni","ensign","ford","goodyear","1:13.999",73999,,,,,,,"+2.614",2614,"+0.046",46,
296,1977,16,15,15,"15","19","vittorio-brambilla","surtees","ford","goodyear","1:14.229",74229,,,,,,,"+2.844",2844,"+0.230",230,
296,1977,16,16,16,"16","23","patrick-tambay","ensign","ford","goodyear","1:14.464",74464,,,,,,,"+3.079",3079,"+0.235",235,
296,1977,16,17,17,"17","21","gilles-villeneuve","ferrari","ferrari","goodyear","1:14.465",74465,,,,,,,"+3.080",3080,"+0.001",1,
296,1977,16,18,18,"18","10","ian-scheckter","march","ford","goodyear","1:14.855",74855,,,,,,,"+3.470",3470,"+0.390",390,
296,1977,16,19,19,"19","28","emerson-fittipaldi","fittipaldi","ford","goodyear","1:14.857",74857,,,,,,,"+3.472",3472,"+0.002",2,
296,1977,16,20,20,"20","30","brett-lunger","mclaren","ford","goodyear","1:14.930",74930,,,,,,,"+3.545",3545,"+0.073",73,
296,1977,16,21,21,"21","27","patrick-neve","march","ford","goodyear","1:15.510",75510,,,,,,,"+4.125",4125,"+0.580",580,
296,1977,16,22,22,"22","14","danny-ongais","penske","ford","goodyear","1:15.599",75599,,,,,,,"+4.214",4214,"+0.089",89,
296,1977,16,23,23,"23","9","alex-ribeiro","march","ford","goodyear","1:15.770",75770,,,,,,,"+4.385",4385,"+0.171",171,
296,1977,16,24,24,"24","18","hans-binder","surtees","ford","goodyear","1:16.568",76568,,,,,,,"+5.183",5183,"+0.798",798,
296,1977,16,25,25,"25","25","ian-ashley","hesketh","ford","goodyear","1:16.640",76640,,,,,,,"+5.255",5255,"+0.072",72,
296,1977,16,26,26,"26","24","rupert-keegan","hesketh","ford","goodyear","1:17.000",77000,,,,,,,"+5.615",5615,"+0.360",360,
296,1977,16,27,27,"27","15","jean-pierre-jabouille","renault","renault","michelin","1:18.999",78999,,,,,,,"+7.614",7614,"+1.999",1999,
297,1977,17,1,1,"1","5","mario-andretti","lotus","ford","goodyear","1:12.230",72230,,,,,,,,,,,
297,1977,17,2,2,"2","1","james-hunt","mclaren","ford","goodyear","1:12.390",72390,,,,,,,"+0.160",160,"+0.160",160,
297,1977,17,3,3,"3","7","john-watson","brabham","alfa-romeo","goodyear","1:12.490",72490,,,,,,,"+0.260",260,"+0.100",100,
297,1977,17,4,4,"4","8","hans-joachim-stuck","brabham","alfa-romeo","goodyear","1:13.010",73010,,,,,,,"+0.780",780,"+0.520",520,
297,1977,17,5,5,"5","26","jacques-laffite","ligier","matra","goodyear","1:13.080",73080,,,,,,,"+0.850",850,"+0.070",70,
297,1977,17,6,6,"6","20","jody-scheckter","wolf","ford","goodyear","1:13.150",73150,,,,,,,"+0.920",920,"+0.070",70,
297,1977,17,7,7,"7","12","carlos-reutemann","ferrari","ferrari","goodyear","1:13.320",73320,,,,,,,"+1.090",1090,"+0.170",170,
297,1977,17,8,8,"8","2","jochen-mass","mclaren","ford","goodyear","1:13.370",73370,,,,,,,"+1.140",1140,"+0.050",50,
297,1977,17,9,9,"9","19","vittorio-brambilla","surtees","ford","goodyear","1:13.370",73370,,,,,,,"+1.140",1140,"+0.000",0,
297,1977,17,10,10,"10","22","clay-regazzoni","ensign","ford","goodyear","1:13.520",73520,,,,,,,"+1.290",1290,"+0.150",150,
297,1977,17,11,11,"11","52","kazuyoshi-hoshino","kojima","ford","bridgestone","1:13.550",73550,,,,,,,"+1.320",1320,"+0.030",30,
297,1977,17,12,12,"12","17","alan-jones","shadow","ford","goodyear","1:13.560",73560,,,,,,,"+1.330",1330,"+0.010",10,
297,1977,17,13,13,"13","16","riccardo-patrese","shadow","ford","goodyear","1:13.580",73580,,,,,,,"+1.350",1350,"+0.020",20,
297,1977,17,14,14,"14","6","gunnar-nilsson","lotus","ford","goodyear","1:13.660",73660,,,,,,,"+1.430",1430,"+0.080",80,
297,1977,17,15,15,"15","4","patrick-depailler","tyrrell","ford","goodyear","1:14.160",74160,,,,,,,"+1.930",1930,"+0.500",500,
297,1977,17,16,16,"16","23","patrick-tambay","ensign","ford","goodyear","1:14.220",74220,,,,,,,"+1.990",1990,"+0.060",60,
297,1977,17,17,17,"17","27","jean-pierre-jarier","ligier","matra","goodyear","1:14.250",74250,,,,,,,"+2.020",2020,"+0.030",30,
297,1977,17,18,18,"18","3","ronnie-peterson","tyrrell","ford","goodyear","1:14.260",74260,,,,,,,"+2.030",2030,"+0.010",10,
297,1977,17,19,19,"19","51","noritake-takahara","kojima","ford","bridgestone","1:14.360",74360,,,,,,,"+2.130",2130,"+0.100",100,
297,1977,17,20,20,"20","11","gilles-villeneuve","ferrari","ferrari","goodyear","1:14.510",74510,,,,,,,"+2.280",2280,"+0.150",150,
297,1977,17,21,21,"21","18","hans-binder","surtees","ford","goodyear","1:14.730",74730,,,,,,,"+2.500",2500,"+0.220",220,
297,1977,17,22,22,"22","50","kunimitsu-takahashi","tyrrell","ford","dunlop","1:14.880",74880,,,,,,,"+2.650",2650,"+0.150",150,
297,1977,17,23,23,"23","9","alex-ribeiro","march","ford","goodyear","1:15.010",75010,,,,,,,"+2.780",2780,"+0.130",130,
298,1978,1,1,1,"1","5","mario-andretti","lotus","ford","goodyear","1:47.750",107750,,,,,,,,,,,
298,1978,1,2,2,"2","11","carlos-reutemann","ferrari","ferrari","michelin","1:47.840",107840,,,,,,,"+0.090",90,"+0.090",90,
298,1978,1,3,3,"3","6","ronnie-peterson","lotus","ford","goodyear","1:48.390",108390,,,,,,,"+0.640",640,"+0.550",550,
298,1978,1,4,4,"4","2","john-watson","brabham","alfa-romeo","goodyear","1:48.420",108420,,,,,,,"+0.670",670,"+0.030",30,
298,1978,1,5,5,"5","1","niki-lauda","brabham","alfa-romeo","goodyear","1:48.700",108700,,,,,,,"+0.950",950,"+0.280",280,
298,1978,1,6,6,"6","7","james-hunt","mclaren","ford","goodyear","1:48.720",108720,,,,,,,"+0.970",970,"+0.020",20,
298,1978,1,7,7,"7","12","gilles-villeneuve","ferrari","ferrari","michelin","1:48.970",108970,,,,,,,"+1.220",1220,"+0.250",250,
298,1978,1,8,8,"8","26","jacques-laffite","ligier","matra","goodyear","1:49.130",109130,,,,,,,"+1.380",1380,"+0.160",160,
298,1978,1,9,9,"9","8","patrick-tambay","mclaren","ford","goodyear","1:49.470",109470,,,,,,,"+1.720",1720,"+0.340",340,
298,1978,1,10,10,"10","4","patrick-depailler","tyrrell","ford","goodyear","1:49.690",109690,,,,,,,"+1.940",1940,"+0.220",220,
298,1978,1,11,11,"11","10","jean-pierre-jarier","ats-wheels","ford","goodyear","1:49.770",109770,,,,,,,"+2.020",2020,"+0.080",80,
298,1978,1,12,12,"12","19","vittorio-brambilla","surtees","ford","goodyear","1:49.910",109910,,,,,,,"+2.160",2160,"+0.140",140,
298,1978,1,13,13,"13","9","jochen-mass","ats-wheels","ford","goodyear","1:50.060",110060,,,,,,,"+2.310",2310,"+0.150",150,
298,1978,1,14,14,"14","27","alan-jones","williams","ford","goodyear","1:50.110",110110,,,,,,,"+2.360",2360,"+0.050",50,
298,1978,1,15,15,"15","20","jody-scheckter","wolf","ford","goodyear","1:50.350",110350,,,,,,,"+2.600",2600,"+0.240",240,
298,1978,1,16,16,"16","17","clay-regazzoni","shadow","ford","goodyear","1:50.450",110450,,,,,,,"+2.700",2700,"+0.100",100,
298,1978,1,17,17,"17","14","emerson-fittipaldi","fittipaldi","ford","goodyear","1:50.820",110820,,,,,,,"+3.070",3070,"+0.370",370,
298,1978,1,18,18,"18","16","hans-joachim-stuck","shadow","ford","goodyear","1:51.160",111160,,,,,,,"+3.410",3410,"+0.340",340,
298,1978,1,19,19,"19","18","rupert-keegan","surtees","ford","goodyear","1:51.420",111420,,,,,,,"+3.670",3670,"+0.260",260,
298,1978,1,20,20,"20","37","arturo-merzario","merzario","ford","goodyear","1:51.680",111680,,,,,,,"+3.930",3930,"+0.260",260,
298,1978,1,21,21,"21","22","danny-ongais","ensign","ford","goodyear","1:51.710",111710,,,,,,,"+3.960",3960,"+0.030",30,
298,1978,1,22,22,"22","23","lamberto-leoni","ensign","ford","goodyear","1:51.940",111940,,,,,,,"+4.190",4190,"+0.230",230,
298,1978,1,23,23,"23","3","didier-pironi","tyrrell","ford","goodyear","1:51.990",111990,,,,,,,"+4.240",4240,"+0.050",50,
298,1978,1,24,24,"24","30","brett-lunger","mclaren","ford","goodyear","1:52.270",112270,,,,,,,"+4.520",4520,"+0.280",280,
298,1978,1,25,25,"25","25","hector-rebaque","lotus","ford","goodyear","1:52.520",112520,,,,,,,"+4.770",4770,"+0.250",250,
298,1978,1,26,26,"26","32","eddie-cheever","theodore","ford","goodyear","1:53.250",113250,,,,,,,"+5.500",5500,"+0.730",730,
298,1978,1,27,27,"27","24","divina-galica","hesketh","ford","goodyear","1:56.690",116690,,,,,,,"+8.940",8940,"+3.440",3440,
299,1978,2,1,1,"1","6","ronnie-peterson","lotus","ford","goodyear","1:40.450",100450,,,,,,,,,,,
299,1978,2,2,2,"2","7","james-hunt","mclaren","ford","goodyear","1:40.530",100530,,,,,,,"+0.080",80,"+0.080",80,
299,1978,2,3,3,"3","5","mario-andretti","lotus","ford","goodyear","1:40.620",100620,,,,,,,"+0.170",170,"+0.090",90,
299,1978,2,4,4,"4","11","carlos-reutemann","ferrari","ferrari","michelin","1:40.730",100730,,,,,,,"+0.280",280,"+0.110",110,
299,1978,2,5,5,"5","8","patrick-tambay","mclaren","ford","goodyear","1:40.940",100940,,,,,,,"+0.490",490,"+0.210",210,
299,1978,2,6,6,"6","12","gilles-villeneuve","ferrari","ferrari","michelin","1:40.970",100970,,,,,,,"+0.520",520,"+0.030",30,
299,1978,2,7,7,"7","14","emerson-fittipaldi","fittipaldi","ford","goodyear","1:41.500",101500,,,,,,,"+1.050",1050,"+0.530",530,
299,1978,2,8,8,"8","27","alan-jones","williams","ford","goodyear","1:41.870",101870,,,,,,,"+1.420",1420,"+0.370",370,
299,1978,2,9,9,"9","16","hans-joachim-stuck","shadow","ford","goodyear","1:42.070",102070,,,,,,,"+1.620",1620,"+0.200",200,
299,1978,2,10,10,"10","1","niki-lauda","brabham","alfa-romeo","goodyear","1:42.080",102080,,,,,,,"+1.630",1630,"+0.010",10,
299,1978,2,11,11,"11","4","patrick-depailler","tyrrell","ford","goodyear","1:42.100",102100,,,,,,,"+1.650",1650,"+0.020",20,
299,1978,2,12,12,"12","20","jody-scheckter","wolf","ford","goodyear","1:42.110",102110,,,,,,,"+1.660",1660,"+0.010",10,
299,1978,2,13,13,"13","30","brett-lunger","mclaren","ford","goodyear","1:42.650",102650,,,,,,,"+2.200",2200,"+0.540",540,
299,1978,2,14,14,"14","26","jacques-laffite","ligier","matra","goodyear","1:42.710",102710,,,,,,,"+2.260",2260,"+0.060",60,
299,1978,2,15,15,"15","17","clay-regazzoni","shadow","ford","goodyear","1:42.800",102800,,,,,,,"+2.350",2350,"+0.090",90,
299,1978,2,16,16,"16","10","jean-pierre-jarier","ats-wheels","ford","goodyear","1:42.910",102910,,,,,,,"+2.460",2460,"+0.110",110,
299,1978,2,17,17,"17","23","lamberto-leoni","ensign","ford","goodyear","1:43.190",103190,,,,,,,"+2.740",2740,"+0.280",280,
299,1978,2,18,18,"18","36","riccardo-patrese","arrows","ford","goodyear","1:43.190",103190,,,,,,,"+2.740",2740,"+0.000",0,
299,1978,2,19,19,"19","3","didier-pironi","tyrrell","ford","goodyear","1:43.550",103550,,,,,,,"+3.100",3100,"+0.360",360,
299,1978,2,20,20,"20","9","jochen-mass","ats-wheels","ford","goodyear","1:43.740",103740,,,,,,,"+3.290",3290,"+0.190",190,
299,1978,2,21,21,"21","2","john-watson","brabham","alfa-romeo","goodyear","1:43.750",103750,,,,,,,"+3.300",3300,"+0.010",10,
299,1978,2,22,22,"22","25","hector-rebaque","lotus","ford","goodyear","1:43.860",103860,,,,,,,"+3.410",3410,"+0.110",110,
299,1978,2,23,23,"23","22","danny-ongais","ensign","ford","goodyear","1:43.940",103940,,,,,,,"+3.490",3490,"+0.080",80,
299,1978,2,24,24,"24","18","rupert-keegan","surtees","ford","goodyear","1:44.200",104200,,,,,,,"+3.750",3750,"+0.260",260,
299,1978,2,25,25,"25","37","arturo-merzario","merzario","ford","goodyear","1:44.200",104200,,,,,,,"+3.750",3750,"+0.000",0,
299,1978,2,26,26,"26","32","eddie-cheever","theodore","ford","goodyear","1:44.280",104280,,,,,,,"+3.830",3830,"+0.080",80,
299,1978,2,27,27,"27","19","vittorio-brambilla","surtees","ford","goodyear","1:44.660",104660,,,,,,,"+4.210",4210,"+0.380",380,
299,1978,2,28,28,"28","24","divina-galica","hesketh","ford","goodyear","1:46.790",106790,,,,,,,"+6.340",6340,"+2.130",2130,
300,1978,3,1,1,"1","1","niki-lauda","brabham","alfa-romeo","goodyear","1:14.650",74650,,,,,,,,,,,
300,1978,3,2,2,"2","5","mario-andretti","lotus","ford","goodyear","1:14.900",74900,,,,,,,"+0.250",250,"+0.250",250,
300,1978,3,3,3,"3","7","james-hunt","mclaren","ford","goodyear","1:15.140",75140,,,,,,,"+0.490",490,"+0.240",240,
300,1978,3,4,4,"4","8","patrick-tambay","mclaren","ford","goodyear","1:15.300",75300,,,,,,,"+0.650",650,"+0.160",160,
300,1978,3,5,5,"5","20","jody-scheckter","wolf","ford","goodyear","1:15.320",75320,,,,,,,"+0.670",670,"+0.020",20,
300,1978,3,6,6,"6","15","jean-pierre-jabouille","renault","renault","michelin","1:15.360",75360,,,,,,,"+0.710",710,"+0.040",40,
300,1978,3,7,7,"7","35","riccardo-patrese","arrows","ford","goodyear","1:15.480",75480,,,,,,,"+0.830",830,"+0.120",120,
300,1978,3,8,8,"8","12","gilles-villeneuve","ferrari","ferrari","michelin","1:15.500",75500,,,,,,,"+0.850",850,"+0.020",20,
300,1978,3,9,9,"9","11","carlos-reutemann","ferrari","ferrari","michelin","1:15.520",75520,,,,,,,"+0.870",870,"+0.020",20,
300,1978,3,10,10,"10","2","john-watson","brabham","alfa-romeo","goodyear","1:15.620",75620,,,,,,,"+0.970",970,"+0.100",100,
300,1978,3,11,11,"11","6","ronnie-peterson","lotus","ford","goodyear","1:15.940",75940,,,,,,,"+1.290",1290,"+0.320",320,
300,1978,3,12,12,"12","4","patrick-depailler","tyrrell","ford","goodyear","1:15.970",75970,,,,,,,"+1.320",1320,"+0.030",30,
300,1978,3,13,13,"13","3","didier-pironi","tyrrell","ford","goodyear","1:16.380",76380,,,,,,,"+1.730",1730,"+0.410",410,
300,1978,3,14,14,"14","26","jacques-laffite","ligier","matra","goodyear","1:16.400",76400,,,,,,,"+1.750",1750,"+0.020",20,
300,1978,3,15,15,"15","14","emerson-fittipaldi","fittipaldi","ford","goodyear","1:16.470",76470,,,,,,,"+1.820",1820,"+0.070",70,
300,1978,3,16,16,"16","9","jochen-mass","ats-wheels","ford","goodyear","1:16.600",76600,,,,,,,"+1.950",1950,"+0.130",130,
300,1978,3,17,17,"17","10","jean-pierre-jarier","ats-wheels","ford","goodyear","1:17.120",77120,,,,,,,"+2.470",2470,"+0.520",520,
300,1978,3,18,18,"18","27","alan-jones","williams","ford","goodyear","1:17.160",77160,,,,,,,"+2.510",2510,"+0.040",40,
300,1978,3,19,19,"19","30","brett-lunger","mclaren","ford","goodyear","1:17.300",77300,,,,,,,"+2.650",2650,"+0.140",140,
300,1978,3,20,20,"20","19","vittorio-brambilla","surtees","ford","goodyear","1:17.320",77320,,,,,,,"+2.670",2670,"+0.020",20,
300,1978,3,21,21,"21","36","rolf-stommelen","arrows","ford","goodyear","1:17.490",77490,,,,,,,"+2.840",2840,"+0.170",170,
300,1978,3,22,22,"22","25","hector-rebaque","lotus","ford","goodyear","1:17.500",77500,,,,,,,"+2.850",2850,"+0.010",10,
300,1978,3,23,23,"23","18","rupert-keegan","surtees","ford","goodyear","1:17.570",77570,,,,,,,"+2.920",2920,"+0.070",70,
300,1978,3,24,24,"24","32","keke-rosberg","theodore","ford","goodyear","1:17.620",77620,,,,,,,"+2.970",2970,"+0.050",50,
300,1978,3,25,25,"25","24","eddie-cheever","hesketh","ford","goodyear","1:17.830",77830,,,,,,,"+3.180",3180,"+0.210",210,
300,1978,3,26,26,"26","37","arturo-merzario","merzario","ford","goodyear","1:18.150",78150,,,,,,,"+3.500",3500,"+0.320",320,
300,1978,3,27,27,"27","31","rene-arnoux","martini","ford","goodyear","1:18.210",78210,,,,,,,"+3.560",3560,"+0.060",60,
300,1978,3,28,28,"28","17","clay-regazzoni","shadow","ford","goodyear","1:18.300",78300,,,,,,,"+3.650",3650,"+0.090",90,
300,1978,3,29,29,"29","22","lamberto-leoni","ensign","ford","goodyear","1:18.380",78380,,,,,,,"+3.730",3730,"+0.080",80,
300,1978,3,30,30,"30","16","hans-joachim-stuck","shadow","ford","goodyear","1:18.450",78450,,,,,,,"+3.800",3800,"+0.070",70,
301,1978,4,1,1,"1","11","carlos-reutemann","ferrari","ferrari","michelin","1:20.636",80636,,,,,,,,,,,
301,1978,4,2,2,"2","12","gilles-villeneuve","ferrari","ferrari","michelin","1:20.836",80836,,,,,,,"+0.200",200,"+0.200",200,
301,1978,4,3,3,"3","1","niki-lauda","brabham","alfa-romeo","goodyear","1:20.937",80937,,,,,,,"+0.301",301,"+0.101",101,
301,1978,4,4,4,"4","5","mario-andretti","lotus","ford","goodyear","1:21.188",81188,,,,,,,"+0.552",552,"+0.251",251,
301,1978,4,5,5,"5","2","john-watson","brabham","alfa-romeo","goodyear","1:21.244",81244,,,,,,,"+0.608",608,"+0.056",56,
301,1978,4,6,6,"6","6","ronnie-peterson","lotus","ford","goodyear","1:21.474",81474,,,,,,,"+0.838",838,"+0.230",230,
301,1978,4,7,7,"7","7","james-hunt","mclaren","ford","goodyear","1:21.738",81738,,,,,,,"+1.102",1102,"+0.264",264,
301,1978,4,8,8,"8","27","alan-jones","williams","ford","goodyear","1:21.935",81935,,,,,,,"+1.299",1299,"+0.197",197,
301,1978,4,9,9,"9","35","riccardo-patrese","arrows","ford","goodyear","1:22.006",82006,,,,,,,"+1.370",1370,"+0.071",71,
301,1978,4,10,10,"10","20","jody-scheckter","wolf","ford","goodyear","1:22.163",82163,,,,,,,"+1.527",1527,"+0.157",157,
301,1978,4,11,11,"11","8","patrick-tambay","mclaren","ford","goodyear","1:22.234",82234,,,,,,,"+1.598",1598,"+0.071",71,
301,1978,4,12,12,"12","4","patrick-depailler","tyrrell","ford","goodyear","1:22.414",82414,,,,,,,"+1.778",1778,"+0.180",180,
301,1978,4,13,13,"13","15","jean-pierre-jabouille","renault","renault","michelin","1:22.491",82491,,,,,,,"+1.855",1855,"+0.077",77,
301,1978,4,14,14,"14","26","jacques-laffite","ligier","matra","goodyear","1:22.630",82630,,,,,,,"+1.994",1994,"+0.139",139,
301,1978,4,15,15,"15","14","emerson-fittipaldi","fittipaldi","ford","goodyear","1:22.790",82790,,,,,,,"+2.154",2154,"+0.160",160,
301,1978,4,16,16,"16","9","jochen-mass","ats-wheels","ford","goodyear","1:23.106",83106,,,,,,,"+2.470",2470,"+0.316",316,
301,1978,4,17,17,"17","19","vittorio-brambilla","surtees","ford","goodyear","1:23.212",83212,,,,,,,"+2.576",2576,"+0.106",106,
301,1978,4,18,18,"18","36","rolf-stommelen","arrows","ford","goodyear","1:23.291",83291,,,,,,,"+2.655",2655,"+0.079",79,
301,1978,4,19,19,"19","10","jean-pierre-jarier","ats-wheels","ford","goodyear","1:23.419",83419,,,,,,,"+2.783",2783,"+0.128",128,
301,1978,4,20,20,"20","17","clay-regazzoni","shadow","ford","goodyear","1:23.454",83454,,,,,,,"+2.818",2818,"+0.035",35,
301,1978,4,21,21,"21","37","arturo-merzario","merzario","ford","goodyear","1:23.589",83589,,,,,,,"+2.953",2953,"+0.135",135,
301,1978,4,22,22,"22","18","rupert-keegan","surtees","ford","goodyear","1:23.677",83677,,,,,,,"+3.041",3041,"+0.088",88,
301,1978,4,23,23,"23","16","hans-joachim-stuck","shadow","ford","goodyear","1:23.733",83733,,,,,,,"+3.097",3097,"+0.056",56,
301,1978,4,24,24,"24","3","didier-pironi","tyrrell","ford","goodyear","1:23.792",83792,,,,,,,"+3.156",3156,"+0.059",59,
301,1978,4,25,25,"25","30","brett-lunger","mclaren","ford","goodyear","1:23.795",83795,,,,,,,"+3.159",3159,"+0.003",3,
301,1978,4,26,26,"26","22","lamberto-leoni","ensign","ford","goodyear","1:24.008",84008,,,,,,,"+3.372",3372,"+0.213",213,
302,1978,5,1,1,"1","11","carlos-reutemann","ferrari","ferrari","michelin","1:28.340",88340,,,,,,,,,,,
302,1978,5,2,2,"2","2","john-watson","brabham","alfa-romeo","goodyear","1:28.830",88830,,,,,,,"+0.490",490,"+0.490",490,
302,1978,5,3,3,"3","1","niki-lauda","brabham","alfa-romeo","goodyear","1:28.840",88840,,,,,,,"+0.500",500,"+0.010",10,
302,1978,5,4,4,"4","5","mario-andretti","lotus","ford","goodyear","1:29.100",89100,,,,,,,"+0.760",760,"+0.260",260,
302,1978,5,5,5,"5","4","patrick-depailler","tyrrell","ford","goodyear","1:29.140",89140,,,,,,,"+0.800",800,"+0.040",40,
302,1978,5,6,6,"6","7","james-hunt","mclaren","ford","goodyear","1:29.220",89220,,,,,,,"+0.880",880,"+0.080",80,
302,1978,5,7,7,"7","6","ronnie-peterson","lotus","ford","goodyear","1:29.230",89230,,,,,,,"+0.890",890,"+0.010",10,
302,1978,5,8,8,"8","12","gilles-villeneuve","ferrari","ferrari","michelin","1:29.400",89400,,,,,,,"+1.060",1060,"+0.170",170,
302,1978,5,9,9,"9","20","jody-scheckter","wolf","ford","goodyear","1:29.500",89500,,,,,,,"+1.160",1160,"+0.100",100,
302,1978,5,10,10,"10","27","alan-jones","williams","ford","goodyear","1:29.510",89510,,,,,,,"+1.170",1170,"+0.010",10,
302,1978,5,11,11,"11","8","patrick-tambay","mclaren","ford","goodyear","1:30.080",90080,,,,,,,"+1.740",1740,"+0.570",570,
302,1978,5,12,12,"12","15","jean-pierre-jabouille","renault","renault","michelin","1:30.180",90180,,,,,,,"+1.840",1840,"+0.100",100,
302,1978,5,13,13,"13","3","didier-pironi","tyrrell","ford","goodyear","1:30.550",90550,,,,,,,"+2.210",2210,"+0.370",370,
302,1978,5,14,14,"14","35","riccardo-patrese","arrows","ford","goodyear","1:30.590",90590,,,,,,,"+2.250",2250,"+0.040",40,
302,1978,5,15,15,"15","26","jacques-laffite","ligier","matra","goodyear","1:30.600",90600,,,,,,,"+2.260",2260,"+0.010",10,
302,1978,5,16,16,"16","22","jacky-ickx","ensign","ford","goodyear","1:30.720",90720,,,,,,,"+2.380",2380,"+0.120",120,
302,1978,5,17,17,"17","16","hans-joachim-stuck","shadow","ford","goodyear","1:31.300",91300,,,,,,,"+2.960",2960,"+0.580",580,
302,1978,5,18,18,"18","18","rupert-keegan","surtees","ford","goodyear","1:31.310",91310,,,,,,,"+2.970",2970,"+0.010",10,
302,1978,5,19,19,"19","36","rolf-stommelen","arrows","ford","goodyear","1:31.310",91310,,,,,,,"+2.970",2970,"+0.000",0,
302,1978,5,20,20,"20","14","emerson-fittipaldi","fittipaldi","ford","goodyear","1:31.360",91360,,,,,,,"+3.020",3020,"+0.050",50,
302,1978,5,21,21,"21","9","jochen-mass","ats-wheels","ford","goodyear","1:31.400",91400,,,,,,,"+3.060",3060,"+0.040",40,
302,1978,5,22,22,"22","17","clay-regazzoni","shadow","ford","goodyear","1:31.610",91610,,,,,,,"+3.270",3270,"+0.210",210,
302,1978,5,23,23,"23","10","jean-pierre-jarier","ats-wheels","ford","goodyear","1:32.110",92110,,,,,,,"+3.770",3770,"+0.500",500,
302,1978,5,24,24,"24","19","vittorio-brambilla","surtees","ford","goodyear","1:32.460",92460,,,,,,,"+4.120",4120,"+0.350",350,
303,1978,6,1,1,"1","5","mario-andretti","lotus","ford","goodyear","1:20.900",80900,,,,,,,,,,,
303,1978,6,2,2,"2","11","carlos-reutemann","ferrari","ferrari","michelin","1:21.690",81690,,,,,,,"+0.790",790,"+0.790",790,
303,1978,6,3,3,"3","1","niki-lauda","brabham","alfa-romeo","goodyear","1:21.700",81700,,,,,,,"+0.800",800,"+0.010",10,
303,1978,6,4,4,"4","12","gilles-villeneuve","ferrari","ferrari","michelin","1:21.770",81770,,,,,,,"+0.870",870,"+0.070",70,
303,1978,6,5,5,"5","20","jody-scheckter","wolf","ford","goodyear","1:22.120",82120,,,,,,,"+1.220",1220,"+0.350",350,
303,1978,6,6,6,"6","7","james-hunt","mclaren","ford","goodyear","1:22.500",82500,,,,,,,"+1.600",1600,"+0.380",380,
303,1978,6,7,7,"7","6","ronnie-peterson","lotus","ford","goodyear","1:22.620",82620,,,,,,,"+1.720",1720,"+0.120",120,
303,1978,6,8,8,"8","35","riccardo-patrese","arrows","ford","goodyear","1:23.250",83250,,,,,,,"+2.350",2350,"+0.630",630,
303,1978,6,9,9,"9","2","john-watson","brabham","alfa-romeo","goodyear","1:23.260",83260,,,,,,,"+2.360",2360,"+0.010",10,
303,1978,6,10,10,"10","15","jean-pierre-jabouille","renault","renault","michelin","1:23.580",83580,,,,,,,"+2.680",2680,"+0.320",320,
303,1978,6,11,11,"11","27","alan-jones","williams","ford","goodyear","1:23.710",83710,,,,,,,"+2.810",2810,"+0.130",130,
303,1978,6,12,12,"12","19","vittorio-brambilla","surtees","ford","goodyear","1:23.780",83780,,,,,,,"+2.880",2880,"+0.070",70,
303,1978,6,13,13,"13","4","patrick-depailler","tyrrell","ford","goodyear","1:23.820",83820,,,,,,,"+2.920",2920,"+0.040",40,
303,1978,6,14,14,"14","26","jacques-laffite","ligier","matra","goodyear","1:23.900",83900,,,,,,,"+3.000",3000,"+0.080",80,
303,1978,6,15,15,"15","14","emerson-fittipaldi","fittipaldi","ford","goodyear","1:24.110",84110,,,,,,,"+3.210",3210,"+0.210",210,
303,1978,6,16,16,"16","9","jochen-mass","ats-wheels","ford","goodyear","1:24.140",84140,,,,,,,"+3.240",3240,"+0.030",30,
303,1978,6,17,17,"17","36","rolf-stommelen","arrows","ford","goodyear","1:24.140",84140,,,,,,,"+3.240",3240,"+0.000",0,
303,1978,6,18,18,"18","17","clay-regazzoni","shadow","ford","goodyear","1:24.180",84180,,,,,,,"+3.280",3280,"+0.040",40,
303,1978,6,19,19,"19","31","rene-arnoux","martini","ford","goodyear","1:24.220",84220,,,,,,,"+3.320",3320,"+0.040",40,
303,1978,6,20,20,"20","16","hans-joachim-stuck","shadow","ford","goodyear","1:24.470",84470,,,,,,,"+3.570",3570,"+0.250",250,
303,1978,6,21,21,"21","33","bruno-giacomelli","mclaren","ford","goodyear","1:24.810",84810,,,,,,,"+3.910",3910,"+0.340",340,
303,1978,6,22,22,"22","22","jacky-ickx","ensign","ford","goodyear","1:24.820",84820,,,,,,,"+3.920",3920,"+0.010",10,
303,1978,6,23,23,"23","3","didier-pironi","tyrrell","ford","goodyear","1:24.850",84850,,,,,,,"+3.950",3950,"+0.030",30,
303,1978,6,24,24,"24","30","brett-lunger","mclaren","ford","goodyear","1:24.990",84990,,,,,,,"+4.090",4090,"+0.140",140,
303,1978,6,25,25,"25","18","rupert-keegan","surtees","ford","goodyear","1:25.400",85400,,,,,,,"+4.500",4500,"+0.410",410,
303,1978,6,26,26,"26","24","derek-daly","hesketh","ford","goodyear","1:25.690",85690,,,,,,,"+4.790",4790,"+0.290",290,
303,1978,6,27,27,"27","32","keke-rosberg","theodore","ford","goodyear","1:25.870",85870,,,,,,,"+4.970",4970,"+0.180",180,
303,1978,6,28,28,"28","10","alberto-colombo","ats-wheels","ford","goodyear","1:26.010",86010,,,,,,,"+5.110",5110,"+0.140",140,
304,1978,7,1,1,"1","5","mario-andretti","lotus","ford","goodyear","1:16.390",76390,,,,,,,,,,,
304,1978,7,2,2,"2","6","ronnie-peterson","lotus","ford","goodyear","1:16.680",76680,,,,,,,"+0.290",290,"+0.290",290,
304,1978,7,3,3,"3","11","carlos-reutemann","ferrari","ferrari","michelin","1:17.400",77400,,,,,,,"+1.010",1010,"+0.720",720,
304,1978,7,4,4,"4","7","james-hunt","mclaren","ford","goodyear","1:17.660",77660,,,,,,,"+1.270",1270,"+0.260",260,
304,1978,7,5,5,"5","12","gilles-villeneuve","ferrari","ferrari","michelin","1:17.760",77760,,,,,,,"+1.370",1370,"+0.100",100,
304,1978,7,6,6,"6","1","niki-lauda","brabham","alfa-romeo","goodyear","1:17.940",77940,,,,,,,"+1.550",1550,"+0.180",180,
304,1978,7,7,7,"7","2","john-watson","brabham","alfa-romeo","goodyear","1:17.980",77980,,,,,,,"+1.590",1590,"+0.040",40,
304,1978,7,8,8,"8","35","riccardo-patrese","arrows","ford","goodyear","1:18.140",78140,,,,,,,"+1.750",1750,"+0.160",160,
304,1978,7,9,9,"9","20","jody-scheckter","wolf","ford","goodyear","1:18.240",78240,,,,,,,"+1.850",1850,"+0.100",100,
304,1978,7,10,10,"10","26","jacques-laffite","ligier","matra","goodyear","1:18.420",78420,,,,,,,"+2.030",2030,"+0.180",180,
304,1978,7,11,11,"11","15","jean-pierre-jabouille","renault","renault","michelin","1:18.990",78990,,,,,,,"+2.600",2600,"+0.570",570,
304,1978,7,12,12,"12","4","patrick-depailler","tyrrell","ford","goodyear","1:19.060",79060,,,,,,,"+2.670",2670,"+0.070",70,
304,1978,7,13,13,"13","3","didier-pironi","tyrrell","ford","goodyear","1:19.110",79110,,,,,,,"+2.720",2720,"+0.050",50,
304,1978,7,14,14,"14","8","patrick-tambay","mclaren","ford","goodyear","1:19.280",79280,,,,,,,"+2.890",2890,"+0.170",170,
304,1978,7,15,15,"15","14","emerson-fittipaldi","fittipaldi","ford","goodyear","1:19.330",79330,,,,,,,"+2.940",2940,"+0.050",50,
304,1978,7,16,16,"16","19","vittorio-brambilla","surtees","ford","goodyear","1:19.710",79710,,,,,,,"+3.320",3320,"+0.380",380,
304,1978,7,17,17,"17","9","jochen-mass","ats-wheels","ford","goodyear","1:19.980",79980,,,,,,,"+3.590",3590,"+0.270",270,
304,1978,7,18,18,"18","27","alan-jones","williams","ford","goodyear","1:19.990",79990,,,,,,,"+3.600",3600,"+0.010",10,
304,1978,7,19,19,"19","36","rolf-stommelen","arrows","ford","goodyear","1:20.030",80030,,,,,,,"+3.640",3640,"+0.040",40,
304,1978,7,20,20,"20","25","hector-rebaque","lotus","ford","goodyear","1:20.210",80210,,,,,,,"+3.820",3820,"+0.180",180,
304,1978,7,21,21,"21","22","jacky-ickx","ensign","ford","goodyear","1:20.360",80360,,,,,,,"+3.970",3970,"+0.150",150,
304,1978,7,22,22,"22","17","clay-regazzoni","shadow","ford","goodyear","1:20.670",80670,,,,,,,"+4.280",4280,"+0.310",310,
304,1978,7,23,23,"23","18","rupert-keegan","surtees","ford","goodyear","1:20.770",80770,,,,,,,"+4.380",4380,"+0.100",100,
304,1978,7,24,24,"24","16","hans-joachim-stuck","shadow","ford","goodyear","1:20.870",80870,,,,,,,"+4.480",4480,"+0.100",100,
304,1978,7,25,25,"25","37","arturo-merzario","merzario","ford","goodyear","1:20.910",80910,,,,,,,"+4.520",4520,"+0.040",40,
304,1978,7,26,26,"26","30","brett-lunger","mclaren","ford","goodyear","1:21.170",81170,,,,,,,"+4.780",4780,"+0.260",260,
304,1978,7,27,27,"27","28","emilio-de-villota","mclaren","ford","goodyear","1:21.550",81550,,,,,,,"+5.160",5160,"+0.380",380,
304,1978,7,28,28,"28","10","alberto-colombo","ats-wheels","ford","goodyear","1:21.590",81590,,,,,,,"+5.200",5200,"+0.040",40,
305,1978,8,1,1,"1","5","mario-andretti","lotus","ford","goodyear","1:22.058",82058,,,,,,,,,,,
305,1978,8,2,2,"2","2","john-watson","brabham","alfa-romeo","goodyear","1:22.737",82737,,,,,,,"+0.679",679,"+0.679",679,
305,1978,8,3,3,"3","1","niki-lauda","brabham","alfa-romeo","goodyear","1:22.783",82783,,,,,,,"+0.725",725,"+0.046",46,
305,1978,8,4,4,"4","6","ronnie-peterson","lotus","ford","goodyear","1:23.120",83120,,,,,,,"+1.062",1062,"+0.337",337,
305,1978,8,5,5,"5","35","riccardo-patrese","arrows","ford","goodyear","1:23.369",83369,,,,,,,"+1.311",1311,"+0.249",249,
305,1978,8,6,6,"6","20","jody-scheckter","wolf","ford","goodyear","1:23.621",83621,,,,,,,"+1.563",1563,"+0.252",252,
305,1978,8,7,7,"7","12","gilles-villeneuve","ferrari","ferrari","michelin","1:23.730",83730,,,,,,,"+1.672",1672,"+0.109",109,
305,1978,8,8,8,"8","11","carlos-reutemann","ferrari","ferrari","michelin","1:23.737",83737,,,,,,,"+1.679",1679,"+0.007",7,
305,1978,8,9,9,"9","27","alan-jones","williams","ford","goodyear","1:23.951",83951,,,,,,,"+1.893",1893,"+0.214",214,
305,1978,8,10,10,"10","15","jean-pierre-jabouille","renault","renault","michelin","1:23.963",83963,,,,,,,"+1.905",1905,"+0.012",12,
305,1978,8,11,11,"11","26","jacques-laffite","ligier","matra","goodyear","1:24.030",84030,,,,,,,"+1.972",1972,"+0.067",67,
305,1978,8,12,12,"12","4","patrick-depailler","tyrrell","ford","goodyear","1:24.203",84203,,,,,,,"+2.145",2145,"+0.173",173,
305,1978,8,13,13,"13","14","emerson-fittipaldi","fittipaldi","ford","goodyear","1:24.274",84274,,,,,,,"+2.216",2216,"+0.071",71,
305,1978,8,14,14,"14","7","james-hunt","mclaren","ford","goodyear","1:24.761",84761,,,,,,,"+2.703",2703,"+0.487",487,
305,1978,8,15,15,"15","8","patrick-tambay","mclaren","ford","goodyear","1:24.986",84986,,,,,,,"+2.928",2928,"+0.225",225,
305,1978,8,16,16,"16","17","clay-regazzoni","shadow","ford","goodyear","1:25.007",85007,,,,,,,"+2.949",2949,"+0.021",21,
305,1978,8,17,17,"17","3","didier-pironi","tyrrell","ford","goodyear","1:25.813",85813,,,,,,,"+3.755",3755,"+0.806",806,
305,1978,8,18,18,"18","19","vittorio-brambilla","surtees","ford","goodyear","1:26.618",86618,,,,,,,"+4.560",4560,"+0.805",805,
305,1978,8,19,19,"19","9","jochen-mass","ats-wheels","ford","goodyear","1:26.787",86787,,,,,,,"+4.729",4729,"+0.169",169,
305,1978,8,20,20,"20","16","hans-joachim-stuck","shadow","ford","goodyear","1:27.011",87011,,,,,,,"+4.953",4953,"+0.224",224,
305,1978,8,21,21,"21","25","hector-rebaque","lotus","ford","goodyear","1:27.139",87139,,,,,,,"+5.081",5081,"+0.128",128,
305,1978,8,22,22,"22","37","arturo-merzario","merzario","ford","goodyear","1:27.479",87479,,,,,,,"+5.421",5421,"+0.340",340,
305,1978,8,23,23,"23","10","keke-rosberg","ats-wheels","ford","goodyear","1:27.560",87560,,,,,,,"+5.502",5502,"+0.081",81,
305,1978,8,24,24,"24","36","rolf-stommelen","arrows","ford","goodyear","1:27.812",87812,,,,,,,"+5.754",5754,"+0.252",252,
305,1978,8,25,25,"25","18","rupert-keegan","surtees","ford","goodyear","1:28.282",88282,,,,,,,"+6.224",6224,"+0.470",470,
305,1978,8,26,26,"26","30","brett-lunger","mclaren","ford","goodyear","1:28.388",88388,,,,,,,"+6.330",6330,"+0.106",106,
305,1978,8,27,27,"27","22","jacky-ickx","ensign","ford","goodyear","1:28.400",88400,,,,,,,"+6.342",6342,"+0.012",12,
306,1978,9,1,1,"1","2","john-watson","brabham","alfa-romeo","goodyear","1:44.410",104410,,,,,,,,,,,
306,1978,9,2,2,"2","5","mario-andretti","lotus","ford","goodyear","1:44.460",104460,,,,,,,"+0.050",50,"+0.050",50,
306,1978,9,3,3,"3","1","niki-lauda","brabham","alfa-romeo","goodyear","1:44.710",104710,,,,,,,"+0.300",300,"+0.250",250,
306,1978,9,4,4,"4","7","james-hunt","mclaren","ford","goodyear","1:44.920",104920,,,,,,,"+0.510",510,"+0.210",210,
306,1978,9,5,5,"5","6","ronnie-peterson","lotus","ford","goodyear","1:44.980",104980,,,,,,,"+0.570",570,"+0.060",60,
306,1978,9,6,6,"6","8","patrick-tambay","mclaren","ford","goodyear","1:45.070",105070,,,,,,,"+0.660",660,"+0.090",90,
306,1978,9,7,7,"7","20","jody-scheckter","wolf","ford","goodyear","1:45.200",105200,,,,,,,"+0.790",790,"+0.130",130,
306,1978,9,8,8,"8","11","carlos-reutemann","ferrari","ferrari","michelin","1:45.350",105350,,,,,,,"+0.940",940,"+0.150",150,
306,1978,9,9,9,"9","12","gilles-villeneuve","ferrari","ferrari","michelin","1:45.550",105550,,,,,,,"+1.140",1140,"+0.200",200,
306,1978,9,10,10,"10","26","jacques-laffite","ligier","matra","goodyear","1:45.680",105680,,,,,,,"+1.270",1270,"+0.130",130,
306,1978,9,11,11,"11","15","jean-pierre-jabouille","renault","renault","michelin","1:45.730",105730,,,,,,,"+1.320",1320,"+0.050",50,
306,1978,9,12,12,"12","35","riccardo-patrese","arrows","ford","goodyear","1:46.320",106320,,,,,,,"+1.910",1910,"+0.590",590,
306,1978,9,13,13,"13","4","patrick-depailler","tyrrell","ford","goodyear","1:46.370",106370,,,,,,,"+1.960",1960,"+0.050",50,
306,1978,9,14,14,"14","27","alan-jones","williams","ford","goodyear","1:46.400",106400,,,,,,,"+1.990",1990,"+0.030",30,
306,1978,9,15,15,"15","14","emerson-fittipaldi","fittipaldi","ford","goodyear","1:46.700",106700,,,,,,,"+2.290",2290,"+0.300",300,
306,1978,9,16,16,"16","3","didier-pironi","tyrrell","ford","goodyear","1:47.120",107120,,,,,,,"+2.710",2710,"+0.420",420,
306,1978,9,17,17,"17","17","clay-regazzoni","shadow","ford","goodyear","1:48.550",108550,,,,,,,"+4.140",4140,"+1.430",1430,
306,1978,9,18,18,"18","31","rene-arnoux","martini","ford","goodyear","1:48.680",108680,,,,,,,"+4.270",4270,"+0.130",130,
306,1978,9,19,19,"19","19","vittorio-brambilla","surtees","ford","goodyear","1:48.680",108680,,,,,,,"+4.270",4270,"+0.000",0,
306,1978,9,20,20,"20","16","hans-joachim-stuck","shadow","ford","goodyear","1:48.890",108890,,,,,,,"+4.480",4480,"+0.210",210,
306,1978,9,21,21,"21","36","rolf-stommelen","arrows","ford","goodyear","1:49.140",109140,,,,,,,"+4.730",4730,"+0.250",250,
306,1978,9,22,22,"22","33","bruno-giacomelli","mclaren","ford","goodyear","1:49.530",109530,,,,,,,"+5.120",5120,"+0.390",390,
306,1978,9,23,23,"23","18","rupert-keegan","surtees","ford","goodyear","1:49.540",109540,,,,,,,"+5.130",5130,"+0.010",10,
306,1978,9,24,24,"24","30","brett-lunger","mclaren","ford","goodyear","1:49.550",109550,,,,,,,"+5.140",5140,"+0.010",10,
306,1978,9,25,25,"25","9","jochen-mass","ats-wheels","ford","goodyear","1:49.900",109900,,,,,,,"+5.490",5490,"+0.350",350,
306,1978,9,26,26,"26","10","keke-rosberg","ats-wheels","ford","goodyear","1:50.090",110090,,,,,,,"+5.680",5680,"+0.190",190,
306,1978,9,27,27,"27","37","arturo-merzario","merzario","ford","goodyear","1:50.110",110110,,,,,,,"+5.700",5700,"+0.020",20,
306,1978,9,28,28,"28","22","derek-daly","ensign","ford","goodyear","1:50.190",110190,,,,,,,"+5.780",5780,"+0.080",80,
306,1978,9,29,29,"29","25","hector-rebaque","lotus","ford","goodyear","1:50.400",110400,,,,,,,"+5.990",5990,"+0.210",210,
307,1978,10,1,1,"1","6","ronnie-peterson","lotus","ford","goodyear","1:16.800",76800,,,,,,,,,,,
307,1978,10,2,2,"2","5","mario-andretti","lotus","ford","goodyear","1:17.060",77060,,,,,,,"+0.260",260,"+0.260",260,
307,1978,10,3,3,"3","20","jody-scheckter","wolf","ford","goodyear","1:17.370",77370,,,,,,,"+0.570",570,"+0.310",310,
307,1978,10,4,4,"4","1","niki-lauda","brabham","alfa-romeo","goodyear","1:17.480",77480,,,,,,,"+0.680",680,"+0.110",110,
307,1978,10,5,5,"5","35","riccardo-patrese","arrows","ford","goodyear","1:18.280",78280,,,,,,,"+1.480",1480,"+0.800",800,
307,1978,10,6,6,"6","27","alan-jones","williams","ford","goodyear","1:18.360",78360,,,,,,,"+1.560",1560,"+0.080",80,
307,1978,10,7,7,"7","26","jacques-laffite","ligier","matra","goodyear","1:18.440",78440,,,,,,,"+1.640",1640,"+0.080",80,
307,1978,10,8,8,"8","11","carlos-reutemann","ferrari","ferrari","michelin","1:18.450",78450,,,,,,,"+1.650",1650,"+0.010",10,
307,1978,10,9,9,"9","2","john-watson","brabham","alfa-romeo","goodyear","1:18.570",78570,,,,,,,"+1.770",1770,"+0.120",120,
307,1978,10,10,10,"10","4","patrick-depailler","tyrrell","ford","goodyear","1:18.730",78730,,,,,,,"+1.930",1930,"+0.160",160,
307,1978,10,11,11,"11","14","emerson-fittipaldi","fittipaldi","ford","goodyear","1:18.780",78780,,,,,,,"+1.980",1980,"+0.050",50,
307,1978,10,12,12,"12","15","jean-pierre-jabouille","renault","renault","michelin","1:18.880",78880,,,,,,,"+2.080",2080,"+0.100",100,
307,1978,10,13,13,"13","12","gilles-villeneuve","ferrari","ferrari","michelin","1:18.990",78990,,,,,,,"+2.190",2190,"+0.110",110,
307,1978,10,14,14,"14","7","james-hunt","mclaren","ford","goodyear","1:19.050",79050,,,,,,,"+2.250",2250,"+0.060",60,
307,1978,10,15,15,"15","22","derek-daly","ensign","ford","goodyear","1:19.130",79130,,,,,,,"+2.330",2330,"+0.080",80,
307,1978,10,16,16,"16","33","bruno-giacomelli","mclaren","ford","goodyear","1:19.790",79790,,,,,,,"+2.990",2990,"+0.660",660,
307,1978,10,17,17,"17","17","clay-regazzoni","shadow","ford","goodyear","1:19.830",79830,,,,,,,"+3.030",3030,"+0.040",40,
307,1978,10,18,18,"18","16","hans-joachim-stuck","shadow","ford","goodyear","1:19.980",79980,,,,,,,"+3.180",3180,"+0.150",150,
307,1978,10,19,19,"19","3","didier-pironi","tyrrell","ford","goodyear","1:19.990",79990,,,,,,,"+3.190",3190,"+0.010",10,
307,1978,10,20,20,"20","8","patrick-tambay","mclaren","ford","goodyear","1:20.140",80140,,,,,,,"+3.340",3340,"+0.150",150,
307,1978,10,21,21,"21","25","hector-rebaque","lotus","ford","goodyear","1:20.240",80240,,,,,,,"+3.440",3440,"+0.100",100,
307,1978,10,22,22,"22","10","keke-rosberg","ats-wheels","ford","goodyear","1:20.270",80270,,,,,,,"+3.470",3470,"+0.030",30,
307,1978,10,23,23,"23","37","arturo-merzario","merzario","ford","goodyear","1:20.350",80350,,,,,,,"+3.550",3550,"+0.080",80,
307,1978,10,24,24,"24","30","brett-lunger","mclaren","ford","goodyear","1:20.390",80390,,,,,,,"+3.590",3590,"+0.040",40,
307,1978,10,25,25,"25","19","vittorio-brambilla","surtees","ford","goodyear","1:20.700",80700,,,,,,,"+3.900",3900,"+0.310",310,
307,1978,10,26,26,"26","9","jochen-mass","ats-wheels","ford","goodyear","1:20.710",80710,,,,,,,"+3.910",3910,"+0.010",10,
307,1978,10,27,27,"27","36","rolf-stommelen","arrows","ford","goodyear","1:20.730",80730,,,,,,,"+3.930",3930,"+0.020",20,
307,1978,10,28,28,"28","23","geoff-lees","ensign","ford","goodyear","1:21.050",81050,,,,,,,"+4.250",4250,"+0.320",320,
307,1978,10,29,29,"29","18","rupert-keegan","surtees","ford","goodyear","1:21.100",81100,,,,,,,"+4.300",4300,"+0.050",50,
307,1978,10,30,30,"30","40","tony-trimmer","mclaren","ford","goodyear","1:21.410",81410,,,,,,,"+4.610",4610,"+0.310",310,
308,1978,11,1,1,"1","5","mario-andretti","lotus","ford","goodyear","1:51.900",111900,,,,,,,,,,,
308,1978,11,2,2,"2","6","ronnie-peterson","lotus","ford","goodyear","1:51.990",111990,,,,,,,"+0.090",90,"+0.090",90,
308,1978,11,3,3,"3","1","niki-lauda","brabham","alfa-romeo","goodyear","1:52.290",112290,,,,,,,"+0.390",390,"+0.300",300,
308,1978,11,4,4,"4","20","jody-scheckter","wolf","ford","goodyear","1:52.680",112680,,,,,,,"+0.780",780,"+0.390",390,
308,1978,11,5,5,"5","2","john-watson","brabham","alfa-romeo","goodyear","1:52.840",112840,,,,,,,"+0.940",940,"+0.160",160,
308,1978,11,6,6,"6","27","alan-jones","williams","ford","goodyear","1:53.500",113500,,,,,,,"+1.600",1600,"+0.660",660,
308,1978,11,7,7,"7","26","jacques-laffite","ligier","matra","goodyear","1:53.540",113540,,,,,,,"+1.640",1640,"+0.040",40,
308,1978,11,8,8,"8","7","james-hunt","mclaren","ford","goodyear","1:53.540",113540,,,,,,,"+1.640",1640,"+0.000",0,
308,1978,11,9,9,"9","15","jean-pierre-jabouille","renault","renault","michelin","1:53.610",113610,,,,,,,"+1.710",1710,"+0.070",70,
308,1978,11,10,10,"10","14","emerson-fittipaldi","fittipaldi","ford","goodyear","1:54.030",114030,,,,,,,"+2.130",2130,"+0.420",420,
308,1978,11,11,11,"11","8","patrick-tambay","mclaren","ford","goodyear","1:54.040",114040,,,,,,,"+2.140",2140,"+0.010",10,
308,1978,11,12,12,"12","11","carlos-reutemann","ferrari","ferrari","michelin","1:54.170",114170,,,,,,,"+2.270",2270,"+0.130",130,
308,1978,11,13,13,"13","4","patrick-depailler","tyrrell","ford","goodyear","1:54.320",114320,,,,,,,"+2.420",2420,"+0.150",150,
308,1978,11,14,14,"14","35","riccardo-patrese","arrows","ford","goodyear","1:54.340",114340,,,,,,,"+2.440",2440,"+0.020",20,
308,1978,11,15,15,"15","12","gilles-villeneuve","ferrari","ferrari","michelin","1:54.400",114400,,,,,,,"+2.500",2500,"+0.060",60,
308,1978,11,16,16,"16","3","didier-pironi","tyrrell","ford","goodyear","1:54.630",114630,,,,,,,"+2.730",2730,"+0.230",230,
308,1978,11,17,17,"17","36","rolf-stommelen","arrows","ford","goodyear","1:55.180",115180,,,,,,,"+3.280",3280,"+0.550",550,
308,1978,11,18,18,"18","25","hector-rebaque","lotus","ford","goodyear","1:55.570",115570,,,,,,,"+3.670",3670,"+0.390",390,
308,1978,11,19,19,"19","32","keke-rosberg","wolf","ford","goodyear","1:55.570",115570,,,,,,,"+3.670",3670,"+0.000",0,
308,1978,11,20,20,"20","19","vittorio-brambilla","surtees","ford","goodyear","1:55.860",115860,,,,,,,"+3.960",3960,"+0.290",290,
308,1978,11,21,21,"21","22","nelson-piquet","ensign","ford","goodyear","1:56.150",116150,,,,,,,"+4.250",4250,"+0.290",290,
308,1978,11,22,22,"22","9","jochen-mass","ats-wheels","ford","goodyear","1:56.210",116210,,,,,,,"+4.310",4310,"+0.060",60,
308,1978,11,23,23,"23","23","harald-ertl","ensign","ford","goodyear","1:56.250",116250,,,,,,,"+4.350",4350,"+0.040",40,
308,1978,11,24,24,"24","16","hans-joachim-stuck","shadow","ford","goodyear","1:56.450",116450,,,,,,,"+4.550",4550,"+0.200",200,
308,1978,11,25,25,"25","17","clay-regazzoni","shadow","ford","goodyear","1:56.570",116570,,,,,,,"+4.670",4670,"+0.120",120,
308,1978,11,26,26,"26","10","jean-pierre-jarier","ats-wheels","ford","goodyear","1:57.400",117400,,,,,,,"+5.500",5500,"+0.830",830,
308,1978,11,27,27,"27","18","rupert-keegan","surtees","ford","goodyear","1:57.860",117860,,,,,,,"+5.960",5960,"+0.460",460,
308,1978,11,28,28,"28","37","arturo-merzario","merzario","ford","goodyear","1:58.310",118310,,,,,,,"+6.410",6410,"+0.450",450,
309,1978,12,1,1,"1","6","ronnie-peterson","lotus","ford","goodyear","1:37.710",97710,,,,,,,,,,,
309,1978,12,2,2,"2","5","mario-andretti","lotus","ford","goodyear","1:37.760",97760,,,,,,,"+0.050",50,"+0.050",50,
309,1978,12,3,3,"3","15","jean-pierre-jabouille","renault","renault","michelin","1:38.320",98320,,,,,,,"+0.610",610,"+0.560",560,
309,1978,12,4,4,"4","11","carlos-reutemann","ferrari","ferrari","michelin","1:38.500",98500,,,,,,,"+0.790",790,"+0.180",180,
309,1978,12,5,5,"5","26","jacques-laffite","ligier","matra","goodyear","1:38.710",98710,,,,,,,"+1.000",1000,"+0.210",210,
309,1978,12,6,6,"6","14","emerson-fittipaldi","fittipaldi","ford","goodyear","1:38.770",98770,,,,,,,"+1.060",1060,"+0.060",60,
309,1978,12,7,7,"7","20","jody-scheckter","wolf","ford","goodyear","1:38.850",98850,,,,,,,"+1.140",1140,"+0.080",80,
309,1978,12,8,8,"8","7","james-hunt","mclaren","ford","goodyear","1:39.100",99100,,,,,,,"+1.390",1390,"+0.250",250,
309,1978,12,9,9,"9","3","didier-pironi","tyrrell","ford","goodyear","1:39.230",99230,,,,,,,"+1.520",1520,"+0.130",130,
309,1978,12,10,10,"10","2","john-watson","brabham","alfa-romeo","goodyear","1:39.350",99350,,,,,,,"+1.640",1640,"+0.120",120,
309,1978,12,11,11,"11","12","gilles-villeneuve","ferrari","ferrari","michelin","1:39.400",99400,,,,,,,"+1.690",1690,"+0.050",50,
309,1978,12,12,12,"12","1","niki-lauda","brabham","alfa-romeo","goodyear","1:39.490",99490,,,,,,,"+1.780",1780,"+0.090",90,
309,1978,12,13,13,"13","4","patrick-depailler","tyrrell","ford","goodyear","1:39.510",99510,,,,,,,"+1.800",1800,"+0.020",20,
309,1978,12,14,14,"14","8","patrick-tambay","mclaren","ford","goodyear","1:39.590",99590,,,,,,,"+1.880",1880,"+0.080",80,
309,1978,12,15,15,"15","27","alan-jones","williams","ford","goodyear","1:39.810",99810,,,,,,,"+2.100",2100,"+0.220",220,
309,1978,12,16,16,"16","35","riccardo-patrese","arrows","ford","goodyear","1:40.110",100110,,,,,,,"+2.400",2400,"+0.300",300,
309,1978,12,17,17,"17","30","brett-lunger","mclaren","ford","goodyear","1:40.800",100800,,,,,,,"+3.090",3090,"+0.690",690,
309,1978,12,18,18,"18","25","hector-rebaque","lotus","ford","goodyear","1:40.840",100840,,,,,,,"+3.130",3130,"+0.040",40,
309,1978,12,19,19,"19","22","derek-daly","ensign","ford","goodyear","1:41.020",101020,,,,,,,"+3.310",3310,"+0.180",180,
309,1978,12,20,20,"20","29","nelson-piquet","mclaren","ford","goodyear","1:41.150",101150,,,,,,,"+3.440",3440,"+0.130",130,
309,1978,12,21,21,"21","19","vittorio-brambilla","surtees","ford","goodyear","1:41.160",101160,,,,,,,"+3.450",3450,"+0.010",10,
309,1978,12,22,22,"22","17","clay-regazzoni","shadow","ford","goodyear","1:41.420",101420,,,,,,,"+3.710",3710,"+0.260",260,
309,1978,12,23,23,"23","16","hans-joachim-stuck","shadow","ford","goodyear","1:41.580",101580,,,,,,,"+3.870",3870,"+0.160",160,
309,1978,12,24,24,"24","23","harald-ertl","ensign","ford","goodyear","1:41.600",101600,,,,,,,"+3.890",3890,"+0.020",20,
309,1978,12,25,25,"25","32","keke-rosberg","wolf","ford","goodyear","1:41.720",101720,,,,,,,"+4.010",4010,"+0.120",120,
309,1978,12,26,26,"26","31","rene-arnoux","martini","ford","goodyear","1:41.840",101840,,,,,,,"+4.130",4130,"+0.120",120,
309,1978,12,27,27,"27","37","arturo-merzario","merzario","ford","goodyear","1:41.850",101850,,,,,,,"+4.140",4140,"+0.010",10,
309,1978,12,28,28,"28","9","jochen-mass","ats-wheels","ford","goodyear","1:42.470",102470,,,,,,,"+4.760",4760,"+0.620",620,
309,1978,12,29,29,"29","18","rupert-keegan","surtees","ford","goodyear","1:43.060",103060,,,,,,,"+5.350",5350,"+0.590",590,
309,1978,12,30,30,"30","10","hans-binder","ats-wheels","ford","goodyear","1:44.460",104460,,,,,,,"+6.750",6750,"+1.400",1400,
310,1978,13,1,1,"1","5","mario-andretti","lotus","ford","goodyear","1:16.360",76360,,,,,,,,,,,
310,1978,13,2,2,"2","6","ronnie-peterson","lotus","ford","goodyear","1:16.970",76970,,,,,,,"+0.610",610,"+0.610",610,
310,1978,13,3,3,"3","1","niki-lauda","brabham","alfa-romeo","goodyear","1:17.330",77330,,,,,,,"+0.970",970,"+0.360",360,
310,1978,13,4,4,"4","11","carlos-reutemann","ferrari","ferrari","michelin","1:17.340",77340,,,,,,,"+0.980",980,"+0.010",10,
310,1978,13,5,5,"5","12","gilles-villeneuve","ferrari","ferrari","michelin","1:17.540",77540,,,,,,,"+1.180",1180,"+0.200",200,
310,1978,13,6,6,"6","26","jacques-laffite","ligier","matra","goodyear","1:17.550",77550,,,,,,,"+1.190",1190,"+0.010",10,
310,1978,13,7,7,"7","7","james-hunt","mclaren","ford","goodyear","1:17.670",77670,,,,,,,"+1.310",1310,"+0.120",120,
310,1978,13,8,8,"8","2","john-watson","brabham","alfa-romeo","goodyear","1:17.730",77730,,,,,,,"+1.370",1370,"+0.060",60,
310,1978,13,9,9,"9","15","jean-pierre-jabouille","renault","renault","michelin","1:18.280",78280,,,,,,,"+1.920",1920,"+0.550",550,
310,1978,13,10,10,"10","14","emerson-fittipaldi","fittipaldi","ford","goodyear","1:18.300",78300,,,,,,,"+1.940",1940,"+0.020",20,
310,1978,13,11,11,"11","27","alan-jones","williams","ford","goodyear","1:18.420",78420,,,,,,,"+2.060",2060,"+0.120",120,
310,1978,13,12,12,"12","4","patrick-depailler","tyrrell","ford","goodyear","1:18.430",78430,,,,,,,"+2.070",2070,"+0.010",10,
310,1978,13,13,13,"13","35","riccardo-patrese","arrows","ford","goodyear","1:18.500",78500,,,,,,,"+2.140",2140,"+0.070",70,
310,1978,13,14,14,"14","8","patrick-tambay","mclaren","ford","goodyear","1:18.500",78500,,,,,,,"+2.140",2140,"+0.000",0,
310,1978,13,15,15,"15","20","jody-scheckter","wolf","ford","goodyear","1:18.570",78570,,,,,,,"+2.210",2210,"+0.070",70,
310,1978,13,16,16,"16","22","derek-daly","ensign","ford","goodyear","1:19.390",79390,,,,,,,"+3.030",3030,"+0.820",820,
310,1978,13,17,17,"17","3","didier-pironi","tyrrell","ford","goodyear","1:19.590",79590,,,,,,,"+3.230",3230,"+0.200",200,
310,1978,13,18,18,"18","16","hans-joachim-stuck","shadow","ford","goodyear","1:19.620",79620,,,,,,,"+3.260",3260,"+0.030",30,
310,1978,13,19,19,"19","33","bruno-giacomelli","mclaren","ford","goodyear","1:19.830",79830,,,,,,,"+3.470",3470,"+0.210",210,
310,1978,13,20,20,"20","25","hector-rebaque","lotus","ford","goodyear","1:20.020",80020,,,,,,,"+3.660",3660,"+0.190",190,
310,1978,13,21,21,"21","30","brett-lunger","mclaren","ford","goodyear","1:20.030",80030,,,,,,,"+3.670",3670,"+0.010",10,
310,1978,13,22,22,"22","19","vittorio-brambilla","surtees","ford","goodyear","1:20.260",80260,,,,,,,"+3.900",3900,"+0.230",230,
310,1978,13,23,23,"23","31","rene-arnoux","martini","ford","goodyear","1:20.310",80310,,,,,,,"+3.950",3950,"+0.050",50,
310,1978,13,24,24,"24","32","keke-rosberg","wolf","ford","goodyear","1:20.470",80470,,,,,,,"+4.110",4110,"+0.160",160,
310,1978,13,25,25,"25","18","rupert-keegan","surtees","ford","goodyear","1:20.520",80520,,,,,,,"+4.160",4160,"+0.050",50,
310,1978,13,26,26,"26","29","nelson-piquet","mclaren","ford","goodyear","1:20.640",80640,,,,,,,"+4.280",4280,"+0.120",120,
310,1978,13,27,27,"27","37","arturo-merzario","merzario","ford","goodyear","1:20.640",80640,,,,,,,"+4.280",4280,"+0.000",0,
310,1978,13,28,28,"28","17","clay-regazzoni","shadow","ford","goodyear","1:20.690",80690,,,,,,,"+4.330",4330,"+0.050",50,
310,1978,13,29,29,"29","10","michael-bleekemolen","ats-wheels","ford","goodyear","1:21.330",81330,,,,,,,"+4.970",4970,"+0.640",640,
310,1978,13,30,30,"30","9","jochen-mass","ats-wheels","ford","goodyear","1:21.820",81820,,,,,,,"+5.460",5460,"+0.490",490,
311,1978,14,1,1,"1","5","mario-andretti","lotus","ford","goodyear","1:37.520",97520,,,,,,,,,,,
311,1978,14,2,2,"2","12","gilles-villeneuve","ferrari","ferrari","michelin","1:37.860",97860,,,,,,,"+0.340",340,"+0.340",340,
311,1978,14,3,3,"3","15","jean-pierre-jabouille","renault","renault","michelin","1:37.930",97930,,,,,,,"+0.410",410,"+0.070",70,
311,1978,14,4,4,"4","1","niki-lauda","brabham","alfa-romeo","goodyear","1:38.215",98215,,,,,,,"+0.695",695,"+0.285",285,
311,1978,14,5,5,"5","6","ronnie-peterson","lotus","ford","goodyear","1:38.256",98256,,,,,,,"+0.736",736,"+0.041",41,
311,1978,14,6,6,"6","27","alan-jones","williams","ford","goodyear","1:38.271",98271,,,,,,,"+0.751",751,"+0.015",15,
311,1978,14,7,7,"7","2","john-watson","brabham","alfa-romeo","goodyear","1:38.610",98610,,,,,,,"+1.090",1090,"+0.339",339,
311,1978,14,8,8,"8","26","jacques-laffite","ligier","matra","goodyear","1:38.917",98917,,,,,,,"+1.397",1397,"+0.307",307,
311,1978,14,9,9,"9","20","jody-scheckter","wolf","ford","goodyear","1:38.937",98937,,,,,,,"+1.417",1417,"+0.020",20,
311,1978,14,10,10,"10","7","james-hunt","mclaren","ford","goodyear","1:38.938",98938,,,,,,,"+1.418",1418,"+0.001",1,
311,1978,14,11,11,"11","11","carlos-reutemann","ferrari","ferrari","michelin","1:38.959",98959,,,,,,,"+1.439",1439,"+0.021",21,
311,1978,14,12,12,"12","35","riccardo-patrese","arrows","ford","goodyear","1:39.179",99179,,,,,,,"+1.659",1659,"+0.220",220,
311,1978,14,13,13,"13","14","emerson-fittipaldi","fittipaldi","ford","goodyear","1:39.421",99421,,,,,,,"+1.901",1901,"+0.242",242,
311,1978,14,14,14,"14","3","didier-pironi","tyrrell","ford","goodyear","1:39.563",99563,,,,,,,"+2.043",2043,"+0.142",142,
311,1978,14,15,15,"15","17","clay-regazzoni","shadow","ford","goodyear","1:39.621",99621,,,,,,,"+2.101",2101,"+0.058",58,
311,1978,14,16,16,"16","4","patrick-depailler","tyrrell","ford","goodyear","1:39.630",99630,,,,,,,"+2.110",2110,"+0.009",9,
311,1978,14,17,17,"17","16","hans-joachim-stuck","shadow","ford","goodyear","1:39.701",99701,,,,,,,"+2.181",2181,"+0.071",71,
311,1978,14,18,18,"18","22","derek-daly","ensign","ford","goodyear","1:40.075",100075,,,,,,,"+2.555",2555,"+0.374",374,
311,1978,14,19,19,"19","8","patrick-tambay","mclaren","ford","goodyear","1:40.163",100163,,,,,,,"+2.643",2643,"+0.088",88,
311,1978,14,20,20,"20","33","bruno-giacomelli","mclaren","ford","goodyear","1:40.199",100199,,,,,,,"+2.679",2679,"+0.036",36,
311,1978,14,21,21,"21","30","brett-lunger","mclaren","ford","goodyear","1:40.302",100302,,,,,,,"+2.782",2782,"+0.103",103,
311,1978,14,22,22,"22","37","arturo-merzario","merzario","ford","goodyear","1:40.702",100702,,,,,,,"+3.182",3182,"+0.400",400,
311,1978,14,23,23,"23","19","vittorio-brambilla","surtees","ford","goodyear","1:40.805",100805,,,,,,,"+3.285",3285,"+0.103",103,
311,1978,14,24,24,"24","29","nelson-piquet","mclaren","ford","goodyear","1:40.846",100846,,,,,,,"+3.326",3326,"+0.041",41,
311,1978,14,25,25,"25","25","hector-rebaque","lotus","ford","goodyear","1:41.063",101063,,,,,,,"+3.543",3543,"+0.217",217,
311,1978,14,26,26,"26","10","harald-ertl","ats-wheels","ford","goodyear","1:41.185",101185,,,,,,,"+3.665",3665,"+0.122",122,
311,1978,14,27,27,"27","9","michael-bleekemolen","ats-wheels","ford","goodyear","1:41.677",101677,,,,,,,"+4.157",4157,"+0.492",492,
311,1978,14,28,28,"28","18","carlo-franchi","surtees","ford","goodyear","1:44.408",104408,,,,,,,"+6.888",6888,"+2.731",2731,
312,1978,15,1,1,"1","5","mario-andretti","lotus","ford","goodyear","1:38.114",98114,,,,,,,,,,,
312,1978,15,2,2,"2","11","carlos-reutemann","ferrari","ferrari","michelin","1:39.179",99179,,,,,,,"+1.065",1065,"+1.065",1065,
312,1978,15,3,3,"3","27","alan-jones","williams","ford","goodyear","1:39.742",99742,,,,,,,"+1.628",1628,"+0.563",563,
312,1978,15,4,4,"4","12","gilles-villeneuve","ferrari","ferrari","michelin","1:39.820",99820,,,,,,,"+1.706",1706,"+0.078",78,
312,1978,15,5,5,"5","1","niki-lauda","brabham","alfa-romeo","goodyear","1:39.892",99892,,,,,,,"+1.778",1778,"+0.072",72,
312,1978,15,6,6,"6","7","james-hunt","mclaren","ford","goodyear","1:39.991",99991,,,,,,,"+1.877",1877,"+0.099",99,
312,1978,15,7,7,"7","2","john-watson","brabham","alfa-romeo","goodyear","1:40.000",100000,,,,,,,"+1.886",1886,"+0.009",9,
312,1978,15,8,8,"8","55","jean-pierre-jarier","lotus","ford","goodyear","1:40.034",100034,,,,,,,"+1.920",1920,"+0.034",34,
312,1978,15,9,9,"9","15","jean-pierre-jabouille","renault","renault","michelin","1:40.136",100136,,,,,,,"+2.022",2022,"+0.102",102,
312,1978,15,10,10,"10","26","jacques-laffite","ligier","matra","goodyear","1:40.228",100228,,,,,,,"+2.114",2114,"+0.092",92,
312,1978,15,11,11,"11","20","jody-scheckter","wolf","ford","goodyear","1:40.762",100762,,,,,,,"+2.648",2648,"+0.534",534,
312,1978,15,12,12,"12","4","patrick-depailler","tyrrell","ford","goodyear","1:40.828",100828,,,,,,,"+2.714",2714,"+0.066",66,
312,1978,15,13,13,"13","14","emerson-fittipaldi","fittipaldi","ford","goodyear","1:41.007",101007,,,,,,,"+2.893",2893,"+0.179",179,
312,1978,15,14,14,"14","16","hans-joachim-stuck","shadow","ford","goodyear","1:41.681",101681,,,,,,,"+3.567",3567,"+0.674",674,
312,1978,15,15,15,"15","10","keke-rosberg","ats-wheels","ford","goodyear","1:41.773",101773,,,,,,,"+3.659",3659,"+0.092",92,
312,1978,15,16,16,"16","3","didier-pironi","tyrrell","ford","goodyear","1:41.815",101815,,,,,,,"+3.701",3701,"+0.042",42,
312,1978,15,17,17,"17","17","clay-regazzoni","shadow","ford","goodyear","1:41.855",101855,,,,,,,"+3.741",3741,"+0.040",40,
312,1978,15,18,18,"18","8","patrick-tambay","mclaren","ford","goodyear","1:41.974",101974,,,,,,,"+3.860",3860,"+0.119",119,
312,1978,15,19,19,"19","22","derek-daly","ensign","ford","goodyear","1:42.179",102179,,,,,,,"+4.065",4065,"+0.205",205,
312,1978,15,20,20,"20","21","bobby-rahal","wolf","ford","goodyear","1:42.429",102429,,,,,,,"+4.315",4315,"+0.250",250,
312,1978,15,21,21,"21","18","rene-arnoux","surtees","ford","goodyear","1:42.541",102541,,,,,,,"+4.427",4427,"+0.112",112,
312,1978,15,22,22,"22","36","rolf-stommelen","arrows","ford","goodyear","1:42.741",102741,,,,,,,"+4.627",4627,"+0.200",200,
312,1978,15,23,23,"23","25","hector-rebaque","lotus","ford","goodyear","1:43.028",103028,,,,,,,"+4.914",4914,"+0.287",287,
312,1978,15,24,24,"24","23","brett-lunger","ensign","ford","goodyear","1:43.067",103067,,,,,,,"+4.953",4953,"+0.039",39,
312,1978,15,25,25,"25","9","michael-bleekemolen","ats-wheels","ford","goodyear","1:43.572",103572,,,,,,,"+5.458",5458,"+0.505",505,
312,1978,15,26,26,"26","37","arturo-merzario","merzario","ford","goodyear","1:44.286",104286,,,,,,,"+6.172",6172,"+0.714",714,
312,1978,15,27,27,"27","19","beppe-gabbiani","surtees","ford","goodyear","1:45.155",105155,,,,,,,"+7.041",7041,"+0.869",869,
313,1978,16,1,1,"1","55","jean-pierre-jarier","lotus","ford","goodyear","1:38.015",98015,,,,,,,,,,,
313,1978,16,2,2,"2","20","jody-scheckter","wolf","ford","goodyear","1:38.026",98026,,,,,,,"+0.011",11,"+0.011",11,
313,1978,16,3,3,"3","12","gilles-villeneuve","ferrari","ferrari","michelin","1:38.230",98230,,,,,,,"+0.215",215,"+0.204",204,
313,1978,16,4,4,"4","2","john-watson","brabham","alfa-romeo","goodyear","1:38.417",98417,,,,,,,"+0.402",402,"+0.187",187,
313,1978,16,5,5,"5","27","alan-jones","williams","ford","goodyear","1:38.861",98861,,,,,,,"+0.846",846,"+0.444",444,
313,1978,16,6,6,"6","14","emerson-fittipaldi","fittipaldi","ford","goodyear","1:38.930",98930,,,,,,,"+0.915",915,"+0.069",69,
313,1978,16,7,7,"7","1","niki-lauda","brabham","alfa-romeo","goodyear","1:39.020",99020,,,,,,,"+1.005",1005,"+0.090",90,
313,1978,16,8,8,"8","16","hans-joachim-stuck","shadow","ford","goodyear","1:39.081",99081,,,,,,,"+1.066",1066,"+0.061",61,
313,1978,16,9,9,"9","5","mario-andretti","lotus","ford","goodyear","1:39.236",99236,,,,,,,"+1.221",1221,"+0.155",155,
313,1978,16,10,10,"10","26","jacques-laffite","ligier","matra","goodyear","1:39.381",99381,,,,,,,"+1.366",1366,"+0.145",145,
313,1978,16,11,11,"11","11","carlos-reutemann","ferrari","ferrari","michelin","1:39.455",99455,,,,,,,"+1.440",1440,"+0.074",74,
313,1978,16,12,12,"12","35","riccardo-patrese","arrows","ford","goodyear","1:39.491",99491,,,,,,,"+1.476",1476,"+0.036",36,
313,1978,16,13,13,"13","4","patrick-depailler","tyrrell","ford","goodyear","1:39.619",99619,,,,,,,"+1.604",1604,"+0.128",128,
313,1978,16,14,14,"14","66","nelson-piquet","brabham","alfa-romeo","goodyear","1:39.624",99624,,,,,,,"+1.609",1609,"+0.005",5,
313,1978,16,15,15,"15","22","derek-daly","ensign","ford","goodyear","1:40.042",100042,,,,,,,"+2.027",2027,"+0.418",418,
313,1978,16,16,16,"16","18","rene-arnoux","surtees","ford","goodyear","1:40.515",100515,,,,,,,"+2.500",2500,"+0.473",473,
313,1978,16,17,17,"17","8","patrick-tambay","mclaren","ford","goodyear","1:40.669",100669,,,,,,,"+2.654",2654,"+0.154",154,
313,1978,16,18,18,"18","3","didier-pironi","tyrrell","ford","goodyear","1:40.959",100959,,,,,,,"+2.944",2944,"+0.290",290,
313,1978,16,19,19,"19","7","james-hunt","mclaren","ford","goodyear","1:40.970",100970,,,,,,,"+2.955",2955,"+0.011",11,
313,1978,16,20,20,"20","21","bobby-rahal","wolf","ford","goodyear","1:40.983",100983,,,,,,,"+2.968",2968,"+0.013",13,
313,1978,16,21,21,"21","10","keke-rosberg","ats-wheels","ford","goodyear","1:41.611",101611,,,,,,,"+3.596",3596,"+0.628",628,
313,1978,16,22,22,"22","15","jean-pierre-jabouille","renault","renault","michelin","1:41.689",101689,,,,,,,"+3.674",3674,"+0.078",78,
313,1978,16,23,23,"23","17","clay-regazzoni","shadow","ford","goodyear","1:41.739",101739,,,,,,,"+3.724",3724,"+0.050",50,
313,1978,16,24,24,"24","19","beppe-gabbiani","surtees","ford","goodyear","1:41.799",101799,,,,,,,"+3.784",3784,"+0.060",60,
313,1978,16,25,25,"25","37","arturo-merzario","merzario","ford","goodyear","1:41.962",101962,,,,,,,"+3.947",3947,"+0.163",163,
313,1978,16,26,26,"26","25","hector-rebaque","lotus","ford","goodyear","1:42.413",102413,,,,,,,"+4.398",4398,"+0.451",451,
313,1978,16,27,27,"27","36","rolf-stommelen","arrows","ford","goodyear","1:43.267",103267,,,,,,,"+5.252",5252,"+0.854",854,
313,1978,16,28,28,"28","9","michael-bleekemolen","ats-wheels","ford","goodyear","1:45.553",105553,,,,,,,"+7.538",7538,"+2.286",2286,
314,1979,1,1,1,"1","26","jacques-laffite","ligier","ford","goodyear","1:44.200",104200,,,,,,,,,,,
314,1979,1,2,2,"2","25","patrick-depailler","ligier","ford","goodyear","1:45.240",105240,,,,,,,"+1.040",1040,"+1.040",1040,
314,1979,1,3,3,"3","2","carlos-reutemann","lotus","ford","goodyear","1:45.340",105340,,,,,,,"+1.140",1140,"+0.100",100,
314,1979,1,4,4,"4","4","jean-pierre-jarier","tyrrell","ford","goodyear","1:45.360",105360,,,,,,,"+1.160",1160,"+0.020",20,
314,1979,1,5,5,"5","11","jody-scheckter","ferrari","ferrari","michelin","1:45.580",105580,,,,,,,"+1.380",1380,"+0.220",220,
314,1979,1,6,6,"6","7","john-watson","mclaren","ford","goodyear","1:45.760",105760,,,,,,,"+1.560",1560,"+0.180",180,
314,1979,1,7,7,"7","1","mario-andretti","lotus","ford","goodyear","1:45.960",105960,,,,,,,"+1.760",1760,"+0.200",200,
314,1979,1,8,8,"8","3","didier-pironi","tyrrell","ford","goodyear","1:46.430",106430,,,,,,,"+2.230",2230,"+0.470",470,
314,1979,1,9,9,"9","8","patrick-tambay","mclaren","ford","goodyear","1:46.560",106560,,,,,,,"+2.360",2360,"+0.130",130,
314,1979,1,10,10,"10","12","gilles-villeneuve","ferrari","ferrari","michelin","1:46.880",106880,,,,,,,"+2.680",2680,"+0.320",320,
314,1979,1,11,11,"11","14","emerson-fittipaldi","fittipaldi","ford","goodyear","1:47.150",107150,,,,,,,"+2.950",2950,"+0.270",270,
314,1979,1,12,12,"12","15","jean-pierre-jabouille","renault","renault","michelin","1:47.460",107460,,,,,,,"+3.260",3260,"+0.310",310,
314,1979,1,13,13,"13","29","riccardo-patrese","arrows","ford","goodyear","1:48.330",108330,,,,,,,"+4.130",4130,"+0.870",870,
314,1979,1,14,14,"14","30","jochen-mass","arrows","ford","goodyear","1:48.340",108340,,,,,,,"+4.140",4140,"+0.010",10,
314,1979,1,15,15,"15","27","alan-jones","williams","ford","goodyear","1:48.440",108440,,,,,,,"+4.240",4240,"+0.100",100,
314,1979,1,16,16,"16","18","elio-de-angelis","shadow","ford","goodyear","1:48.510",108510,,,,,,,"+4.310",4310,"+0.070",70,
314,1979,1,17,17,"17","28","clay-regazzoni","williams","ford","goodyear","1:48.640",108640,,,,,,,"+4.440",4440,"+0.130",130,
314,1979,1,18,18,"18","20","james-hunt","wolf","ford","goodyear","1:48.770",108770,,,,,,,"+4.570",4570,"+0.130",130,
314,1979,1,19,19,"19","31","hector-rebaque","lotus","ford","goodyear","1:49.360",109360,,,,,,,"+5.160",5160,"+0.590",590,
314,1979,1,20,20,"20","6","nelson-piquet","brabham","alfa-romeo","goodyear","1:49.490",109490,,,,,,,"+5.290",5290,"+0.130",130,
314,1979,1,21,21,"21","17","jan-lammers","shadow","ford","goodyear","1:49.510",109510,,,,,,,"+5.310",5310,"+0.020",20,
314,1979,1,22,22,"22","24","arturo-merzario","merzario","ford","goodyear","1:50.260",110260,,,,,,,"+6.060",6060,"+0.750",750,
314,1979,1,23,23,"23","5","niki-lauda","brabham","alfa-romeo","goodyear","1:50.290",110290,,,,,,,"+6.090",6090,"+0.030",30,
314,1979,1,24,24,"24","22","derek-daly","ensign","ford","goodyear","1:51.050",111050,,,,,,,"+6.850",6850,"+0.760",760,
314,1979,1,25,25,"25","9","hans-joachim-stuck","ats-wheels","ford","goodyear","1:51.280",111280,,,,,,,"+7.080",7080,"+0.230",230,
314,1979,1,26,26,"26","16","rene-arnoux","renault","renault","michelin","1:51.520",111520,,,,,,,"+7.320",7320,"+0.240",240,
315,1979,2,1,1,"1","26","jacques-laffite","ligier","ford","goodyear","2:23.070",143070,,,,,,,,,,,
315,1979,2,2,2,"2","25","patrick-depailler","ligier","ford","goodyear","2:23.990",143990,,,,,,,"+0.920",920,"+0.920",920,
315,1979,2,3,3,"3","2","carlos-reutemann","lotus","ford","goodyear","2:24.150",144150,,,,,,,"+1.080",1080,"+0.160",160,
315,1979,2,4,4,"4","1","mario-andretti","lotus","ford","goodyear","2:24.280",144280,,,,,,,"+1.210",1210,"+0.130",130,
315,1979,2,5,5,"5","12","gilles-villeneuve","ferrari","ferrari","michelin","2:24.340",144340,,,,,,,"+1.270",1270,"+0.060",60,
315,1979,2,6,6,"6","11","jody-scheckter","ferrari","ferrari","michelin","2:24.480",144480,,,,,,,"+1.410",1410,"+0.140",140,
315,1979,2,7,7,"7","15","jean-pierre-jabouille","renault","renault","michelin","2:24.850",144850,,,,,,,"+1.780",1780,"+0.370",370,
315,1979,2,8,8,"8","3","didier-pironi","tyrrell","ford","goodyear","2:25.160",145160,,,,,,,"+2.090",2090,"+0.310",310,
315,1979,2,9,9,"9","14","emerson-fittipaldi","fittipaldi","ford","goodyear","2:26.250",146250,,,,,,,"+3.180",3180,"+1.090",1090,
315,1979,2,10,10,"10","20","james-hunt","wolf","ford","goodyear","2:26.370",146370,,,,,,,"+3.300",3300,"+0.120",120,
315,1979,2,11,11,"11","16","rene-arnoux","renault","renault","michelin","2:26.430",146430,,,,,,,"+3.360",3360,"+0.060",60,
315,1979,2,12,12,"12","5","niki-lauda","brabham","alfa-romeo","goodyear","2:27.570",147570,,,,,,,"+4.500",4500,"+1.140",1140,
315,1979,2,13,13,"13","27","alan-jones","williams","ford","goodyear","2:27.670",147670,,,,,,,"+4.600",4600,"+0.100",100,
315,1979,2,14,14,"14","7","john-watson","mclaren","ford","goodyear","2:27.820",147820,,,,,,,"+4.750",4750,"+0.150",150,
315,1979,2,15,15,"15","4","jean-pierre-jarier","tyrrell","ford","goodyear","2:27.890",147890,,,,,,,"+4.820",4820,"+0.070",70,
315,1979,2,16,16,"16","29","riccardo-patrese","arrows","ford","goodyear","2:28.080",148080,,,,,,,"+5.010",5010,"+0.190",190,
315,1979,2,17,17,"17","28","clay-regazzoni","williams","ford","goodyear","2:28.880",148880,,,,,,,"+5.810",5810,"+0.800",800,
315,1979,2,18,18,"18","8","patrick-tambay","mclaren","ford","goodyear","2:29.390",149390,,,,,,,"+6.320",6320,"+0.510",510,
315,1979,2,19,19,"19","30","jochen-mass","arrows","ford","goodyear","2:29.420",149420,,,,,,,"+6.350",6350,"+0.030",30,
315,1979,2,20,20,"20","18","elio-de-angelis","shadow","ford","goodyear","2:30.290",150290,,,,,,,"+7.220",7220,"+0.870",870,
315,1979,2,21,21,"21","17","jan-lammers","shadow","ford","goodyear","2:31.600",151600,,,,,,,"+8.530",8530,"+1.310",1310,
315,1979,2,22,22,"22","6","nelson-piquet","brabham","alfa-romeo","goodyear","2:31.640",151640,,,,,,,"+8.570",8570,"+0.040",40,
315,1979,2,23,23,"23","22","derek-daly","ensign","ford","goodyear","2:31.780",151780,,,,,,,"+8.710",8710,"+0.140",140,
315,1979,2,24,24,"24","9","hans-joachim-stuck","ats-wheels","ford","goodyear","2:32.270",152270,,,,,,,"+9.200",9200,"+0.490",490,
315,1979,2,25,25,"25","31","hector-rebaque","lotus","ford","goodyear","2:32.660",152660,,,,,,,"+9.590",9590,"+0.390",390,
315,1979,2,26,26,"26","24","arturo-merzario","merzario","ford","goodyear","2:34.080",154080,,,,,,,"+11.010",11010,"+1.420",1420,
316,1979,3,1,1,"1","15","jean-pierre-jabouille","renault","renault","michelin","1:11.800",71800,,,,,,,,,,,
316,1979,3,2,2,"2","11","jody-scheckter","ferrari","ferrari","michelin","1:12.040",72040,,,,,,,"+0.240",240,"+0.240",240,
316,1979,3,3,3,"3","12","gilles-villeneuve","ferrari","ferrari","michelin","1:12.070",72070,,,,,,,"+0.270",270,"+0.030",30,
316,1979,3,4,4,"4","5","niki-lauda","brabham","alfa-romeo","goodyear","1:12.120",72120,,,,,,,"+0.320",320,"+0.050",50,
316,1979,3,5,5,"5","25","patrick-depailler","ligier","ford","goodyear","1:12.150",72150,,,,,,,"+0.350",350,"+0.030",30,
316,1979,3,6,6,"6","26","jacques-laffite","ligier","ford","goodyear","1:12.260",72260,,,,,,,"+0.460",460,"+0.110",110,
316,1979,3,7,7,"7","3","didier-pironi","tyrrell","ford","goodyear","1:12.330",72330,,,,,,,"+0.530",530,"+0.070",70,
316,1979,3,8,8,"8","1","mario-andretti","lotus","ford","goodyear","1:12.360",72360,,,,,,,"+0.560",560,"+0.030",30,
316,1979,3,9,9,"9","4","jean-pierre-jarier","tyrrell","ford","goodyear","1:12.550",72550,,,,,,,"+0.750",750,"+0.190",190,
316,1979,3,10,10,"10","16","rene-arnoux","renault","renault","michelin","1:12.690",72690,,,,,,,"+0.890",890,"+0.140",140,
316,1979,3,11,11,"11","2","carlos-reutemann","lotus","ford","goodyear","1:12.750",72750,,,,,,,"+0.950",950,"+0.060",60,
316,1979,3,12,12,"12","6","nelson-piquet","brabham","alfa-romeo","goodyear","1:13.070",73070,,,,,,,"+1.270",1270,"+0.320",320,
316,1979,3,13,13,"13","20","james-hunt","wolf","ford","goodyear","1:14.210",74210,,,,,,,"+2.410",2410,"+1.140",1140,
316,1979,3,14,14,"14","7","john-watson","mclaren","ford","goodyear","1:14.440",74440,,,,,,,"+2.640",2640,"+0.230",230,
316,1979,3,15,15,"15","18","elio-de-angelis","shadow","ford","goodyear","1:14.440",74440,,,,,,,"+2.640",2640,"+0.000",0,
316,1979,3,16,16,"16","29","riccardo-patrese","arrows","ford","goodyear","1:14.540",74540,,,,,,,"+2.740",2740,"+0.100",100,
316,1979,3,17,17,"17","8","patrick-tambay","mclaren","ford","goodyear","1:14.580",74580,,,,,,,"+2.780",2780,"+0.040",40,
316,1979,3,18,18,"18","14","emerson-fittipaldi","fittipaldi","ford","goodyear","1:14.610",74610,,,,,,,"+2.810",2810,"+0.030",30,
316,1979,3,19,19,"19","27","alan-jones","williams","ford","goodyear","1:14.640",74640,,,,,,,"+2.840",2840,"+0.030",30,
316,1979,3,20,20,"20","30","jochen-mass","arrows","ford","goodyear","1:15.000",75000,,,,,,,"+3.200",3200,"+0.360",360,
316,1979,3,21,21,"21","17","jan-lammers","shadow","ford","goodyear","1:15.350",75350,,,,,,,"+3.550",3550,"+0.350",350,
316,1979,3,22,22,"22","28","clay-regazzoni","williams","ford","goodyear","1:15.680",75680,,,,,,,"+3.880",3880,"+0.330",330,
316,1979,3,23,23,"23","31","hector-rebaque","lotus","ford","goodyear","1:16.150",76150,,,,,,,"+4.350",4350,"+0.470",470,
316,1979,3,24,24,"24","9","hans-joachim-stuck","ats-wheels","ford","goodyear","1:16.310",76310,,,,,,,"+4.510",4510,"+0.160",160,
316,1979,3,25,25,"25","22","derek-daly","ensign","ford","goodyear","1:16.640",76640,,,,,,,"+4.840",4840,"+0.330",330,
316,1979,3,26,26,"26","24","arturo-merzario","merzario","ford","goodyear","1:18.140",78140,,,,,,,"+6.340",6340,"+1.500",1500,
317,1979,4,1,1,"1","12","gilles-villeneuve","ferrari","ferrari","michelin","1:18.825",78825,,,,,,,,,,,
317,1979,4,2,2,"2","2","carlos-reutemann","lotus","ford","goodyear","1:18.886",78886,,,,,,,"+0.061",61,"+0.061",61,
317,1979,4,3,3,"3","11","jody-scheckter","ferrari","ferrari","michelin","1:18.911",78911,,,,,,,"+0.086",86,"+0.025",25,
317,1979,4,4,4,"4","25","patrick-depailler","ligier","ford","goodyear","1:19.025",79025,,,,,,,"+0.200",200,"+0.114",114,
317,1979,4,5,5,"5","26","jacques-laffite","ligier","ford","goodyear","1:19.032",79032,,,,,,,"+0.207",207,"+0.007",7,
317,1979,4,6,6,"6","1","mario-andretti","lotus","ford","goodyear","1:19.454",79454,,,,,,,"+0.629",629,"+0.422",422,
317,1979,4,7,7,"7","4","jean-pierre-jarier","tyrrell","ford","goodyear","1:19.580",79580,,,,,,,"+0.755",755,"+0.126",126,
317,1979,4,8,8,"8","20","james-hunt","wolf","ford","goodyear","1:19.643",79643,,,,,,,"+0.818",818,"+0.063",63,
317,1979,4,9,9,"9","29","riccardo-patrese","arrows","ford","goodyear","1:19.727",79727,,,,,,,"+0.902",902,"+0.084",84,
317,1979,4,10,10,"10","27","alan-jones","williams","ford","goodyear","1:19.910",79910,,,,,,,"+1.085",1085,"+0.183",183,
317,1979,4,11,11,"11","5","niki-lauda","brabham","alfa-romeo","goodyear","1:20.041",80041,,,,,,,"+1.216",1216,"+0.131",131,
317,1979,4,12,12,"12","6","nelson-piquet","brabham","alfa-romeo","goodyear","1:20.456",80456,,,,,,,"+1.631",1631,"+0.415",415,
317,1979,4,13,13,"13","30","jochen-mass","arrows","ford","goodyear","1:20.608",80608,,,,,,,"+1.783",1783,"+0.152",152,
317,1979,4,14,14,"14","17","jan-lammers","shadow","ford","goodyear","1:20.740",80740,,,,,,,"+1.915",1915,"+0.132",132,
317,1979,4,15,15,"15","28","clay-regazzoni","williams","ford","goodyear","1:20.768",80768,,,,,,,"+1.943",1943,"+0.028",28,
317,1979,4,16,16,"16","14","emerson-fittipaldi","fittipaldi","ford","goodyear","1:21.033",81033,,,,,,,"+2.208",2208,"+0.265",265,
317,1979,4,17,17,"17","3","didier-pironi","tyrrell","ford","goodyear","1:21.192",81192,,,,,,,"+2.367",2367,"+0.159",159,
317,1979,4,18,18,"18","7","john-watson","mclaren","ford","goodyear","1:21.304",81304,,,,,,,"+2.479",2479,"+0.112",112,
317,1979,4,19,19,"19","8","patrick-tambay","mclaren","ford","goodyear","1:21.411",81411,,,,,,,"+2.586",2586,"+0.107",107,
317,1979,4,20,20,"20","15","jean-pierre-jabouille","renault","renault","michelin","1:21.635",81635,,,,,,,"+2.810",2810,"+0.224",224,
317,1979,4,21,21,"21","18","elio-de-angelis","shadow","ford","goodyear","1:21.961",81961,,,,,,,"+3.136",3136,"+0.326",326,
317,1979,4,22,22,"22","16","rene-arnoux","renault","renault","michelin","1:22.088",82088,,,,,,,"+3.263",3263,"+0.127",127,
317,1979,4,23,23,"23","9","hans-joachim-stuck","ats-wheels","ford","goodyear","1:22.828",82828,,,,,,,"+4.003",4003,"+0.740",740,
317,1979,4,24,24,"24","24","arturo-merzario","merzario","ford","goodyear","1:22.938",82938,,,,,,,"+4.113",4113,"+0.110",110,
317,1979,4,25,25,"25","31","hector-rebaque","lotus","ford","goodyear","1:22.990",82990,,,,,,,"+4.165",4165,"+0.052",52,
317,1979,4,26,26,"26","22","derek-daly","ensign","ford","goodyear","1:23.888",83888,,,,,,,"+5.063",5063,"+0.898",898,
318,1979,5,1,1,"1","26","jacques-laffite","ligier","ford","goodyear","1:14.500",74500,,,,,,,,,,,
318,1979,5,2,2,"2","25","patrick-depailler","ligier","ford","goodyear","1:14.790",74790,,,,,,,"+0.290",290,"+0.290",290,
318,1979,5,3,3,"3","12","gilles-villeneuve","ferrari","ferrari","michelin","1:14.820",74820,,,,,,,"+0.320",320,"+0.030",30,
318,1979,5,4,4,"4","1","mario-andretti","lotus","ford","goodyear","1:15.070",75070,,,,,,,"+0.570",570,"+0.250",250,
318,1979,5,5,5,"5","11","jody-scheckter","ferrari","ferrari","michelin","1:15.100",75100,,,,,,,"+0.600",600,"+0.030",30,
318,1979,5,6,6,"6","5","niki-lauda","brabham","alfa-romeo","goodyear","1:15.450",75450,,,,,,,"+0.950",950,"+0.350",350,
318,1979,5,7,7,"7","6","nelson-piquet","brabham","alfa-romeo","goodyear","1:15.610",75610,,,,,,,"+1.110",1110,"+0.160",160,
318,1979,5,8,8,"8","2","carlos-reutemann","lotus","ford","goodyear","1:15.670",75670,,,,,,,"+1.170",1170,"+0.060",60,
318,1979,5,9,9,"9","15","jean-pierre-jabouille","renault","renault","michelin","1:15.780",75780,,,,,,,"+1.280",1280,"+0.110",110,
318,1979,5,10,10,"10","3","didier-pironi","tyrrell","ford","goodyear","1:16.040",76040,,,,,,,"+1.540",1540,"+0.260",260,
318,1979,5,11,11,"11","16","rene-arnoux","renault","renault","michelin","1:16.060",76060,,,,,,,"+1.560",1560,"+0.020",20,
318,1979,5,12,12,"12","4","jean-pierre-jarier","tyrrell","ford","goodyear","1:16.080",76080,,,,,,,"+1.580",1580,"+0.020",20,
318,1979,5,13,13,"13","27","alan-jones","williams","ford","goodyear","1:16.230",76230,,,,,,,"+1.730",1730,"+0.150",150,
318,1979,5,14,14,"14","28","clay-regazzoni","williams","ford","goodyear","1:16.610",76610,,,,,,,"+2.110",2110,"+0.380",380,
318,1979,5,15,15,"15","20","james-hunt","wolf","ford","goodyear","1:16.880",76880,,,,,,,"+2.380",2380,"+0.270",270,
318,1979,5,16,16,"16","29","riccardo-patrese","arrows","ford","goodyear","1:16.920",76920,,,,,,,"+2.420",2420,"+0.040",40,
318,1979,5,17,17,"17","30","jochen-mass","arrows","ford","goodyear","1:17.040",77040,,,,,,,"+2.540",2540,"+0.120",120,
318,1979,5,18,18,"18","7","john-watson","mclaren","ford","goodyear","1:17.110",77110,,,,,,,"+2.610",2610,"+0.070",70,
318,1979,5,19,19,"19","14","emerson-fittipaldi","fittipaldi","ford","goodyear","1:17.350",77350,,,,,,,"+2.850",2850,"+0.240",240,
318,1979,5,20,20,"20","8","patrick-tambay","mclaren","ford","goodyear","1:17.450",77450,,,,,,,"+2.950",2950,"+0.100",100,
318,1979,5,21,21,"21","9","hans-joachim-stuck","ats-wheels","ford","goodyear","1:17.570",77570,,,,,,,"+3.070",3070,"+0.120",120,
318,1979,5,22,22,"22","18","elio-de-angelis","shadow","ford","goodyear","1:17.850",77850,,,,,,,"+3.350",3350,"+0.280",280,
318,1979,5,23,23,"23","31","hector-rebaque","lotus","ford","goodyear","1:18.420",78420,,,,,,,"+3.920",3920,"+0.570",570,
318,1979,5,24,24,"24","17","jan-lammers","shadow","ford","goodyear","1:18.790",78790,,,,,,,"+4.290",4290,"+0.370",370,
318,1979,5,25,25,"25","22","derek-daly","ensign","ford","goodyear","1:19.300",79300,,,,,,,"+4.800",4800,"+0.510",510,
318,1979,5,26,26,"26","24","arturo-merzario","merzario","ford","goodyear","1:20.460",80460,,,,,,,"+5.960",5960,"+1.160",1160,
318,1979,5,27,27,"27","36","gianfranco-brancatelli","kauhsen","ford","goodyear","1:23.240",83240,,,,,,,"+8.740",8740,"+2.780",2780,
319,1979,6,1,1,"1","26","jacques-laffite","ligier","ford","goodyear","1:21.130",81130,,,,,,,,,,,
319,1979,6,2,2,"2","25","patrick-depailler","ligier","ford","goodyear","1:21.200",81200,,,,,,,"+0.070",70,"+0.070",70,
319,1979,6,3,3,"3","6","nelson-piquet","brabham","alfa-romeo","goodyear","1:21.350",81350,,,,,,,"+0.220",220,"+0.150",150,
319,1979,6,4,4,"4","27","alan-jones","williams","ford","goodyear","1:21.590",81590,,,,,,,"+0.460",460,"+0.240",240,
319,1979,6,5,5,"5","1","mario-andretti","lotus","ford","goodyear","1:21.830",81830,,,,,,,"+0.700",700,"+0.240",240,
319,1979,6,6,6,"6","12","gilles-villeneuve","ferrari","ferrari","michelin","1:22.080",82080,,,,,,,"+0.950",950,"+0.250",250,
319,1979,6,7,7,"7","11","jody-scheckter","ferrari","ferrari","michelin","1:22.080",82080,,,,,,,"+0.950",950,"+0.000",0,
319,1979,6,8,8,"8","28","clay-regazzoni","williams","ford","goodyear","1:22.400",82400,,,,,,,"+1.270",1270,"+0.320",320,
319,1979,6,9,9,"9","20","james-hunt","wolf","ford","goodyear","1:22.550",82550,,,,,,,"+1.420",1420,"+0.150",150,
319,1979,6,10,10,"10","2","carlos-reutemann","lotus","ford","goodyear","1:22.560",82560,,,,,,,"+1.430",1430,"+0.010",10,
319,1979,6,11,11,"11","4","jean-pierre-jarier","tyrrell","ford","goodyear","1:22.680",82680,,,,,,,"+1.550",1550,"+0.120",120,
319,1979,6,12,12,"12","3","didier-pironi","tyrrell","ford","goodyear","1:22.850",82850,,,,,,,"+1.720",1720,"+0.170",170,
319,1979,6,13,13,"13","5","niki-lauda","brabham","alfa-romeo","goodyear","1:22.870",82870,,,,,,,"+1.740",1740,"+0.020",20,
319,1979,6,14,14,"14","35","bruno-giacomelli","alfa-romeo","alfa-romeo","goodyear","1:23.150",83150,,,,,,,"+2.020",2020,"+0.280",280,
319,1979,6,15,15,"15","31","hector-rebaque","lotus","ford","goodyear","1:23.630",83630,,,,,,,"+2.500",2500,"+0.480",480,
319,1979,6,16,16,"16","29","riccardo-patrese","arrows","ford","goodyear","1:23.920",83920,,,,,,,"+2.790",2790,"+0.290",290,
319,1979,6,17,17,"17","15","jean-pierre-jabouille","renault","renault","michelin","1:24.020",84020,,,,,,,"+2.890",2890,"+0.100",100,
319,1979,6,18,18,"18","16","rene-arnoux","renault","renault","michelin","1:24.330",84330,,,,,,,"+3.200",3200,"+0.310",310,
319,1979,6,19,19,"19","7","john-watson","mclaren","ford","goodyear","1:24.370",84370,,,,,,,"+3.240",3240,"+0.040",40,
319,1979,6,20,20,"20","9","hans-joachim-stuck","ats-wheels","ford","goodyear","1:24.620",84620,,,,,,,"+3.490",3490,"+0.250",250,
319,1979,6,21,21,"21","17","jan-lammers","shadow","ford","goodyear","1:24.760",84760,,,,,,,"+3.630",3630,"+0.140",140,
319,1979,6,22,22,"22","30","jochen-mass","arrows","ford","goodyear","1:25.080",85080,,,,,,,"+3.950",3950,"+0.320",320,
319,1979,6,23,23,"23","14","emerson-fittipaldi","fittipaldi","ford","goodyear","1:25.180",85180,,,,,,,"+4.050",4050,"+0.100",100,
319,1979,6,24,24,"24","18","elio-de-angelis","shadow","ford","goodyear","1:25.480",85480,,,,,,,"+4.350",4350,"+0.300",300,
319,1979,6,25,25,"25","8","patrick-tambay","mclaren","ford","goodyear","1:25.690",85690,,,,,,,"+4.560",4560,"+0.210",210,
319,1979,6,26,26,"26","24","arturo-merzario","merzario","ford","goodyear","1:25.920",85920,,,,,,,"+4.790",4790,"+0.230",230,
319,1979,6,27,27,"27","22","derek-daly","ensign","ford","goodyear","1:27.830",87830,,,,,,,"+6.700",6700,"+1.910",1910,
319,1979,6,28,28,"28","36","gianfranco-brancatelli","kauhsen","ford","goodyear","1:34.480",94480,,,,,,,"+13.350",13350,"+6.650",6650,
320,1979,7,1,1,"1","11","jody-scheckter","ferrari","ferrari","michelin","1:26.450",86450,,,,,,,,,,,
320,1979,7,2,2,"2","12","gilles-villeneuve","ferrari","ferrari","michelin","1:26.520",86520,,,,,,,"+0.070",70,"+0.070",70,
320,1979,7,3,3,"3","25","patrick-depailler","ligier","ford","goodyear","1:27.110",87110,,,,,,,"+0.660",660,"+0.590",590,
320,1979,7,4,4,"4","5","niki-lauda","brabham","alfa-romeo","goodyear","1:27.210",87210,,,,,,,"+0.760",760,"+0.100",100,
320,1979,7,5,5,"5","26","jacques-laffite","ligier","ford","goodyear","1:27.260",87260,,,,,,,"+0.810",810,"+0.050",50,
320,1979,7,6,6,"6","4","jean-pierre-jarier","tyrrell","ford","goodyear","1:27.420",87420,,,,,,,"+0.970",970,"+0.160",160,
320,1979,7,7,7,"7","3","didier-pironi","tyrrell","ford","goodyear","1:27.420",87420,,,,,,,"+0.970",970,"+0.000",0,
320,1979,7,8,8,"8","30","jochen-mass","arrows","ford","goodyear","1:27.470",87470,,,,,,,"+1.020",1020,"+0.050",50,
320,1979,7,9,9,"9","27","alan-jones","williams","ford","goodyear","1:27.670",87670,,,,,,,"+1.220",1220,"+0.200",200,
320,1979,7,10,10,"10","20","james-hunt","wolf","ford","goodyear","1:27.960",87960,,,,,,,"+1.510",1510,"+0.290",290,
320,1979,7,11,11,"11","2","carlos-reutemann","lotus","ford","goodyear","1:27.990",87990,,,,,,,"+1.540",1540,"+0.030",30,
320,1979,7,12,12,"12","9","hans-joachim-stuck","ats-wheels","ford","goodyear","1:28.220",88220,,,,,,,"+1.770",1770,"+0.230",230,
320,1979,7,13,13,"13","1","mario-andretti","lotus","ford","goodyear","1:28.230",88230,,,,,,,"+1.780",1780,"+0.010",10,
320,1979,7,14,14,"14","7","john-watson","mclaren","ford","goodyear","1:28.230",88230,,,,,,,"+1.780",1780,"+0.000",0,
320,1979,7,15,15,"15","29","riccardo-patrese","arrows","ford","goodyear","1:28.300",88300,,,,,,,"+1.850",1850,"+0.070",70,
320,1979,7,16,16,"16","28","clay-regazzoni","williams","ford","goodyear","1:28.480",88480,,,,,,,"+2.030",2030,"+0.180",180,
320,1979,7,17,17,"17","14","emerson-fittipaldi","fittipaldi","ford","goodyear","1:28.490",88490,,,,,,,"+2.040",2040,"+0.010",10,
320,1979,7,18,18,"18","6","nelson-piquet","brabham","alfa-romeo","goodyear","1:28.520",88520,,,,,,,"+2.070",2070,"+0.030",30,
320,1979,7,19,19,"19","16","rene-arnoux","renault","renault","michelin","1:28.570",88570,,,,,,,"+2.120",2120,"+0.050",50,
320,1979,7,20,20,"20","15","jean-pierre-jabouille","renault","renault","michelin","1:28.680",88680,,,,,,,"+2.230",2230,"+0.110",110,
320,1979,7,21,21,"21","18","elio-de-angelis","shadow","ford","goodyear","1:28.700",88700,,,,,,,"+2.250",2250,"+0.020",20,
320,1979,7,22,22,"22","8","patrick-tambay","mclaren","ford","goodyear","1:29.530",89530,,,,,,,"+3.080",3080,"+0.830",830,
320,1979,7,23,23,"23","17","jan-lammers","shadow","ford","goodyear","1:29.990",89990,,,,,,,"+3.540",3540,"+0.460",460,
320,1979,7,24,24,"24","22","derek-daly","ensign","ford","goodyear","1:30.180",90180,,,,,,,"+3.730",3730,"+0.190",190,
320,1979,7,25,25,"25","24","gianfranco-brancatelli","merzario","ford","goodyear",,,,,,,,,,,,,
321,1979,8,1,1,"1","15","jean-pierre-jabouille","renault","renault","michelin","1:07.190",67190,,,,,,,,,,,
321,1979,8,2,2,"2","16","rene-arnoux","renault","renault","michelin","1:07.450",67450,,,,,,,"+0.260",260,"+0.260",260,
321,1979,8,3,3,"3","12","gilles-villeneuve","ferrari","ferrari","michelin","1:07.650",67650,,,,,,,"+0.460",460,"+0.200",200,
321,1979,8,4,4,"4","6","nelson-piquet","brabham","alfa-romeo","goodyear","1:08.130",68130,,,,,,,"+0.940",940,"+0.480",480,
321,1979,8,5,5,"5","11","jody-scheckter","ferrari","ferrari","michelin","1:08.150",68150,,,,,,,"+0.960",960,"+0.020",20,
321,1979,8,6,6,"6","5","niki-lauda","brabham","alfa-romeo","goodyear","1:08.200",68200,,,,,,,"+1.010",1010,"+0.050",50,
321,1979,8,7,7,"7","27","alan-jones","williams","ford","goodyear","1:08.230",68230,,,,,,,"+1.040",1040,"+0.030",30,
321,1979,8,8,8,"8","26","jacques-laffite","ligier","ford","goodyear","1:08.550",68550,,,,,,,"+1.360",1360,"+0.320",320,
321,1979,8,9,9,"9","28","clay-regazzoni","williams","ford","goodyear","1:08.650",68650,,,,,,,"+1.460",1460,"+0.100",100,
321,1979,8,10,10,"10","4","jean-pierre-jarier","tyrrell","ford","goodyear","1:08.800",68800,,,,,,,"+1.610",1610,"+0.150",150,
321,1979,8,11,11,"11","3","didier-pironi","tyrrell","ford","goodyear","1:08.950",68950,,,,,,,"+1.760",1760,"+0.150",150,
321,1979,8,12,12,"12","1","mario-andretti","lotus","ford","goodyear","1:09.350",69350,,,,,,,"+2.160",2160,"+0.400",400,
321,1979,8,13,13,"13","2","carlos-reutemann","lotus","ford","goodyear","1:09.360",69360,,,,,,,"+2.170",2170,"+0.010",10,
321,1979,8,14,14,"14","25","jacky-ickx","ligier","ford","goodyear","1:09.680",69680,,,,,,,"+2.490",2490,"+0.320",320,
321,1979,8,15,15,"15","7","john-watson","mclaren","ford","goodyear","1:09.970",69970,,,,,,,"+2.780",2780,"+0.290",290,
321,1979,8,16,16,"16","20","keke-rosberg","wolf","ford","goodyear","1:10.150",70150,,,,,,,"+2.960",2960,"+0.180",180,
321,1979,8,17,17,"17","35","bruno-giacomelli","alfa-romeo","alfa-romeo","goodyear","1:10.590",70590,,,,,,,"+3.400",3400,"+0.440",440,
321,1979,8,18,18,"18","14","emerson-fittipaldi","fittipaldi","ford","goodyear","1:10.610",70610,,,,,,,"+3.420",3420,"+0.020",20,
321,1979,8,19,19,"19","29","riccardo-patrese","arrows","ford","goodyear","1:10.700",70700,,,,,,,"+3.510",3510,"+0.090",90,
321,1979,8,20,20,"20","8","patrick-tambay","mclaren","ford","goodyear","1:10.920",70920,,,,,,,"+3.730",3730,"+0.220",220,
321,1979,8,21,21,"21","17","jan-lammers","shadow","ford","goodyear","1:11.140",71140,,,,,,,"+3.950",3950,"+0.220",220,
321,1979,8,22,22,"22","30","jochen-mass","arrows","ford","goodyear","1:11.140",71140,,,,,,,"+3.950",3950,"+0.000",0,
321,1979,8,23,23,"23","9","hans-joachim-stuck","ats-wheels","ford","goodyear","1:11.750",71750,,,,,,,"+4.560",4560,"+0.610",610,
321,1979,8,24,24,"24","31","hector-rebaque","lotus","ford","goodyear","1:11.970",71970,,,,,,,"+4.780",4780,"+0.220",220,
321,1979,8,25,25,"25","18","elio-de-angelis","shadow","ford","goodyear","1:12.230",72230,,,,,,,"+5.040",5040,"+0.260",260,
321,1979,8,26,26,"26","22","patrick-gaillard","ensign","ford","goodyear","1:13.000",73000,,,,,,,"+5.810",5810,"+0.770",770,
321,1979,8,27,27,"27","24","arturo-merzario","merzario","ford","goodyear","1:14.950",74950,,,,,,,"+7.760",7760,"+1.950",1950,
322,1979,9,1,1,"1","27","alan-jones","williams","ford","goodyear","1:11.880",71880,,,,,,,,,,,
322,1979,9,2,2,"2","15","jean-pierre-jabouille","renault","renault","michelin","1:12.480",72480,,,,,,,"+0.600",600,"+0.600",600,
322,1979,9,3,3,"3","6","nelson-piquet","brabham","alfa-romeo","goodyear","1:12.650",72650,,,,,,,"+0.770",770,"+0.170",170,
322,1979,9,4,4,"4","28","clay-regazzoni","williams","ford","goodyear","1:13.110",73110,,,,,,,"+1.230",1230,"+0.460",460,
322,1979,9,5,5,"5","16","rene-arnoux","renault","renault","michelin","1:13.290",73290,,,,,,,"+1.410",1410,"+0.180",180,
322,1979,9,6,6,"6","5","niki-lauda","brabham","alfa-romeo","goodyear","1:13.440",73440,,,,,,,"+1.560",1560,"+0.150",150,
322,1979,9,7,7,"7","7","john-watson","mclaren","ford","goodyear","1:13.570",73570,,,,,,,"+1.690",1690,"+0.130",130,
322,1979,9,8,8,"8","2","carlos-reutemann","lotus","ford","goodyear","1:13.870",73870,,,,,,,"+1.990",1990,"+0.300",300,
322,1979,9,9,9,"9","1","mario-andretti","lotus","ford","goodyear","1:14.200",74200,,,,,,,"+2.320",2320,"+0.330",330,
322,1979,9,10,10,"10","26","jacques-laffite","ligier","ford","goodyear","1:14.370",74370,,,,,,,"+2.490",2490,"+0.170",170,
322,1979,9,11,11,"11","11","jody-scheckter","ferrari","ferrari","michelin","1:14.600",74600,,,,,,,"+2.720",2720,"+0.230",230,
322,1979,9,12,12,"12","18","elio-de-angelis","shadow","ford","goodyear","1:14.870",74870,,,,,,,"+2.990",2990,"+0.270",270,
322,1979,9,13,13,"13","12","gilles-villeneuve","ferrari","ferrari","michelin","1:14.900",74900,,,,,,,"+3.020",3020,"+0.030",30,
322,1979,9,14,14,"14","20","keke-rosberg","wolf","ford","goodyear","1:14.960",74960,,,,,,,"+3.080",3080,"+0.060",60,
322,1979,9,15,15,"15","3","didier-pironi","tyrrell","ford","goodyear","1:15.280",75280,,,,,,,"+3.400",3400,"+0.320",320,
322,1979,9,16,16,"16","4","jean-pierre-jarier","tyrrell","ford","goodyear","1:15.630",75630,,,,,,,"+3.750",3750,"+0.350",350,
322,1979,9,17,17,"17","25","jacky-ickx","ligier","ford","goodyear","1:15.630",75630,,,,,,,"+3.750",3750,"+0.000",0,
322,1979,9,18,18,"18","8","patrick-tambay","mclaren","ford","goodyear","1:15.670",75670,,,,,,,"+3.790",3790,"+0.040",40,
322,1979,9,19,19,"19","29","riccardo-patrese","arrows","ford","goodyear","1:15.770",75770,,,,,,,"+3.890",3890,"+0.100",100,
322,1979,9,20,20,"20","30","jochen-mass","arrows","ford","goodyear","1:16.190",76190,,,,,,,"+4.310",4310,"+0.420",420,
322,1979,9,21,21,"21","17","jan-lammers","shadow","ford","goodyear","1:16.660",76660,,,,,,,"+4.780",4780,"+0.470",470,
322,1979,9,22,22,"22","14","emerson-fittipaldi","fittipaldi","ford","goodyear","1:16.680",76680,,,,,,,"+4.800",4800,"+0.020",20,
322,1979,9,23,23,"23","22","patrick-gaillard","ensign","ford","goodyear","1:17.070",77070,,,,,,,"+5.190",5190,"+0.390",390,
322,1979,9,24,24,"24","31","hector-rebaque","lotus","ford","goodyear","1:17.320",77320,,,,,,,"+5.440",5440,"+0.250",250,
322,1979,9,25,25,"25","9","hans-joachim-stuck","ats-wheels","ford","goodyear","1:17.440",77440,,,,,,,"+5.560",5560,"+0.120",120,
322,1979,9,26,26,"26","24","arturo-merzario","merzario","ford","goodyear","1:19.570",79570,,,,,,,"+7.690",7690,"+2.130",2130,
323,1979,10,1,1,"1","15","jean-pierre-jabouille","renault","renault","michelin","1:48.480",108480,,,,,,,,,,,
323,1979,10,2,2,"2","27","alan-jones","williams","ford","goodyear","1:48.750",108750,,,,,,,"+0.270",270,"+0.270",270,
323,1979,10,3,3,"3","26","jacques-laffite","ligier","ford","goodyear","1:49.430",109430,,,,,,,"+0.950",950,"+0.680",680,
323,1979,10,4,4,"4","6","nelson-piquet","brabham","alfa-romeo","goodyear","1:49.500",109500,,,,,,,"+1.020",1020,"+0.070",70,
323,1979,10,5,5,"5","11","jody-scheckter","ferrari","ferrari","michelin","1:50.000",110000,,,,,,,"+1.520",1520,"+0.500",500,
323,1979,10,6,6,"6","28","clay-regazzoni","williams","ford","goodyear","1:50.120",110120,,,,,,,"+1.640",1640,"+0.120",120,
323,1979,10,7,7,"7","5","niki-lauda","brabham","alfa-romeo","goodyear","1:50.370",110370,,,,,,,"+1.890",1890,"+0.250",250,
323,1979,10,8,8,"8","3","didier-pironi","tyrrell","ford","goodyear","1:50.400",110400,,,,,,,"+1.920",1920,"+0.030",30,
323,1979,10,9,9,"9","12","gilles-villeneuve","ferrari","ferrari","michelin","1:50.410",110410,,,,,,,"+1.930",1930,"+0.010",10,
323,1979,10,10,10,"10","16","rene-arnoux","renault","renault","michelin","1:50.480",110480,,,,,,,"+2.000",2000,"+0.070",70,
323,1979,10,11,11,"11","1","mario-andretti","lotus","ford","goodyear","1:50.680",110680,,,,,,,"+2.200",2200,"+0.200",200,
323,1979,10,12,12,"12","7","john-watson","mclaren","ford","goodyear","1:50.860",110860,,,,,,,"+2.380",2380,"+0.180",180,
323,1979,10,13,13,"13","2","carlos-reutemann","lotus","ford","goodyear","1:50.940",110940,,,,,,,"+2.460",2460,"+0.080",80,
323,1979,10,14,14,"14","25","jacky-ickx","ligier","ford","goodyear","1:51.070",111070,,,,,,,"+2.590",2590,"+0.130",130,
323,1979,10,15,15,"15","8","patrick-tambay","mclaren","ford","goodyear","1:51.470",111470,,,,,,,"+2.990",2990,"+0.400",400,
323,1979,10,16,16,"16","4","geoff-lees","tyrrell","ford","goodyear","1:51.500",111500,,,,,,,"+3.020",3020,"+0.030",30,
323,1979,10,17,17,"17","20","keke-rosberg","wolf","ford","goodyear","1:52.010",112010,,,,,,,"+3.530",3530,"+0.510",510,
323,1979,10,18,18,"18","30","jochen-mass","arrows","ford","goodyear","1:52.740",112740,,,,,,,"+4.260",4260,"+0.730",730,
323,1979,10,19,19,"19","29","riccardo-patrese","arrows","ford","goodyear","1:52.930",112930,,,,,,,"+4.450",4450,"+0.190",190,
323,1979,10,20,20,"20","17","jan-lammers","shadow","ford","goodyear","1:53.590",113590,,,,,,,"+5.110",5110,"+0.660",660,
323,1979,10,21,21,"21","18","elio-de-angelis","shadow","ford","goodyear","1:53.730",113730,,,,,,,"+5.250",5250,"+0.140",140,
323,1979,10,22,22,"22","14","emerson-fittipaldi","fittipaldi","ford","goodyear","1:54.010",114010,,,,,,,"+5.530",5530,"+0.280",280,
323,1979,10,23,23,"23","9","hans-joachim-stuck","ats-wheels","ford","goodyear","1:54.470",114470,,,,,,,"+5.990",5990,"+0.460",460,
323,1979,10,24,24,"24","31","hector-rebaque","lotus","ford","goodyear","1:55.860",115860,,,,,,,"+7.380",7380,"+1.390",1390,
323,1979,10,25,25,"25","22","patrick-gaillard","ensign","ford","goodyear","1:55.950",115950,,,,,,,"+7.470",7470,"+0.090",90,
323,1979,10,26,26,"26","24","arturo-merzario","merzario","ford","goodyear","2:01.840",121840,,,,,,,"+13.360",13360,"+5.890",5890,
324,1979,11,1,1,"1","16","rene-arnoux","renault","renault","michelin","1:34.070",94070,,,,,,,,,,,
324,1979,11,2,2,"2","27","alan-jones","williams","ford","goodyear","1:34.280",94280,,,,,,,"+0.210",210,"+0.210",210,
324,1979,11,3,3,"3","15","jean-pierre-jabouille","renault","renault","michelin","1:34.450",94450,,,,,,,"+0.380",380,"+0.170",170,
324,1979,11,4,4,"4","5","niki-lauda","brabham","alfa-romeo","goodyear","1:35.510",95510,,,,,,,"+1.440",1440,"+1.060",1060,
324,1979,11,5,5,"5","12","gilles-villeneuve","ferrari","ferrari","michelin","1:35.700",95700,,,,,,,"+1.630",1630,"+0.190",190,
324,1979,11,6,6,"6","28","clay-regazzoni","williams","ford","goodyear","1:35.820",95820,,,,,,,"+1.750",1750,"+0.120",120,
324,1979,11,7,7,"7","6","nelson-piquet","brabham","alfa-romeo","goodyear","1:35.850",95850,,,,,,,"+1.780",1780,"+0.030",30,
324,1979,11,8,8,"8","26","jacques-laffite","ligier","ford","goodyear","1:35.920",95920,,,,,,,"+1.850",1850,"+0.070",70,
324,1979,11,9,9,"9","11","jody-scheckter","ferrari","ferrari","michelin","1:36.100",96100,,,,,,,"+2.030",2030,"+0.180",180,
324,1979,11,10,10,"10","3","didier-pironi","tyrrell","ford","goodyear","1:36.260",96260,,,,,,,"+2.190",2190,"+0.160",160,
324,1979,11,11,11,"11","4","derek-daly","tyrrell","ford","goodyear","1:36.420",96420,,,,,,,"+2.350",2350,"+0.160",160,
324,1979,11,12,12,"12","20","keke-rosberg","wolf","ford","goodyear","1:36.670",96670,,,,,,,"+2.600",2600,"+0.250",250,
324,1979,11,13,13,"13","29","riccardo-patrese","arrows","ford","goodyear","1:36.710",96710,,,,,,,"+2.640",2640,"+0.040",40,
324,1979,11,14,14,"14","8","patrick-tambay","mclaren","ford","goodyear","1:36.720",96720,,,,,,,"+2.650",2650,"+0.010",10,
324,1979,11,15,15,"15","1","mario-andretti","lotus","ford","goodyear","1:37.110",97110,,,,,,,"+3.040",3040,"+0.390",390,
324,1979,11,16,16,"16","7","john-watson","mclaren","ford","goodyear","1:37.160",97160,,,,,,,"+3.090",3090,"+0.050",50,
324,1979,11,17,17,"17","2","carlos-reutemann","lotus","ford","goodyear","1:37.320",97320,,,,,,,"+3.250",3250,"+0.160",160,
324,1979,11,18,18,"18","9","hans-joachim-stuck","ats-wheels","ford","goodyear","1:37.930",97930,,,,,,,"+3.860",3860,"+0.610",610,
324,1979,11,19,19,"19","14","emerson-fittipaldi","fittipaldi","ford","goodyear","1:38.380",98380,,,,,,,"+4.310",4310,"+0.450",450,
324,1979,11,20,20,"20","30","jochen-mass","arrows","ford","goodyear","1:38.850",98850,,,,,,,"+4.780",4780,"+0.470",470,
324,1979,11,21,21,"21","25","jacky-ickx","ligier","ford","goodyear","1:39.310",99310,,,,,,,"+5.240",5240,"+0.460",460,
324,1979,11,22,22,"22","18","elio-de-angelis","shadow","ford","goodyear","1:39.440",99440,,,,,,,"+5.370",5370,"+0.130",130,
324,1979,11,23,23,"23","17","jan-lammers","shadow","ford","goodyear","1:39.450",99450,,,,,,,"+5.380",5380,"+0.010",10,
324,1979,11,24,24,"24","22","patrick-gaillard","ensign","ford","goodyear","1:41.100",101100,,,,,,,"+7.030",7030,"+1.650",1650,
324,1979,11,25,25,"25","31","hector-rebaque","lotus","ford","goodyear","1:41.160",101160,,,,,,,"+7.090",7090,"+0.060",60,
324,1979,11,26,26,"26","24","arturo-merzario","merzario","ford","goodyear","1:45.740",105740,,,,,,,"+11.670",11670,"+4.580",4580,
325,1979,12,1,1,"1","16","rene-arnoux","renault","renault","michelin","1:15.461",75461,,,,,,,,,,,
325,1979,12,2,2,"2","27","alan-jones","williams","ford","goodyear","1:15.646",75646,,,,,,,"+0.185",185,"+0.185",185,
325,1979,12,3,3,"3","28","clay-regazzoni","williams","ford","goodyear","1:16.288",76288,,,,,,,"+0.827",827,"+0.642",642,
325,1979,12,4,4,"4","15","jean-pierre-jabouille","renault","renault","michelin","1:16.304",76304,,,,,,,"+0.843",843,"+0.016",16,
325,1979,12,5,5,"5","11","jody-scheckter","ferrari","ferrari","michelin","1:16.392",76392,,,,,,,"+0.931",931,"+0.088",88,
325,1979,12,6,6,"6","12","gilles-villeneuve","ferrari","ferrari","michelin","1:16.939",76939,,,,,,,"+1.478",1478,"+0.547",547,
325,1979,12,7,7,"7","26","jacques-laffite","ligier","ford","goodyear","1:17.129",77129,,,,,,,"+1.668",1668,"+0.190",190,
325,1979,12,8,8,"8","20","keke-rosberg","wolf","ford","goodyear","1:17.280",77280,,,,,,,"+1.819",1819,"+0.151",151,
325,1979,12,9,9,"9","5","niki-lauda","brabham","alfa-romeo","goodyear","1:17.495",77495,,,,,,,"+2.034",2034,"+0.215",215,
325,1979,12,10,10,"10","3","didier-pironi","tyrrell","ford","goodyear","1:17.625",77625,,,,,,,"+2.164",2164,"+0.130",130,
325,1979,12,11,11,"11","6","nelson-piquet","brabham","alfa-romeo","goodyear","1:17.667",77667,,,,,,,"+2.206",2206,"+0.042",42,
325,1979,12,12,12,"12","7","john-watson","mclaren","ford","goodyear","1:17.750",77750,,,,,,,"+2.289",2289,"+0.083",83,
325,1979,12,13,13,"13","2","carlos-reutemann","lotus","ford","goodyear","1:18.001",78001,,,,,,,"+2.540",2540,"+0.251",251,
325,1979,12,14,14,"14","8","patrick-tambay","mclaren","ford","goodyear","1:18.147",78147,,,,,,,"+2.686",2686,"+0.146",146,
325,1979,12,15,15,"15","9","hans-joachim-stuck","ats-wheels","ford","goodyear","1:18.256",78256,,,,,,,"+2.795",2795,"+0.109",109,
325,1979,12,16,16,"16","4","jean-pierre-jarier","tyrrell","ford","goodyear","1:18.430",78430,,,,,,,"+2.969",2969,"+0.174",174,
325,1979,12,17,17,"17","1","mario-andretti","lotus","ford","goodyear","1:18.452",78452,,,,,,,"+2.991",2991,"+0.022",22,
325,1979,12,18,18,"18","30","jochen-mass","arrows","ford","goodyear","1:18.606",78606,,,,,,,"+3.145",3145,"+0.154",154,
325,1979,12,19,19,"19","29","riccardo-patrese","arrows","ford","goodyear","1:18.629",78629,,,,,,,"+3.168",3168,"+0.023",23,
325,1979,12,20,20,"20","25","jacky-ickx","ligier","ford","goodyear","1:18.706",78706,,,,,,,"+3.245",3245,"+0.077",77,
325,1979,12,21,21,"21","14","emerson-fittipaldi","fittipaldi","ford","goodyear","1:19.433",79433,,,,,,,"+3.972",3972,"+0.727",727,
325,1979,12,22,22,"22","18","elio-de-angelis","shadow","ford","goodyear","1:20.709",80709,,,,,,,"+5.248",5248,"+1.276",1276,
325,1979,12,23,23,"23","17","jan-lammers","shadow","ford","goodyear","1:21.084",81084,,,,,,,"+5.623",5623,"+0.375",375,
325,1979,12,24,24,"24","31","hector-rebaque","lotus","ford","goodyear","1:21.344",81344,,,,,,,"+5.883",5883,"+0.260",260,
325,1979,12,25,25,"25","22","patrick-gaillard","ensign","ford","goodyear","1:22.922",82922,,,,,,,"+7.461",7461,"+1.578",1578,
325,1979,12,26,26,"26","24","arturo-merzario","merzario","ford","goodyear","1:23.613",83613,,,,,,,"+8.152",8152,"+0.691",691,
326,1979,13,1,1,"1","15","jean-pierre-jabouille","renault","renault","michelin","1:34.580",94580,,,,,,,,,,,
326,1979,13,2,2,"2","16","rene-arnoux","renault","renault","michelin","1:34.704",94704,,,,,,,"+0.124",124,"+0.124",124,
326,1979,13,3,3,"3","11","jody-scheckter","ferrari","ferrari","michelin","1:34.830",94830,,,,,,,"+0.250",250,"+0.126",126,
326,1979,13,4,4,"4","27","alan-jones","williams","ford","goodyear","1:34.914",94914,,,,,,,"+0.334",334,"+0.084",84,
326,1979,13,5,5,"5","12","gilles-villeneuve","ferrari","ferrari","michelin","1:34.989",94989,,,,,,,"+0.409",409,"+0.075",75,
326,1979,13,6,6,"6","28","clay-regazzoni","williams","ford","goodyear","1:35.333",95333,,,,,,,"+0.753",753,"+0.344",344,
326,1979,13,7,7,"7","26","jacques-laffite","ligier","ford","goodyear","1:35.443",95443,,,,,,,"+0.863",863,"+0.110",110,
326,1979,13,8,8,"8","6","nelson-piquet","brabham","alfa-romeo","goodyear","1:35.587",95587,,,,,,,"+1.007",1007,"+0.144",144,
326,1979,13,9,9,"9","5","niki-lauda","brabham","alfa-romeo","goodyear","1:36.219",96219,,,,,,,"+1.639",1639,"+0.632",632,
326,1979,13,10,10,"10","1","mario-andretti","lotus","ford","goodyear","1:36.655",96655,,,,,,,"+2.075",2075,"+0.436",436,
326,1979,13,11,11,"11","25","jacky-ickx","ligier","ford","goodyear","1:37.114",97114,,,,,,,"+2.534",2534,"+0.459",459,
326,1979,13,12,12,"12","3","didier-pironi","tyrrell","ford","goodyear","1:37.181",97181,,,,,,,"+2.601",2601,"+0.067",67,
326,1979,13,13,13,"13","2","carlos-reutemann","lotus","ford","goodyear","1:37.202",97202,,,,,,,"+2.622",2622,"+0.021",21,
326,1979,13,14,14,"14","8","patrick-tambay","mclaren","ford","goodyear","1:37.231",97231,,,,,,,"+2.651",2651,"+0.029",29,
326,1979,13,15,15,"15","9","hans-joachim-stuck","ats-wheels","ford","goodyear","1:37.297",97297,,,,,,,"+2.717",2717,"+0.066",66,
326,1979,13,16,16,"16","4","jean-pierre-jarier","tyrrell","ford","goodyear","1:37.581",97581,,,,,,,"+3.001",3001,"+0.284",284,
326,1979,13,17,17,"17","29","riccardo-patrese","arrows","ford","goodyear","1:37.674",97674,,,,,,,"+3.094",3094,"+0.093",93,
326,1979,13,18,18,"18","35","bruno-giacomelli","alfa-romeo","alfa-romeo","goodyear","1:38.053",98053,,,,,,,"+3.473",3473,"+0.379",379,
326,1979,13,19,19,"19","7","john-watson","mclaren","ford","goodyear","1:38.093",98093,,,,,,,"+3.513",3513,"+0.040",40,
326,1979,13,20,20,"20","14","emerson-fittipaldi","fittipaldi","ford","goodyear","1:38.136",98136,,,,,,,"+3.556",3556,"+0.043",43,
326,1979,13,21,21,"21","30","jochen-mass","arrows","ford","goodyear","1:38.163",98163,,,,,,,"+3.583",3583,"+0.027",27,
326,1979,13,22,22,"22","36","vittorio-brambilla","alfa-romeo","alfa-romeo","goodyear","1:38.601",98601,,,,,,,"+4.021",4021,"+0.438",438,
326,1979,13,23,23,"23","20","keke-rosberg","wolf","ford","goodyear","1:38.854",98854,,,,,,,"+4.274",4274,"+0.253",253,
326,1979,13,24,24,"24","18","elio-de-angelis","shadow","ford","goodyear","1:39.149",99149,,,,,,,"+4.569",4569,"+0.295",295,
326,1979,13,25,25,"25","17","jan-lammers","shadow","ford","goodyear","1:39.313",99313,,,,,,,"+4.733",4733,"+0.164",164,
326,1979,13,26,26,"26","22","marc-surer","ensign","ford","goodyear","1:40.821",100821,,,,,,,"+6.241",6241,"+1.508",1508,
326,1979,13,27,27,"27","24","arturo-merzario","merzario","ford","goodyear","1:42.002",102002,,,,,,,"+7.422",7422,"+1.181",1181,
326,1979,13,28,28,"28","31","hector-rebaque","rebaque","ford","goodyear","1:42.769",102769,,,,,,,"+8.189",8189,"+0.767",767,
327,1979,14,1,1,"1","27","alan-jones","williams","ford","goodyear","1:29.892",89892,,,,,,,,,,,
327,1979,14,2,2,"2","12","gilles-villeneuve","ferrari","ferrari","michelin","1:30.554",90554,,,,,,,"+0.662",662,"+0.662",662,
327,1979,14,3,3,"3","28","clay-regazzoni","williams","ford","goodyear","1:30.768",90768,,,,,,,"+0.876",876,"+0.214",214,
327,1979,14,4,4,"4","6","nelson-piquet","brabham","ford","goodyear","1:30.775",90775,,,,,,,"+0.883",883,"+0.007",7,
327,1979,14,5,5,"5","26","jacques-laffite","ligier","ford","goodyear","1:30.820",90820,,,,,,,"+0.928",928,"+0.045",45,
327,1979,14,6,6,"6","3","didier-pironi","tyrrell","ford","goodyear","1:31.941",91941,,,,,,,"+2.049",2049,"+1.121",1121,
327,1979,14,7,7,"7","15","jean-pierre-jabouille","renault","renault","michelin","1:32.103",92103,,,,,,,"+2.211",2211,"+0.162",162,
327,1979,14,8,8,"8","16","rene-arnoux","renault","renault","michelin","1:32.116",92116,,,,,,,"+2.224",2224,"+0.013",13,
327,1979,14,9,9,"9","11","jody-scheckter","ferrari","ferrari","michelin","1:32.280",92280,,,,,,,"+2.388",2388,"+0.164",164,
327,1979,14,10,10,"10","1","mario-andretti","lotus","ford","goodyear","1:32.651",92651,,,,,,,"+2.759",2759,"+0.371",371,
327,1979,14,11,11,"11","2","carlos-reutemann","lotus","ford","goodyear","1:32.682",92682,,,,,,,"+2.790",2790,"+0.031",31,
327,1979,14,12,12,"12","9","hans-joachim-stuck","ats-wheels","ford","goodyear","1:32.858",92858,,,,,,,"+2.966",2966,"+0.176",176,
327,1979,14,13,13,"13","4","jean-pierre-jarier","tyrrell","ford","goodyear","1:33.065",93065,,,,,,,"+3.173",3173,"+0.207",207,
327,1979,14,14,14,"14","29","riccardo-patrese","arrows","ford","goodyear","1:33.090",93090,,,,,,,"+3.198",3198,"+0.025",25,
327,1979,14,15,15,"15","14","emerson-fittipaldi","fittipaldi","ford","goodyear","1:33.297",93297,,,,,,,"+3.405",3405,"+0.207",207,
327,1979,14,16,16,"16","25","jacky-ickx","ligier","ford","goodyear","1:33.355",93355,,,,,,,"+3.463",3463,"+0.058",58,
327,1979,14,17,17,"17","7","john-watson","mclaren","ford","goodyear","1:33.362",93362,,,,,,,"+3.470",3470,"+0.007",7,
327,1979,14,18,18,"18","36","vittorio-brambilla","alfa-romeo","alfa-romeo","goodyear","1:33.378",93378,,,,,,,"+3.486",3486,"+0.016",16,
327,1979,14,19,19,"19","5","ricardo-zunino","brabham","ford","goodyear","1:33.511",93511,,,,,,,"+3.619",3619,"+0.133",133,
327,1979,14,20,20,"20","8","patrick-tambay","mclaren","ford","goodyear","1:33.603",93603,,,,,,,"+3.711",3711,"+0.092",92,
327,1979,14,21,21,"21","17","jan-lammers","shadow","ford","goodyear","1:34.102",94102,,,,,,,"+4.210",4210,"+0.499",499,
327,1979,14,22,22,"22","31","hector-rebaque","rebaque","ford","goodyear","1:34.129",94129,,,,,,,"+4.237",4237,"+0.027",27,
327,1979,14,23,23,"23","18","elio-de-angelis","shadow","ford","goodyear","1:34.256",94256,,,,,,,"+4.364",4364,"+0.127",127,
327,1979,14,24,24,"24","33","derek-daly","tyrrell","ford","goodyear","1:34.301",94301,,,,,,,"+4.409",4409,"+0.045",45,
327,1979,14,25,25,"25","30","jochen-mass","arrows","ford","goodyear","1:34.365",94365,,,,,,,"+4.473",4473,"+0.064",64,
327,1979,14,26,26,"26","22","marc-surer","ensign","ford","goodyear","1:34.747",94747,,,,,,,"+4.855",4855,"+0.382",382,
327,1979,14,27,27,"27","20","keke-rosberg","wolf","ford","goodyear","1:35.061",95061,,,,,,,"+5.169",5169,"+0.314",314,
327,1979,14,28,28,"28","19","alex-ribeiro","fittipaldi","ford","goodyear","1:36.901",96901,,,,,,,"+7.009",7009,"+1.840",1840,
327,1979,14,29,29,"29","24","arturo-merzario","merzario","ford","goodyear","1:37.590",97590,,,,,,,"+7.698",7698,"+0.689",689,
328,1979,15,1,1,"1","27","alan-jones","williams","ford","goodyear","1:35.615",95615,,,,,,,,,,,
328,1979,15,2,2,"2","6","nelson-piquet","brabham","ford","goodyear","1:36.914",96914,,,,,,,"+1.299",1299,"+1.299",1299,
328,1979,15,3,3,"3","12","gilles-villeneuve","ferrari","ferrari","michelin","1:36.948",96948,,,,,,,"+1.333",1333,"+0.034",34,
328,1979,15,4,4,"4","26","jacques-laffite","ligier","ford","goodyear","1:37.066",97066,,,,,,,"+1.451",1451,"+0.118",118,
328,1979,15,5,5,"5","28","clay-regazzoni","williams","ford","goodyear","1:37.128",97128,,,,,,,"+1.513",1513,"+0.062",62,
328,1979,15,6,6,"6","2","carlos-reutemann","lotus","ford","goodyear","1:37.872",97872,,,,,,,"+2.257",2257,"+0.744",744,
328,1979,15,7,7,"7","16","rene-arnoux","renault","renault","michelin","1:38.195",98195,,,,,,,"+2.580",2580,"+0.323",323,
328,1979,15,8,8,"8","15","jean-pierre-jabouille","renault","renault","michelin","1:38.218",98218,,,,,,,"+2.603",2603,"+0.023",23,
328,1979,15,9,9,"9","5","ricardo-zunino","brabham","ford","goodyear","1:38.509",98509,,,,,,,"+2.894",2894,"+0.291",291,
328,1979,15,10,10,"10","3","didier-pironi","tyrrell","ford","goodyear","1:38.823",98823,,,,,,,"+3.208",3208,"+0.314",314,
328,1979,15,11,11,"11","4","jean-pierre-jarier","tyrrell","ford","goodyear","1:38.945",98945,,,,,,,"+3.330",3330,"+0.122",122,
328,1979,15,12,12,"12","20","keke-rosberg","wolf","ford","goodyear","1:39.035",99035,,,,,,,"+3.420",3420,"+0.090",90,
328,1979,15,13,13,"13","7","john-watson","mclaren","ford","goodyear","1:39.233",99233,,,,,,,"+3.618",3618,"+0.198",198,
328,1979,15,14,14,"14","9","hans-joachim-stuck","ats-wheels","ford","goodyear","1:39.329",99329,,,,,,,"+3.714",3714,"+0.096",96,
328,1979,15,15,15,"15","33","derek-daly","tyrrell","ford","goodyear","1:39.468",99468,,,,,,,"+3.853",3853,"+0.139",139,
328,1979,15,16,16,"16","11","jody-scheckter","ferrari","ferrari","michelin","1:39.576",99576,,,,,,,"+3.961",3961,"+0.108",108,
328,1979,15,17,17,"17","1","mario-andretti","lotus","ford","goodyear","1:40.144",100144,,,,,,,"+4.529",4529,"+0.568",568,
328,1979,15,18,18,"18","35","bruno-giacomelli","alfa-romeo","alfa-romeo","goodyear","1:40.277",100277,,,,,,,"+4.662",4662,"+0.133",133,
328,1979,15,19,19,"19","29","riccardo-patrese","arrows","ford","goodyear","1:40.337",100337,,,,,,,"+4.722",4722,"+0.060",60,
328,1979,15,20,20,"20","18","elio-de-angelis","shadow","ford","goodyear","1:40.625",100625,,,,,,,"+5.010",5010,"+0.288",288,
328,1979,15,21,21,"21","22","marc-surer","ensign","ford","goodyear","1:40.635",100635,,,,,,,"+5.020",5020,"+0.010",10,
328,1979,15,22,22,"22","8","patrick-tambay","mclaren","ford","goodyear","1:40.731",100731,,,,,,,"+5.116",5116,"+0.096",96,
328,1979,15,23,23,"23","14","emerson-fittipaldi","fittipaldi","ford","goodyear","1:40.741",100741,,,,,,,"+5.126",5126,"+0.010",10,
328,1979,15,24,24,"24","25","jacky-ickx","ligier","ford","goodyear","1:40.745",100745,,,,,,,"+5.130",5130,"+0.004",4,
328,1979,15,25,25,"25","36","vittorio-brambilla","alfa-romeo","alfa-romeo","goodyear","1:40.789",100789,,,,,,,"+5.174",5174,"+0.044",44,
328,1979,15,26,26,"26","30","jochen-mass","arrows","ford","goodyear","1:40.824",100824,,,,,,,"+5.209",5209,"+0.035",35,
328,1979,15,27,27,"27","17","jan-lammers","shadow","ford","goodyear","1:42.088",102088,,,,,,,"+6.473",6473,"+1.264",1264,
328,1979,15,28,28,"28","31","hector-rebaque","rebaque","ford","goodyear","1:43.060",103060,,,,,,,"+7.445",7445,"+0.972",972,
328,1979,15,29,29,"29","19","alex-ribeiro","fittipaldi","ford","goodyear","1:45.183",105183,,,,,,,"+9.568",9568,"+2.123",2123,
328,1979,15,30,30,"30","24","arturo-merzario","merzario","ford","goodyear","1:49.318",109318,,,,,,,"+13.703",13703,"+4.135",4135,
329,1980,1,1,1,"1","27","alan-jones","williams","ford","goodyear","1:44.170",104170,,,,,,,,,,,
329,1980,1,2,2,"2","26","jacques-laffite","ligier","ford","goodyear","1:44.440",104440,,,,,,,"+0.270",270,"+0.270",270,
329,1980,1,3,3,"3","25","didier-pironi","ligier","ford","goodyear","1:44.640",104640,,,,,,,"+0.470",470,"+0.200",200,
329,1980,1,4,4,"4","5","nelson-piquet","brabham","ford","goodyear","1:45.020",105020,,,,,,,"+0.850",850,"+0.380",380,
329,1980,1,5,5,"5","12","elio-de-angelis","lotus","ford","goodyear","1:45.460",105460,,,,,,,"+1.290",1290,"+0.440",440,
329,1980,1,6,6,"6","11","mario-andretti","lotus","ford","goodyear","1:45.780",105780,,,,,,,"+1.610",1610,"+0.320",320,
329,1980,1,7,7,"7","29","riccardo-patrese","arrows","ford","goodyear","1:46.010",106010,,,,,,,"+1.840",1840,"+0.230",230,
329,1980,1,8,8,"8","2","gilles-villeneuve","ferrari","ferrari","michelin","1:46.070",106070,,,,,,,"+1.900",1900,"+0.060",60,
329,1980,1,9,9,"9","15","jean-pierre-jabouille","renault","renault","michelin","1:46.150",106150,,,,,,,"+1.980",1980,"+0.080",80,
329,1980,1,10,10,"10","28","carlos-reutemann","williams","ford","goodyear","1:46.190",106190,,,,,,,"+2.020",2020,"+0.040",40,
329,1980,1,11,11,"11","1","jody-scheckter","ferrari","ferrari","michelin","1:46.280",106280,,,,,,,"+2.110",2110,"+0.090",90,
329,1980,1,12,12,"12","8","alain-prost","mclaren","ford","goodyear","1:46.750",106750,,,,,,,"+2.580",2580,"+0.470",470,
329,1980,1,13,13,"13","21","keke-rosberg","fittipaldi","ford","goodyear","1:46.970",106970,,,,,,,"+2.800",2800,"+0.220",220,
329,1980,1,14,14,"14","30","jochen-mass","arrows","ford","goodyear","1:47.050",107050,,,,,,,"+2.880",2880,"+0.080",80,
329,1980,1,15,15,"15","14","clay-regazzoni","ensign","ford","goodyear","1:47.180",107180,,,,,,,"+3.010",3010,"+0.130",130,
329,1980,1,16,16,"16","6","ricardo-zunino","brabham","ford","goodyear","1:47.410",107410,,,,,,,"+3.240",3240,"+0.230",230,
329,1980,1,17,17,"17","7","john-watson","mclaren","ford","goodyear","1:47.700",107700,,,,,,,"+3.530",3530,"+0.290",290,
329,1980,1,18,18,"18","3","jean-pierre-jarier","tyrrell","ford","goodyear","1:47.830",107830,,,,,,,"+3.660",3660,"+0.130",130,
329,1980,1,19,19,"19","16","rene-arnoux","renault","renault","michelin","1:48.240",108240,,,,,,,"+4.070",4070,"+0.410",410,
329,1980,1,20,20,"20","23","bruno-giacomelli","alfa-romeo","alfa-romeo","goodyear","1:48.440",108440,,,,,,,"+4.270",4270,"+0.200",200,
329,1980,1,21,21,"21","9","marc-surer","ats-wheels","ford","goodyear","1:48.860",108860,,,,,,,"+4.690",4690,"+0.420",420,
329,1980,1,22,22,"22","4","derek-daly","tyrrell","ford","goodyear","1:48.950",108950,,,,,,,"+4.780",4780,"+0.090",90,
329,1980,1,23,23,"23","22","patrick-depailler","alfa-romeo","alfa-romeo","goodyear","1:49.200",109200,,,,,,,"+5.030",5030,"+0.250",250,
329,1980,1,24,24,"24","20","emerson-fittipaldi","fittipaldi","ford","goodyear","1:49.420",109420,,,,,,,"+5.250",5250,"+0.220",220,
329,1980,1,25,25,"25","18","david-kennedy","shadow","ford","goodyear","1:50.250",110250,,,,,,,"+6.080",6080,"+0.830",830,
329,1980,1,26,26,"26","10","jan-lammers","ats-wheels","ford","goodyear","1:51.390",111390,,,,,,,"+7.220",7220,"+1.140",1140,
329,1980,1,27,27,"27","17","stefan-johansson","shadow","ford","goodyear","1:51.570",111570,,,,,,,"+7.400",7400,"+0.180",180,
329,1980,1,28,28,"28","31","eddie-cheever","osella","ford","goodyear","1:54.120",114120,,,,,,,"+9.950",9950,"+2.550",2550,
330,1980,2,1,1,"1","15","jean-pierre-jabouille","renault","renault","michelin","2:21.400",141400,,,,,,,,,,,
330,1980,2,2,2,"2","25","didier-pironi","ligier","ford","goodyear","2:21.650",141650,,,,,,,"+0.250",250,"+0.250",250,
330,1980,2,3,3,"3","2","gilles-villeneuve","ferrari","ferrari","michelin","2:22.170",142170,,,,,,,"+0.770",770,"+0.520",520,
330,1980,2,4,4,"4","28","carlos-reutemann","williams","ford","goodyear","2:22.260",142260,,,,,,,"+0.860",860,"+0.090",90,
330,1980,2,5,5,"5","26","jacques-laffite","ligier","ford","goodyear","2:22.300",142300,,,,,,,"+0.900",900,"+0.040",40,
330,1980,2,6,6,"6","16","rene-arnoux","renault","renault","michelin","2:22.310",142310,,,,,,,"+0.910",910,"+0.010",10,
330,1980,2,7,7,"7","12","elio-de-angelis","lotus","ford","goodyear","2:22.400",142400,,,,,,,"+1.000",1000,"+0.090",90,
330,1980,2,8,8,"8","1","jody-scheckter","ferrari","ferrari","michelin","2:23.020",143020,,,,,,,"+1.620",1620,"+0.620",620,
330,1980,2,9,9,"9","5","nelson-piquet","brabham","ford","goodyear","2:23.160",143160,,,,,,,"+1.760",1760,"+0.140",140,
330,1980,2,10,10,"10","27","alan-jones","williams","ford","goodyear","2:23.380",143380,,,,,,,"+1.980",1980,"+0.220",220,
330,1980,2,11,11,"11","11","mario-andretti","lotus","ford","goodyear","2:23.460",143460,,,,,,,"+2.060",2060,"+0.080",80,
330,1980,2,12,12,"12","14","clay-regazzoni","ensign","ford","goodyear","2:24.850",144850,,,,,,,"+3.450",3450,"+1.390",1390,
330,1980,2,13,13,"13","8","alain-prost","mclaren","ford","goodyear","2:24.950",144950,,,,,,,"+3.550",3550,"+0.100",100,
330,1980,2,14,14,"14","29","riccardo-patrese","arrows","ford","goodyear","2:25.060",145060,,,,,,,"+3.660",3660,"+0.110",110,
330,1980,2,15,15,"15","21","keke-rosberg","fittipaldi","ford","goodyear","2:25.740",145740,,,,,,,"+4.340",4340,"+0.680",680,
330,1980,2,16,16,"16","30","jochen-mass","arrows","ford","goodyear","2:25.750",145750,,,,,,,"+4.350",4350,"+0.010",10,
330,1980,2,17,17,"17","23","bruno-giacomelli","alfa-romeo","alfa-romeo","goodyear","2:25.800",145800,,,,,,,"+4.400",4400,"+0.050",50,
330,1980,2,18,18,"18","6","ricardo-zunino","brabham","ford","goodyear","2:26.530",146530,,,,,,,"+5.130",5130,"+0.730",730,
330,1980,2,19,19,"19","20","emerson-fittipaldi","fittipaldi","ford","goodyear","2:26.860",146860,,,,,,,"+5.460",5460,"+0.330",330,
330,1980,2,20,20,"20","9","marc-surer","ats-wheels","ford","goodyear","2:27.100",147100,,,,,,,"+5.700",5700,"+0.240",240,
330,1980,2,21,21,"21","22","patrick-depailler","alfa-romeo","alfa-romeo","goodyear","2:27.110",147110,,,,,,,"+5.710",5710,"+0.010",10,
330,1980,2,22,22,"22","3","jean-pierre-jarier","tyrrell","ford","goodyear","2:27.150",147150,,,,,,,"+5.750",5750,"+0.040",40,
330,1980,2,23,23,"23","7","john-watson","mclaren","ford","goodyear","2:27.290",147290,,,,,,,"+5.890",5890,"+0.140",140,
330,1980,2,24,24,"24","4","derek-daly","tyrrell","ford","goodyear","2:28.210",148210,,,,,,,"+6.810",6810,"+0.920",920,
330,1980,2,25,25,"25","10","jan-lammers","ats-wheels","ford","goodyear","2:29.540",149540,,,,,,,"+8.140",8140,"+1.330",1330,
330,1980,2,26,26,"26","18","david-kennedy","shadow","ford","goodyear","2:30.520",150520,,,,,,,"+9.120",9120,"+0.980",980,
330,1980,2,27,27,"27","17","stefan-johansson","shadow","ford","goodyear","2:31.480",151480,,,,,,,"+10.080",10080,"+0.960",960,
330,1980,2,28,28,"28","31","eddie-cheever","osella","ford","goodyear","2:34.520",154520,,,,,,,"+13.120",13120,"+3.040",3040,
331,1980,3,1,1,"1","15","jean-pierre-jabouille","renault","renault","michelin","1:10.000",70000,,,,,,,,,,,
331,1980,3,2,2,"2","16","rene-arnoux","renault","renault","michelin","1:10.210",70210,,,,,,,"+0.210",210,"+0.210",210,
331,1980,3,3,3,"3","5","nelson-piquet","brabham","ford","goodyear","1:11.870",71870,,,,,,,"+1.870",1870,"+1.660",1660,
331,1980,3,4,4,"4","26","jacques-laffite","ligier","ford","goodyear","1:11.880",71880,,,,,,,"+1.880",1880,"+0.010",10,
331,1980,3,5,5,"5","25","didier-pironi","ligier","ford","goodyear","1:12.110",72110,,,,,,,"+2.110",2110,"+0.230",230,
331,1980,3,6,6,"6","28","carlos-reutemann","williams","ford","goodyear","1:12.150",72150,,,,,,,"+2.150",2150,"+0.040",40,
331,1980,3,7,7,"7","22","patrick-depailler","alfa-romeo","alfa-romeo","goodyear","1:12.160",72160,,,,,,,"+2.160",2160,"+0.010",10,
331,1980,3,8,8,"8","27","alan-jones","williams","ford","goodyear","1:12.230",72230,,,,,,,"+2.230",2230,"+0.070",70,
331,1980,3,9,9,"9","1","jody-scheckter","ferrari","ferrari","michelin","1:12.320",72320,,,,,,,"+2.320",2320,"+0.090",90,
331,1980,3,10,10,"10","2","gilles-villeneuve","ferrari","ferrari","michelin","1:12.380",72380,,,,,,,"+2.380",2380,"+0.060",60,
331,1980,3,11,11,"11","29","riccardo-patrese","arrows","ford","goodyear","1:12.500",72500,,,,,,,"+2.500",2500,"+0.120",120,
331,1980,3,12,12,"12","23","bruno-giacomelli","alfa-romeo","alfa-romeo","goodyear","1:12.510",72510,,,,,,,"+2.510",2510,"+0.010",10,
331,1980,3,13,13,"13","3","jean-pierre-jarier","tyrrell","ford","goodyear","1:12.700",72700,,,,,,,"+2.700",2700,"+0.190",190,
331,1980,3,14,14,"14","12","elio-de-angelis","lotus","ford","goodyear","1:12.740",72740,,,,,,,"+2.740",2740,"+0.040",40,
331,1980,3,15,15,"15","11","mario-andretti","lotus","ford","goodyear","1:12.930",72930,,,,,,,"+2.930",2930,"+0.190",190,
331,1980,3,16,16,"16","4","derek-daly","tyrrell","ford","goodyear","1:13.040",73040,,,,,,,"+3.040",3040,"+0.110",110,
331,1980,3,17,17,"17","6","ricardo-zunino","brabham","ford","goodyear","1:13.050",73050,,,,,,,"+3.050",3050,"+0.010",10,
331,1980,3,18,18,"18","20","emerson-fittipaldi","fittipaldi","ford","goodyear","1:13.230",73230,,,,,,,"+3.230",3230,"+0.180",180,
331,1980,3,19,19,"19","30","jochen-mass","arrows","ford","goodyear","1:13.250",73250,,,,,,,"+3.250",3250,"+0.020",20,
331,1980,3,20,20,"20","14","clay-regazzoni","ensign","ford","goodyear","1:13.250",73250,,,,,,,"+3.250",3250,"+0.000",0,
331,1980,3,21,21,"21","7","john-watson","mclaren","ford","goodyear","1:13.610",73610,,,,,,,"+3.610",3610,"+0.360",360,
331,1980,3,22,22,"22","8","alain-prost","mclaren","ford","goodyear","1:13.760",73760,,,,,,,"+3.760",3760,"+0.150",150,
331,1980,3,23,23,"23","31","eddie-cheever","osella","ford","goodyear","1:13.830",73830,,,,,,,"+3.830",3830,"+0.070",70,
331,1980,3,24,24,"24","21","keke-rosberg","fittipaldi","ford","goodyear","1:13.840",73840,,,,,,,"+3.840",3840,"+0.010",10,
331,1980,3,25,25,"25","17","geoff-lees","shadow","ford","goodyear","1:14.460",74460,,,,,,,"+4.460",4460,"+0.620",620,
331,1980,3,26,26,"26","9","marc-surer","ats-wheels","ford","goodyear","1:14.540",74540,,,,,,,"+4.540",4540,"+0.080",80,
331,1980,3,27,27,"27","18","david-kennedy","shadow","ford","goodyear","1:15.230",75230,,,,,,,"+5.230",5230,"+0.690",690,
331,1980,3,28,28,"28","9","jan-lammers","ats-wheels","ford","goodyear","1:15.290",75290,,,,,,,"+5.290",5290,"+0.060",60,
332,1980,4,1,1,"1","5","nelson-piquet","brabham","ford","goodyear","1:17.694",77694,,,,,,,,,,,
332,1980,4,2,2,"2","16","rene-arnoux","renault","renault","michelin","1:18.689",78689,,,,,,,"+0.995",995,"+0.995",995,
332,1980,4,3,3,"3","22","patrick-depailler","alfa-romeo","alfa-romeo","goodyear","1:18.719",78719,,,,,,,"+1.025",1025,"+0.030",30,
332,1980,4,4,4,"4","9","jan-lammers","ats-wheels","ford","goodyear","1:18.783",78783,,,,,,,"+1.089",1089,"+0.064",64,
332,1980,4,5,5,"5","27","alan-jones","williams","ford","goodyear","1:18.819",78819,,,,,,,"+1.125",1125,"+0.036",36,
332,1980,4,6,6,"6","23","bruno-giacomelli","alfa-romeo","alfa-romeo","goodyear","1:18.924",78924,,,,,,,"+1.230",1230,"+0.105",105,
332,1980,4,7,7,"7","28","carlos-reutemann","williams","ford","goodyear","1:18.964",78964,,,,,,,"+1.270",1270,"+0.040",40,
332,1980,4,8,8,"8","29","riccardo-patrese","arrows","ford","goodyear","1:19.071",79071,,,,,,,"+1.377",1377,"+0.107",107,
332,1980,4,9,9,"9","25","didier-pironi","ligier","ford","goodyear","1:19.276",79276,,,,,,,"+1.582",1582,"+0.205",205,
332,1980,4,10,10,"10","2","gilles-villeneuve","ferrari","ferrari","michelin","1:19.285",79285,,,,,,,"+1.591",1591,"+0.009",9,
332,1980,4,11,11,"11","15","jean-pierre-jabouille","renault","renault","michelin","1:19.316",79316,,,,,,,"+1.622",1622,"+0.031",31,
332,1980,4,12,12,"12","3","jean-pierre-jarier","tyrrell","ford","goodyear","1:19.318",79318,,,,,,,"+1.624",1624,"+0.002",2,
332,1980,4,13,13,"13","26","jacques-laffite","ligier","ford","goodyear","1:19.455",79455,,,,,,,"+1.761",1761,"+0.137",137,
332,1980,4,14,14,"14","4","derek-daly","tyrrell","ford","goodyear","1:19.744",79744,,,,,,,"+2.050",2050,"+0.289",289,
332,1980,4,15,15,"15","11","mario-andretti","lotus","ford","goodyear","1:19.763",79763,,,,,,,"+2.069",2069,"+0.019",19,
332,1980,4,16,16,"16","1","jody-scheckter","ferrari","ferrari","michelin","1:20.151",80151,,,,,,,"+2.457",2457,"+0.388",388,
332,1980,4,17,17,"17","30","jochen-mass","arrows","ford","goodyear","1:20.410",80410,,,,,,,"+2.716",2716,"+0.259",259,
332,1980,4,18,18,"18","6","ricardo-zunino","brabham","ford","goodyear","1:20.419",80419,,,,,,,"+2.725",2725,"+0.009",9,
332,1980,4,19,19,"19","31","eddie-cheever","osella","ford","goodyear","1:20.808",80808,,,,,,,"+3.114",3114,"+0.389",389,
332,1980,4,20,20,"20","12","elio-de-angelis","lotus","ford","goodyear","1:20.830",80830,,,,,,,"+3.136",3136,"+0.022",22,
332,1980,4,21,21,"21","7","john-watson","mclaren","ford","goodyear","1:20.868",80868,,,,,,,"+3.174",3174,"+0.038",38,
332,1980,4,22,22,"22","21","keke-rosberg","fittipaldi","ford","goodyear","1:20.911",80911,,,,,,,"+3.217",3217,"+0.043",43,
332,1980,4,23,23,"23","14","clay-regazzoni","ensign","ford","goodyear","1:20.984",80984,,,,,,,"+3.290",3290,"+0.073",73,
332,1980,4,24,24,"24","20","emerson-fittipaldi","fittipaldi","ford","goodyear","1:21.350",81350,,,,,,,"+3.656",3656,"+0.366",366,
332,1980,4,25,25,"25","18","david-kennedy","shadow","ford","goodyear","1:21.523",81523,,,,,,,"+3.829",3829,"+0.173",173,
332,1980,4,26,26,"26","17","geoff-lees","shadow","ford","goodyear","1:23.468",83468,,,,,,,"+5.774",5774,"+1.945",1945,
332,1980,4,27,27,"27","8","stephen-south","mclaren","ford","goodyear","1:24.121",84121,,,,,,,"+6.427",6427,"+0.653",653,
333,1980,5,1,1,"1","27","alan-jones","williams","ford","goodyear","1:19.120",79120,,,,,,,,,,,
333,1980,5,2,2,"2","25","didier-pironi","ligier","ford","goodyear","1:19.350",79350,,,,,,,"+0.230",230,"+0.230",230,
333,1980,5,3,3,"3","26","jacques-laffite","ligier","ford","goodyear","1:19.690",79690,,,,,,,"+0.570",570,"+0.340",340,
333,1980,5,4,4,"4","28","carlos-reutemann","williams","ford","goodyear","1:19.790",79790,,,,,,,"+0.670",670,"+0.100",100,
333,1980,5,5,5,"5","15","jean-pierre-jabouille","renault","renault","michelin","1:19.890",79890,,,,,,,"+0.770",770,"+0.100",100,
333,1980,5,6,6,"6","16","rene-arnoux","renault","renault","michelin","1:19.890",79890,,,,,,,"+0.770",770,"+0.000",0,
333,1980,5,7,7,"7","5","nelson-piquet","brabham","ford","goodyear","1:20.230",80230,,,,,,,"+1.110",1110,"+0.340",340,
333,1980,5,8,8,"8","12","elio-de-angelis","lotus","ford","goodyear","1:20.960",80960,,,,,,,"+1.840",1840,"+0.730",730,
333,1980,5,9,9,"9","3","jean-pierre-jarier","tyrrell","ford","goodyear","1:21.360",81360,,,,,,,"+2.240",2240,"+0.400",400,
333,1980,5,10,10,"10","22","patrick-depailler","alfa-romeo","alfa-romeo","goodyear","1:21.450",81450,,,,,,,"+2.330",2330,"+0.090",90,
333,1980,5,11,11,"11","4","derek-daly","tyrrell","ford","goodyear","1:21.510",81510,,,,,,,"+2.390",2390,"+0.060",60,
333,1980,5,12,12,"12","2","gilles-villeneuve","ferrari","ferrari","michelin","1:21.540",81540,,,,,,,"+2.420",2420,"+0.030",30,
333,1980,5,13,13,"13","30","jochen-mass","arrows","ford","goodyear","1:21.550",81550,,,,,,,"+2.430",2430,"+0.010",10,
333,1980,5,14,14,"14","1","jody-scheckter","ferrari","ferrari","michelin","1:21.580",81580,,,,,,,"+2.460",2460,"+0.030",30,
333,1980,5,15,15,"15","9","jan-lammers","ats-wheels","ford","goodyear","1:21.720",81720,,,,,,,"+2.600",2600,"+0.140",140,
333,1980,5,16,16,"16","29","riccardo-patrese","arrows","ford","goodyear","1:21.750",81750,,,,,,,"+2.630",2630,"+0.030",30,
333,1980,5,17,17,"17","11","mario-andretti","lotus","ford","goodyear","1:22.070",82070,,,,,,,"+2.950",2950,"+0.320",320,
333,1980,5,18,18,"18","23","bruno-giacomelli","alfa-romeo","alfa-romeo","goodyear","1:22.200",82200,,,,,,,"+3.080",3080,"+0.130",130,
333,1980,5,19,19,"19","8","alain-prost","mclaren","ford","goodyear","1:22.260",82260,,,,,,,"+3.140",3140,"+0.060",60,
333,1980,5,20,20,"20","7","john-watson","mclaren","ford","goodyear","1:22.570",82570,,,,,,,"+3.450",3450,"+0.310",310,
333,1980,5,21,21,"21","21","keke-rosberg","fittipaldi","ford","goodyear","1:22.970",82970,,,,,,,"+3.850",3850,"+0.400",400,
333,1980,5,22,22,"22","6","ricardo-zunino","brabham","ford","goodyear","1:23.180",83180,,,,,,,"+4.060",4060,"+0.210",210,
333,1980,5,23,23,"23","14","tiff-needell","ensign","ford","goodyear","1:23.500",83500,,,,,,,"+4.380",4380,"+0.320",320,
333,1980,5,24,24,"24","20","emerson-fittipaldi","fittipaldi","ford","goodyear","1:24.220",84220,,,,,,,"+5.100",5100,"+0.720",720,
333,1980,5,25,25,"25","17","geoff-lees","shadow","ford","goodyear","1:24.370",84370,,,,,,,"+5.250",5250,"+0.150",150,
333,1980,5,26,26,"26","18","david-kennedy","shadow","ford","goodyear","1:24.640",84640,,,,,,,"+5.520",5520,"+0.270",270,
333,1980,5,27,27,"27","31","eddie-cheever","osella","ford","goodyear","1:40.060",100060,,,,,,,"+20.940",20940,"+15.420",15420,
334,1980,6,1,1,"1","25","didier-pironi","ligier","ford","goodyear","1:24.813",84813,,,,,,,,,,,
334,1980,6,2,2,"2","28","carlos-reutemann","williams","ford","goodyear","1:24.882",84882,,,,,,,"+0.069",69,"+0.069",69,
334,1980,6,3,3,"3","27","alan-jones","williams","ford","goodyear","1:25.202",85202,,,,,,,"+0.389",389,"+0.320",320,
334,1980,6,4,4,"4","5","nelson-piquet","brabham","ford","goodyear","1:25.358",85358,,,,,,,"+0.545",545,"+0.156",156,
334,1980,6,5,5,"5","26","jacques-laffite","ligier","ford","goodyear","1:25.510",85510,,,,,,,"+0.697",697,"+0.152",152,
334,1980,6,6,6,"6","2","gilles-villeneuve","ferrari","ferrari","michelin","1:26.104",86104,,,,,,,"+1.291",1291,"+0.594",594,
334,1980,6,7,7,"7","22","patrick-depailler","alfa-romeo","alfa-romeo","goodyear","1:26.210",86210,,,,,,,"+1.397",1397,"+0.106",106,
334,1980,6,8,8,"8","23","bruno-giacomelli","alfa-romeo","alfa-romeo","goodyear","1:26.227",86227,,,,,,,"+1.414",1414,"+0.017",17,
334,1980,6,9,9,"9","3","jean-pierre-jarier","tyrrell","ford","goodyear","1:26.369",86369,,,,,,,"+1.556",1556,"+0.142",142,
334,1980,6,10,10,"10","8","alain-prost","mclaren","ford","goodyear","1:26.826",86826,,,,,,,"+2.013",2013,"+0.457",457,
334,1980,6,11,11,"11","29","riccardo-patrese","arrows","ford","goodyear","1:26.828",86828,,,,,,,"+2.015",2015,"+0.002",2,
334,1980,6,12,12,"12","4","derek-daly","tyrrell","ford","goodyear","1:26.838",86838,,,,,,,"+2.025",2025,"+0.010",10,
334,1980,6,13,13,"13","9","jan-lammers","ats-wheels","ford","goodyear","1:26.883",86883,,,,,,,"+2.070",2070,"+0.045",45,
334,1980,6,14,14,"14","12","elio-de-angelis","lotus","ford","goodyear","1:26.930",86930,,,,,,,"+2.117",2117,"+0.047",47,
334,1980,6,15,15,"15","30","jochen-mass","arrows","ford","goodyear","1:26.956",86956,,,,,,,"+2.143",2143,"+0.026",26,
334,1980,6,16,16,"16","15","jean-pierre-jabouille","renault","renault","michelin","1:27.099",87099,,,,,,,"+2.286",2286,"+0.143",143,
334,1980,6,17,17,"17","1","jody-scheckter","ferrari","ferrari","michelin","1:27.182",87182,,,,,,,"+2.369",2369,"+0.083",83,
334,1980,6,18,18,"18","20","emerson-fittipaldi","fittipaldi","ford","goodyear","1:27.495",87495,,,,,,,"+2.682",2682,"+0.313",313,
334,1980,6,19,19,"19","11","mario-andretti","lotus","ford","goodyear","1:27.514",87514,,,,,,,"+2.701",2701,"+0.019",19,
334,1980,6,20,20,"20","16","rene-arnoux","renault","renault","michelin","1:27.524",87524,,,,,,,"+2.711",2711,"+0.010",10,
334,1980,6,21,21,"21","7","john-watson","mclaren","ford","goodyear","1:27.731",87731,,,,,,,"+2.918",2918,"+0.207",207,
334,1980,6,22,22,"22","31","eddie-cheever","osella","ford","goodyear","1:27.808",87808,,,,,,,"+2.995",2995,"+0.077",77,
334,1980,6,23,23,"23","17","geoff-lees","shadow","ford","goodyear","1:27.842",87842,,,,,,,"+3.029",3029,"+0.034",34,
334,1980,6,24,24,"24","21","keke-rosberg","fittipaldi","ford","goodyear","1:28.381",88381,,,,,,,"+3.568",3568,"+0.539",539,
334,1980,6,25,25,"25","6","ricardo-zunino","brabham","ford","goodyear","1:28.384",88384,,,,,,,"+3.571",3571,"+0.003",3,
334,1980,6,26,26,"26","14","tiff-needell","ensign","ford","goodyear","1:29.188",89188,,,,,,,"+4.375",4375,"+0.804",804,
334,1980,6,27,27,"27","18","david-kennedy","shadow","ford","goodyear","1:39.986",99986,,,,,,,"+15.173",15173,"+10.798",10798,
335,1980,7,1,1,"1","26","jacques-laffite","ligier","ford","goodyear","1:38.880",98880,,,,,,,,,,,
335,1980,7,2,2,"2","16","rene-arnoux","renault","renault","michelin","1:39.490",99490,,,,,,,"+0.610",610,"+0.610",610,
335,1980,7,3,3,"3","25","didier-pironi","ligier","ford","goodyear","1:39.490",99490,,,,,,,"+0.610",610,"+0.000",0,
335,1980,7,4,4,"4","27","alan-jones","williams","ford","goodyear","1:39.500",99500,,,,,,,"+0.620",620,"+0.010",10,
335,1980,7,5,5,"5","28","carlos-reutemann","williams","ford","goodyear","1:39.600",99600,,,,,,,"+0.720",720,"+0.100",100,
335,1980,7,6,6,"6","15","jean-pierre-jabouille","renault","renault","michelin","1:40.180",100180,,,,,,,"+1.300",1300,"+0.580",580,
335,1980,7,7,7,"7","8","alain-prost","mclaren","ford","goodyear","1:40.630",100630,,,,,,,"+1.750",1750,"+0.450",450,
335,1980,7,8,8,"8","5","nelson-piquet","brabham","ford","goodyear","1:40.670",100670,,,,,,,"+1.790",1790,"+0.040",40,
335,1980,7,9,9,"9","23","bruno-giacomelli","alfa-romeo","alfa-romeo","goodyear","1:40.850",100850,,,,,,,"+1.970",1970,"+0.180",180,
335,1980,7,10,10,"10","22","patrick-depailler","alfa-romeo","alfa-romeo","goodyear","1:40.890",100890,,,,,,,"+2.010",2010,"+0.040",40,
335,1980,7,11,11,"11","9","marc-surer","ats-wheels","ford","goodyear","1:41.030",101030,,,,,,,"+2.150",2150,"+0.140",140,
335,1980,7,12,12,"12","11","mario-andretti","lotus","ford","goodyear","1:41.560",101560,,,,,,,"+2.680",2680,"+0.530",530,
335,1980,7,13,13,"13","7","john-watson","mclaren","ford","goodyear","1:41.630",101630,,,,,,,"+2.750",2750,"+0.070",70,
335,1980,7,14,14,"14","12","elio-de-angelis","lotus","ford","goodyear","1:41.660",101660,,,,,,,"+2.780",2780,"+0.030",30,
335,1980,7,15,15,"15","30","jochen-mass","arrows","ford","goodyear","1:41.710",101710,,,,,,,"+2.830",2830,"+0.050",50,
335,1980,7,16,16,"16","3","jean-pierre-jarier","tyrrell","ford","goodyear","1:41.780",101780,,,,,,,"+2.900",2900,"+0.070",70,
335,1980,7,17,17,"17","2","gilles-villeneuve","ferrari","ferrari","michelin","1:41.990",101990,,,,,,,"+3.110",3110,"+0.210",210,
335,1980,7,18,18,"18","29","riccardo-patrese","arrows","ford","goodyear","1:42.070",102070,,,,,,,"+3.190",3190,"+0.080",80,
335,1980,7,19,19,"19","1","jody-scheckter","ferrari","ferrari","michelin","1:42.380",102380,,,,,,,"+3.500",3500,"+0.310",310,
335,1980,7,20,20,"20","4","derek-daly","tyrrell","ford","goodyear","1:42.770",102770,,,,,,,"+3.890",3890,"+0.390",390,
335,1980,7,21,21,"21","31","eddie-cheever","osella","ford","goodyear","1:42.850",102850,,,,,,,"+3.970",3970,"+0.080",80,
335,1980,7,22,22,"22","6","ricardo-zunino","brabham","ford","goodyear","1:43.140",103140,,,,,,,"+4.260",4260,"+0.290",290,
335,1980,7,23,23,"23","21","keke-rosberg","fittipaldi","ford","goodyear","1:43.160",103160,,,,,,,"+4.280",4280,"+0.020",20,
335,1980,7,24,24,"24","20","emerson-fittipaldi","fittipaldi","ford","goodyear","1:43.210",103210,,,,,,,"+4.330",4330,"+0.050",50,
335,1980,7,25,25,"25","17","geoff-lees","shadow","ford","goodyear","1:44.280",104280,,,,,,,"+5.400",5400,"+1.070",1070,
335,1980,7,26,26,"26","14","jan-lammers","ensign","ford","goodyear","1:44.330",104330,,,,,,,"+5.450",5450,"+0.050",50,
335,1980,7,27,27,"27","18","david-kennedy","shadow","ford","goodyear","1:44.560",104560,,,,,,,"+5.680",5680,"+0.230",230,
336,1980,8,1,1,"1","25","didier-pironi","ligier","ford","goodyear","1:11.004",71004,,,,,,,,,,,
336,1980,8,2,2,"2","26","jacques-laffite","ligier","ford","goodyear","1:11.395",71395,,,,,,,"+0.391",391,"+0.391",391,
336,1980,8,3,3,"3","27","alan-jones","williams","ford","goodyear","1:11.609",71609,,,,,,,"+0.605",605,"+0.214",214,
336,1980,8,4,4,"4","28","carlos-reutemann","williams","ford","goodyear","1:11.629",71629,,,,,,,"+0.625",625,"+0.020",20,
336,1980,8,5,5,"5","5","nelson-piquet","brabham","ford","goodyear","1:11.634",71634,,,,,,,"+0.630",630,"+0.005",5,
336,1980,8,6,6,"6","23","bruno-giacomelli","alfa-romeo","alfa-romeo","goodyear","1:12.128",72128,,,,,,,"+1.124",1124,"+0.494",494,
336,1980,8,7,7,"7","8","alain-prost","mclaren","ford","goodyear","1:12.634",72634,,,,,,,"+1.630",1630,"+0.506",506,
336,1980,8,8,8,"8","22","patrick-depailler","alfa-romeo","alfa-romeo","goodyear","1:13.189",73189,,,,,,,"+2.185",2185,"+0.555",555,
336,1980,8,9,9,"9","11","mario-andretti","lotus","ford","goodyear","1:13.400",73400,,,,,,,"+2.396",2396,"+0.211",211,
336,1980,8,10,10,"10","4","derek-daly","tyrrell","ford","goodyear","1:13.469",73469,,,,,,,"+2.465",2465,"+0.069",69,
336,1980,8,11,11,"11","3","jean-pierre-jarier","tyrrell","ford","goodyear","1:13.666",73666,,,,,,,"+2.662",2662,"+0.197",197,
336,1980,8,12,12,"12","7","john-watson","mclaren","ford","goodyear","1:13.717",73717,,,,,,,"+2.713",2713,"+0.051",51,
336,1980,8,13,13,"13","15","jean-pierre-jabouille","renault","renault","michelin","1:13.749",73749,,,,,,,"+2.745",2745,"+0.032",32,
336,1980,8,14,14,"14","12","elio-de-angelis","lotus","ford","goodyear","1:13.859",73859,,,,,,,"+2.855",2855,"+0.110",110,
336,1980,8,15,15,"15","9","marc-surer","ats-wheels","ford","goodyear","1:13.953",73953,,,,,,,"+2.949",2949,"+0.094",94,
336,1980,8,16,16,"16","16","rene-arnoux","renault","renault","michelin","1:13.967",73967,,,,,,,"+2.963",2963,"+0.014",14,
336,1980,8,17,17,"17","6","hector-rebaque","brabham","ford","goodyear","1:14.226",74226,,,,,,,"+3.222",3222,"+0.259",259,
336,1980,8,18,18,"18","50","rupert-keegan","williams","ford","goodyear","1:14.236",74236,,,,,,,"+3.232",3232,"+0.010",10,
336,1980,8,19,19,"19","2","gilles-villeneuve","ferrari","ferrari","michelin","1:14.296",74296,,,,,,,"+3.292",3292,"+0.060",60,
336,1980,8,20,20,"20","31","eddie-cheever","osella","ford","goodyear","1:14.517",74517,,,,,,,"+3.513",3513,"+0.221",221,
336,1980,8,21,21,"21","29","riccardo-patrese","arrows","ford","goodyear","1:14.560",74560,,,,,,,"+3.556",3556,"+0.043",43,
336,1980,8,22,22,"22","20","emerson-fittipaldi","fittipaldi","ford","goodyear","1:14.580",74580,,,,,,,"+3.576",3576,"+0.020",20,
336,1980,8,23,23,"23","1","jody-scheckter","ferrari","ferrari","michelin","1:15.370",75370,,,,,,,"+4.366",4366,"+0.790",790,
336,1980,8,24,24,"24","30","jochen-mass","arrows","ford","goodyear","1:15.423",75423,,,,,,,"+4.419",4419,"+0.053",53,
336,1980,8,25,25,"25","14","jan-lammers","ensign","ford","goodyear","1:15.596",75596,,,,,,,"+4.592",4592,"+0.173",173,
336,1980,8,26,26,"26","21","keke-rosberg","fittipaldi","ford","goodyear","1:15.845",75845,,,,,,,"+4.841",4841,"+0.249",249,
336,1980,8,27,27,"27","43","desire-wilson","williams","ford","goodyear","1:16.315",76315,,,,,,,"+5.311",5311,"+0.470",470,
337,1980,9,1,1,"1","27","alan-jones","williams","ford","goodyear","1:45.850",105850,,,,,,,,,,,
337,1980,9,2,2,"2","15","jean-pierre-jabouille","renault","renault","michelin","1:45.890",105890,,,,,,,"+0.040",40,"+0.040",40,
337,1980,9,3,3,"3","16","rene-arnoux","renault","renault","michelin","1:46.000",106000,,,,,,,"+0.150",150,"+0.110",110,
337,1980,9,4,4,"4","28","carlos-reutemann","williams","ford","goodyear","1:46.140",106140,,,,,,,"+0.290",290,"+0.140",140,
337,1980,9,5,5,"5","26","jacques-laffite","ligier","ford","goodyear","1:46.780",106780,,,,,,,"+0.930",930,"+0.640",640,
337,1980,9,6,6,"6","5","nelson-piquet","brabham","ford","goodyear","1:46.900",106900,,,,,,,"+1.050",1050,"+0.120",120,
337,1980,9,7,7,"7","25","didier-pironi","ligier","ford","goodyear","1:47.200",107200,,,,,,,"+1.350",1350,"+0.300",300,
337,1980,9,8,8,"8","21","keke-rosberg","fittipaldi","ford","goodyear","1:47.640",107640,,,,,,,"+1.790",1790,"+0.440",440,
337,1980,9,9,9,"9","11","mario-andretti","lotus","ford","goodyear","1:48.450",108450,,,,,,,"+2.600",2600,"+0.810",810,
337,1980,9,10,10,"10","29","riccardo-patrese","arrows","ford","goodyear","1:48.580",108580,,,,,,,"+2.730",2730,"+0.130",130,
337,1980,9,11,11,"11","12","elio-de-angelis","lotus","ford","goodyear","1:48.590",108590,,,,,,,"+2.740",2740,"+0.010",10,
337,1980,9,12,12,"12","20","emerson-fittipaldi","fittipaldi","ford","goodyear","1:48.700",108700,,,,,,,"+2.850",2850,"+0.110",110,
337,1980,9,13,13,"13","9","marc-surer","ats-wheels","ford","goodyear","1:48.720",108720,,,,,,,"+2.870",2870,"+0.020",20,
337,1980,9,14,14,"14","8","alain-prost","mclaren","ford","goodyear","1:48.750",108750,,,,,,,"+2.900",2900,"+0.030",30,
337,1980,9,15,15,"15","6","hector-rebaque","brabham","ford","goodyear","1:48.780",108780,,,,,,,"+2.930",2930,"+0.030",30,
337,1980,9,16,16,"16","2","gilles-villeneuve","ferrari","ferrari","michelin","1:48.860",108860,,,,,,,"+3.010",3010,"+0.080",80,
337,1980,9,17,17,"17","30","jochen-mass","arrows","ford","goodyear","1:48.930",108930,,,,,,,"+3.080",3080,"+0.070",70,
337,1980,9,18,18,"18","31","eddie-cheever","osella","ford","goodyear","1:49.060",109060,,,,,,,"+3.210",3210,"+0.130",130,
337,1980,9,19,19,"19","23","bruno-giacomelli","alfa-romeo","alfa-romeo","goodyear","1:49.110",109110,,,,,,,"+3.260",3260,"+0.050",50,
337,1980,9,20,20,"20","7","john-watson","mclaren","ford","goodyear","1:49.260",109260,,,,,,,"+3.410",3410,"+0.150",150,
337,1980,9,21,21,"21","1","jody-scheckter","ferrari","ferrari","michelin","1:49.350",109350,,,,,,,"+3.500",3500,"+0.090",90,
337,1980,9,22,22,"22","4","derek-daly","tyrrell","ford","goodyear","1:49.510",109510,,,,,,,"+3.660",3660,"+0.160",160,
337,1980,9,23,23,"23","3","jean-pierre-jarier","tyrrell","ford","goodyear","1:49.520",109520,,,,,,,"+3.670",3670,"+0.010",10,
337,1980,9,24,24,"24","14","jan-lammers","ensign","ford","goodyear","1:50.300",110300,,,,,,,"+4.450",4450,"+0.780",780,
337,1980,9,25,25,"25","50","rupert-keegan","williams","ford","goodyear","1:50.750",110750,,,,,,,"+4.900",4900,"+0.450",450,
337,1980,9,26,26,"26","10","harald-ertl","ats-wheels","ford","goodyear","1:53.130",113130,,,,,,,"+7.280",7280,"+2.380",2380,
338,1980,10,1,1,"1","16","rene-arnoux","renault","renault","michelin","1:30.270",90270,,,,,,,,,,,
338,1980,10,2,2,"2","15","jean-pierre-jabouille","renault","renault","michelin","1:31.480",91480,,,,,,,"+1.210",1210,"+1.210",1210,
338,1980,10,3,3,"3","27","alan-jones","williams","ford","goodyear","1:32.950",92950,,,,,,,"+2.680",2680,"+1.470",1470,
338,1980,10,4,4,"4","28","carlos-reutemann","williams","ford","goodyear","1:33.070",93070,,,,,,,"+2.800",2800,"+0.120",120,
338,1980,10,5,5,"5","26","jacques-laffite","ligier","ford","goodyear","1:33.160",93160,,,,,,,"+2.890",2890,"+0.090",90,
338,1980,10,6,6,"6","25","didier-pironi","ligier","ford","goodyear","1:33.220",93220,,,,,,,"+2.950",2950,"+0.060",60,
338,1980,10,7,7,"7","5","nelson-piquet","brabham","ford","goodyear","1:33.390",93390,,,,,,,"+3.120",3120,"+0.170",170,
338,1980,10,8,8,"8","23","bruno-giacomelli","alfa-romeo","alfa-romeo","goodyear","1:33.640",93640,,,,,,,"+3.370",3370,"+0.250",250,
338,1980,10,9,9,"9","12","elio-de-angelis","lotus","ford","goodyear","1:33.760",93760,,,,,,,"+3.490",3490,"+0.120",120,
338,1980,10,10,10,"10","4","derek-daly","tyrrell","ford","goodyear","1:34.170",94170,,,,,,,"+3.900",3900,"+0.410",410,
338,1980,10,11,11,"11","21","keke-rosberg","fittipaldi","ford","goodyear","1:34.330",94330,,,,,,,"+4.060",4060,"+0.160",160,
338,1980,10,12,12,"12","8","alain-prost","mclaren","ford","goodyear","1:34.350",94350,,,,,,,"+4.080",4080,"+0.020",20,
338,1980,10,13,13,"13","3","jean-pierre-jarier","tyrrell","ford","goodyear","1:34.630",94630,,,,,,,"+4.360",4360,"+0.280",280,
338,1980,10,14,14,"14","6","hector-rebaque","brabham","ford","goodyear","1:34.860",94860,,,,,,,"+4.590",4590,"+0.230",230,
338,1980,10,15,15,"15","2","gilles-villeneuve","ferrari","ferrari","michelin","1:34.870",94870,,,,,,,"+4.600",4600,"+0.010",10,
338,1980,10,16,16,"16","9","marc-surer","ats-wheels","ford","goodyear","1:35.100",95100,,,,,,,"+4.830",4830,"+0.230",230,
338,1980,10,17,17,"17","11","mario-andretti","lotus","ford","goodyear","1:35.210",95210,,,,,,,"+4.940",4940,"+0.110",110,
338,1980,10,18,18,"18","29","riccardo-patrese","arrows","ford","goodyear","1:35.290",95290,,,,,,,"+5.020",5020,"+0.080",80,
338,1980,10,19,19,"19","31","eddie-cheever","osella","ford","goodyear","1:35.400",95400,,,,,,,"+5.130",5130,"+0.110",110,
338,1980,10,20,20,"20","50","rupert-keegan","williams","ford","goodyear","1:35.530",95530,,,,,,,"+5.260",5260,"+0.130",130,
338,1980,10,21,21,"21","7","john-watson","mclaren","ford","goodyear","1:35.560",95560,,,,,,,"+5.290",5290,"+0.030",30,
338,1980,10,22,22,"22","1","jody-scheckter","ferrari","ferrari","michelin","1:35.610",95610,,,,,,,"+5.340",5340,"+0.050",50,
338,1980,10,23,23,"23","20","emerson-fittipaldi","fittipaldi","ford","goodyear","1:35.670",95670,,,,,,,"+5.400",5400,"+0.060",60,
338,1980,10,24,24,"24","43","nigel-mansell","lotus","ford","goodyear","1:35.710",95710,,,,,,,"+5.440",5440,"+0.040",40,
338,1980,10,25,25,"25","14","jan-lammers","ensign","ford","goodyear","1:36.040",96040,,,,,,,"+5.770",5770,"+0.330",330,
338,1980,10,26,26,"26","30","jochen-mass","arrows","ford","goodyear",,,,,,,,,,,,,
339,1980,11,1,1,"1","16","rene-arnoux","renault","renault","michelin","1:17.440",77440,,,,,,,,,,,
339,1980,11,2,2,"2","15","jean-pierre-jabouille","renault","renault","michelin","1:17.740",77740,,,,,,,"+0.300",300,"+0.300",300,
339,1980,11,3,3,"3","28","carlos-reutemann","williams","ford","goodyear","1:17.810",77810,,,,,,,"+0.370",370,"+0.070",70,
339,1980,11,4,4,"4","27","alan-jones","williams","ford","goodyear","1:17.820",77820,,,,,,,"+0.380",380,"+0.010",10,
339,1980,11,5,5,"5","5","nelson-piquet","brabham","ford","goodyear","1:17.850",77850,,,,,,,"+0.410",410,"+0.030",30,
339,1980,11,6,6,"6","26","jacques-laffite","ligier","ford","goodyear","1:18.150",78150,,,,,,,"+0.710",710,"+0.300",300,
339,1980,11,7,7,"7","2","gilles-villeneuve","ferrari","ferrari","michelin","1:18.400",78400,,,,,,,"+0.960",960,"+0.250",250,
339,1980,11,8,8,"8","23","bruno-giacomelli","alfa-romeo","alfa-romeo","goodyear","1:18.520",78520,,,,,,,"+1.080",1080,"+0.120",120,
339,1980,11,9,9,"9","7","john-watson","mclaren","ford","goodyear","1:18.530",78530,,,,,,,"+1.090",1090,"+0.010",10,
339,1980,11,10,10,"10","11","mario-andretti","lotus","ford","goodyear","1:18.600",78600,,,,,,,"+1.160",1160,"+0.070",70,
339,1980,11,11,11,"11","12","elio-de-angelis","lotus","ford","goodyear","1:18.740",78740,,,,,,,"+1.300",1300,"+0.140",140,
339,1980,11,12,12,"12","1","jody-scheckter","ferrari","ferrari","michelin","1:18.870",78870,,,,,,,"+1.430",1430,"+0.130",130,
339,1980,11,13,13,"13","6","hector-rebaque","brabham","ford","goodyear","1:18.890",78890,,,,,,,"+1.450",1450,"+0.020",20,
339,1980,11,14,14,"14","29","riccardo-patrese","arrows","ford","goodyear","1:18.900",78900,,,,,,,"+1.460",1460,"+0.010",10,
339,1980,11,15,15,"15","25","didier-pironi","ligier","ford","goodyear","1:18.940",78940,,,,,,,"+1.500",1500,"+0.040",40,
339,1980,11,16,16,"16","43","nigel-mansell","lotus","ford","goodyear","1:18.970",78970,,,,,,,"+1.530",1530,"+0.030",30,
339,1980,11,17,17,"17","3","jean-pierre-jarier","tyrrell","ford","goodyear","1:18.980",78980,,,,,,,"+1.540",1540,"+0.010",10,
339,1980,11,18,18,"18","8","alain-prost","mclaren","ford","goodyear","1:19.070",79070,,,,,,,"+1.630",1630,"+0.090",90,
339,1980,11,19,19,"19","31","eddie-cheever","osella","ford","goodyear","1:19.380",79380,,,,,,,"+1.940",1940,"+0.310",310,
339,1980,11,20,20,"20","9","marc-surer","ats-wheels","ford","goodyear","1:19.440",79440,,,,,,,"+2.000",2000,"+0.060",60,
339,1980,11,21,21,"21","20","emerson-fittipaldi","fittipaldi","ford","goodyear","1:19.570",79570,,,,,,,"+2.130",2130,"+0.130",130,
339,1980,11,22,22,"22","22","vittorio-brambilla","alfa-romeo","alfa-romeo","goodyear","1:19.600",79600,,,,,,,"+2.160",2160,"+0.030",30,
339,1980,11,23,23,"23","4","derek-daly","tyrrell","ford","goodyear","1:19.680",79680,,,,,,,"+2.240",2240,"+0.080",80,
339,1980,11,24,24,"24","41","geoff-lees","ensign","ford","goodyear","1:19.720",79720,,,,,,,"+2.280",2280,"+0.040",40,
339,1980,11,25,25,"25","50","rupert-keegan","williams","ford","goodyear","1:19.960",79960,,,,,,,"+2.520",2520,"+0.240",240,
339,1980,11,26,26,"26","14","jan-lammers","ensign","ford","goodyear","1:20.110",80110,,,,,,,"+2.670",2670,"+0.150",150,
339,1980,11,27,27,"27","30","mike-thackwell","arrows","ford","goodyear","1:20.220",80220,,,,,,,"+2.780",2780,"+0.110",110,
339,1980,11,28,28,"28","21","keke-rosberg","fittipaldi","ford","goodyear","1:20.530",80530,,,,,,,"+3.090",3090,"+0.310",310,
340,1980,12,1,1,"1","16","rene-arnoux","renault","renault","michelin","1:33.988",93988,,,,,,,,,,,
340,1980,12,2,2,"2","15","jean-pierre-jabouille","renault","renault","michelin","1:34.339",94339,,,,,,,"+0.351",351,"+0.351",351,
340,1980,12,3,3,"3","28","carlos-reutemann","williams","ford","goodyear","1:34.686",94686,,,,,,,"+0.698",698,"+0.347",347,
340,1980,12,4,4,"4","23","bruno-giacomelli","alfa-romeo","alfa-romeo","goodyear","1:34.912",94912,,,,,,,"+0.924",924,"+0.226",226,
340,1980,12,5,5,"5","5","nelson-piquet","brabham","ford","goodyear","1:34.960",94960,,,,,,,"+0.972",972,"+0.048",48,
340,1980,12,6,6,"6","27","alan-jones","williams","ford","goodyear","1:35.109",95109,,,,,,,"+1.121",1121,"+0.149",149,
340,1980,12,7,7,"7","29","riccardo-patrese","arrows","ford","goodyear","1:35.618",95618,,,,,,,"+1.630",1630,"+0.509",509,
340,1980,12,8,8,"8","2","gilles-villeneuve","ferrari","ferrari","michelin","1:35.751",95751,,,,,,,"+1.763",1763,"+0.133",133,
340,1980,12,9,9,"9","6","hector-rebaque","brabham","ford","goodyear","1:35.872",95872,,,,,,,"+1.884",1884,"+0.121",121,
340,1980,12,10,10,"10","11","mario-andretti","lotus","ford","goodyear","1:36.084",96084,,,,,,,"+2.096",2096,"+0.212",212,
340,1980,12,11,11,"11","21","keke-rosberg","fittipaldi","ford","goodyear","1:36.091",96091,,,,,,,"+2.103",2103,"+0.007",7,
340,1980,12,12,12,"12","3","jean-pierre-jarier","tyrrell","ford","goodyear","1:36.181",96181,,,,,,,"+2.193",2193,"+0.090",90,
340,1980,12,13,13,"13","25","didier-pironi","ligier","ford","goodyear","1:36.422",96422,,,,,,,"+2.434",2434,"+0.241",241,
340,1980,12,14,14,"14","7","john-watson","mclaren","ford","goodyear","1:36.450",96450,,,,,,,"+2.462",2462,"+0.028",28,
340,1980,12,15,15,"15","20","emerson-fittipaldi","fittipaldi","ford","goodyear","1:36.758",96758,,,,,,,"+2.770",2770,"+0.308",308,
340,1980,12,16,16,"16","1","jody-scheckter","ferrari","ferrari","michelin","1:36.827",96827,,,,,,,"+2.839",2839,"+0.069",69,
340,1980,12,17,17,"17","31","eddie-cheever","osella","ford","goodyear","1:36.884",96884,,,,,,,"+2.896",2896,"+0.057",57,
340,1980,12,18,18,"18","12","elio-de-angelis","lotus","ford","goodyear","1:36.919",96919,,,,,,,"+2.931",2931,"+0.035",35,
340,1980,12,19,19,"19","22","vittorio-brambilla","alfa-romeo","alfa-romeo","goodyear","1:36.929",96929,,,,,,,"+2.941",2941,"+0.010",10,
340,1980,12,20,20,"20","26","jacques-laffite","ligier","ford","goodyear","1:36.972",96972,,,,,,,"+2.984",2984,"+0.043",43,
340,1980,12,21,21,"21","50","rupert-keegan","williams","ford","goodyear","1:37.169",97169,,,,,,,"+3.181",3181,"+0.197",197,
340,1980,12,22,22,"22","4","derek-daly","tyrrell","ford","goodyear","1:37.215",97215,,,,,,,"+3.227",3227,"+0.046",46,
340,1980,12,23,23,"23","9","marc-surer","ats-wheels","ford","goodyear","1:37.270",97270,,,,,,,"+3.282",3282,"+0.055",55,
340,1980,12,24,24,"24","8","alain-prost","mclaren","ford","goodyear","1:37.284",97284,,,,,,,"+3.296",3296,"+0.014",14,
340,1980,12,25,25,"25","43","nigel-mansell","lotus","ford","goodyear","1:37.661",97661,,,,,,,"+3.673",3673,"+0.377",377,
340,1980,12,26,26,"26","30","manfred-winkelhock","arrows","ford","goodyear","1:38.212",98212,,,,,,,"+4.224",4224,"+0.551",551,
340,1980,12,27,27,"27","14","jan-lammers","ensign","ford","goodyear","1:38.215",98215,,,,,,,"+4.227",4227,"+0.003",3,
340,1980,12,28,28,"28","41","geoff-lees","ensign","ford","goodyear","1:38.451",98451,,,,,,,"+4.463",4463,"+0.236",236,
341,1980,13,1,1,"1","5","nelson-piquet","brabham","ford","goodyear","1:27.328",87328,,,,,,,,,,,
341,1980,13,2,2,"2","27","alan-jones","williams","ford","goodyear","1:28.164",88164,,,,,,,"+0.836",836,"+0.836",836,
341,1980,13,3,3,"3","25","didier-pironi","ligier","ford","goodyear","1:28.322",88322,,,,,,,"+0.994",994,"+0.158",158,
341,1980,13,4,4,"4","23","bruno-giacomelli","alfa-romeo","alfa-romeo","goodyear","1:28.575",88575,,,,,,,"+1.247",1247,"+0.253",253,
341,1980,13,5,5,"5","28","carlos-reutemann","williams","ford","goodyear","1:28.663",88663,,,,,,,"+1.335",1335,"+0.088",88,
341,1980,13,6,6,"6","21","keke-rosberg","fittipaldi","ford","goodyear","1:28.702",88702,,,,,,,"+1.374",1374,"+0.039",39,
341,1980,13,7,7,"7","7","john-watson","mclaren","ford","goodyear","1:28.755",88755,,,,,,,"+1.427",1427,"+0.053",53,
341,1980,13,8,8,"8","22","andrea-de-cesaris","alfa-romeo","alfa-romeo","goodyear","1:29.026",89026,,,,,,,"+1.698",1698,"+0.271",271,
341,1980,13,9,9,"9","26","jacques-laffite","ligier","ford","goodyear","1:29.130",89130,,,,,,,"+1.802",1802,"+0.104",104,
341,1980,13,10,10,"10","6","hector-rebaque","brabham","ford","goodyear","1:29.377",89377,,,,,,,"+2.049",2049,"+0.247",247,
341,1980,13,11,11,"11","29","riccardo-patrese","arrows","ford","goodyear","1:29.400",89400,,,,,,,"+2.072",2072,"+0.023",23,
341,1980,13,12,12,"12","8","alain-prost","mclaren","ford","goodyear","1:29.804",89804,,,,,,,"+2.476",2476,"+0.404",404,
341,1980,13,13,13,"13","15","jean-pierre-jabouille","renault","renault","michelin","1:29.932",89932,,,,,,,"+2.604",2604,"+0.128",128,
341,1980,13,14,14,"14","31","eddie-cheever","osella","ford","goodyear","1:29.937",89937,,,,,,,"+2.609",2609,"+0.005",5,
341,1980,13,15,15,"15","3","jean-pierre-jarier","tyrrell","ford","goodyear","1:30.070",90070,,,,,,,"+2.742",2742,"+0.133",133,
341,1980,13,16,16,"16","20","emerson-fittipaldi","fittipaldi","ford","goodyear","1:30.294",90294,,,,,,,"+2.966",2966,"+0.224",224,
341,1980,13,17,17,"17","12","elio-de-angelis","lotus","ford","goodyear","1:30.316",90316,,,,,,,"+2.988",2988,"+0.022",22,
341,1980,13,18,18,"18","11","mario-andretti","lotus","ford","goodyear","1:30.559",90559,,,,,,,"+3.231",3231,"+0.243",243,
341,1980,13,19,19,"19","14","jan-lammers","ensign","ford","goodyear","1:30.668",90668,,,,,,,"+3.340",3340,"+0.109",109,
341,1980,13,20,20,"20","4","derek-daly","tyrrell","ford","goodyear","1:30.791",90791,,,,,,,"+3.463",3463,"+0.123",123,
341,1980,13,21,21,"21","30","jochen-mass","arrows","ford","goodyear","1:30.831",90831,,,,,,,"+3.503",3503,"+0.040",40,
341,1980,13,22,22,"22","2","gilles-villeneuve","ferrari","ferrari","michelin","1:30.855",90855,,,,,,,"+3.527",3527,"+0.024",24,
341,1980,13,23,23,"23","16","rene-arnoux","renault","renault","michelin","1:30.912",90912,,,,,,,"+3.584",3584,"+0.057",57,
341,1980,13,24,24,"24","43","mike-thackwell","tyrrell","ford","goodyear","1:31.036",91036,,,,,,,"+3.708",3708,"+0.124",124,
341,1980,13,25,25,"25","9","marc-surer","ats-wheels","ford","goodyear","1:31.169",91169,,,,,,,"+3.841",3841,"+0.133",133,
341,1980,13,26,26,"26","1","jody-scheckter","ferrari","ferrari","michelin","1:31.688",91688,,,,,,,"+4.360",4360,"+0.519",519,
341,1980,13,27,27,"27","50","rupert-keegan","williams","ford","goodyear","1:32.638",92638,,,,,,,"+5.310",5310,"+0.950",950,
341,1980,13,28,28,"28","51","kevin-cogan","williams","ford","goodyear","1:32.745",92745,,,,,,,"+5.417",5417,"+0.107",107,
342,1980,14,1,1,"1","23","bruno-giacomelli","alfa-romeo","alfa-romeo","goodyear","1:33.291",93291,,,,,,,,,,,
342,1980,14,2,2,"2","5","nelson-piquet","brabham","ford","goodyear","1:34.080",94080,,,,,,,"+0.789",789,"+0.789",789,
342,1980,14,3,3,"3","28","carlos-reutemann","williams","ford","goodyear","1:34.111",94111,,,,,,,"+0.820",820,"+0.031",31,
342,1980,14,4,4,"4","12","elio-de-angelis","lotus","ford","goodyear","1:34.185",94185,,,,,,,"+0.894",894,"+0.074",74,
342,1980,14,5,5,"5","27","alan-jones","williams","ford","goodyear","1:34.216",94216,,,,,,,"+0.925",925,"+0.031",31,
342,1980,14,6,6,"6","16","rene-arnoux","renault","renault","michelin","1:34.839",94839,,,,,,,"+1.548",1548,"+0.623",623,
342,1980,14,7,7,"7","25","didier-pironi","ligier","ford","goodyear","1:34.971",94971,,,,,,,"+1.680",1680,"+0.132",132,
342,1980,14,8,8,"8","6","hector-rebaque","brabham","ford","goodyear","1:35.166",95166,,,,,,,"+1.875",1875,"+0.195",195,
342,1980,14,9,9,"9","7","john-watson","mclaren","ford","goodyear","1:35.202",95202,,,,,,,"+1.911",1911,"+0.036",36,
342,1980,14,10,10,"10","22","andrea-de-cesaris","alfa-romeo","alfa-romeo","goodyear","1:35.235",95235,,,,,,,"+1.944",1944,"+0.033",33,
342,1980,14,11,11,"11","11","mario-andretti","lotus","ford","goodyear","1:35.343",95343,,,,,,,"+2.052",2052,"+0.108",108,
342,1980,14,12,12,"12","26","jacques-laffite","ligier","ford","goodyear","1:35.421",95421,,,,,,,"+2.130",2130,"+0.078",78,
342,1980,14,13,13,"13","8","alain-prost","mclaren","ford","goodyear","1:35.988",95988,,,,,,,"+2.697",2697,"+0.567",567,
342,1980,14,14,14,"14","21","keke-rosberg","fittipaldi","ford","goodyear","1:36.332",96332,,,,,,,"+3.041",3041,"+0.344",344,
342,1980,14,15,15,"15","50","rupert-keegan","williams","ford","goodyear","1:36.750",96750,,,,,,,"+3.459",3459,"+0.418",418,
342,1980,14,16,16,"16","31","eddie-cheever","osella","ford","goodyear","1:36.903",96903,,,,,,,"+3.612",3612,"+0.153",153,
342,1980,14,17,17,"17","9","marc-surer","ats-wheels","ford","goodyear","1:37.001",97001,,,,,,,"+3.710",3710,"+0.098",98,
342,1980,14,18,18,"18","2","gilles-villeneuve","ferrari","ferrari","michelin","1:37.040",97040,,,,,,,"+3.749",3749,"+0.039",39,
342,1980,14,19,19,"19","20","emerson-fittipaldi","fittipaldi","ford","goodyear","1:37.088",97088,,,,,,,"+3.797",3797,"+0.048",48,
342,1980,14,20,20,"20","29","riccardo-patrese","arrows","ford","goodyear","1:37.405",97405,,,,,,,"+4.114",4114,"+0.317",317,
342,1980,14,21,21,"21","4","derek-daly","tyrrell","ford","goodyear","1:37.923",97923,,,,,,,"+4.632",4632,"+0.518",518,
342,1980,14,22,22,"22","3","jean-pierre-jarier","tyrrell","ford","goodyear","1:37.966",97966,,,,,,,"+4.675",4675,"+0.043",43,
342,1980,14,23,23,"23","1","jody-scheckter","ferrari","ferrari","michelin","1:38.149",98149,,,,,,,"+4.858",4858,"+0.183",183,
342,1980,14,24,24,"24","30","jochen-mass","arrows","ford","goodyear","1:38.526",98526,,,,,,,"+5.235",5235,"+0.377",377,
342,1980,14,25,25,"25","14","jan-lammers","ensign","ford","goodyear","1:38.532",98532,,,,,,,"+5.241",5241,"+0.006",6,
342,1980,14,26,26,"26","43","mike-thackwell","tyrrell","ford","goodyear","1:51.102",111102,,,,,,,"+17.811",17811,"+12.570",12570,
342,1980,14,27,27,"27","51","geoff-lees","williams","ford","goodyear",,,,,,,,,,,,,
343,1981,1,1,1,"1","29","riccardo-patrese","arrows","ford","michelin","1:19.399",79399,,,,,,,,,,,
343,1981,1,2,2,"2","1","alan-jones","williams","ford","michelin","1:19.408",79408,,,,,,,"+0.009",9,"+0.009",9,
343,1981,1,3,3,"3","2","carlos-reutemann","williams","ford","michelin","1:20.149",80149,,,,,,,"+0.750",750,"+0.741",741,
343,1981,1,4,4,"4","5","nelson-piquet","brabham","ford","michelin","1:20.289",80289,,,,,,,"+0.890",890,"+0.140",140,
343,1981,1,5,5,"5","27","gilles-villeneuve","ferrari","ferrari","michelin","1:20.462",80462,,,,,,,"+1.063",1063,"+0.173",173,
343,1981,1,6,6,"6","22","mario-andretti","alfa-romeo","alfa-romeo","michelin","1:20.476",80476,,,,,,,"+1.077",1077,"+0.014",14,
343,1981,1,7,7,"7","12","nigel-mansell","lotus","ford","michelin","1:20.573",80573,,,,,,,"+1.174",1174,"+0.097",97,
343,1981,1,8,8,"8","3","eddie-cheever","tyrrell","ford","michelin","1:20.643",80643,,,,,,,"+1.244",1244,"+0.070",70,
343,1981,1,9,9,"9","23","bruno-giacomelli","alfa-romeo","alfa-romeo","michelin","1:20.664",80664,,,,,,,"+1.265",1265,"+0.021",21,
343,1981,1,10,10,"10","25","jean-pierre-jarier","ligier","matra","michelin","1:20.787",80787,,,,,,,"+1.388",1388,"+0.123",123,
343,1981,1,11,11,"11","28","didier-pironi","ferrari","ferrari","michelin","1:20.909",80909,,,,,,,"+1.510",1510,"+0.122",122,
343,1981,1,12,12,"12","26","jacques-laffite","ligier","matra","michelin","1:20.925",80925,,,,,,,"+1.526",1526,"+0.016",16,
343,1981,1,13,13,"13","11","elio-de-angelis","lotus","ford","michelin","1:20.928",80928,,,,,,,"+1.529",1529,"+0.003",3,
343,1981,1,14,14,"14","15","alain-prost","renault","renault","michelin","1:20.980",80980,,,,,,,"+1.581",1581,"+0.052",52,
343,1981,1,15,15,"15","6","hector-rebaque","brabham","ford","michelin","1:21.000",81000,,,,,,,"+1.601",1601,"+0.020",20,
343,1981,1,16,16,"16","20","keke-rosberg","fittipaldi","ford","michelin","1:21.001",81001,,,,,,,"+1.602",1602,"+0.001",1,
343,1981,1,17,17,"17","33","patrick-tambay","theodore","ford","michelin","1:21.298",81298,,,,,,,"+1.899",1899,"+0.297",297,
343,1981,1,18,18,"18","21","chico-serra","fittipaldi","ford","michelin","1:21.409",81409,,,,,,,"+2.010",2010,"+0.111",111,
343,1981,1,19,19,"19","14","marc-surer","ensign","ford","michelin","1:21.522",81522,,,,,,,"+2.123",2123,"+0.113",113,
343,1981,1,20,20,"20","16","rene-arnoux","renault","renault","michelin","1:21.540",81540,,,,,,,"+2.141",2141,"+0.018",18,
343,1981,1,21,21,"21","9","jan-lammers","ats-wheels","ford","michelin","1:21.758",81758,,,,,,,"+2.359",2359,"+0.218",218,
343,1981,1,22,22,"22","8","andrea-de-cesaris","mclaren","ford","michelin","1:22.028",82028,,,,,,,"+2.629",2629,"+0.270",270,
343,1981,1,23,23,"23","7","john-watson","mclaren","ford","michelin","1:22.183",82183,,,,,,,"+2.784",2784,"+0.155",155,
343,1981,1,24,24,"24","32","beppe-gabbiani","osella","ford","michelin","1:22.213",82213,,,,,,,"+2.814",2814,"+0.030",30,
343,1981,1,25,25,"25","4","kevin-cogan","tyrrell","ford","michelin","1:22.284",82284,,,,,,,"+2.885",2885,"+0.071",71,
343,1981,1,26,26,"26","17","derek-daly","march","ford","michelin","1:22.356",82356,,,,,,,"+2.957",2957,"+0.072",72,
343,1981,1,27,27,"27","31","miguel-angel-guerra","osella","ford","michelin","1:22.673",82673,,,,,,,"+3.274",3274,"+0.317",317,
343,1981,1,28,28,"28","30","siegfried-stohr","arrows","ford","michelin","1:23.504",83504,,,,,,,"+4.105",4105,"+0.831",831,
343,1981,1,29,29,"29","18","eliseo-salazar","march","ford","michelin","1:24.383",84383,,,,,,,"+4.984",4984,"+0.879",879,
344,1981,2,1,1,"1","5","nelson-piquet","brabham","ford","michelin","1:35.079",95079,,,,,,,,,,,
344,1981,2,2,2,"2","2","carlos-reutemann","williams","ford","michelin","1:35.390",95390,,,,,,,"+0.311",311,"+0.311",311,
344,1981,2,3,3,"3","1","alan-jones","williams","ford","michelin","1:36.337",96337,,,,,,,"+1.258",1258,"+0.947",947,
344,1981,2,4,4,"4","29","riccardo-patrese","arrows","ford","michelin","1:36.667",96667,,,,,,,"+1.588",1588,"+0.330",330,
344,1981,2,5,5,"5","15","alain-prost","renault","renault","michelin","1:36.670",96670,,,,,,,"+1.591",1591,"+0.003",3,
344,1981,2,6,6,"6","23","bruno-giacomelli","alfa-romeo","alfa-romeo","michelin","1:37.283",97283,,,,,,,"+2.204",2204,"+0.613",613,
344,1981,2,7,7,"7","27","gilles-villeneuve","ferrari","ferrari","michelin","1:37.497",97497,,,,,,,"+2.418",2418,"+0.214",214,
344,1981,2,8,8,"8","16","rene-arnoux","renault","renault","michelin","1:37.561",97561,,,,,,,"+2.482",2482,"+0.064",64,
344,1981,2,9,9,"9","22","mario-andretti","alfa-romeo","alfa-romeo","michelin","1:37.597",97597,,,,,,,"+2.518",2518,"+0.036",36,
344,1981,2,10,10,"10","11","elio-de-angelis","lotus","ford","michelin","1:37.734",97734,,,,,,,"+2.655",2655,"+0.137",137,
344,1981,2,11,11,"11","6","hector-rebaque","brabham","ford","michelin","1:37.777",97777,,,,,,,"+2.698",2698,"+0.043",43,
344,1981,2,12,12,"12","20","keke-rosberg","fittipaldi","ford","michelin","1:37.981",97981,,,,,,,"+2.902",2902,"+0.204",204,
344,1981,2,13,13,"13","12","nigel-mansell","lotus","ford","michelin","1:38.003",98003,,,,,,,"+2.924",2924,"+0.022",22,
344,1981,2,14,14,"14","3","eddie-cheever","tyrrell","ford","michelin","1:38.160",98160,,,,,,,"+3.081",3081,"+0.157",157,
344,1981,2,15,15,"15","7","john-watson","mclaren","ford","michelin","1:38.263",98263,,,,,,,"+3.184",3184,"+0.103",103,
344,1981,2,16,16,"16","26","jacques-laffite","ligier","matra","michelin","1:38.273",98273,,,,,,,"+3.194",3194,"+0.010",10,
344,1981,2,17,17,"17","28","didier-pironi","ferrari","ferrari","michelin","1:38.565",98565,,,,,,,"+3.486",3486,"+0.292",292,
344,1981,2,18,18,"18","14","marc-surer","ensign","ford","michelin","1:38.570",98570,,,,,,,"+3.491",3491,"+0.005",5,
344,1981,2,19,19,"19","33","patrick-tambay","theodore","ford","michelin","1:38.726",98726,,,,,,,"+3.647",3647,"+0.156",156,
344,1981,2,20,20,"20","8","andrea-de-cesaris","mclaren","ford","michelin","1:38.780",98780,,,,,,,"+3.701",3701,"+0.054",54,
344,1981,2,21,21,"21","30","siegfried-stohr","arrows","ford","michelin","1:39.190",99190,,,,,,,"+4.111",4111,"+0.410",410,
344,1981,2,22,22,"22","21","chico-serra","fittipaldi","ford","michelin","1:39.326",99326,,,,,,,"+4.247",4247,"+0.136",136,
344,1981,2,23,23,"23","25","jean-pierre-jarier","ligier","matra","michelin","1:39.398",99398,,,,,,,"+4.319",4319,"+0.072",72,
344,1981,2,24,24,"24","4","ricardo-zunino","tyrrell","ford","michelin","1:39.798",99798,,,,,,,"+4.719",4719,"+0.400",400,
344,1981,2,25,25,"25","9","jan-lammers","ats-wheels","ford","michelin","1:39.844",99844,,,,,,,"+4.765",4765,"+0.046",46,
344,1981,2,26,26,"26","25","jean-pierre-jabouille","ligier","matra","michelin","1:40.306",100306,,,,,,,"+5.227",5227,"+0.462",462,
344,1981,2,27,27,"27","32","beppe-gabbiani","osella","ford","michelin","1:40.709",100709,,,,,,,"+5.630",5630,"+0.403",403,
344,1981,2,28,28,"28","31","miguel-angel-guerra","osella","ford","michelin","1:40.984",100984,,,,,,,"+5.905",5905,"+0.275",275,
344,1981,2,29,29,"29","18","eliseo-salazar","march","ford","michelin","1:43.267",103267,,,,,,,"+8.188",8188,"+2.283",2283,
344,1981,2,30,30,"30","17","derek-daly","march","ford","michelin",,,,,,,,,,,,,
345,1981,3,1,1,"1","5","nelson-piquet","brabham","ford","michelin","1:42.665",102665,,,,,,,,,,,
345,1981,3,2,2,"2","15","alain-prost","renault","renault","michelin","1:42.981",102981,,,,,,,"+0.316",316,"+0.316",316,
345,1981,3,3,3,"3","1","alan-jones","williams","ford","michelin","1:43.638",103638,,,,,,,"+0.973",973,"+0.657",657,
345,1981,3,4,4,"4","2","carlos-reutemann","williams","ford","michelin","1:43.935",103935,,,,,,,"+1.270",1270,"+0.297",297,
345,1981,3,5,5,"5","16","rene-arnoux","renault","renault","michelin","1:43.997",103997,,,,,,,"+1.332",1332,"+0.062",62,
345,1981,3,6,6,"6","6","hector-rebaque","brabham","ford","michelin","1:44.100",104100,,,,,,,"+1.435",1435,"+0.103",103,
345,1981,3,7,7,"7","27","gilles-villeneuve","ferrari","ferrari","michelin","1:44.132",104132,,,,,,,"+1.467",1467,"+0.032",32,
345,1981,3,8,8,"8","20","keke-rosberg","fittipaldi","ford","michelin","1:44.191",104191,,,,,,,"+1.526",1526,"+0.059",59,
345,1981,3,9,9,"9","29","riccardo-patrese","arrows","ford","michelin","1:45.008",105008,,,,,,,"+2.343",2343,"+0.817",817,
345,1981,3,10,10,"10","11","elio-de-angelis","lotus","ford","michelin","1:45.065",105065,,,,,,,"+2.400",2400,"+0.057",57,
345,1981,3,11,11,"11","7","john-watson","mclaren","ford","michelin","1:45.073",105073,,,,,,,"+2.408",2408,"+0.008",8,
345,1981,3,12,12,"12","28","didier-pironi","ferrari","ferrari","michelin","1:45.108",105108,,,,,,,"+2.443",2443,"+0.035",35,
345,1981,3,13,13,"13","3","eddie-cheever","tyrrell","ford","michelin","1:45.117",105117,,,,,,,"+2.452",2452,"+0.009",9,
345,1981,3,14,14,"14","33","patrick-tambay","theodore","ford","michelin","1:45.297",105297,,,,,,,"+2.632",2632,"+0.180",180,
345,1981,3,15,15,"15","12","nigel-mansell","lotus","ford","michelin","1:45.369",105369,,,,,,,"+2.704",2704,"+0.072",72,
345,1981,3,16,16,"16","14","marc-surer","ensign","ford","michelin","1:45.734",105734,,,,,,,"+3.069",3069,"+0.365",365,
345,1981,3,17,17,"17","22","mario-andretti","alfa-romeo","alfa-romeo","michelin","1:46.059",106059,,,,,,,"+3.394",3394,"+0.325",325,
345,1981,3,18,18,"18","8","andrea-de-cesaris","mclaren","ford","michelin","1:46.387",106387,,,,,,,"+3.722",3722,"+0.328",328,
345,1981,3,19,19,"19","30","siegfried-stohr","arrows","ford","michelin","1:46.444",106444,,,,,,,"+3.779",3779,"+0.057",57,
345,1981,3,20,20,"20","21","chico-serra","fittipaldi","ford","michelin","1:46.706",106706,,,,,,,"+4.041",4041,"+0.262",262,
345,1981,3,21,21,"21","26","jacques-laffite","ligier","matra","michelin","1:46.854",106854,,,,,,,"+4.189",4189,"+0.148",148,
345,1981,3,22,22,"22","23","bruno-giacomelli","alfa-romeo","alfa-romeo","michelin","1:46.918",106918,,,,,,,"+4.253",4253,"+0.064",64,
345,1981,3,23,23,"23","9","jan-lammers","ats-wheels","ford","michelin","1:47.174",107174,,,,,,,"+4.509",4509,"+0.256",256,
345,1981,3,24,24,"24","4","ricardo-zunino","tyrrell","ford","michelin","1:47.464",107464,,,,,,,"+4.799",4799,"+0.290",290,
345,1981,3,25,25,"25","31","miguel-angel-guerra","osella","ford","michelin","1:47.609",107609,,,,,,,"+4.944",4944,"+0.145",145,
345,1981,3,26,26,"26","32","beppe-gabbiani","osella","ford","michelin","1:48.121",108121,,,,,,,"+5.456",5456,"+0.512",512,
345,1981,3,27,27,"27","17","derek-daly","march","ford","michelin","1:48.191",108191,,,,,,,"+5.526",5526,"+0.070",70,
345,1981,3,28,28,"28","25","jean-pierre-jabouille","ligier","matra","michelin","1:49.581",109581,,,,,,,"+6.916",6916,"+1.390",1390,
345,1981,3,29,29,"29","18","eliseo-salazar","march","ford","michelin","1:51.086",111086,,,,,,,"+8.421",8421,"+1.505",1505,
346,1981,4,1,1,"1","27","gilles-villeneuve","ferrari","ferrari","michelin","1:34.523",94523,,,,,,,,,,,
346,1981,4,2,2,"2","2","carlos-reutemann","williams","ford","michelin","1:35.229",95229,,,,,,,"+0.706",706,"+0.706",706,
346,1981,4,3,3,"3","16","rene-arnoux","renault","renault","michelin","1:35.281",95281,,,,,,,"+0.758",758,"+0.052",52,
346,1981,4,4,4,"4","15","alain-prost","renault","renault","michelin","1:35.579",95579,,,,,,,"+1.056",1056,"+0.298",298,
346,1981,4,5,5,"5","5","nelson-piquet","brabham","ford","michelin","1:35.733",95733,,,,,,,"+1.210",1210,"+0.154",154,
346,1981,4,6,6,"6","28","didier-pironi","ferrari","ferrari","michelin","1:35.868",95868,,,,,,,"+1.345",1345,"+0.135",135,
346,1981,4,7,7,"7","7","john-watson","mclaren","ford","michelin","1:36.241",96241,,,,,,,"+1.718",1718,"+0.373",373,
346,1981,4,8,8,"8","1","alan-jones","williams","ford","michelin","1:36.280",96280,,,,,,,"+1.757",1757,"+0.039",39,
346,1981,4,9,9,"9","29","riccardo-patrese","arrows","ford","michelin","1:36.390",96390,,,,,,,"+1.867",1867,"+0.110",110,
346,1981,4,10,10,"10","26","jacques-laffite","ligier","matra","michelin","1:36.477",96477,,,,,,,"+1.954",1954,"+0.087",87,
346,1981,4,11,11,"11","23","bruno-giacomelli","alfa-romeo","alfa-romeo","michelin","1:36.776",96776,,,,,,,"+2.253",2253,"+0.299",299,
346,1981,4,12,12,"12","22","mario-andretti","alfa-romeo","alfa-romeo","michelin","1:36.919",96919,,,,,,,"+2.396",2396,"+0.143",143,
346,1981,4,13,13,"13","6","hector-rebaque","brabham","ford","michelin","1:37.264",97264,,,,,,,"+2.741",2741,"+0.345",345,
346,1981,4,14,14,"14","8","andrea-de-cesaris","mclaren","ford","michelin","1:37.382",97382,,,,,,,"+2.859",2859,"+0.118",118,
346,1981,4,15,15,"15","20","keke-rosberg","fittipaldi","ford","avon","1:37.459",97459,,,,,,,"+2.936",2936,"+0.077",77,
346,1981,4,16,16,"16","33","patrick-tambay","theodore","ford","michelin","1:37.545",97545,,,,,,,"+3.022",3022,"+0.086",86,
346,1981,4,17,17,"17","4","michele-alboreto","tyrrell","ford","michelin","1:37.771",97771,,,,,,,"+3.248",3248,"+0.226",226,
346,1981,4,18,18,"18","25","jean-pierre-jabouille","ligier","matra","michelin","1:38.140",98140,,,,,,,"+3.617",3617,"+0.369",369,
346,1981,4,19,19,"19","3","eddie-cheever","tyrrell","ford","michelin","1:38.266",98266,,,,,,,"+3.743",3743,"+0.126",126,
346,1981,4,20,20,"20","32","beppe-gabbiani","osella","ford","michelin","1:38.302",98302,,,,,,,"+3.779",3779,"+0.036",36,
346,1981,4,21,21,"21","14","marc-surer","ensign","ford","michelin","1:38.340",98340,,,,,,,"+3.817",3817,"+0.038",38,
346,1981,4,22,22,"22","31","miguel-angel-guerra","osella","ford","michelin","1:38.773",98773,,,,,,,"+4.250",4250,"+0.433",433,
346,1981,4,23,23,"23","17","eliseo-salazar","march","ford","michelin","1:38.827",98827,,,,,,,"+4.304",4304,"+0.054",54,
346,1981,4,24,24,"24","10","slim-borgudd","ats-wheels","ford","michelin","1:39.079",99079,,,,,,,"+4.556",4556,"+0.252",252,
346,1981,4,25,25,"25","30","siegfried-stohr","arrows","ford","michelin","1:39.112",99112,,,,,,,"+4.589",4589,"+0.033",33,
346,1981,4,26,26,"26","18","derek-daly","march","ford","michelin","1:39.157",99157,,,,,,,"+4.634",4634,"+0.045",45,
346,1981,4,27,27,"27","9","jan-lammers","ats-wheels","ford","michelin","1:39.419",99419,,,,,,,"+4.896",4896,"+0.262",262,
346,1981,4,28,28,"28","21","chico-serra","fittipaldi","ford","avon","1:41.114",101114,,,,,,,"+6.591",6591,"+1.695",1695,
346,1981,4,29,29,"29","36","derek-warwick","toleman","hart","pirelli","1:43.187",103187,,,,,,,"+8.664",8664,"+2.073",2073,
346,1981,4,30,30,"30","35","brian-henton","toleman","hart","pirelli","1:49.951",109951,,,,,,,"+15.428",15428,"+6.764",6764,
347,1981,5,1,1,"1","2","carlos-reutemann","williams","ford","michelin","1:22.280",82280,,,,,,,,,,,
347,1981,5,2,2,"2","5","nelson-piquet","brabham","ford","michelin","1:23.130",83130,,,,,,,"+0.850",850,"+0.850",850,
347,1981,5,3,3,"3","28","didier-pironi","ferrari","ferrari","michelin","1:23.470",83470,,,,,,,"+1.190",1190,"+0.340",340,
347,1981,5,4,4,"4","29","riccardo-patrese","arrows","ford","michelin","1:23.670",83670,,,,,,,"+1.390",1390,"+0.200",200,
347,1981,5,5,5,"5","7","john-watson","mclaren","ford","michelin","1:23.730",83730,,,,,,,"+1.450",1450,"+0.060",60,
347,1981,5,6,6,"6","1","alan-jones","williams","ford","michelin","1:23.820",83820,,,,,,,"+1.540",1540,"+0.090",90,
347,1981,5,7,7,"7","27","gilles-villeneuve","ferrari","ferrari","michelin","1:23.940",83940,,,,,,,"+1.660",1660,"+0.120",120,
347,1981,5,8,8,"8","3","eddie-cheever","tyrrell","ford","michelin","1:24.380",84380,,,,,,,"+2.100",2100,"+0.440",440,
347,1981,5,9,9,"9","26","jacques-laffite","ligier","matra","michelin","1:24.410",84410,,,,,,,"+2.130",2130,"+0.030",30,
347,1981,5,10,10,"10","12","nigel-mansell","lotus","ford","michelin","1:24.440",84440,,,,,,,"+2.160",2160,"+0.030",30,
347,1981,5,11,11,"11","20","keke-rosberg","fittipaldi","ford","avon","1:24.460",84460,,,,,,,"+2.180",2180,"+0.020",20,
347,1981,5,12,12,"12","15","alain-prost","renault","renault","michelin","1:24.630",84630,,,,,,,"+2.350",2350,"+0.170",170,
347,1981,5,13,13,"13","30","siegfried-stohr","arrows","ford","michelin","1:24.660",84660,,,,,,,"+2.380",2380,"+0.030",30,
347,1981,5,14,14,"14","11","elio-de-angelis","lotus","ford","michelin","1:24.960",84960,,,,,,,"+2.680",2680,"+0.300",300,
347,1981,5,15,15,"15","14","marc-surer","ensign","ford","michelin","1:25.190",85190,,,,,,,"+2.910",2910,"+0.230",230,
347,1981,5,16,16,"16","25","jean-pierre-jabouille","ligier","matra","michelin","1:25.280",85280,,,,,,,"+3.000",3000,"+0.090",90,
347,1981,5,17,17,"17","23","bruno-giacomelli","alfa-romeo","alfa-romeo","michelin","1:25.310",85310,,,,,,,"+3.030",3030,"+0.030",30,
347,1981,5,18,18,"18","22","mario-andretti","alfa-romeo","alfa-romeo","michelin","1:25.560",85560,,,,,,,"+3.280",3280,"+0.250",250,
347,1981,5,19,19,"19","4","michele-alboreto","tyrrell","ford","michelin","1:25.910",85910,,,,,,,"+3.630",3630,"+0.350",350,
347,1981,5,20,20,"20","21","chico-serra","fittipaldi","ford","avon","1:25.930",85930,,,,,,,"+3.650",3650,"+0.020",20,
347,1981,5,21,21,"21","6","hector-rebaque","brabham","ford","michelin","1:26.520",86520,,,,,,,"+4.240",4240,"+0.590",590,
347,1981,5,22,22,"22","32","beppe-gabbiani","osella","ford","michelin","1:26.690",86690,,,,,,,"+4.410",4410,"+0.170",170,
347,1981,5,23,23,"23","8","andrea-de-cesaris","mclaren","ford","michelin","1:26.950",86950,,,,,,,"+4.670",4670,"+0.260",260,
347,1981,5,24,24,"24","31","piercarlo-ghinzani","osella","ford","michelin","1:27.480",87480,,,,,,,"+5.200",5200,"+0.530",530,
347,1981,5,25,25,"25","16","rene-arnoux","renault","renault","michelin","1:27.930",87930,,,,,,,"+5.650",5650,"+0.450",450,
347,1981,5,26,26,"26","17","eliseo-salazar","march","ford","michelin","1:28.380",88380,,,,,,,"+6.100",6100,"+0.450",450,
347,1981,5,27,27,"27","9","slim-borgudd","ats-wheels","ford","michelin","1:28.980",88980,,,,,,,"+6.700",6700,"+0.600",600,
347,1981,5,28,28,"28","33","patrick-tambay","theodore","ford","michelin","1:32.470",92470,,,,,,,"+10.190",10190,"+3.490",3490,
347,1981,5,29,29,"29","36","derek-warwick","toleman","hart","pirelli","1:35.970",95970,,,,,,,"+13.690",13690,"+3.500",3500,
347,1981,5,30,30,"30","35","brian-henton","toleman","hart","pirelli","1:36.370",96370,,,,,,,"+14.090",14090,"+0.400",400,
347,1981,5,31,31,"31","18","derek-daly","march","ford","michelin",,,,,,,,,,,,,
348,1981,6,1,1,"1","5","nelson-piquet","brabham","ford","michelin","1:25.710",85710,,,,,,,,,,,
348,1981,6,2,2,"2","27","gilles-villeneuve","ferrari","ferrari","michelin","1:25.788",85788,,,,,,,"+0.078",78,"+0.078",78,
348,1981,6,3,3,"3","12","nigel-mansell","lotus","ford","michelin","1:25.815",85815,,,,,,,"+0.105",105,"+0.027",27,
348,1981,6,4,4,"4","2","carlos-reutemann","williams","ford","michelin","1:26.010",86010,,,,,,,"+0.300",300,"+0.195",195,
348,1981,6,5,5,"5","29","riccardo-patrese","arrows","ford","michelin","1:26.040",86040,,,,,,,"+0.330",330,"+0.030",30,
348,1981,6,6,6,"6","11","elio-de-angelis","lotus","ford","michelin","1:26.259",86259,,,,,,,"+0.549",549,"+0.219",219,
348,1981,6,7,7,"7","1","alan-jones","williams","ford","michelin","1:26.538",86538,,,,,,,"+0.828",828,"+0.279",279,
348,1981,6,8,8,"8","26","jacques-laffite","ligier","matra","michelin","1:26.704",86704,,,,,,,"+0.994",994,"+0.166",166,
348,1981,6,9,9,"9","15","alain-prost","renault","renault","michelin","1:26.953",86953,,,,,,,"+1.243",1243,"+0.249",249,
348,1981,6,10,10,"10","7","john-watson","mclaren","ford","michelin","1:27.058",87058,,,,,,,"+1.348",1348,"+0.105",105,
348,1981,6,11,11,"11","8","andrea-de-cesaris","mclaren","ford","michelin","1:27.122",87122,,,,,,,"+1.412",1412,"+0.064",64,
348,1981,6,12,12,"12","22","mario-andretti","alfa-romeo","alfa-romeo","michelin","1:27.512",87512,,,,,,,"+1.802",1802,"+0.390",390,
348,1981,6,13,13,"13","16","rene-arnoux","renault","renault","michelin","1:27.513",87513,,,,,,,"+1.803",1803,"+0.001",1,
348,1981,6,14,14,"14","30","siegfried-stohr","arrows","ford","michelin","1:27.564",87564,,,,,,,"+1.854",1854,"+0.051",51,
348,1981,6,15,15,"15","3","eddie-cheever","tyrrell","ford","michelin","1:27.594",87594,,,,,,,"+1.884",1884,"+0.030",30,
348,1981,6,16,16,"16","33","patrick-tambay","theodore","ford","michelin","1:27.939",87939,,,,,,,"+2.229",2229,"+0.345",345,
348,1981,6,17,17,"17","28","didier-pironi","ferrari","ferrari","michelin","1:28.266",88266,,,,,,,"+2.556",2556,"+0.327",327,
348,1981,6,18,18,"18","23","bruno-giacomelli","alfa-romeo","alfa-romeo","michelin","1:28.323",88323,,,,,,,"+2.613",2613,"+0.057",57,
348,1981,6,19,19,"19","14","marc-surer","ensign","ford","michelin","1:28.339",88339,,,,,,,"+2.629",2629,"+0.016",16,
348,1981,6,20,20,"20","4","michele-alboreto","tyrrell","ford","michelin","1:28.358",88358,,,,,,,"+2.648",2648,"+0.019",19,
348,1981,6,21,21,"21","20","keke-rosberg","fittipaldi","ford","avon","1:28.436",88436,,,,,,,"+2.726",2726,"+0.078",78,
348,1981,6,22,22,"22","25","jean-pierre-jabouille","ligier","matra","michelin","1:28.841",88841,,,,,,,"+3.131",3131,"+0.405",405,
348,1981,6,23,23,"23","6","hector-rebaque","brabham","ford","michelin","1:29.188",89188,,,,,,,"+3.478",3478,"+0.347",347,
348,1981,6,24,24,"24","21","chico-serra","fittipaldi","ford","avon","1:29.434",89434,,,,,,,"+3.724",3724,"+0.246",246,
348,1981,6,25,25,"25","32","piercarlo-ghinzani","osella","ford","michelin","1:29.649",89649,,,,,,,"+3.939",3939,"+0.215",215,
348,1981,6,26,26,"26","31","beppe-gabbiani","osella","ford","michelin","1:29.795",89795,,,,,,,"+4.085",4085,"+0.146",146,
349,1981,7,1,1,"1","26","jacques-laffite","ligier","matra","michelin","1:13.754",73754,,,,,,,,,,,
349,1981,7,2,2,"2","1","alan-jones","williams","ford","michelin","1:14.024",74024,,,,,,,"+0.270",270,"+0.270",270,
349,1981,7,3,3,"3","2","carlos-reutemann","williams","ford","michelin","1:14.342",74342,,,,,,,"+0.588",588,"+0.318",318,
349,1981,7,4,4,"4","7","john-watson","mclaren","ford","michelin","1:14.657",74657,,,,,,,"+0.903",903,"+0.315",315,
349,1981,7,5,5,"5","15","alain-prost","renault","renault","michelin","1:14.669",74669,,,,,,,"+0.915",915,"+0.012",12,
349,1981,7,6,6,"6","23","bruno-giacomelli","alfa-romeo","alfa-romeo","michelin","1:14.897",74897,,,,,,,"+1.143",1143,"+0.228",228,
349,1981,7,7,7,"7","27","gilles-villeneuve","ferrari","ferrari","michelin","1:14.987",74987,,,,,,,"+1.233",1233,"+0.090",90,
349,1981,7,8,8,"8","22","mario-andretti","alfa-romeo","alfa-romeo","michelin","1:15.159",75159,,,,,,,"+1.405",1405,"+0.172",172,
349,1981,7,9,9,"9","5","nelson-piquet","brabham","ford","michelin","1:15.355",75355,,,,,,,"+1.601",1601,"+0.196",196,
349,1981,7,10,10,"10","11","elio-de-angelis","lotus","ford","michelin","1:15.399",75399,,,,,,,"+1.645",1645,"+0.044",44,
349,1981,7,11,11,"11","12","nigel-mansell","lotus","ford","michelin","1:15.562",75562,,,,,,,"+1.808",1808,"+0.163",163,
349,1981,7,12,12,"12","29","riccardo-patrese","arrows","ford","michelin","1:15.627",75627,,,,,,,"+1.873",1873,"+0.065",65,
349,1981,7,13,13,"13","28","didier-pironi","ferrari","ferrari","michelin","1:15.715",75715,,,,,,,"+1.961",1961,"+0.088",88,
349,1981,7,14,14,"14","8","andrea-de-cesaris","mclaren","ford","michelin","1:15.850",75850,,,,,,,"+2.096",2096,"+0.135",135,
349,1981,7,15,15,"15","20","keke-rosberg","fittipaldi","ford","michelin","1:15.924",75924,,,,,,,"+2.170",2170,"+0.074",74,
349,1981,7,16,16,"16","33","patrick-tambay","theodore","ford","michelin","1:16.355",76355,,,,,,,"+2.601",2601,"+0.431",431,
349,1981,7,17,17,"17","16","rene-arnoux","renault","renault","michelin","1:16.406",76406,,,,,,,"+2.652",2652,"+0.051",51,
349,1981,7,18,18,"18","6","hector-rebaque","brabham","ford","michelin","1:16.527",76527,,,,,,,"+2.773",2773,"+0.121",121,
349,1981,7,19,19,"19","25","jean-pierre-jabouille","ligier","matra","michelin","1:16.559",76559,,,,,,,"+2.805",2805,"+0.032",32,
349,1981,7,20,20,"20","3","eddie-cheever","tyrrell","ford","michelin","1:16.641",76641,,,,,,,"+2.887",2887,"+0.082",82,
349,1981,7,21,21,"21","21","chico-serra","fittipaldi","ford","michelin","1:16.782",76782,,,,,,,"+3.028",3028,"+0.141",141,
349,1981,7,22,22,"22","17","derek-daly","march","ford","michelin","1:16.979",76979,,,,,,,"+3.225",3225,"+0.197",197,
349,1981,7,23,23,"23","30","siegfried-stohr","arrows","ford","michelin","1:17.294",77294,,,,,,,"+3.540",3540,"+0.315",315,
349,1981,7,24,24,"24","14","eliseo-salazar","ensign","ford","michelin","1:17.822",77822,,,,,,,"+4.068",4068,"+0.528",528,
349,1981,7,25,25,"25","4","michele-alboreto","tyrrell","ford","michelin","1:17.943",77943,,,,,,,"+4.189",4189,"+0.121",121,
349,1981,7,26,26,"26","31","beppe-gabbiani","osella","ford","michelin","1:18.169",78169,,,,,,,"+4.415",4415,"+0.226",226,
349,1981,7,27,27,"27","9","slim-borgudd","ats-wheels","ford","michelin","1:18.263",78263,,,,,,,"+4.509",4509,"+0.094",94,
349,1981,7,28,28,"28","35","brian-henton","toleman","hart","pirelli","1:18.340",78340,,,,,,,"+4.586",4586,"+0.077",77,
349,1981,7,29,29,"29","36","derek-warwick","toleman","hart","pirelli","1:18.872",78872,,,,,,,"+5.118",5118,"+0.532",532,
349,1981,7,30,30,"30","32","giorgio-francia","osella","ford","michelin","1:19.586",79586,,,,,,,"+5.832",5832,"+0.714",714,
350,1981,8,1,1,"1","16","rene-arnoux","renault","renault","michelin","1:05.950",65950,,,,,,,,,,,
350,1981,8,2,2,"2","7","john-watson","mclaren","ford","michelin","1:06.360",66360,,,,,,,"+0.410",410,"+0.410",410,
350,1981,8,3,3,"3","15","alain-prost","renault","renault","michelin","1:06.360",66360,,,,,,,"+0.410",410,"+0.000",0,
350,1981,8,4,4,"4","5","nelson-piquet","brabham","ford","goodyear","1:06.910",66910,,,,,,,"+0.960",960,"+0.550",550,
350,1981,8,5,5,"5","8","andrea-de-cesaris","mclaren","ford","michelin","1:07.030",67030,,,,,,,"+1.080",1080,"+0.120",120,
350,1981,8,6,6,"6","26","jacques-laffite","ligier","matra","michelin","1:07.090",67090,,,,,,,"+1.140",1140,"+0.060",60,
350,1981,8,7,7,"7","2","carlos-reutemann","williams","ford","goodyear","1:07.420",67420,,,,,,,"+1.470",1470,"+0.330",330,
350,1981,8,8,8,"8","11","elio-de-angelis","lotus","ford","michelin","1:07.520",67520,,,,,,,"+1.570",1570,"+0.100",100,
350,1981,8,9,9,"9","1","alan-jones","williams","ford","goodyear","1:07.530",67530,,,,,,,"+1.580",1580,"+0.010",10,
350,1981,8,10,10,"10","22","mario-andretti","alfa-romeo","alfa-romeo","michelin","1:07.560",67560,,,,,,,"+1.610",1610,"+0.030",30,
350,1981,8,11,11,"11","27","gilles-villeneuve","ferrari","ferrari","michelin","1:07.600",67600,,,,,,,"+1.650",1650,"+0.040",40,
350,1981,8,12,12,"12","23","bruno-giacomelli","alfa-romeo","alfa-romeo","michelin","1:07.630",67630,,,,,,,"+1.680",1680,"+0.030",30,
350,1981,8,13,13,"13","12","nigel-mansell","lotus","ford","michelin","1:07.720",67720,,,,,,,"+1.770",1770,"+0.090",90,
350,1981,8,14,14,"14","28","didier-pironi","ferrari","ferrari","michelin","1:08.090",68090,,,,,,,"+2.140",2140,"+0.370",370,
350,1981,8,15,15,"15","6","hector-rebaque","brabham","ford","goodyear","1:08.210",68210,,,,,,,"+2.260",2260,"+0.120",120,
350,1981,8,16,16,"16","25","patrick-tambay","ligier","matra","michelin","1:08.470",68470,,,,,,,"+2.520",2520,"+0.260",260,
350,1981,8,17,17,"17","20","keke-rosberg","fittipaldi","ford","michelin","1:09.350",69350,,,,,,,"+3.400",3400,"+0.880",880,
350,1981,8,18,18,"18","29","riccardo-patrese","arrows","ford","michelin","1:09.370",69370,,,,,,,"+3.420",3420,"+0.020",20,
350,1981,8,19,19,"19","3","eddie-cheever","tyrrell","ford","michelin","1:09.880",69880,,,,,,,"+3.930",3930,"+0.510",510,
350,1981,8,20,20,"20","17","derek-daly","march","ford","avon","1:09.940",69940,,,,,,,"+3.990",3990,"+0.060",60,
350,1981,8,21,21,"21","33","marc-surer","theodore","ford","avon","1:10.210",70210,,,,,,,"+4.260",4260,"+0.270",270,
350,1981,8,22,22,"22","14","eliseo-salazar","ensign","ford","avon","1:10.500",70500,,,,,,,"+4.550",4550,"+0.290",290,
350,1981,8,23,23,"23","4","michele-alboreto","tyrrell","ford","michelin","1:10.640",70640,,,,,,,"+4.690",4690,"+0.140",140,
350,1981,8,24,24,"24","21","chico-serra","fittipaldi","ford","michelin","1:10.860",70860,,,,,,,"+4.910",4910,"+0.220",220,
350,1981,8,25,25,"25","30","siegfried-stohr","arrows","ford","michelin","1:11.240",71240,,,,,,,"+5.290",5290,"+0.380",380,
350,1981,8,26,26,"26","35","brian-henton","toleman","hart","pirelli","1:11.280",71280,,,,,,,"+5.330",5330,"+0.040",40,
350,1981,8,27,27,"27","9","slim-borgudd","ats-wheels","ford","michelin","1:12.200",72200,,,,,,,"+6.250",6250,"+0.920",920,
350,1981,8,28,28,"28","31","beppe-gabbiani","osella","ford","michelin","1:12.240",72240,,,,,,,"+6.290",6290,"+0.040",40,
350,1981,8,29,29,"29","36","derek-warwick","toleman","hart","pirelli","1:13.650",73650,,,,,,,"+7.700",7700,"+1.410",1410,
351,1981,9,1,1,"1","16","rene-arnoux","renault","renault","michelin","1:11.000",71000,,,,,,,,,,,
351,1981,9,2,2,"2","15","alain-prost","renault","renault","michelin","1:11.046",71046,,,,,,,"+0.046",46,"+0.046",46,
351,1981,9,3,3,"3","5","nelson-piquet","brabham","ford","goodyear","1:11.952",71952,,,,,,,"+0.952",952,"+0.906",906,
351,1981,9,4,4,"4","28","didier-pironi","ferrari","ferrari","michelin","1:12.644",72644,,,,,,,"+1.644",1644,"+0.692",692,
351,1981,9,5,5,"5","7","john-watson","mclaren","ford","michelin","1:12.712",72712,,,,,,,"+1.712",1712,"+0.068",68,
351,1981,9,6,6,"6","8","andrea-de-cesaris","mclaren","ford","michelin","1:12.728",72728,,,,,,,"+1.728",1728,"+0.016",16,
351,1981,9,7,7,"7","1","alan-jones","williams","ford","goodyear","1:12.998",72998,,,,,,,"+1.998",1998,"+0.270",270,
351,1981,9,8,8,"8","27","gilles-villeneuve","ferrari","ferrari","michelin","1:13.311",73311,,,,,,,"+2.311",2311,"+0.313",313,
351,1981,9,9,9,"9","2","carlos-reutemann","williams","ford","goodyear","1:13.371",73371,,,,,,,"+2.371",2371,"+0.060",60,
351,1981,9,10,10,"10","29","riccardo-patrese","arrows","ford","pirelli","1:13.762",73762,,,,,,,"+2.762",2762,"+0.391",391,
351,1981,9,11,11,"11","22","mario-andretti","alfa-romeo","alfa-romeo","michelin","1:13.928",73928,,,,,,,"+2.928",2928,"+0.166",166,
351,1981,9,12,12,"12","23","bruno-giacomelli","alfa-romeo","alfa-romeo","michelin","1:14.119",74119,,,,,,,"+3.119",3119,"+0.191",191,
351,1981,9,13,13,"13","6","hector-rebaque","brabham","ford","goodyear","1:14.542",74542,,,,,,,"+3.542",3542,"+0.423",423,
351,1981,9,14,14,"14","26","jacques-laffite","ligier","matra","michelin","1:14.798",74798,,,,,,,"+3.798",3798,"+0.256",256,
351,1981,9,15,15,"15","25","patrick-tambay","ligier","matra","michelin","1:14.976",74976,,,,,,,"+3.976",3976,"+0.178",178,
351,1981,9,16,16,"16","20","keke-rosberg","fittipaldi","ford","michelin","1:15.165",75165,,,,,,,"+4.165",4165,"+0.189",189,
351,1981,9,17,17,"17","17","derek-daly","march","ford","avon","1:15.189",75189,,,,,,,"+4.189",4189,"+0.024",24,
351,1981,9,18,18,"18","30","siegfried-stohr","arrows","ford","pirelli","1:15.304",75304,,,,,,,"+4.304",4304,"+0.115",115,
351,1981,9,19,19,"19","4","michele-alboreto","tyrrell","ford","michelin","1:15.850",75850,,,,,,,"+4.850",4850,"+0.546",546,
351,1981,9,20,20,"20","32","jean-pierre-jarier","osella","ford","michelin","1:15.898",75898,,,,,,,"+4.898",4898,"+0.048",48,
351,1981,9,21,21,"21","9","slim-borgudd","ats-wheels","ford","avon","1:15.959",75959,,,,,,,"+4.959",4959,"+0.061",61,
351,1981,9,22,22,"22","11","elio-de-angelis","lotus","ford","goodyear","1:15.971",75971,,,,,,,"+4.971",4971,"+0.012",12,
351,1981,9,23,23,"23","3","eddie-cheever","tyrrell","ford","michelin","1:16.099",76099,,,,,,,"+5.099",5099,"+0.128",128,
351,1981,9,24,24,"24","33","marc-surer","theodore","ford","avon","1:16.155",76155,,,,,,,"+5.155",5155,"+0.056",56,
351,1981,9,25,25,"25","21","chico-serra","fittipaldi","ford","michelin","1:16.360",76360,,,,,,,"+5.360",5360,"+0.205",205,
351,1981,9,26,26,"26","35","brian-henton","toleman","hart","pirelli","1:16.388",76388,,,,,,,"+5.388",5388,"+0.028",28,
351,1981,9,27,27,"27","12","nigel-mansell","lotus","ford","goodyear","1:16.432",76432,,,,,,,"+5.432",5432,"+0.044",44,
351,1981,9,28,28,"28","14","eliseo-salazar","ensign","ford","avon","1:16.694",76694,,,,,,,"+5.694",5694,"+0.262",262,
351,1981,9,29,29,"29","36","derek-warwick","toleman","hart","pirelli","1:16.891",76891,,,,,,,"+5.891",5891,"+0.197",197,
351,1981,9,30,30,"30","31","beppe-gabbiani","osella","ford","michelin","1:17.784",77784,,,,,,,"+6.784",6784,"+0.893",893,
352,1981,10,1,1,"1","15","alain-prost","renault","renault","michelin","1:47.500",107500,,,,,,,,,,,
352,1981,10,2,2,"2","16","rene-arnoux","renault","renault","michelin","1:47.960",107960,,,,,,,"+0.460",460,"+0.460",460,
352,1981,10,3,3,"3","2","carlos-reutemann","williams","ford","goodyear","1:48.430",108430,,,,,,,"+0.930",930,"+0.470",470,
352,1981,10,4,4,"4","1","alan-jones","williams","ford","goodyear","1:48.490",108490,,,,,,,"+0.990",990,"+0.060",60,
352,1981,10,5,5,"5","28","didier-pironi","ferrari","ferrari","michelin","1:49.000",109000,,,,,,,"+1.500",1500,"+0.510",510,
352,1981,10,6,6,"6","5","nelson-piquet","brabham","ford","goodyear","1:49.030",109030,,,,,,,"+1.530",1530,"+0.030",30,
352,1981,10,7,7,"7","26","jacques-laffite","ligier","matra","michelin","1:49.280",109280,,,,,,,"+1.780",1780,"+0.250",250,
352,1981,10,8,8,"8","27","gilles-villeneuve","ferrari","ferrari","michelin","1:49.440",109440,,,,,,,"+1.940",1940,"+0.160",160,
352,1981,10,9,9,"9","7","john-watson","mclaren","ford","michelin","1:49.520",109520,,,,,,,"+2.020",2020,"+0.080",80,
352,1981,10,10,10,"10","8","andrea-de-cesaris","mclaren","ford","michelin","1:49.580",109580,,,,,,,"+2.080",2080,"+0.060",60,
352,1981,10,11,11,"11","25","patrick-tambay","ligier","matra","michelin","1:50.000",110000,,,,,,,"+2.500",2500,"+0.420",420,
352,1981,10,12,12,"12","22","mario-andretti","alfa-romeo","alfa-romeo","michelin","1:50.640",110640,,,,,,,"+3.140",3140,"+0.640",640,
352,1981,10,13,13,"13","29","riccardo-patrese","arrows","ford","pirelli","1:50.650",110650,,,,,,,"+3.150",3150,"+0.010",10,
352,1981,10,14,14,"14","11","elio-de-angelis","lotus","ford","goodyear","1:50.740",110740,,,,,,,"+3.240",3240,"+0.090",90,
352,1981,10,15,15,"15","12","nigel-mansell","lotus","ford","goodyear","1:50.860",110860,,,,,,,"+3.360",3360,"+0.120",120,
352,1981,10,16,16,"16","6","hector-rebaque","brabham","ford","goodyear","1:51.170",111170,,,,,,,"+3.670",3670,"+0.310",310,
352,1981,10,17,17,"17","32","jean-pierre-jarier","osella","ford","michelin","1:52.190",112190,,,,,,,"+4.690",4690,"+1.020",1020,
352,1981,10,18,18,"18","3","eddie-cheever","tyrrell","ford","avon","1:52.190",112190,,,,,,,"+4.690",4690,"+0.000",0,
352,1981,10,19,19,"19","23","bruno-giacomelli","alfa-romeo","alfa-romeo","michelin","1:52.210",112210,,,,,,,"+4.710",4710,"+0.020",20,
352,1981,10,20,20,"20","9","slim-borgudd","ats-wheels","ford","avon","1:52.540",112540,,,,,,,"+5.040",5040,"+0.330",330,
352,1981,10,21,21,"21","17","derek-daly","march","ford","avon","1:52.650",112650,,,,,,,"+5.150",5150,"+0.110",110,
352,1981,10,22,22,"22","33","marc-surer","theodore","ford","avon","1:52.850",112850,,,,,,,"+5.350",5350,"+0.200",200,
352,1981,10,23,23,"23","14","eliseo-salazar","ensign","ford","avon","1:53.160",113160,,,,,,,"+5.660",5660,"+0.310",310,
352,1981,10,24,24,"24","30","siegfried-stohr","arrows","ford","pirelli","1:53.190",113190,,,,,,,"+5.690",5690,"+0.030",30,
352,1981,10,25,25,"25","20","keke-rosberg","fittipaldi","ford","michelin","1:53.280",113280,,,,,,,"+5.780",5780,"+0.090",90,
352,1981,10,26,26,"26","35","brian-henton","toleman","hart","pirelli","1:53.310",113310,,,,,,,"+5.810",5810,"+0.030",30,
352,1981,10,27,27,"27","31","beppe-gabbiani","osella","ford","michelin","1:53.390",113390,,,,,,,"+5.890",5890,"+0.080",80,
352,1981,10,28,28,"28","36","derek-warwick","toleman","hart","pirelli","1:53.580",113580,,,,,,,"+6.080",6080,"+0.190",190,
352,1981,10,29,29,"29","4","michele-alboreto","tyrrell","ford","avon","1:53.690",113690,,,,,,,"+6.190",6190,"+0.110",110,
352,1981,10,30,30,"30","21","chico-serra","fittipaldi","ford","michelin","1:54.890",114890,,,,,,,"+7.390",7390,"+1.200",1200,
353,1981,11,1,1,"1","16","rene-arnoux","renault","renault","michelin","1:32.018",92018,,,,,,,,,,,
353,1981,11,2,2,"2","15","alain-prost","renault","renault","michelin","1:32.321",92321,,,,,,,"+0.303",303,"+0.303",303,
353,1981,11,3,3,"3","27","gilles-villeneuve","ferrari","ferrari","michelin","1:33.334",93334,,,,,,,"+1.316",1316,"+1.013",1013,
353,1981,11,4,4,"4","26","jacques-laffite","ligier","matra","michelin","1:34.398",94398,,,,,,,"+2.380",2380,"+1.064",1064,
353,1981,11,5,5,"5","2","carlos-reutemann","williams","ford","goodyear","1:34.531",94531,,,,,,,"+2.513",2513,"+0.133",133,
353,1981,11,6,6,"6","1","alan-jones","williams","ford","goodyear","1:34.654",94654,,,,,,,"+2.636",2636,"+0.123",123,
353,1981,11,7,7,"7","5","nelson-piquet","brabham","ford","goodyear","1:34.871",94871,,,,,,,"+2.853",2853,"+0.217",217,
353,1981,11,8,8,"8","28","didier-pironi","ferrari","ferrari","michelin","1:35.037",95037,,,,,,,"+3.019",3019,"+0.166",166,
353,1981,11,9,9,"9","11","elio-de-angelis","lotus","ford","goodyear","1:35.294",95294,,,,,,,"+3.276",3276,"+0.257",257,
353,1981,11,10,10,"10","29","riccardo-patrese","arrows","ford","pirelli","1:35.442",95442,,,,,,,"+3.424",3424,"+0.148",148,
353,1981,11,11,11,"11","12","nigel-mansell","lotus","ford","goodyear","1:35.569",95569,,,,,,,"+3.551",3551,"+0.127",127,
353,1981,11,12,12,"12","7","john-watson","mclaren","ford","michelin","1:35.977",95977,,,,,,,"+3.959",3959,"+0.408",408,
353,1981,11,13,13,"13","22","mario-andretti","alfa-romeo","alfa-romeo","michelin","1:36.079",96079,,,,,,,"+4.061",4061,"+0.102",102,
353,1981,11,14,14,"14","32","jean-pierre-jarier","osella","ford","michelin","1:36.117",96117,,,,,,,"+4.099",4099,"+0.038",38,
353,1981,11,15,15,"15","6","hector-rebaque","brabham","ford","goodyear","1:36.150",96150,,,,,,,"+4.132",4132,"+0.033",33,
353,1981,11,16,16,"16","23","bruno-giacomelli","alfa-romeo","alfa-romeo","michelin","1:36.216",96216,,,,,,,"+4.198",4198,"+0.066",66,
353,1981,11,17,17,"17","25","patrick-tambay","ligier","matra","michelin","1:36.233",96233,,,,,,,"+4.215",4215,"+0.017",17,
353,1981,11,18,18,"18","8","andrea-de-cesaris","mclaren","ford","michelin","1:36.657",96657,,,,,,,"+4.639",4639,"+0.424",424,
353,1981,11,19,19,"19","17","derek-daly","march","ford","avon","1:37.230",97230,,,,,,,"+5.212",5212,"+0.573",573,
353,1981,11,20,20,"20","14","eliseo-salazar","ensign","ford","avon","1:37.631",97631,,,,,,,"+5.613",5613,"+0.401",401,
353,1981,11,21,21,"21","9","slim-borgudd","ats-wheels","ford","avon","1:37.709",97709,,,,,,,"+5.691",5691,"+0.078",78,
353,1981,11,22,22,"22","4","michele-alboreto","tyrrell","ford","avon","1:38.084",98084,,,,,,,"+6.066",6066,"+0.375",375,
353,1981,11,23,23,"23","33","marc-surer","theodore","ford","avon","1:38.522",98522,,,,,,,"+6.504",6504,"+0.438",438,
353,1981,11,24,24,"24","30","siegfried-stohr","arrows","ford","pirelli","1:38.546",98546,,,,,,,"+6.528",6528,"+0.024",24,
353,1981,11,25,25,"25","3","eddie-cheever","tyrrell","ford","avon","1:38.583",98583,,,,,,,"+6.565",6565,"+0.037",37,
353,1981,11,26,26,"26","36","derek-warwick","toleman","hart","pirelli","1:38.593",98593,,,,,,,"+6.575",6575,"+0.010",10,
353,1981,11,27,27,"27","35","brian-henton","toleman","hart","pirelli","1:38.691",98691,,,,,,,"+6.673",6673,"+0.098",98,
353,1981,11,28,28,"28","31","beppe-gabbiani","osella","ford","michelin","1:41.198",101198,,,,,,,"+9.180",9180,"+2.507",2507,
354,1981,12,1,1,"1","15","alain-prost","renault","renault","michelin","1:18.176",78176,,,,,,,,,,,
354,1981,12,2,2,"2","16","rene-arnoux","renault","renault","michelin","1:18.255",78255,,,,,,,"+0.079",79,"+0.079",79,
354,1981,12,3,3,"3","5","nelson-piquet","brabham","ford","goodyear","1:18.652",78652,,,,,,,"+0.476",476,"+0.397",397,
354,1981,12,4,4,"4","1","alan-jones","williams","ford","goodyear","1:18.672",78672,,,,,,,"+0.496",496,"+0.020",20,
354,1981,12,5,5,"5","2","carlos-reutemann","williams","ford","goodyear","1:18.844",78844,,,,,,,"+0.668",668,"+0.172",172,
354,1981,12,6,6,"6","26","jacques-laffite","ligier","matra","michelin","1:19.018",79018,,,,,,,"+0.842",842,"+0.174",174,
354,1981,12,7,7,"7","22","mario-andretti","alfa-romeo","alfa-romeo","michelin","1:19.040",79040,,,,,,,"+0.864",864,"+0.022",22,
354,1981,12,8,8,"8","7","john-watson","mclaren","ford","michelin","1:19.312",79312,,,,,,,"+1.136",1136,"+0.272",272,
354,1981,12,9,9,"9","11","elio-de-angelis","lotus","ford","goodyear","1:19.738",79738,,,,,,,"+1.562",1562,"+0.426",426,
354,1981,12,10,10,"10","29","riccardo-patrese","arrows","ford","pirelli","1:19.864",79864,,,,,,,"+1.688",1688,"+0.126",126,
354,1981,12,11,11,"11","25","patrick-tambay","ligier","matra","michelin","1:19.979",79979,,,,,,,"+1.803",1803,"+0.115",115,
354,1981,12,12,12,"12","28","didier-pironi","ferrari","ferrari","michelin","1:20.248",80248,,,,,,,"+2.072",2072,"+0.269",269,
354,1981,12,13,13,"13","8","andrea-de-cesaris","mclaren","ford","michelin","1:20.377",80377,,,,,,,"+2.201",2201,"+0.129",129,
354,1981,12,14,14,"14","23","bruno-giacomelli","alfa-romeo","alfa-romeo","michelin","1:20.384",80384,,,,,,,"+2.208",2208,"+0.007",7,
354,1981,12,15,15,"15","6","hector-rebaque","brabham","ford","goodyear","1:20.547",80547,,,,,,,"+2.371",2371,"+0.163",163,
354,1981,12,16,16,"16","27","gilles-villeneuve","ferrari","ferrari","michelin","1:20.595",80595,,,,,,,"+2.419",2419,"+0.048",48,
354,1981,12,17,17,"17","12","nigel-mansell","lotus","ford","goodyear","1:20.663",80663,,,,,,,"+2.487",2487,"+0.068",68,
354,1981,12,18,18,"18","32","jean-pierre-jarier","osella","ford","michelin","1:21.086",81086,,,,,,,"+2.910",2910,"+0.423",423,
354,1981,12,19,19,"19","17","derek-daly","march","ford","avon","1:21.391",81391,,,,,,,"+3.215",3215,"+0.305",305,
354,1981,12,20,20,"20","33","marc-surer","theodore","ford","avon","1:21.454",81454,,,,,,,"+3.278",3278,"+0.063",63,
354,1981,12,21,21,"21","30","siegfried-stohr","arrows","ford","pirelli","1:21.568",81568,,,,,,,"+3.392",3392,"+0.114",114,
354,1981,12,22,22,"22","3","eddie-cheever","tyrrell","ford","avon","1:21.698",81698,,,,,,,"+3.522",3522,"+0.130",130,
354,1981,12,23,23,"23","9","slim-borgudd","ats-wheels","ford","avon","1:21.760",81760,,,,,,,"+3.584",3584,"+0.062",62,
354,1981,12,24,24,"24","14","eliseo-salazar","ensign","ford","avon","1:22.024",82024,,,,,,,"+3.848",3848,"+0.264",264,
354,1981,12,25,25,"25","4","michele-alboreto","tyrrell","ford","avon","1:22.030",82030,,,,,,,"+3.854",3854,"+0.006",6,
354,1981,12,26,26,"26","35","brian-henton","toleman","hart","pirelli","1:22.226",82226,,,,,,,"+4.050",4050,"+0.196",196,
354,1981,12,27,27,"27","20","keke-rosberg","fittipaldi","ford","pirelli","1:23.518",83518,,,,,,,"+5.342",5342,"+1.292",1292,
354,1981,12,28,28,"28","21","chico-serra","fittipaldi","ford","pirelli","1:23.613",83613,,,,,,,"+5.437",5437,"+0.095",95,
354,1981,12,29,29,"29","31","beppe-gabbiani","osella","ford","michelin","1:23.898",83898,,,,,,,"+5.722",5722,"+0.285",285,
354,1981,12,30,30,"30","36","derek-warwick","toleman","hart","pirelli","1:24.028",84028,,,,,,,"+5.852",5852,"+0.130",130,
355,1981,13,1,1,"1","16","rene-arnoux","renault","renault","michelin","1:33.467",93467,,,,,,,,,,,
355,1981,13,2,2,"2","2","carlos-reutemann","williams","ford","goodyear","1:34.140",94140,,,,,,,"+0.673",673,"+0.673",673,
355,1981,13,3,3,"3","15","alain-prost","renault","renault","michelin","1:34.374",94374,,,,,,,"+0.907",907,"+0.234",234,
355,1981,13,4,4,"4","26","jacques-laffite","ligier","matra","michelin","1:35.062",95062,,,,,,,"+1.595",1595,"+0.688",688,
355,1981,13,5,5,"5","1","alan-jones","williams","ford","goodyear","1:35.358",95358,,,,,,,"+1.891",1891,"+0.296",296,
355,1981,13,6,6,"6","5","nelson-piquet","brabham","ford","goodyear","1:35.449",95449,,,,,,,"+1.982",1982,"+0.091",91,
355,1981,13,7,7,"7","7","john-watson","mclaren","ford","michelin","1:35.557",95557,,,,,,,"+2.090",2090,"+0.108",108,
355,1981,13,8,8,"8","28","didier-pironi","ferrari","ferrari","michelin","1:35.596",95596,,,,,,,"+2.129",2129,"+0.039",39,
355,1981,13,9,9,"9","27","gilles-villeneuve","ferrari","ferrari","michelin","1:35.627",95627,,,,,,,"+2.160",2160,"+0.031",31,
355,1981,13,10,10,"10","23","bruno-giacomelli","alfa-romeo","alfa-romeo","michelin","1:35.946",95946,,,,,,,"+2.479",2479,"+0.319",319,
355,1981,13,11,11,"11","11","elio-de-angelis","lotus","ford","goodyear","1:36.158",96158,,,,,,,"+2.691",2691,"+0.212",212,
355,1981,13,12,12,"12","12","nigel-mansell","lotus","ford","goodyear","1:36.210",96210,,,,,,,"+2.743",2743,"+0.052",52,
355,1981,13,13,13,"13","22","mario-andretti","alfa-romeo","alfa-romeo","michelin","1:36.296",96296,,,,,,,"+2.829",2829,"+0.086",86,
355,1981,13,14,14,"14","6","hector-rebaque","brabham","ford","goodyear","1:36.472",96472,,,,,,,"+3.005",3005,"+0.176",176,
355,1981,13,15,15,"15","25","patrick-tambay","ligier","matra","michelin","1:36.515",96515,,,,,,,"+3.048",3048,"+0.043",43,
355,1981,13,16,16,"16","8","andrea-de-cesaris","mclaren","ford","michelin","1:37.019",97019,,,,,,,"+3.552",3552,"+0.504",504,
355,1981,13,17,17,"17","3","eddie-cheever","tyrrell","ford","avon","1:37.160",97160,,,,,,,"+3.693",3693,"+0.141",141,
355,1981,13,18,18,"18","32","jean-pierre-jarier","osella","ford","michelin","1:37.264",97264,,,,,,,"+3.797",3797,"+0.104",104,
355,1981,13,19,19,"19","17","derek-daly","march","ford","avon","1:37.309",97309,,,,,,,"+3.842",3842,"+0.045",45,
355,1981,13,20,20,"20","29","riccardo-patrese","arrows","ford","pirelli","1:37.355",97355,,,,,,,"+3.888",3888,"+0.046",46,
355,1981,13,21,21,"21","9","slim-borgudd","ats-wheels","ford","avon","1:37.807",97807,,,,,,,"+4.340",4340,"+0.452",452,
355,1981,13,22,22,"22","4","michele-alboreto","tyrrell","ford","avon","1:37.912",97912,,,,,,,"+4.445",4445,"+0.105",105,
355,1981,13,23,23,"23","35","brian-henton","toleman","hart","pirelli","1:38.012",98012,,,,,,,"+4.545",4545,"+0.100",100,
355,1981,13,24,24,"24","14","eliseo-salazar","ensign","ford","avon","1:38.053",98053,,,,,,,"+4.586",4586,"+0.041",41,
355,1981,13,25,25,"25","33","marc-surer","theodore","ford","avon","1:38.114",98114,,,,,,,"+4.647",4647,"+0.061",61,
355,1981,13,26,26,"26","31","beppe-gabbiani","osella","ford","michelin","1:38.474",98474,,,,,,,"+5.007",5007,"+0.360",360,
355,1981,13,27,27,"27","36","derek-warwick","toleman","hart","pirelli","1:39.279",99279,,,,,,,"+5.812",5812,"+0.805",805,
355,1981,13,28,28,"28","30","siegfried-stohr","arrows","ford","pirelli","1:39.713",99713,,,,,,,"+6.246",6246,"+0.434",434,
355,1981,13,29,29,"29","20","keke-rosberg","fittipaldi","ford","pirelli","1:40.345",100345,,,,,,,"+6.878",6878,"+0.632",632,
355,1981,13,30,30,"30","21","chico-serra","fittipaldi","ford","pirelli","1:40.437",100437,,,,,,,"+6.970",6970,"+0.092",92,
356,1981,14,1,1,"1","5","nelson-piquet","brabham","ford","goodyear","1:29.211",89211,,,,,,,,,,,
356,1981,14,2,2,"2","2","carlos-reutemann","williams","ford","goodyear","1:29.359",89359,,,,,,,"+0.148",148,"+0.148",148,
356,1981,14,3,3,"3","1","alan-jones","williams","ford","goodyear","1:29.728",89728,,,,,,,"+0.517",517,"+0.369",369,
356,1981,14,4,4,"4","15","alain-prost","renault","renault","michelin","1:29.908",89908,,,,,,,"+0.697",697,"+0.180",180,
356,1981,14,5,5,"5","12","nigel-mansell","lotus","ford","goodyear","1:29.997",89997,,,,,,,"+0.786",786,"+0.089",89,
356,1981,14,6,6,"6","6","hector-rebaque","brabham","ford","goodyear","1:30.182",90182,,,,,,,"+0.971",971,"+0.185",185,
356,1981,14,7,7,"7","11","elio-de-angelis","lotus","ford","goodyear","1:30.231",90231,,,,,,,"+1.020",1020,"+0.049",49,
356,1981,14,8,8,"8","16","rene-arnoux","renault","renault","michelin","1:30.232",90232,,,,,,,"+1.021",1021,"+0.001",1,
356,1981,14,9,9,"9","7","john-watson","mclaren","ford","michelin","1:30.566",90566,,,,,,,"+1.355",1355,"+0.334",334,
356,1981,14,10,10,"10","26","jacques-laffite","ligier","matra","michelin","1:30.705",90705,,,,,,,"+1.494",1494,"+0.139",139,
356,1981,14,11,11,"11","27","gilles-villeneuve","ferrari","ferrari","michelin","1:31.115",91115,,,,,,,"+1.904",1904,"+0.410",410,
356,1981,14,12,12,"12","28","didier-pironi","ferrari","ferrari","michelin","1:31.350",91350,,,,,,,"+2.139",2139,"+0.235",235,
356,1981,14,13,13,"13","8","andrea-de-cesaris","mclaren","ford","michelin","1:31.507",91507,,,,,,,"+2.296",2296,"+0.157",157,
356,1981,14,14,14,"14","3","eddie-cheever","tyrrell","ford","avon","1:31.547",91547,,,,,,,"+2.336",2336,"+0.040",40,
356,1981,14,15,15,"15","23","bruno-giacomelli","alfa-romeo","alfa-romeo","michelin","1:31.600",91600,,,,,,,"+2.389",2389,"+0.053",53,
356,1981,14,16,16,"16","22","mario-andretti","alfa-romeo","alfa-romeo","michelin","1:31.740",91740,,,,,,,"+2.529",2529,"+0.140",140,
356,1981,14,17,17,"17","25","patrick-tambay","ligier","matra","michelin","1:31.747",91747,,,,,,,"+2.536",2536,"+0.007",7,
356,1981,14,18,18,"18","29","riccardo-patrese","arrows","ford","pirelli","1:31.969",91969,,,,,,,"+2.758",2758,"+0.222",222,
356,1981,14,19,19,"19","33","marc-surer","theodore","ford","avon","1:32.253",92253,,,,,,,"+3.042",3042,"+0.284",284,
356,1981,14,20,20,"20","17","derek-daly","march","ford","avon","1:32.305",92305,,,,,,,"+3.094",3094,"+0.052",52,
356,1981,14,21,21,"21","9","slim-borgudd","ats-wheels","ford","avon","1:32.652",92652,,,,,,,"+3.441",3441,"+0.347",347,
356,1981,14,22,22,"22","4","michele-alboreto","tyrrell","ford","avon","1:32.709",92709,,,,,,,"+3.498",3498,"+0.057",57,
356,1981,14,23,23,"23","32","jean-pierre-jarier","osella","ford","michelin","1:33.432",93432,,,,,,,"+4.221",4221,"+0.723",723,
356,1981,14,24,24,"24","14","eliseo-salazar","ensign","ford","avon","1:33.848",93848,,,,,,,"+4.637",4637,"+0.416",416,
356,1981,14,25,25,"25","20","keke-rosberg","fittipaldi","ford","pirelli","1:34.310",94310,,,,,,,"+5.099",5099,"+0.462",462,
356,1981,14,26,26,"26","21","chico-serra","fittipaldi","ford","pirelli","1:36.546",96546,,,,,,,"+7.335",7335,"+2.236",2236,
356,1981,14,27,27,"27","35","brian-henton","toleman","hart","pirelli","1:36.648",96648,,,,,,,"+7.437",7437,"+0.102",102,
356,1981,14,28,28,"28","30","jacques-villeneuve-sr","arrows","ford","pirelli","1:36.720",96720,,,,,,,"+7.509",7509,"+0.072",72,
356,1981,14,29,29,"29","36","derek-warwick","toleman","hart","pirelli","1:36.999",96999,,,,,,,"+7.788",7788,"+0.279",279,
356,1981,14,30,30,"30","31","beppe-gabbiani","osella","ford","michelin","1:37.493",97493,,,,,,,"+8.282",8282,"+0.494",494,
357,1981,15,1,1,"1","2","carlos-reutemann","williams","ford","goodyear","1:17.821",77821,,,,,,,,,,,
357,1981,15,2,2,"2","1","alan-jones","williams","ford","goodyear","1:17.995",77995,,,,,,,"+0.174",174,"+0.174",174,
357,1981,15,3,3,"3","27","gilles-villeneuve","ferrari","ferrari","michelin","1:18.060",78060,,,,,,,"+0.239",239,"+0.065",65,
357,1981,15,4,4,"4","5","nelson-piquet","brabham","ford","goodyear","1:18.161",78161,,,,,,,"+0.340",340,"+0.101",101,
357,1981,15,5,5,"5","15","alain-prost","renault","renault","michelin","1:18.433",78433,,,,,,,"+0.612",612,"+0.272",272,
357,1981,15,6,6,"6","7","john-watson","mclaren","ford","michelin","1:18.617",78617,,,,,,,"+0.796",796,"+0.184",184,
357,1981,15,7,7,"7","25","patrick-tambay","ligier","matra","michelin","1:18.681",78681,,,,,,,"+0.860",860,"+0.064",64,
357,1981,15,8,8,"8","23","bruno-giacomelli","alfa-romeo","alfa-romeo","michelin","1:18.792",78792,,,,,,,"+0.971",971,"+0.111",111,
357,1981,15,9,9,"9","12","nigel-mansell","lotus","ford","goodyear","1:19.044",79044,,,,,,,"+1.223",1223,"+0.252",252,
357,1981,15,10,10,"10","22","mario-andretti","alfa-romeo","alfa-romeo","michelin","1:19.068",79068,,,,,,,"+1.247",1247,"+0.024",24,
357,1981,15,11,11,"11","29","riccardo-patrese","arrows","ford","pirelli","1:19.152",79152,,,,,,,"+1.331",1331,"+0.084",84,
357,1981,15,12,12,"12","26","jacques-laffite","ligier","matra","michelin","1:19.167",79167,,,,,,,"+1.346",1346,"+0.015",15,
357,1981,15,13,13,"13","16","rene-arnoux","renault","renault","michelin","1:19.197",79197,,,,,,,"+1.376",1376,"+0.030",30,
357,1981,15,14,14,"14","8","andrea-de-cesaris","mclaren","ford","michelin","1:19.217",79217,,,,,,,"+1.396",1396,"+0.020",20,
357,1981,15,15,15,"15","11","elio-de-angelis","lotus","ford","goodyear","1:19.562",79562,,,,,,,"+1.741",1741,"+0.345",345,
357,1981,15,16,16,"16","6","hector-rebaque","brabham","ford","goodyear","1:19.571",79571,,,,,,,"+1.750",1750,"+0.009",9,
357,1981,15,17,17,"17","4","michele-alboreto","tyrrell","ford","avon","1:19.774",79774,,,,,,,"+1.953",1953,"+0.203",203,
357,1981,15,18,18,"18","28","didier-pironi","ferrari","ferrari","michelin","1:19.899",79899,,,,,,,"+2.078",2078,"+0.125",125,
357,1981,15,19,19,"19","3","eddie-cheever","tyrrell","ford","avon","1:20.475",80475,,,,,,,"+2.654",2654,"+0.576",576,
357,1981,15,20,20,"20","20","keke-rosberg","fittipaldi","ford","pirelli","1:20.729",80729,,,,,,,"+2.908",2908,"+0.254",254,
357,1981,15,21,21,"21","32","jean-pierre-jarier","osella","ford","michelin","1:20.781",80781,,,,,,,"+2.960",2960,"+0.052",52,
357,1981,15,22,22,"22","36","derek-warwick","toleman","hart","pirelli","1:21.294",81294,,,,,,,"+3.473",3473,"+0.513",513,
357,1981,15,23,23,"23","33","marc-surer","theodore","ford","avon","1:21.430",81430,,,,,,,"+3.609",3609,"+0.136",136,
357,1981,15,24,24,"24","14","eliseo-salazar","ensign","ford","avon","1:21.629",81629,,,,,,,"+3.808",3808,"+0.199",199,
357,1981,15,25,25,"25","9","slim-borgudd","ats-wheels","ford","avon","1:21.665",81665,,,,,,,"+3.844",3844,"+0.036",36,
357,1981,15,26,26,"26","21","chico-serra","fittipaldi","ford","pirelli","1:21.672",81672,,,,,,,"+3.851",3851,"+0.007",7,
357,1981,15,27,27,"27","17","derek-daly","march","ford","avon","1:21.824",81824,,,,,,,"+4.003",4003,"+0.152",152,
357,1981,15,28,28,"28","30","jacques-villeneuve-sr","arrows","ford","pirelli","1:22.822",82822,,,,,,,"+5.001",5001,"+0.998",998,
357,1981,15,29,29,"29","35","brian-henton","toleman","hart","pirelli","1:22.960",82960,,,,,,,"+5.139",5139,"+0.138",138,
357,1981,15,30,30,"30","31","beppe-gabbiani","osella","ford","michelin","1:26.634",86634,,,,,,,"+8.813",8813,"+3.674",3674,
358,1982,1,1,1,"1","16","rene-arnoux","renault","renault","michelin","1:06.351",66351,,,,,,,,,,,
358,1982,1,2,2,"2","1","nelson-piquet","brabham","bmw","goodyear","1:06.625",66625,,,,,,,"+0.274",274,"+0.274",274,
358,1982,1,3,3,"3","27","gilles-villeneuve","ferrari","ferrari","goodyear","1:07.106",67106,,,,,,,"+0.755",755,"+0.481",481,
358,1982,1,4,4,"4","2","riccardo-patrese","brabham","bmw","goodyear","1:07.398",67398,,,,,,,"+1.047",1047,"+0.292",292,
358,1982,1,5,5,"5","15","alain-prost","renault","renault","michelin","1:08.133",68133,,,,,,,"+1.782",1782,"+0.735",735,
358,1982,1,6,6,"6","28","didier-pironi","ferrari","ferrari","goodyear","1:08.360",68360,,,,,,,"+2.009",2009,"+0.227",227,
358,1982,1,7,7,"7","6","keke-rosberg","williams","ford","goodyear","1:08.892",68892,,,,,,,"+2.541",2541,"+0.532",532,
358,1982,1,8,8,"8","5","carlos-reutemann","williams","ford","goodyear","1:09.306",69306,,,,,,,"+2.955",2955,"+0.414",414,
358,1982,1,9,9,"9","7","john-watson","mclaren","ford","michelin","1:09.736",69736,,,,,,,"+3.385",3385,"+0.430",430,
358,1982,1,10,10,"10","3","michele-alboreto","tyrrell","ford","goodyear","1:10.037",70037,,,,,,,"+3.686",3686,"+0.301",301,
358,1982,1,11,11,"11","26","jacques-laffite","ligier","matra","michelin","1:10.241",70241,,,,,,,"+3.890",3890,"+0.204",204,
358,1982,1,12,12,"12","10","eliseo-salazar","ats-wheels","ford","avon","1:10.624",70624,,,,,,,"+4.273",4273,"+0.383",383,
358,1982,1,13,13,"13","8","niki-lauda","mclaren","ford","michelin","1:10.681",70681,,,,,,,"+4.330",4330,"+0.057",57,
358,1982,1,14,14,"14","35","derek-warwick","toleman","hart","pirelli","1:10.685",70685,,,,,,,"+4.334",4334,"+0.004",4,
358,1982,1,15,15,"15","11","elio-de-angelis","lotus","ford","goodyear","1:10.685",70685,,,,,,,"+4.334",4334,"+0.000",0,
358,1982,1,16,16,"16","22","andrea-de-cesaris","alfa-romeo","alfa-romeo","michelin","1:10.952",70952,,,,,,,"+4.601",4601,"+0.267",267,
358,1982,1,17,17,"17","25","eddie-cheever","ligier","matra","michelin","1:11.005",71005,,,,,,,"+4.654",4654,"+0.053",53,
358,1982,1,18,18,"18","12","nigel-mansell","lotus","ford","goodyear","1:11.227",71227,,,,,,,"+4.876",4876,"+0.222",222,
358,1982,1,19,19,"19","23","bruno-giacomelli","alfa-romeo","alfa-romeo","michelin","1:11.285",71285,,,,,,,"+4.934",4934,"+0.058",58,
358,1982,1,20,20,"20","9","manfred-winkelhock","ats-wheels","ford","avon","1:11.808",71808,,,,,,,"+5.457",5457,"+0.523",523,
358,1982,1,21,21,"21","18","raul-boesel","march","ford","pirelli","1:12.077",72077,,,,,,,"+5.726",5726,"+0.269",269,
358,1982,1,22,22,"22","17","jochen-mass","march","ford","pirelli","1:12.100",72100,,,,,,,"+5.749",5749,"+0.023",23,
358,1982,1,23,23,"23","4","slim-borgudd","tyrrell","ford","goodyear","1:12.366",72366,,,,,,,"+6.015",6015,"+0.266",266,
358,1982,1,24,24,"24","33","derek-daly","theodore","ford","avon","1:13.418",73418,,,,,,,"+7.067",7067,"+1.052",1052,
358,1982,1,25,25,"25","20","chico-serra","fittipaldi","ford","pirelli","1:13.467",73467,,,,,,,"+7.116",7116,"+0.049",49,
358,1982,1,26,26,"26","31","jean-pierre-jarier","osella","ford","pirelli","1:13.834",73834,,,,,,,"+7.483",7483,"+0.367",367,
358,1982,1,27,27,"27","30","mauro-baldi","arrows","ford","pirelli","1:13.976",73976,,,,,,,"+7.625",7625,"+0.142",142,
358,1982,1,28,28,"28","32","riccardo-paletti","osella","ford","pirelli","1:15.504",75504,,,,,,,"+9.153",9153,"+1.528",1528,
358,1982,1,29,29,"29","29","brian-henton","arrows","ford","pirelli","1:16.653",76653,,,,,,,"+10.302",10302,"+1.149",1149,
358,1982,1,30,30,"30","36","teo-fabi","toleman","hart","pirelli",,,,,,,,,,,,,
359,1982,2,1,1,"1","15","alain-prost","renault","renault","michelin","1:28.808",88808,,,,,,,,,,,
359,1982,2,2,2,"2","27","gilles-villeneuve","ferrari","ferrari","goodyear","1:29.173",89173,,,,,,,"+0.365",365,"+0.365",365,
359,1982,2,3,3,"3","6","keke-rosberg","williams","ford","goodyear","1:29.358",89358,,,,,,,"+0.550",550,"+0.185",185,
359,1982,2,4,4,"4","16","rene-arnoux","renault","renault","michelin","1:30.121",90121,,,,,,,"+1.313",1313,"+0.763",763,
359,1982,2,5,5,"5","8","niki-lauda","mclaren","ford","michelin","1:30.152",90152,,,,,,,"+1.344",1344,"+0.031",31,
359,1982,2,6,6,"6","5","carlos-reutemann","williams","ford","goodyear","1:30.183",90183,,,,,,,"+1.375",1375,"+0.031",31,
359,1982,2,7,7,"7","1","nelson-piquet","brabham","ford","goodyear","1:30.281",90281,,,,,,,"+1.473",1473,"+0.098",98,
359,1982,2,8,8,"8","28","didier-pironi","ferrari","ferrari","goodyear","1:30.655",90655,,,,,,,"+1.847",1847,"+0.374",374,
359,1982,2,9,9,"9","2","riccardo-patrese","brabham","ford","goodyear","1:30.967",90967,,,,,,,"+2.159",2159,"+0.312",312,
359,1982,2,10,10,"10","22","andrea-de-cesaris","alfa-romeo","alfa-romeo","michelin","1:31.229",91229,,,,,,,"+2.421",2421,"+0.262",262,
359,1982,2,11,11,"11","11","elio-de-angelis","lotus","ford","goodyear","1:31.790",91790,,,,,,,"+2.982",2982,"+0.561",561,
359,1982,2,12,12,"12","7","john-watson","mclaren","ford","michelin","1:31.906",91906,,,,,,,"+3.098",3098,"+0.116",116,
359,1982,2,13,13,"13","3","michele-alboreto","tyrrell","ford","goodyear","1:31.991",91991,,,,,,,"+3.183",3183,"+0.085",85,
359,1982,2,14,14,"14","12","nigel-mansell","lotus","ford","goodyear","1:32.228",92228,,,,,,,"+3.420",3420,"+0.237",237,
359,1982,2,15,15,"15","9","manfred-winkelhock","ats-wheels","ford","avon","1:32.524",92524,,,,,,,"+3.716",3716,"+0.296",296,
359,1982,2,16,16,"16","23","bruno-giacomelli","alfa-romeo","alfa-romeo","michelin","1:32.769",92769,,,,,,,"+3.961",3961,"+0.245",245,
359,1982,2,17,17,"17","18","raul-boesel","march","ford","pirelli","1:34.050",94050,,,,,,,"+5.242",5242,"+1.281",1281,
359,1982,2,18,18,"18","10","eliseo-salazar","ats-wheels","ford","avon","1:34.262",94262,,,,,,,"+5.454",5454,"+0.212",212,
359,1982,2,19,19,"19","30","mauro-baldi","arrows","ford","pirelli","1:34.380",94380,,,,,,,"+5.572",5572,"+0.118",118,
359,1982,2,20,20,"20","33","derek-daly","theodore","ford","avon","1:34.413",94413,,,,,,,"+5.605",5605,"+0.033",33,
359,1982,2,21,21,"21","4","slim-borgudd","tyrrell","ford","goodyear","1:35.020",95020,,,,,,,"+6.212",6212,"+0.607",607,
359,1982,2,22,22,"22","17","jochen-mass","march","ford","pirelli","1:35.039",95039,,,,,,,"+6.231",6231,"+0.019",19,
359,1982,2,23,23,"23","31","jean-pierre-jarier","osella","ford","pirelli","1:35.081",95081,,,,,,,"+6.273",6273,"+0.042",42,
359,1982,2,24,24,"24","26","jacques-laffite","ligier","matra","michelin","1:35.084",95084,,,,,,,"+6.276",6276,"+0.003",3,
359,1982,2,25,25,"25","20","chico-serra","fittipaldi","ford","pirelli","1:35.246",95246,,,,,,,"+6.438",6438,"+0.162",162,
359,1982,2,26,26,"26","25","eddie-cheever","ligier","matra","michelin","1:35.288",95288,,,,,,,"+6.480",6480,"+0.042",42,
359,1982,2,27,27,"27","36","teo-fabi","toleman","hart","pirelli","1:35.326",95326,,,,,,,"+6.518",6518,"+0.038",38,
359,1982,2,28,28,"28","14","roberto-guerrero","ensign","ford","avon","1:35.730",95730,,,,,,,"+6.922",6922,"+0.404",404,
359,1982,2,29,29,"29","29","brian-henton","arrows","ford","pirelli","1:35.748",95748,,,,,,,"+6.940",6940,"+0.018",18,
359,1982,2,30,30,"30","35","derek-warwick","toleman","hart","pirelli","1:36.014",96014,,,,,,,"+7.206",7206,"+0.266",266,
360,1982,3,1,1,"1","22","andrea-de-cesaris","alfa-romeo","alfa-romeo","michelin","1:27.316",87316,,,,,,,,,,,
360,1982,3,2,2,"2","8","niki-lauda","mclaren","ford","michelin","1:27.436",87436,,,,,,,"+0.120",120,"+0.120",120,
360,1982,3,3,3,"3","16","rene-arnoux","renault","renault","michelin","1:27.763",87763,,,,,,,"+0.447",447,"+0.327",327,
360,1982,3,4,4,"4","15","alain-prost","renault","renault","michelin","1:27.979",87979,,,,,,,"+0.663",663,"+0.216",216,
360,1982,3,5,5,"5","23","bruno-giacomelli","alfa-romeo","alfa-romeo","michelin","1:28.087",88087,,,,,,,"+0.771",771,"+0.108",108,
360,1982,3,6,6,"6","1","nelson-piquet","brabham","ford","goodyear","1:28.276",88276,,,,,,,"+0.960",960,"+0.189",189,
360,1982,3,7,7,"7","27","gilles-villeneuve","ferrari","ferrari","goodyear","1:28.476",88476,,,,,,,"+1.160",1160,"+0.200",200,
360,1982,3,8,8,"8","6","keke-rosberg","williams","ford","goodyear","1:28.576",88576,,,,,,,"+1.260",1260,"+0.100",100,
360,1982,3,9,9,"9","28","didier-pironi","ferrari","ferrari","goodyear","1:28.680",88680,,,,,,,"+1.364",1364,"+0.104",104,
360,1982,3,10,10,"10","31","jean-pierre-jarier","osella","ford","pirelli","1:28.708",88708,,,,,,,"+1.392",1392,"+0.028",28,
360,1982,3,11,11,"11","7","john-watson","mclaren","ford","michelin","1:28.885",88885,,,,,,,"+1.569",1569,"+0.177",177,
360,1982,3,12,12,"12","3","michele-alboreto","tyrrell","ford","goodyear","1:29.027",89027,,,,,,,"+1.711",1711,"+0.142",142,
360,1982,3,13,13,"13","25","eddie-cheever","ligier","matra","michelin","1:29.336",89336,,,,,,,"+2.020",2020,"+0.309",309,
360,1982,3,14,14,"14","5","mario-andretti","williams","ford","goodyear","1:29.468",89468,,,,,,,"+2.152",2152,"+0.132",132,
360,1982,3,15,15,"15","26","jacques-laffite","ligier","matra","michelin","1:29.587",89587,,,,,,,"+2.271",2271,"+0.119",119,
360,1982,3,16,16,"16","11","elio-de-angelis","lotus","ford","goodyear","1:29.694",89694,,,,,,,"+2.378",2378,"+0.107",107,
360,1982,3,17,17,"17","12","nigel-mansell","lotus","ford","goodyear","1:29.758",89758,,,,,,,"+2.442",2442,"+0.064",64,
360,1982,3,18,18,"18","2","riccardo-patrese","brabham","ford","goodyear","1:29.948",89948,,,,,,,"+2.632",2632,"+0.190",190,
360,1982,3,19,19,"19","14","roberto-guerrero","ensign","ford","avon","1:30.186",90186,,,,,,,"+2.870",2870,"+0.238",238,
360,1982,3,20,20,"20","29","brian-henton","arrows","ford","pirelli","1:30.474",90474,,,,,,,"+3.158",3158,"+0.288",288,
360,1982,3,21,21,"21","17","jochen-mass","march","ford","pirelli","1:30.476",90476,,,,,,,"+3.160",3160,"+0.002",2,
360,1982,3,22,22,"22","33","derek-daly","theodore","ford","avon","1:30.919",90919,,,,,,,"+3.603",3603,"+0.443",443,
360,1982,3,23,23,"23","18","raul-boesel","march","ford","pirelli","1:30.977",90977,,,,,,,"+3.661",3661,"+0.058",58,
360,1982,3,24,24,"24","4","slim-borgudd","tyrrell","ford","goodyear","1:31.033",91033,,,,,,,"+3.717",3717,"+0.056",56,
360,1982,3,25,25,"25","9","manfred-winkelhock","ats-wheels","ford","avon","1:31.593",91593,,,,,,,"+4.277",4277,"+0.560",560,
360,1982,3,26,26,"26","10","eliseo-salazar","ats-wheels","ford","avon","1:31.825",91825,,,,,,,"+4.509",4509,"+0.232",232,
360,1982,3,27,27,"27","36","teo-fabi","toleman","hart","pirelli","1:31.988",91988,,,,,,,"+4.672",4672,"+0.163",163,
360,1982,3,28,28,"28","32","riccardo-paletti","osella","ford","pirelli","1:32.146",92146,,,,,,,"+4.830",4830,"+0.158",158,
360,1982,3,29,29,"29","20","chico-serra","fittipaldi","ford","pirelli","1:32.496",92496,,,,,,,"+5.180",5180,"+0.350",350,
360,1982,3,30,30,"30","30","mauro-baldi","arrows","ford","pirelli","1:33.701",93701,,,,,,,"+6.385",6385,"+1.205",1205,
361,1982,4,1,1,"1","16","rene-arnoux","renault","renault","michelin","1:29.765",89765,,,,,,,,,,,
361,1982,4,2,2,"2","15","alain-prost","renault","renault","michelin","1:30.249",90249,,,,,,,"+0.484",484,"+0.484",484,
361,1982,4,3,3,"3","27","gilles-villeneuve","ferrari","ferrari","goodyear","1:30.717",90717,,,,,,,"+0.952",952,"+0.468",468,
361,1982,4,4,4,"4","28","didier-pironi","ferrari","ferrari","goodyear","1:32.020",92020,,,,,,,"+2.255",2255,"+1.303",1303,
361,1982,4,5,5,"5","3","michele-alboreto","tyrrell","ford","goodyear","1:33.209",93209,,,,,,,"+3.444",3444,"+1.189",1189,
361,1982,4,6,6,"6","23","bruno-giacomelli","alfa-romeo","alfa-romeo","michelin","1:33.230",93230,,,,,,,"+3.465",3465,"+0.021",21,
361,1982,4,7,7,"7","22","andrea-de-cesaris","alfa-romeo","alfa-romeo","michelin","1:33.397",93397,,,,,,,"+3.632",3632,"+0.167",167,
361,1982,4,8,8,"8","35","derek-warwick","toleman","hart","pirelli","1:33.503",93503,,,,,,,"+3.738",3738,"+0.106",106,
361,1982,4,9,9,"9","31","jean-pierre-jarier","osella","ford","pirelli","1:34.336",94336,,,,,,,"+4.571",4571,"+0.833",833,
361,1982,4,10,10,"10","36","teo-fabi","toleman","hart","pirelli","1:34.647",94647,,,,,,,"+4.882",4882,"+0.311",311,
361,1982,4,11,11,"11","4","brian-henton","tyrrell","ford","goodyear","1:35.262",95262,,,,,,,"+5.497",5497,"+0.615",615,
361,1982,4,12,12,"12","9","manfred-winkelhock","ats-wheels","ford","avon","1:35.790",95790,,,,,,,"+6.025",6025,"+0.528",528,
361,1982,4,13,13,"13","32","riccardo-paletti","osella","ford","pirelli","1:36.228",96228,,,,,,,"+6.463",6463,"+0.438",438,
361,1982,4,14,14,"14","10","eliseo-salazar","ats-wheels","ford","avon","1:36.434",96434,,,,,,,"+6.669",6669,"+0.206",206,
362,1982,5,1,1,"1","15","alain-prost","renault","renault","michelin","1:15.701",75701,,,,,,,,,,,
362,1982,5,2,2,"2","16","rene-arnoux","renault","renault","michelin","1:15.730",75730,,,,,,,"+0.029",29,"+0.029",29,
362,1982,5,3,3,"3","6","keke-rosberg","williams","ford","goodyear","1:15.847",75847,,,,,,,"+0.146",146,"+0.117",117,
362,1982,5,4,4,"4","8","niki-lauda","mclaren","ford","michelin","1:16.049",76049,,,,,,,"+0.348",348,"+0.202",202,
362,1982,5,5,5,"5","3","michele-alboreto","tyrrell","ford","goodyear","1:16.308",76308,,,,,,,"+0.607",607,"+0.259",259,
362,1982,5,6,6,"6","28","didier-pironi","ferrari","ferrari","goodyear","1:16.501",76501,,,,,,,"+0.800",800,"+0.193",193,
362,1982,5,7,7,"7","22","andrea-de-cesaris","alfa-romeo","alfa-romeo","michelin","1:16.575",76575,,,,,,,"+0.874",874,"+0.074",74,
362,1982,5,8,8,"8","27","gilles-villeneuve","ferrari","ferrari","goodyear","1:16.616",76616,,,,,,,"+0.915",915,"+0.041",41,
362,1982,5,9,9,"9","12","nigel-mansell","lotus","ford","goodyear","1:16.944",76944,,,,,,,"+1.243",1243,"+0.328",328,
362,1982,5,10,10,"10","1","nelson-piquet","brabham","bmw","goodyear","1:17.124",77124,,,,,,,"+1.423",1423,"+0.180",180,
362,1982,5,11,11,"11","2","riccardo-patrese","brabham","bmw","goodyear","1:17.126",77126,,,,,,,"+1.425",1425,"+0.002",2,
362,1982,5,12,12,"12","7","john-watson","mclaren","ford","michelin","1:17.144",77144,,,,,,,"+1.443",1443,"+0.018",18,
362,1982,5,13,13,"13","11","elio-de-angelis","lotus","ford","goodyear","1:17.762",77762,,,,,,,"+2.061",2061,"+0.618",618,
362,1982,5,14,14,"14","9","manfred-winkelhock","ats-wheels","ford","goodyear","1:17.879",77879,,,,,,,"+2.178",2178,"+0.117",117,
362,1982,5,15,15,"15","5","derek-daly","williams","ford","goodyear","1:18.194",78194,,,,,,,"+2.493",2493,"+0.315",315,
362,1982,5,16,16,"16","25","eddie-cheever","ligier","matra","michelin","1:18.301",78301,,,,,,,"+2.600",2600,"+0.107",107,
362,1982,5,17,17,"17","23","bruno-giacomelli","alfa-romeo","alfa-romeo","michelin","1:18.371",78371,,,,,,,"+2.670",2670,"+0.070",70,
362,1982,5,18,18,"18","31","jean-pierre-jarier","osella","ford","pirelli","1:18.403",78403,,,,,,,"+2.702",2702,"+0.032",32,
362,1982,5,19,19,"19","26","jacques-laffite","ligier","matra","michelin","1:18.565",78565,,,,,,,"+2.864",2864,"+0.162",162,
362,1982,5,20,20,"20","10","eliseo-salazar","ats-wheels","ford","goodyear","1:18.967",78967,,,,,,,"+3.266",3266,"+0.402",402,
362,1982,5,21,21,"21","35","derek-warwick","toleman","hart","pirelli","1:18.985",78985,,,,,,,"+3.284",3284,"+0.018",18,
362,1982,5,22,22,"22","4","brian-henton","tyrrell","ford","goodyear","1:19.150",79150,,,,,,,"+3.449",3449,"+0.165",165,
362,1982,5,23,23,"23","36","teo-fabi","toleman","hart","pirelli","1:19.300",79300,,,,,,,"+3.599",3599,"+0.150",150,
362,1982,5,24,24,"24","29","marc-surer","arrows","ford","pirelli","1:19.584",79584,,,,,,,"+3.883",3883,"+0.284",284,
362,1982,5,25,25,"25","20","chico-serra","fittipaldi","ford","pirelli","1:19.598",79598,,,,,,,"+3.897",3897,"+0.014",14,
362,1982,5,26,26,"26","18","raul-boesel","march","ford","pirelli","1:19.621",79621,,,,,,,"+3.920",3920,"+0.023",23,
362,1982,5,27,27,"27","17","jochen-mass","march","ford","pirelli","1:19.777",79777,,,,,,,"+4.076",4076,"+0.156",156,
362,1982,5,28,28,"28","30","mauro-baldi","arrows","ford","pirelli","1:19.815",79815,,,,,,,"+4.114",4114,"+0.038",38,
362,1982,5,29,29,"29","14","roberto-guerrero","ensign","ford","avon","1:20.116",80116,,,,,,,"+4.415",4415,"+0.301",301,
362,1982,5,30,30,"30","33","jan-lammers","theodore","ford","avon","1:20.584",80584,,,,,,,"+4.883",4883,"+0.468",468,
363,1982,6,1,1,"1","16","rene-arnoux","renault","renault","michelin","1:23.281",83281,,,,,,,,,,,
363,1982,6,2,2,"2","2","riccardo-patrese","brabham","ford","goodyear","1:23.791",83791,,,,,,,"+0.510",510,"+0.510",510,
363,1982,6,3,3,"3","23","bruno-giacomelli","alfa-romeo","alfa-romeo","michelin","1:23.939",83939,,,,,,,"+0.658",658,"+0.148",148,
363,1982,6,4,4,"4","15","alain-prost","renault","renault","michelin","1:24.439",84439,,,,,,,"+1.158",1158,"+0.500",500,
363,1982,6,5,5,"5","28","didier-pironi","ferrari","ferrari","goodyear","1:24.585",84585,,,,,,,"+1.304",1304,"+0.146",146,
363,1982,6,6,6,"6","6","keke-rosberg","williams","ford","goodyear","1:24.649",84649,,,,,,,"+1.368",1368,"+0.064",64,
363,1982,6,7,7,"7","22","andrea-de-cesaris","alfa-romeo","alfa-romeo","michelin","1:24.928",84928,,,,,,,"+1.647",1647,"+0.279",279,
363,1982,6,8,8,"8","5","derek-daly","williams","ford","goodyear","1:25.390",85390,,,,,,,"+2.109",2109,"+0.462",462,
363,1982,6,9,9,"9","3","michele-alboreto","tyrrell","ford","goodyear","1:25.449",85449,,,,,,,"+2.168",2168,"+0.059",59,
363,1982,6,10,10,"10","7","john-watson","mclaren","ford","michelin","1:25.583",85583,,,,,,,"+2.302",2302,"+0.134",134,
363,1982,6,11,11,"11","12","nigel-mansell","lotus","ford","goodyear","1:25.642",85642,,,,,,,"+2.361",2361,"+0.059",59,
363,1982,6,12,12,"12","8","niki-lauda","mclaren","ford","michelin","1:25.838",85838,,,,,,,"+2.557",2557,"+0.196",196,
363,1982,6,13,13,"13","1","nelson-piquet","brabham","bmw","goodyear","1:26.075",86075,,,,,,,"+2.794",2794,"+0.237",237,
363,1982,6,14,14,"14","9","manfred-winkelhock","ats-wheels","ford","goodyear","1:26.260",86260,,,,,,,"+2.979",2979,"+0.185",185,
363,1982,6,15,15,"15","11","elio-de-angelis","lotus","ford","goodyear","1:26.456",86456,,,,,,,"+3.175",3175,"+0.196",196,
363,1982,6,16,16,"16","25","eddie-cheever","ligier","matra","michelin","1:26.463",86463,,,,,,,"+3.182",3182,"+0.007",7,
363,1982,6,17,17,"17","4","brian-henton","tyrrell","ford","goodyear","1:26.690",86690,,,,,,,"+3.409",3409,"+0.227",227,
363,1982,6,18,18,"18","26","jacques-laffite","ligier","matra","michelin","1:27.007",87007,,,,,,,"+3.726",3726,"+0.317",317,
363,1982,6,19,19,"19","29","marc-surer","arrows","ford","pirelli","1:27.019",87019,,,,,,,"+3.738",3738,"+0.012",12,
363,1982,6,20,20,"20","10","eliseo-salazar","ats-wheels","ford","goodyear","1:27.022",87022,,,,,,,"+3.741",3741,"+0.003",3,
363,1982,6,21,21,"21","30","mauro-baldi","arrows","ford","pirelli","1:27.209",87209,,,,,,,"+3.928",3928,"+0.187",187,
363,1982,6,22,22,"22","33","jan-lammers","theodore","ford","goodyear","1:27.523",87523,,,,,,,"+4.242",4242,"+0.314",314,
363,1982,6,23,23,"23","17","jochen-mass","march","ford","avon","1:27.885",87885,,,,,,,"+4.604",4604,"+0.362",362,
363,1982,6,24,24,"24","35","derek-warwick","toleman","hart","pirelli","1:28.075",88075,,,,,,,"+4.794",4794,"+0.190",190,
363,1982,6,25,25,"25","31","jean-pierre-jarier","osella","ford","pirelli","1:28.264",88264,,,,,,,"+4.983",4983,"+0.189",189,
363,1982,6,26,26,"26","14","roberto-guerrero","ensign","ford","avon","1:28.653",88653,,,,,,,"+5.372",5372,"+0.389",389,
364,1982,7,1,1,"1","15","alain-prost","renault","renault","michelin","1:48.537",108537,,,,,,,,,,,
364,1982,7,2,2,"2","22","andrea-de-cesaris","alfa-romeo","alfa-romeo","michelin","1:48.872",108872,,,,,,,"+0.335",335,"+0.335",335,
364,1982,7,3,3,"3","6","keke-rosberg","williams","ford","goodyear","1:49.264",109264,,,,,,,"+0.727",727,"+0.392",392,
364,1982,7,4,4,"4","28","didier-pironi","ferrari","ferrari","goodyear","1:49.903",109903,,,,,,,"+1.366",1366,"+0.639",639,
364,1982,7,5,5,"5","9","manfred-winkelhock","ats-wheels","ford","goodyear","1:50.066",110066,,,,,,,"+1.529",1529,"+0.163",163,
364,1982,7,6,6,"6","23","bruno-giacomelli","alfa-romeo","alfa-romeo","michelin","1:50.252",110252,,,,,,,"+1.715",1715,"+0.186",186,
364,1982,7,7,7,"7","12","nigel-mansell","lotus","ford","goodyear","1:50.294",110294,,,,,,,"+1.757",1757,"+0.042",42,
364,1982,7,8,8,"8","11","elio-de-angelis","lotus","ford","goodyear","1:50.443",110443,,,,,,,"+1.906",1906,"+0.149",149,
364,1982,7,9,9,"9","25","eddie-cheever","ligier","matra","michelin","1:50.520",110520,,,,,,,"+1.983",1983,"+0.077",77,
364,1982,7,10,10,"10","8","niki-lauda","mclaren","ford","michelin","1:51.026",111026,,,,,,,"+2.489",2489,"+0.506",506,
364,1982,7,11,11,"11","14","roberto-guerrero","ensign","ford","pirelli","1:51.039",111039,,,,,,,"+2.502",2502,"+0.013",13,
364,1982,7,12,12,"12","5","derek-daly","williams","ford","goodyear","1:51.227",111227,,,,,,,"+2.690",2690,"+0.188",188,
364,1982,7,13,13,"13","26","jacques-laffite","ligier","matra","michelin","1:51.270",111270,,,,,,,"+2.733",2733,"+0.043",43,
364,1982,7,14,14,"14","2","riccardo-patrese","brabham","ford","goodyear","1:51.508",111508,,,,,,,"+2.971",2971,"+0.238",238,
364,1982,7,15,15,"15","16","rene-arnoux","renault","renault","michelin","1:51.514",111514,,,,,,,"+2.977",2977,"+0.006",6,
364,1982,7,16,16,"16","3","michele-alboreto","tyrrell","ford","goodyear","1:51.618",111618,,,,,,,"+3.081",3081,"+0.104",104,
364,1982,7,17,17,"17","7","john-watson","mclaren","ford","michelin","1:51.868",111868,,,,,,,"+3.331",3331,"+0.250",250,
364,1982,7,18,18,"18","17","jochen-mass","march","ford","avon","1:52.271",112271,,,,,,,"+3.734",3734,"+0.403",403,
364,1982,7,19,19,"19","29","marc-surer","arrows","ford","pirelli","1:52.316",112316,,,,,,,"+3.779",3779,"+0.045",45,
364,1982,7,20,20,"20","4","brian-henton","tyrrell","ford","goodyear","1:52.867",112867,,,,,,,"+4.330",4330,"+0.551",551,
364,1982,7,21,21,"21","18","raul-boesel","march","ford","avon","1:52.870",112870,,,,,,,"+4.333",4333,"+0.003",3,
364,1982,7,22,22,"22","31","jean-pierre-jarier","osella","ford","pirelli","1:52.988",112988,,,,,,,"+4.451",4451,"+0.118",118,
364,1982,7,23,23,"23","32","riccardo-paletti","osella","ford","pirelli","1:54.084",114084,,,,,,,"+5.547",5547,"+1.096",1096,
364,1982,7,24,24,"24","30","mauro-baldi","arrows","ford","pirelli","1:54.332",114332,,,,,,,"+5.795",5795,"+0.248",248,
364,1982,7,25,25,"25","10","eliseo-salazar","ats-wheels","ford","goodyear","1:55.633",115633,,,,,,,"+7.096",7096,"+1.301",1301,
364,1982,7,26,26,"26","20","chico-serra","fittipaldi","ford","pirelli","1:55.848",115848,,,,,,,"+7.311",7311,"+0.215",215,
364,1982,7,27,27,"27","19","emilio-de-villota","march","ford","avon","1:56.589",116589,,,,,,,"+8.052",8052,"+0.741",741,
364,1982,7,28,28,"28","1","nelson-piquet","brabham","bmw","goodyear","1:57.779",117779,,,,,,,"+9.242",9242,"+1.190",1190,
364,1982,7,29,29,"29","33","jan-lammers","theodore","ford","goodyear",,,,,,,,,,,,,
365,1982,8,1,1,"1","28","didier-pironi","ferrari","ferrari","goodyear","1:27.509",87509,,,,,,,,,,,
365,1982,8,2,2,"2","16","rene-arnoux","renault","renault","michelin","1:27.895",87895,,,,,,,"+0.386",386,"+0.386",386,
365,1982,8,3,3,"3","15","alain-prost","renault","renault","michelin","1:28.563",88563,,,,,,,"+1.054",1054,"+0.668",668,
365,1982,8,4,4,"4","1","nelson-piquet","brabham","bmw","goodyear","1:28.663",88663,,,,,,,"+1.154",1154,"+0.100",100,
365,1982,8,5,5,"5","23","bruno-giacomelli","alfa-romeo","alfa-romeo","michelin","1:28.740",88740,,,,,,,"+1.231",1231,"+0.077",77,
365,1982,8,6,6,"6","7","john-watson","mclaren","ford","michelin","1:28.822",88822,,,,,,,"+1.313",1313,"+0.082",82,
365,1982,8,7,7,"7","6","keke-rosberg","williams","ford","goodyear","1:28.874",88874,,,,,,,"+1.365",1365,"+0.052",52,
365,1982,8,8,8,"8","2","riccardo-patrese","brabham","ford","goodyear","1:28.999",88999,,,,,,,"+1.490",1490,"+0.125",125,
365,1982,8,9,9,"9","22","andrea-de-cesaris","alfa-romeo","alfa-romeo","michelin","1:29.183",89183,,,,,,,"+1.674",1674,"+0.184",184,
365,1982,8,10,10,"10","11","elio-de-angelis","lotus","ford","goodyear","1:29.228",89228,,,,,,,"+1.719",1719,"+0.045",45,
365,1982,8,11,11,"11","8","niki-lauda","mclaren","ford","michelin","1:29.544",89544,,,,,,,"+2.035",2035,"+0.316",316,
365,1982,8,12,12,"12","25","eddie-cheever","ligier","matra","michelin","1:29.590",89590,,,,,,,"+2.081",2081,"+0.046",46,
365,1982,8,13,13,"13","5","derek-daly","williams","ford","goodyear","1:29.883",89883,,,,,,,"+2.374",2374,"+0.293",293,
365,1982,8,14,14,"14","12","nigel-mansell","lotus","ford","goodyear","1:30.048",90048,,,,,,,"+2.539",2539,"+0.165",165,
365,1982,8,15,15,"15","3","michele-alboreto","tyrrell","ford","goodyear","1:30.146",90146,,,,,,,"+2.637",2637,"+0.098",98,
365,1982,8,16,16,"16","29","marc-surer","arrows","ford","pirelli","1:30.518",90518,,,,,,,"+3.009",3009,"+0.372",372,
365,1982,8,17,17,"17","30","mauro-baldi","arrows","ford","pirelli","1:30.599",90599,,,,,,,"+3.090",3090,"+0.081",81,
365,1982,8,18,18,"18","31","jean-pierre-jarier","osella","ford","pirelli","1:30.717",90717,,,,,,,"+3.208",3208,"+0.118",118,
365,1982,8,19,19,"19","26","jacques-laffite","ligier","matra","michelin","1:30.946",90946,,,,,,,"+3.437",3437,"+0.229",229,
365,1982,8,20,20,"20","14","roberto-guerrero","ensign","ford","pirelli","1:31.235",91235,,,,,,,"+3.726",3726,"+0.289",289,
365,1982,8,21,21,"21","18","raul-boesel","march","ford","avon","1:31.759",91759,,,,,,,"+4.250",4250,"+0.524",524,
365,1982,8,22,22,"22","17","jochen-mass","march","ford","avon","1:31.861",91861,,,,,,,"+4.352",4352,"+0.102",102,
365,1982,8,23,23,"23","32","riccardo-paletti","osella","ford","pirelli","1:31.901",91901,,,,,,,"+4.392",4392,"+0.040",40,
365,1982,8,24,24,"24","10","eliseo-salazar","ats-wheels","ford","goodyear","1:32.203",92203,,,,,,,"+4.694",4694,"+0.302",302,
365,1982,8,25,25,"25","33","geoff-lees","theodore","ford","goodyear","1:32.205",92205,,,,,,,"+4.696",4696,"+0.002",2,
365,1982,8,26,26,"26","4","brian-henton","tyrrell","ford","goodyear","1:32.325",92325,,,,,,,"+4.816",4816,"+0.120",120,
365,1982,8,27,27,"27","9","manfred-winkelhock","ats-wheels","ford","goodyear","1:32.359",92359,,,,,,,"+4.850",4850,"+0.034",34,
365,1982,8,28,28,"28","19","emilio-de-villota","march","ford","avon","1:34.045",94045,,,,,,,"+6.536",6536,"+1.686",1686,
365,1982,8,29,29,"29","20","chico-serra","fittipaldi","ford","pirelli","1:37.678",97678,,,,,,,"+10.169",10169,"+3.633",3633,
366,1982,9,1,1,"1","16","rene-arnoux","renault","renault","michelin","1:14.233",74233,,,,,,,,,,,
366,1982,9,2,2,"2","15","alain-prost","renault","renault","michelin","1:14.660",74660,,,,,,,"+0.427",427,"+0.427",427,
366,1982,9,3,3,"3","1","nelson-piquet","brabham","bmw","goodyear","1:14.723",74723,,,,,,,"+0.490",490,"+0.063",63,
366,1982,9,4,4,"4","28","didier-pironi","ferrari","ferrari","goodyear","1:15.825",75825,,,,,,,"+1.592",1592,"+1.102",1102,
366,1982,9,5,5,"5","8","niki-lauda","mclaren","ford","michelin","1:15.832",75832,,,,,,,"+1.599",1599,"+0.007",7,
366,1982,9,6,6,"6","27","patrick-tambay","ferrari","ferrari","goodyear","1:16.154",76154,,,,,,,"+1.921",1921,"+0.322",322,
366,1982,9,7,7,"7","6","keke-rosberg","williams","ford","goodyear","1:16.260",76260,,,,,,,"+2.027",2027,"+0.106",106,
366,1982,9,8,8,"8","23","bruno-giacomelli","alfa-romeo","alfa-romeo","michelin","1:16.513",76513,,,,,,,"+2.280",2280,"+0.253",253,
366,1982,9,9,9,"9","22","andrea-de-cesaris","alfa-romeo","alfa-romeo","michelin","1:16.576",76576,,,,,,,"+2.343",2343,"+0.063",63,
366,1982,9,10,10,"10","2","riccardo-patrese","brabham","bmw","goodyear","1:16.630",76630,,,,,,,"+2.397",2397,"+0.054",54,
366,1982,9,11,11,"11","7","john-watson","mclaren","ford","michelin","1:16.700",76700,,,,,,,"+2.467",2467,"+0.070",70,
366,1982,9,12,12,"12","5","derek-daly","williams","ford","goodyear","1:16.832",76832,,,,,,,"+2.599",2599,"+0.132",132,
366,1982,9,13,13,"13","35","derek-warwick","toleman","hart","pirelli","1:17.094",77094,,,,,,,"+2.861",2861,"+0.262",262,
366,1982,9,14,14,"14","3","michele-alboreto","tyrrell","ford","goodyear","1:17.237",77237,,,,,,,"+3.004",3004,"+0.143",143,
366,1982,9,15,15,"15","11","elio-de-angelis","lotus","ford","goodyear","1:17.620",77620,,,,,,,"+3.387",3387,"+0.383",383,
366,1982,9,16,16,"16","30","mauro-baldi","arrows","ford","pirelli","1:18.020",78020,,,,,,,"+3.787",3787,"+0.400",400,
366,1982,9,17,17,"17","29","marc-surer","arrows","ford","pirelli","1:18.296",78296,,,,,,,"+4.063",4063,"+0.276",276,
366,1982,9,18,18,"18","9","manfred-winkelhock","ats-wheels","ford","goodyear","1:18.352",78352,,,,,,,"+4.119",4119,"+0.056",56,
366,1982,9,19,19,"19","20","chico-serra","fittipaldi","ford","pirelli","1:18.438",78438,,,,,,,"+4.205",4205,"+0.086",86,
366,1982,9,20,20,"20","4","brian-henton","tyrrell","ford","goodyear","1:18.476",78476,,,,,,,"+4.243",4243,"+0.038",38,
366,1982,9,21,21,"21","26","jacques-laffite","ligier","matra","michelin","1:18.478",78478,,,,,,,"+4.245",4245,"+0.002",2,
366,1982,9,22,22,"22","18","raul-boesel","march","ford","avon","1:18.658",78658,,,,,,,"+4.425",4425,"+0.180",180,
366,1982,9,23,23,"23","31","jean-pierre-jarier","osella","ford","pirelli","1:18.953",78953,,,,,,,"+4.720",4720,"+0.295",295,
366,1982,9,24,24,"24","17","jochen-mass","march","ford","avon","1:19.083",79083,,,,,,,"+4.850",4850,"+0.130",130,
366,1982,9,25,25,"25","10","eliseo-salazar","ats-wheels","ford","goodyear","1:19.120",79120,,,,,,,"+4.887",4887,"+0.037",37,
366,1982,9,26,26,"26","33","jan-lammers","theodore","ford","goodyear","1:19.274",79274,,,,,,,"+5.041",5041,"+0.154",154,
366,1982,9,27,27,"27","14","roberto-guerrero","ensign","ford","pirelli","1:19.316",79316,,,,,,,"+5.083",5083,"+0.042",42,
366,1982,9,28,28,"28","36","teo-fabi","toleman","hart","pirelli","1:19.414",79414,,,,,,,"+5.181",5181,"+0.098",98,
366,1982,9,29,29,"29","25","eddie-cheever","ligier","matra","michelin","1:19.646",79646,,,,,,,"+5.413",5413,"+0.232",232,
366,1982,9,30,30,"30","12","roberto-moreno","lotus","ford","goodyear","1:21.149",81149,,,,,,,"+6.916",6916,"+1.503",1503,
367,1982,10,1,1,"1","6","keke-rosberg","williams","ford","goodyear","1:09.540",69540,,,,,,,,,,,
367,1982,10,2,2,"2","2","riccardo-patrese","brabham","bmw","goodyear","1:09.627",69627,,,,,,,"+0.087",87,"+0.087",87,
367,1982,10,3,3,"3","1","nelson-piquet","brabham","bmw","goodyear","1:10.060",70060,,,,,,,"+0.520",520,"+0.433",433,
367,1982,10,4,4,"4","28","didier-pironi","ferrari","ferrari","goodyear","1:10.066",70066,,,,,,,"+0.526",526,"+0.006",6,
367,1982,10,5,5,"5","8","niki-lauda","mclaren","ford","michelin","1:10.638",70638,,,,,,,"+1.098",1098,"+0.572",572,
367,1982,10,6,6,"6","16","rene-arnoux","renault","renault","michelin","1:10.641",70641,,,,,,,"+1.101",1101,"+0.003",3,
367,1982,10,7,7,"7","11","elio-de-angelis","lotus","ford","goodyear","1:10.650",70650,,,,,,,"+1.110",1110,"+0.009",9,
367,1982,10,8,8,"8","15","alain-prost","renault","renault","michelin","1:10.728",70728,,,,,,,"+1.188",1188,"+0.078",78,
367,1982,10,9,9,"9","3","michele-alboreto","tyrrell","ford","goodyear","1:10.892",70892,,,,,,,"+1.352",1352,"+0.164",164,
367,1982,10,10,10,"10","5","derek-daly","williams","ford","goodyear","1:10.980",70980,,,,,,,"+1.440",1440,"+0.088",88,
367,1982,10,11,11,"11","22","andrea-de-cesaris","alfa-romeo","alfa-romeo","michelin","1:11.347",71347,,,,,,,"+1.807",1807,"+0.367",367,
367,1982,10,12,12,"12","7","john-watson","mclaren","ford","michelin","1:11.418",71418,,,,,,,"+1.878",1878,"+0.071",71,
367,1982,10,13,13,"13","27","patrick-tambay","ferrari","ferrari","goodyear","1:11.430",71430,,,,,,,"+1.890",1890,"+0.012",12,
367,1982,10,14,14,"14","23","bruno-giacomelli","alfa-romeo","alfa-romeo","michelin","1:11.502",71502,,,,,,,"+1.962",1962,"+0.072",72,
367,1982,10,15,15,"15","36","teo-fabi","toleman","hart","pirelli","1:11.728",71728,,,,,,,"+2.188",2188,"+0.226",226,
367,1982,10,16,16,"16","35","derek-warwick","toleman","hart","pirelli","1:11.761",71761,,,,,,,"+2.221",2221,"+0.033",33,
367,1982,10,17,17,"17","4","brian-henton","tyrrell","ford","goodyear","1:12.080",72080,,,,,,,"+2.540",2540,"+0.319",319,
367,1982,10,18,18,"18","31","jean-pierre-jarier","osella","ford","pirelli","1:12.436",72436,,,,,,,"+2.896",2896,"+0.356",356,
367,1982,10,19,19,"19","14","roberto-guerrero","ensign","ford","pirelli","1:12.668",72668,,,,,,,"+3.128",3128,"+0.232",232,
367,1982,10,20,20,"20","26","jacques-laffite","ligier","matra","michelin","1:12.695",72695,,,,,,,"+3.155",3155,"+0.027",27,
367,1982,10,21,21,"21","20","chico-serra","fittipaldi","ford","pirelli","1:13.096",73096,,,,,,,"+3.556",3556,"+0.401",401,
367,1982,10,22,22,"22","29","marc-surer","arrows","ford","pirelli","1:13.181",73181,,,,,,,"+3.641",3641,"+0.085",85,
367,1982,10,23,23,"23","12","nigel-mansell","lotus","ford","goodyear","1:13.212",73212,,,,,,,"+3.672",3672,"+0.031",31,
367,1982,10,24,24,"24","25","eddie-cheever","ligier","matra","michelin","1:13.301",73301,,,,,,,"+3.761",3761,"+0.089",89,
367,1982,10,25,25,"25","17","jochen-mass","march","ford","avon","1:13.622",73622,,,,,,,"+4.082",4082,"+0.321",321,
367,1982,10,26,26,"26","30","mauro-baldi","arrows","ford","pirelli","1:13.721",73721,,,,,,,"+4.181",4181,"+0.099",99,
367,1982,10,27,27,"27","9","manfred-winkelhock","ats-wheels","ford","goodyear","1:13.741",73741,,,,,,,"+4.201",4201,"+0.020",20,
367,1982,10,28,28,"28","33","jan-lammers","theodore","ford","goodyear","1:13.815",73815,,,,,,,"+4.275",4275,"+0.074",74,
367,1982,10,29,29,"29","10","eliseo-salazar","ats-wheels","ford","goodyear","1:13.866",73866,,,,,,,"+4.326",4326,"+0.051",51,
367,1982,10,30,30,"30","18","raul-boesel","march","ford","avon","1:13.968",73968,,,,,,,"+4.428",4428,"+0.102",102,
368,1982,11,1,1,"1","16","rene-arnoux","renault","renault","michelin","1:34.406",94406,,,,,,,,,,,
368,1982,11,2,2,"2","15","alain-prost","renault","renault","michelin","1:34.688",94688,,,,,,,"+0.282",282,"+0.282",282,
368,1982,11,3,3,"3","28","didier-pironi","ferrari","ferrari","goodyear","1:35.790",95790,,,,,,,"+1.384",1384,"+1.102",1102,
368,1982,11,4,4,"4","2","riccardo-patrese","brabham","bmw","goodyear","1:35.811",95811,,,,,,,"+1.405",1405,"+0.021",21,
368,1982,11,5,5,"5","27","patrick-tambay","ferrari","ferrari","goodyear","1:35.905",95905,,,,,,,"+1.499",1499,"+0.094",94,
368,1982,11,6,6,"6","1","nelson-piquet","brabham","bmw","goodyear","1:36.359",96359,,,,,,,"+1.953",1953,"+0.454",454,
368,1982,11,7,7,"7","22","andrea-de-cesaris","alfa-romeo","alfa-romeo","michelin","1:37.573",97573,,,,,,,"+3.167",3167,"+1.214",1214,
368,1982,11,8,8,"8","23","bruno-giacomelli","alfa-romeo","alfa-romeo","michelin","1:37.705",97705,,,,,,,"+3.299",3299,"+0.132",132,
368,1982,11,9,9,"9","8","niki-lauda","mclaren","ford","michelin","1:37.778",97778,,,,,,,"+3.372",3372,"+0.073",73,
368,1982,11,10,10,"10","6","keke-rosberg","williams","ford","goodyear","1:37.780",97780,,,,,,,"+3.374",3374,"+0.002",2,
368,1982,11,11,11,"11","5","derek-daly","williams","ford","goodyear","1:38.767",98767,,,,,,,"+4.361",4361,"+0.987",987,
368,1982,11,12,12,"12","7","john-watson","mclaren","ford","michelin","1:38.944",98944,,,,,,,"+4.538",4538,"+0.177",177,
368,1982,11,13,13,"13","11","elio-de-angelis","lotus","ford","goodyear","1:39.118",99118,,,,,,,"+4.712",4712,"+0.174",174,
368,1982,11,14,14,"14","35","derek-warwick","toleman","hart","pirelli","1:39.306",99306,,,,,,,"+4.900",4900,"+0.188",188,
368,1982,11,15,15,"15","3","michele-alboreto","tyrrell","ford","goodyear","1:39.330",99330,,,,,,,"+4.924",4924,"+0.024",24,
368,1982,11,16,16,"16","26","jacques-laffite","ligier","matra","michelin","1:39.605",99605,,,,,,,"+5.199",5199,"+0.275",275,
368,1982,11,17,17,"17","31","jean-pierre-jarier","osella","ford","pirelli","1:39.909",99909,,,,,,,"+5.503",5503,"+0.304",304,
368,1982,11,18,18,"18","9","manfred-winkelhock","ats-wheels","ford","goodyear","1:39.917",99917,,,,,,,"+5.511",5511,"+0.008",8,
368,1982,11,19,19,"19","25","eddie-cheever","ligier","matra","michelin","1:40.187",100187,,,,,,,"+5.781",5781,"+0.270",270,
368,1982,11,20,20,"20","29","marc-surer","arrows","ford","pirelli","1:40.335",100335,,,,,,,"+5.929",5929,"+0.148",148,
368,1982,11,21,21,"21","36","teo-fabi","toleman","hart","pirelli","1:40.421",100421,,,,,,,"+6.015",6015,"+0.086",86,
368,1982,11,22,22,"22","10","eliseo-salazar","ats-wheels","ford","goodyear","1:40.673",100673,,,,,,,"+6.267",6267,"+0.252",252,
368,1982,11,23,23,"23","4","brian-henton","tyrrell","ford","goodyear","1:40.852",100852,,,,,,,"+6.446",6446,"+0.179",179,
368,1982,11,24,24,"24","12","geoff-lees","lotus","ford","goodyear","1:40.974",100974,,,,,,,"+6.568",6568,"+0.122",122,
368,1982,11,25,25,"25","30","mauro-baldi","arrows","ford","pirelli","1:40.997",100997,,,,,,,"+6.591",6591,"+0.023",23,
368,1982,11,26,26,"26","17","jochen-mass","march","ford","avon","1:41.579",101579,,,,,,,"+7.173",7173,"+0.582",582,
368,1982,11,27,27,"27","33","jan-lammers","theodore","ford","goodyear","1:41.714",101714,,,,,,,"+7.308",7308,"+0.135",135,
368,1982,11,28,28,"28","14","roberto-guerrero","ensign","ford","pirelli","1:42.270",102270,,,,,,,"+7.864",7864,"+0.556",556,
368,1982,11,29,29,"29","20","chico-serra","fittipaldi","ford","pirelli","1:42.414",102414,,,,,,,"+8.008",8008,"+0.144",144,
368,1982,11,30,30,"30","18","raul-boesel","march","ford","avon","1:43.099",103099,,,,,,,"+8.693",8693,"+0.685",685,
369,1982,12,1,1,"1","28","didier-pironi","ferrari","ferrari","goodyear","1:47.947",107947,,,,,,,,,,,
369,1982,12,2,2,"2","15","alain-prost","renault","renault","michelin","1:48.890",108890,,,,,,,"+0.943",943,"+0.943",943,
369,1982,12,3,3,"3","16","rene-arnoux","renault","renault","michelin","1:49.256",109256,,,,,,,"+1.309",1309,"+0.366",366,
369,1982,12,4,4,"4","1","nelson-piquet","brabham","bmw","goodyear","1:49.415",109415,,,,,,,"+1.468",1468,"+0.159",159,
369,1982,12,5,5,"5","27","patrick-tambay","ferrari","ferrari","goodyear","1:49.570",109570,,,,,,,"+1.623",1623,"+0.155",155,
369,1982,12,6,6,"6","2","riccardo-patrese","brabham","bmw","goodyear","1:49.760",109760,,,,,,,"+1.813",1813,"+0.190",190,
369,1982,12,7,7,"7","3","michele-alboreto","tyrrell","ford","goodyear","1:52.625",112625,,,,,,,"+4.678",4678,"+2.865",2865,
369,1982,12,8,8,"8","8","niki-lauda","mclaren","ford","michelin","1:52.683",112683,,,,,,,"+4.736",4736,"+0.058",58,
369,1982,12,9,9,"9","22","andrea-de-cesaris","alfa-romeo","alfa-romeo","michelin","1:52.786",112786,,,,,,,"+4.839",4839,"+0.103",103,
369,1982,12,10,10,"10","6","keke-rosberg","williams","ford","goodyear","1:52.892",112892,,,,,,,"+4.945",4945,"+0.106",106,
369,1982,12,11,11,"11","7","john-watson","mclaren","ford","michelin","1:53.073",113073,,,,,,,"+5.126",5126,"+0.181",181,
369,1982,12,12,12,"12","23","bruno-giacomelli","alfa-romeo","alfa-romeo","michelin","1:53.887",113887,,,,,,,"+5.940",5940,"+0.814",814,
369,1982,12,13,13,"13","25","eddie-cheever","ligier","matra","michelin","1:54.211",114211,,,,,,,"+6.264",6264,"+0.324",324,
369,1982,12,14,14,"14","11","elio-de-angelis","lotus","ford","goodyear","1:54.476",114476,,,,,,,"+6.529",6529,"+0.265",265,
369,1982,12,15,15,"15","35","derek-warwick","toleman","hart","pirelli","1:54.594",114594,,,,,,,"+6.647",6647,"+0.118",118,
369,1982,12,16,16,"16","26","jacques-laffite","ligier","matra","michelin","1:54.982",114982,,,,,,,"+7.035",7035,"+0.388",388,
369,1982,12,17,17,"17","9","manfred-winkelhock","ats-wheels","ford","goodyear","1:55.223",115223,,,,,,,"+7.276",7276,"+0.241",241,
369,1982,12,18,18,"18","4","brian-henton","tyrrell","ford","goodyear","1:55.474",115474,,,,,,,"+7.527",7527,"+0.251",251,
369,1982,12,19,19,"19","12","nigel-mansell","lotus","ford","goodyear","1:55.866",115866,,,,,,,"+7.919",7919,"+0.392",392,
369,1982,12,20,20,"20","5","derek-daly","williams","ford","goodyear","1:55.876",115876,,,,,,,"+7.929",7929,"+0.010",10,
369,1982,12,21,21,"21","31","jean-pierre-jarier","osella","ford","pirelli","1:56.250",116250,,,,,,,"+8.303",8303,"+0.374",374,
369,1982,12,22,22,"22","14","roberto-guerrero","ensign","ford","pirelli","1:56.489",116489,,,,,,,"+8.542",8542,"+0.239",239,
369,1982,12,23,23,"23","10","eliseo-salazar","ats-wheels","ford","goodyear","1:56.537",116537,,,,,,,"+8.590",8590,"+0.048",48,
369,1982,12,24,24,"24","30","mauro-baldi","arrows","ford","pirelli","1:56.680",116680,,,,,,,"+8.733",8733,"+0.143",143,
369,1982,12,25,25,"25","18","raul-boesel","march","ford","avon","1:57.245",117245,,,,,,,"+9.298",9298,"+0.565",565,
369,1982,12,26,26,"26","20","chico-serra","fittipaldi","ford","pirelli","1:57.337",117337,,,,,,,"+9.390",9390,"+0.092",92,
369,1982,12,27,27,"27","29","marc-surer","arrows","ford","pirelli","1:57.402",117402,,,,,,,"+9.455",9455,"+0.065",65,
369,1982,12,28,28,"28","33","tommy-byrne","theodore","ford","goodyear","1:59.007",119007,,,,,,,"+11.060",11060,"+1.605",1605,
369,1982,12,29,29,"29","17","rupert-keegan","march","ford","avon","1:59.951",119951,,,,,,,"+12.004",12004,"+0.944",944,
369,1982,12,30,30,"30","36","teo-fabi","toleman","hart","pirelli",,,,,,,,,,,,,
370,1982,13,1,1,"1","1","nelson-piquet","brabham","bmw","goodyear","1:27.612",87612,,,,,,,,,,,
370,1982,13,2,2,"2","2","riccardo-patrese","brabham","bmw","goodyear","1:27.971",87971,,,,,,,"+0.359",359,"+0.359",359,
370,1982,13,3,3,"3","15","alain-prost","renault","renault","michelin","1:28.864",88864,,,,,,,"+1.252",1252,"+0.893",893,
370,1982,13,4,4,"4","27","patrick-tambay","ferrari","ferrari","goodyear","1:29.522",89522,,,,,,,"+1.910",1910,"+0.658",658,
370,1982,13,5,5,"5","16","rene-arnoux","renault","renault","michelin","1:30.261",90261,,,,,,,"+2.649",2649,"+0.739",739,
370,1982,13,6,6,"6","6","keke-rosberg","williams","ford","goodyear","1:30.300",90300,,,,,,,"+2.688",2688,"+0.039",39,
370,1982,13,7,7,"7","11","elio-de-angelis","lotus","ford","goodyear","1:31.626",91626,,,,,,,"+4.014",4014,"+1.326",1326,
370,1982,13,8,8,"8","3","michele-alboreto","tyrrell","ford","goodyear","1:31.814",91814,,,,,,,"+4.202",4202,"+0.188",188,
370,1982,13,9,9,"9","5","derek-daly","williams","ford","goodyear","1:32.062",92062,,,,,,,"+4.450",4450,"+0.248",248,
370,1982,13,10,10,"10","8","niki-lauda","mclaren","ford","michelin","1:32.131",92131,,,,,,,"+4.519",4519,"+0.069",69,
370,1982,13,11,11,"11","22","andrea-de-cesaris","alfa-romeo","alfa-romeo","michelin","1:32.308",92308,,,,,,,"+4.696",4696,"+0.177",177,
370,1982,13,12,12,"12","12","nigel-mansell","lotus","ford","goodyear","1:32.881",92881,,,,,,,"+5.269",5269,"+0.573",573,
370,1982,13,13,13,"13","23","bruno-giacomelli","alfa-romeo","alfa-romeo","michelin","1:32.950",92950,,,,,,,"+5.338",5338,"+0.069",69,
370,1982,13,14,14,"14","26","jacques-laffite","ligier","matra","michelin","1:32.957",92957,,,,,,,"+5.345",5345,"+0.007",7,
370,1982,13,15,15,"15","35","derek-warwick","toleman","hart","pirelli","1:33.208",93208,,,,,,,"+5.596",5596,"+0.251",251,
370,1982,13,16,16,"16","14","roberto-guerrero","ensign","ford","pirelli","1:33.555",93555,,,,,,,"+5.943",5943,"+0.347",347,
370,1982,13,17,17,"17","36","teo-fabi","toleman","hart","pirelli","1:33.971",93971,,,,,,,"+6.359",6359,"+0.416",416,
370,1982,13,18,18,"18","7","john-watson","mclaren","ford","michelin","1:34.164",94164,,,,,,,"+6.552",6552,"+0.193",193,
370,1982,13,19,19,"19","4","brian-henton","tyrrell","ford","goodyear","1:34.184",94184,,,,,,,"+6.572",6572,"+0.020",20,
370,1982,13,20,20,"20","20","chico-serra","fittipaldi","ford","pirelli","1:34.187",94187,,,,,,,"+6.575",6575,"+0.003",3,
370,1982,13,21,21,"21","29","marc-surer","arrows","ford","pirelli","1:34.422",94422,,,,,,,"+6.810",6810,"+0.235",235,
370,1982,13,22,22,"22","25","eddie-cheever","ligier","matra","michelin","1:34.620",94620,,,,,,,"+7.008",7008,"+0.198",198,
370,1982,13,23,23,"23","30","mauro-baldi","arrows","ford","pirelli","1:34.715",94715,,,,,,,"+7.103",7103,"+0.095",95,
370,1982,13,24,24,"24","17","rupert-keegan","march","ford","avon","1:34.770",94770,,,,,,,"+7.158",7158,"+0.055",55,
370,1982,13,25,25,"25","9","manfred-winkelhock","ats-wheels","ford","goodyear","1:34.984",94984,,,,,,,"+7.372",7372,"+0.214",214,
370,1982,13,26,26,"26","33","tommy-byrne","theodore","ford","goodyear","1:34.985",94985,,,,,,,"+7.373",7373,"+0.001",1,
370,1982,13,27,27,"27","18","raul-boesel","march","ford","avon","1:35.149",95149,,,,,,,"+7.537",7537,"+0.164",164,
370,1982,13,28,28,"28","31","jean-pierre-jarier","osella","ford","pirelli","1:35.206",95206,,,,,,,"+7.594",7594,"+0.057",57,
370,1982,13,29,29,"29","10","eliseo-salazar","ats-wheels","ford","goodyear","1:35.271",95271,,,,,,,"+7.659",7659,"+0.065",65,
371,1982,14,1,1,"1","15","alain-prost","renault","renault","michelin","1:01.380",61380,,,,,,,,,,,
371,1982,14,2,2,"2","16","rene-arnoux","renault","renault","michelin","1:01.740",61740,,,,,,,"+0.360",360,"+0.360",360,
371,1982,14,3,3,"3","2","riccardo-patrese","brabham","bmw","goodyear","1:02.710",62710,,,,,,,"+1.330",1330,"+0.970",970,
371,1982,14,4,4,"4","8","niki-lauda","mclaren","ford","michelin","1:02.984",62984,,,,,,,"+1.604",1604,"+0.274",274,
371,1982,14,5,5,"5","22","andrea-de-cesaris","alfa-romeo","alfa-romeo","michelin","1:03.023",63023,,,,,,,"+1.643",1643,"+0.039",39,
371,1982,14,6,6,"6","1","nelson-piquet","brabham","bmw","goodyear","1:03.183",63183,,,,,,,"+1.803",1803,"+0.160",160,
371,1982,14,7,7,"7","5","derek-daly","williams","ford","goodyear","1:03.291",63291,,,,,,,"+1.911",1911,"+0.108",108,
371,1982,14,8,8,"8","6","keke-rosberg","williams","ford","goodyear","1:03.589",63589,,,,,,,"+2.209",2209,"+0.298",298,
371,1982,14,9,9,"9","23","bruno-giacomelli","alfa-romeo","alfa-romeo","michelin","1:03.776",63776,,,,,,,"+2.396",2396,"+0.187",187,
371,1982,14,10,10,"10","27","patrick-tambay","ferrari","ferrari","goodyear","1:03.896",63896,,,,,,,"+2.516",2516,"+0.120",120,
371,1982,14,11,11,"11","7","john-watson","mclaren","ford","michelin","1:03.995",63995,,,,,,,"+2.615",2615,"+0.099",99,
371,1982,14,12,12,"12","3","michele-alboreto","tyrrell","ford","goodyear","1:04.069",64069,,,,,,,"+2.689",2689,"+0.074",74,
371,1982,14,13,13,"13","26","jacques-laffite","ligier","matra","michelin","1:04.087",64087,,,,,,,"+2.707",2707,"+0.018",18,
371,1982,14,14,14,"14","29","marc-surer","arrows","ford","pirelli","1:04.928",64928,,,,,,,"+3.548",3548,"+0.841",841,
371,1982,14,15,15,"15","11","elio-de-angelis","lotus","ford","goodyear","1:04.967",64967,,,,,,,"+3.587",3587,"+0.039",39,
371,1982,14,16,16,"16","25","eddie-cheever","ligier","matra","michelin","1:05.001",65001,,,,,,,"+3.621",3621,"+0.034",34,
371,1982,14,17,17,"17","31","jean-pierre-jarier","osella","ford","pirelli","1:05.179",65179,,,,,,,"+3.799",3799,"+0.178",178,
371,1982,14,18,18,"18","4","brian-henton","tyrrell","ford","goodyear","1:05.391",65391,,,,,,,"+4.011",4011,"+0.212",212,
371,1982,14,19,19,"19","14","roberto-guerrero","ensign","ford","pirelli","1:05.395",65395,,,,,,,"+4.015",4015,"+0.004",4,
371,1982,14,20,20,"20","9","manfred-winkelhock","ats-wheels","ford","goodyear","1:05.451",65451,,,,,,,"+4.071",4071,"+0.056",56,
371,1982,14,21,21,"21","35","derek-warwick","toleman","hart","pirelli","1:05.877",65877,,,,,,,"+4.497",4497,"+0.426",426,
371,1982,14,22,22,"22","17","rupert-keegan","march","ford","avon","1:06.011",66011,,,,,,,"+4.631",4631,"+0.134",134,
371,1982,14,23,23,"23","36","teo-fabi","toleman","hart","pirelli","1:06.017",66017,,,,,,,"+4.637",4637,"+0.006",6,
371,1982,14,24,24,"24","18","raul-boesel","march","ford","avon","1:06.136",66136,,,,,,,"+4.756",4756,"+0.119",119,
371,1982,14,25,25,"25","10","eliseo-salazar","ats-wheels","ford","goodyear","1:06.168",66168,,,,,,,"+4.788",4788,"+0.032",32,
371,1982,14,26,26,"26","12","nigel-mansell","lotus","ford","goodyear","1:06.211",66211,,,,,,,"+4.831",4831,"+0.043",43,
371,1982,14,27,27,"27","20","chico-serra","fittipaldi","ford","pirelli","1:06.339",66339,,,,,,,"+4.959",4959,"+0.128",128,
371,1982,14,28,28,"28","33","tommy-byrne","theodore","ford","goodyear","1:06.990",66990,,,,,,,"+5.610",5610,"+0.651",651,
371,1982,14,29,29,"29","30","mauro-baldi","arrows","ford","pirelli","1:07.836",67836,,,,,,,"+6.456",6456,"+0.846",846,
372,1982,15,1,1,"1","28","mario-andretti","ferrari","ferrari","goodyear","1:28.473",88473,,,,,,,,,,,
372,1982,15,2,2,"2","1","nelson-piquet","brabham","bmw","goodyear","1:28.508",88508,,,,,,,"+0.035",35,"+0.035",35,
372,1982,15,3,3,"3","27","patrick-tambay","ferrari","ferrari","goodyear","1:28.830",88830,,,,,,,"+0.357",357,"+0.322",322,
372,1982,15,4,4,"4","2","riccardo-patrese","brabham","bmw","goodyear","1:29.898",89898,,,,,,,"+1.425",1425,"+1.068",1068,
372,1982,15,5,5,"5","15","alain-prost","renault","renault","michelin","1:30.026",90026,,,,,,,"+1.553",1553,"+0.128",128,
372,1982,15,6,6,"6","16","rene-arnoux","renault","renault","michelin","1:30.097",90097,,,,,,,"+1.624",1624,"+0.071",71,
372,1982,15,7,7,"7","6","keke-rosberg","williams","ford","goodyear","1:31.834",91834,,,,,,,"+3.361",3361,"+1.737",1737,
372,1982,15,8,8,"8","23","bruno-giacomelli","alfa-romeo","alfa-romeo","michelin","1:32.352",92352,,,,,,,"+3.879",3879,"+0.518",518,
372,1982,15,9,9,"9","22","andrea-de-cesaris","alfa-romeo","alfa-romeo","michelin","1:32.546",92546,,,,,,,"+4.073",4073,"+0.194",194,
372,1982,15,10,10,"10","8","niki-lauda","mclaren","ford","michelin","1:32.782",92782,,,,,,,"+4.309",4309,"+0.236",236,
372,1982,15,11,11,"11","3","michele-alboreto","tyrrell","ford","goodyear","1:33.134",93134,,,,,,,"+4.661",4661,"+0.352",352,
372,1982,15,12,12,"12","7","john-watson","mclaren","ford","michelin","1:33.185",93185,,,,,,,"+4.712",4712,"+0.051",51,
372,1982,15,13,13,"13","5","derek-daly","williams","ford","goodyear","1:33.333",93333,,,,,,,"+4.860",4860,"+0.148",148,
372,1982,15,14,14,"14","25","eddie-cheever","ligier","matra","michelin","1:33.377",93377,,,,,,,"+4.904",4904,"+0.044",44,
372,1982,15,15,15,"15","31","jean-pierre-jarier","osella","ford","pirelli","1:33.531",93531,,,,,,,"+5.058",5058,"+0.154",154,
372,1982,15,16,16,"16","35","derek-warwick","toleman","hart","pirelli","1:33.628",93628,,,,,,,"+5.155",5155,"+0.097",97,
372,1982,15,17,17,"17","11","elio-de-angelis","lotus","ford","goodyear","1:33.629",93629,,,,,,,"+5.156",5156,"+0.001",1,
372,1982,15,18,18,"18","14","roberto-guerrero","ensign","ford","pirelli","1:34.058",94058,,,,,,,"+5.585",5585,"+0.429",429,
372,1982,15,19,19,"19","29","marc-surer","arrows","ford","pirelli","1:34.343",94343,,,,,,,"+5.870",5870,"+0.285",285,
372,1982,15,20,20,"20","4","brian-henton","tyrrell","ford","goodyear","1:34.379",94379,,,,,,,"+5.906",5906,"+0.036",36,
372,1982,15,21,21,"21","26","jacques-laffite","ligier","matra","michelin","1:34.659",94659,,,,,,,"+6.186",6186,"+0.280",280,
372,1982,15,22,22,"22","36","teo-fabi","toleman","hart","pirelli","1:34.780",94780,,,,,,,"+6.307",6307,"+0.121",121,
372,1982,15,23,23,"23","12","nigel-mansell","lotus","ford","goodyear","1:34.964",94964,,,,,,,"+6.491",6491,"+0.184",184,
372,1982,15,24,24,"24","30","mauro-baldi","arrows","ford","pirelli","1:34.977",94977,,,,,,,"+6.504",6504,"+0.013",13,
372,1982,15,25,25,"25","10","eliseo-salazar","ats-wheels","ford","goodyear","1:34.991",94991,,,,,,,"+6.518",6518,"+0.014",14,
372,1982,15,26,26,"26","20","chico-serra","fittipaldi","ford","pirelli","1:35.230",95230,,,,,,,"+6.757",6757,"+0.239",239,
372,1982,15,27,27,"27","17","rupert-keegan","march","ford","pirelli","1:35.323",95323,,,,,,,"+6.850",6850,"+0.093",93,
372,1982,15,28,28,"28","9","manfred-winkelhock","ats-wheels","ford","goodyear","1:35.701",95701,,,,,,,"+7.228",7228,"+0.378",378,
372,1982,15,29,29,"29","18","raul-boesel","march","ford","pirelli","1:35.747",95747,,,,,,,"+7.274",7274,"+0.046",46,
372,1982,15,30,30,"30","33","tommy-byrne","theodore","ford","goodyear","1:36.032",96032,,,,,,,"+7.559",7559,"+0.285",285,
373,1982,16,1,1,"1","15","alain-prost","renault","renault","michelin","1:16.356",76356,,,,,,,,,,,
373,1982,16,2,2,"2","16","rene-arnoux","renault","renault","michelin","1:16.786",76786,,,,,,,"+0.430",430,"+0.430",430,
373,1982,16,3,3,"3","3","michele-alboreto","tyrrell","ford","goodyear","1:17.646",77646,,,,,,,"+1.290",1290,"+0.860",860,
373,1982,16,4,4,"4","25","eddie-cheever","ligier","matra","michelin","1:17.683",77683,,,,,,,"+1.327",1327,"+0.037",37,
373,1982,16,5,5,"5","2","riccardo-patrese","brabham","bmw","goodyear","1:17.772",77772,,,,,,,"+1.416",1416,"+0.089",89,
373,1982,16,6,6,"6","6","keke-rosberg","williams","ford","goodyear","1:17.886",77886,,,,,,,"+1.530",1530,"+0.114",114,
373,1982,16,7,7,"7","28","mario-andretti","ferrari","ferrari","goodyear","1:17.921",77921,,,,,,,"+1.565",1565,"+0.035",35,
373,1982,16,8,8,"8","27","patrick-tambay","ferrari","ferrari","goodyear","1:17.958",77958,,,,,,,"+1.602",1602,"+0.037",37,
373,1982,16,9,9,"9","7","john-watson","mclaren","ford","michelin","1:17.986",77986,,,,,,,"+1.630",1630,"+0.028",28,
373,1982,16,10,10,"10","35","derek-warwick","toleman","hart","pirelli","1:18.012",78012,,,,,,,"+1.656",1656,"+0.026",26,
373,1982,16,11,11,"11","26","jacques-laffite","ligier","matra","michelin","1:18.056",78056,,,,,,,"+1.700",1700,"+0.044",44,
373,1982,16,12,12,"12","1","nelson-piquet","brabham","bmw","goodyear","1:18.275",78275,,,,,,,"+1.919",1919,"+0.219",219,
373,1982,16,13,13,"13","8","niki-lauda","mclaren","ford","michelin","1:18.333",78333,,,,,,,"+1.977",1977,"+0.058",58,
373,1982,16,14,14,"14","5","derek-daly","williams","ford","goodyear","1:18.418",78418,,,,,,,"+2.062",2062,"+0.085",85,
373,1982,16,15,15,"15","14","roberto-guerrero","ensign","ford","pirelli","1:18.496",78496,,,,,,,"+2.140",2140,"+0.078",78,
373,1982,16,16,16,"16","23","bruno-giacomelli","alfa-romeo","alfa-romeo","michelin","1:18.622",78622,,,,,,,"+2.266",2266,"+0.126",126,
373,1982,16,17,17,"17","29","marc-surer","arrows","ford","pirelli","1:18.734",78734,,,,,,,"+2.378",2378,"+0.112",112,
373,1982,16,18,18,"18","22","andrea-de-cesaris","alfa-romeo","alfa-romeo","michelin","1:18.761",78761,,,,,,,"+2.405",2405,"+0.027",27,
373,1982,16,19,19,"19","4","brian-henton","tyrrell","ford","goodyear","1:18.765",78765,,,,,,,"+2.409",2409,"+0.004",4,
373,1982,16,20,20,"20","31","jean-pierre-jarier","osella","ford","pirelli","1:19.222",79222,,,,,,,"+2.866",2866,"+0.457",457,
373,1982,16,21,21,"21","11","elio-de-angelis","lotus","ford","goodyear","1:19.302",79302,,,,,,,"+2.946",2946,"+0.080",80,
373,1982,16,22,22,"22","12","nigel-mansell","lotus","ford","goodyear","1:19.439",79439,,,,,,,"+3.083",3083,"+0.137",137,
373,1982,16,23,23,"23","9","manfred-winkelhock","ats-wheels","ford","goodyear","1:19.767",79767,,,,,,,"+3.411",3411,"+0.328",328,
373,1982,16,24,24,"24","30","mauro-baldi","arrows","ford","pirelli","1:20.271",80271,,,,,,,"+3.915",3915,"+0.504",504,
373,1982,16,25,25,"25","18","raul-boesel","march","ford","pirelli","1:20.766",80766,,,,,,,"+4.410",4410,"+0.495",495,
373,1982,16,26,26,"26","17","rupert-keegan","march","ford","pirelli","1:21.180",81180,,,,,,,"+4.824",4824,"+0.414",414,
373,1982,16,27,27,"27","33","tommy-byrne","theodore","ford","goodyear","1:21.555",81555,,,,,,,"+5.199",5199,"+0.375",375,
373,1982,16,28,28,"28","36","teo-fabi","toleman","hart","pirelli","1:21.569",81569,,,,,,,"+5.213",5213,"+0.014",14,
373,1982,16,29,29,"29","10","eliseo-salazar","ats-wheels","ford","goodyear","1:21.583",81583,,,,,,,"+5.227",5227,"+0.014",14,
373,1982,16,30,30,"30","20","chico-serra","fittipaldi","ford","pirelli","1:22.387",82387,,,,,,,"+6.031",6031,"+0.804",804,
374,1983,1,1,1,"1","1","keke-rosberg","williams","ford","goodyear","1:34.526",94526,,,,,,,,,,,
374,1983,1,2,2,"2","15","alain-prost","renault","renault","michelin","1:34.672",94672,,,,,,,"+0.146",146,"+0.146",146,
374,1983,1,3,3,"3","27","patrick-tambay","ferrari","ferrari","goodyear","1:34.758",94758,,,,,,,"+0.232",232,"+0.086",86,
374,1983,1,4,4,"4","5","nelson-piquet","brabham","bmw","michelin","1:35.114",95114,,,,,,,"+0.588",588,"+0.356",356,
374,1983,1,5,5,"5","35","derek-warwick","toleman","hart","pirelli","1:35.206",95206,,,,,,,"+0.680",680,"+0.092",92,
374,1983,1,6,6,"6","28","rene-arnoux","ferrari","ferrari","goodyear","1:35.547",95547,,,,,,,"+1.021",1021,"+0.341",341,
374,1983,1,7,7,"7","6","riccardo-patrese","brabham","bmw","michelin","1:35.958",95958,,,,,,,"+1.432",1432,"+0.411",411,
374,1983,1,8,8,"8","16","eddie-cheever","renault","renault","michelin","1:36.051",96051,,,,,,,"+1.525",1525,"+0.093",93,
374,1983,1,9,9,"9","8","niki-lauda","mclaren","ford","michelin","1:36.054",96054,,,,,,,"+1.528",1528,"+0.003",3,
374,1983,1,10,10,"10","23","mauro-baldi","alfa-romeo","alfa-romeo","michelin","1:36.126",96126,,,,,,,"+1.600",1600,"+0.072",72,
374,1983,1,11,11,"11","3","michele-alboreto","tyrrell","ford","goodyear","1:36.291",96291,,,,,,,"+1.765",1765,"+0.165",165,
374,1983,1,12,12,"12","25","jean-pierre-jarier","ligier","ford","michelin","1:36.393",96393,,,,,,,"+1.867",1867,"+0.102",102,
374,1983,1,13,13,"13","11","elio-de-angelis","lotus","ford","pirelli","1:36.454",96454,,,,,,,"+1.928",1928,"+0.061",61,
374,1983,1,14,14,"14","33","roberto-guerrero","theodore","ford","goodyear","1:36.694",96694,,,,,,,"+2.168",2168,"+0.240",240,
374,1983,1,15,15,"15","36","bruno-giacomelli","toleman","hart","pirelli","1:36.747",96747,,,,,,,"+2.221",2221,"+0.053",53,
374,1983,1,16,16,"16","7","john-watson","mclaren","ford","michelin","1:36.977",96977,,,,,,,"+2.451",2451,"+0.230",230,
374,1983,1,17,17,"17","26","raul-boesel","ligier","ford","michelin","1:37.729",97729,,,,,,,"+3.203",3203,"+0.752",752,
374,1983,1,18,18,"18","2","jacques-laffite","williams","ford","goodyear","1:38.234",98234,,,,,,,"+3.708",3708,"+0.505",505,
374,1983,1,19,19,"19","34","johnny-cecotto","theodore","ford","goodyear","1:38.378",98378,,,,,,,"+3.852",3852,"+0.144",144,
374,1983,1,20,20,"20","29","marc-surer","arrows","ford","goodyear","1:38.468",98468,,,,,,,"+3.942",3942,"+0.090",90,
374,1983,1,21,21,"21","4","danny-sullivan","tyrrell","ford","goodyear","1:38.686",98686,,,,,,,"+4.160",4160,"+0.218",218,
374,1983,1,22,22,"22","12","nigel-mansell","lotus","ford","pirelli","1:39.154",99154,,,,,,,"+4.628",4628,"+0.468",468,
374,1983,1,23,23,"23","30","chico-serra","arrows","ford","goodyear","1:39.965",99965,,,,,,,"+5.439",5439,"+0.811",811,
374,1983,1,24,24,"24","31","corrado-fabi","osella","ford","michelin","1:40.309",100309,,,,,,,"+5.783",5783,"+0.344",344,
374,1983,1,25,25,"25","9","manfred-winkelhock","ats-wheels","bmw","goodyear","1:41.153",101153,,,,,,,"+6.627",6627,"+0.844",844,
374,1983,1,26,26,"26","17","eliseo-salazar","ram","ford","pirelli","1:41.478",101478,,,,,,,"+6.952",6952,"+0.325",325,
374,1983,1,27,27,"27","32","piercarlo-ghinzani","osella","ford","michelin","1:42.267",102267,,,,,,,"+7.741",7741,"+0.789",789,
374,1983,1,28,,"EX","22","andrea-de-cesaris","alfa-romeo","alfa-romeo","michelin",,,,,,,,,,,,,
375,1983,2,1,1,"1","27","patrick-tambay","ferrari","ferrari","goodyear","1:26.117",86117,,,,,,,,,,,
375,1983,2,2,2,"2","28","rene-arnoux","ferrari","ferrari","goodyear","1:26.935",86935,,,,,,,"+0.818",818,"+0.818",818,
375,1983,2,3,3,"3","1","keke-rosberg","williams","ford","goodyear","1:27.145",87145,,,,,,,"+1.028",1028,"+0.210",210,
375,1983,2,4,4,"4","2","jacques-laffite","williams","ford","goodyear","1:27.818",87818,,,,,,,"+1.701",1701,"+0.673",673,
375,1983,2,5,5,"5","11","elio-de-angelis","lotus","renault","pirelli","1:27.982",87982,,,,,,,"+1.865",1865,"+0.164",164,
375,1983,2,6,6,"6","35","derek-warwick","toleman","hart","pirelli","1:28.130",88130,,,,,,,"+2.013",2013,"+0.148",148,
375,1983,2,7,7,"7","3","michele-alboreto","tyrrell","ford","goodyear","1:28.425",88425,,,,,,,"+2.308",2308,"+0.295",295,
375,1983,2,8,8,"8","15","alain-prost","renault","renault","michelin","1:28.558",88558,,,,,,,"+2.441",2441,"+0.133",133,
375,1983,2,9,9,"9","4","danny-sullivan","tyrrell","ford","goodyear","1:28.833",88833,,,,,,,"+2.716",2716,"+0.275",275,
375,1983,2,10,10,"10","25","jean-pierre-jarier","ligier","ford","michelin","1:28.913",88913,,,,,,,"+2.796",2796,"+0.080",80,
375,1983,2,11,11,"11","6","riccardo-patrese","brabham","bmw","michelin","1:28.958",88958,,,,,,,"+2.841",2841,"+0.045",45,
375,1983,2,12,12,"12","30","alan-jones","arrows","ford","goodyear","1:29.112",89112,,,,,,,"+2.995",2995,"+0.154",154,
375,1983,2,13,13,"13","12","nigel-mansell","lotus","ford","pirelli","1:29.167",89167,,,,,,,"+3.050",3050,"+0.055",55,
375,1983,2,14,14,"14","36","bruno-giacomelli","toleman","hart","pirelli","1:29.266",89266,,,,,,,"+3.149",3149,"+0.099",99,
375,1983,2,15,15,"15","16","eddie-cheever","renault","renault","michelin","1:29.422",89422,,,,,,,"+3.305",3305,"+0.156",156,
375,1983,2,16,16,"16","29","marc-surer","arrows","ford","goodyear","1:29.521",89521,,,,,,,"+3.404",3404,"+0.099",99,
375,1983,2,17,17,"17","34","johnny-cecotto","theodore","ford","goodyear","1:29.559",89559,,,,,,,"+3.442",3442,"+0.038",38,
375,1983,2,18,18,"18","33","roberto-guerrero","theodore","ford","goodyear","1:29.585",89585,,,,,,,"+3.468",3468,"+0.026",26,
375,1983,2,19,19,"19","22","andrea-de-cesaris","alfa-romeo","alfa-romeo","michelin","1:29.603",89603,,,,,,,"+3.486",3486,"+0.018",18,
375,1983,2,20,20,"20","5","nelson-piquet","brabham","bmw","michelin","1:30.034",90034,,,,,,,"+3.917",3917,"+0.431",431,
375,1983,2,21,21,"21","23","mauro-baldi","alfa-romeo","alfa-romeo","michelin","1:30.070",90070,,,,,,,"+3.953",3953,"+0.036",36,
375,1983,2,22,22,"22","7","john-watson","mclaren","ford","michelin","1:30.100",90100,,,,,,,"+3.983",3983,"+0.030",30,
375,1983,2,23,23,"23","8","niki-lauda","mclaren","ford","michelin","1:30.188",90188,,,,,,,"+4.071",4071,"+0.088",88,
375,1983,2,24,24,"24","9","manfred-winkelhock","ats-wheels","bmw","goodyear","1:30.220",90220,,,,,,,"+4.103",4103,"+0.032",32,
375,1983,2,25,25,"25","17","eliseo-salazar","ram","ford","pirelli","1:31.126",91126,,,,,,,"+5.009",5009,"+0.906",906,
375,1983,2,26,26,"26","26","raul-boesel","ligier","ford","michelin","1:31.759",91759,,,,,,,"+5.642",5642,"+0.633",633,
375,1983,2,27,27,"27","31","corrado-fabi","osella","ford","michelin","1:31.901",91901,,,,,,,"+5.784",5784,"+0.142",142,
375,1983,2,28,28,"28","32","piercarlo-ghinzani","osella","ford","michelin","1:32.182",92182,,,,,,,"+6.065",6065,"+0.281",281,
376,1983,3,1,1,"1","15","alain-prost","renault","renault","michelin","1:36.672",96672,,,,,,,,,,,
376,1983,3,2,2,"2","16","eddie-cheever","renault","renault","michelin","1:38.980",98980,,,,,,,"+2.308",2308,"+2.308",2308,
376,1983,3,3,3,"3","6","riccardo-patrese","brabham","bmw","michelin","1:39.104",99104,,,,,,,"+2.432",2432,"+0.124",124,
376,1983,3,4,4,"4","28","rene-arnoux","ferrari","ferrari","goodyear","1:39.115",99115,,,,,,,"+2.443",2443,"+0.011",11,
376,1983,3,5,5,"5","11","elio-de-angelis","lotus","renault","pirelli","1:39.312",99312,,,,,,,"+2.640",2640,"+0.197",197,
376,1983,3,6,6,"6","5","nelson-piquet","brabham","bmw","michelin","1:39.601",99601,,,,,,,"+2.929",2929,"+0.289",289,
376,1983,3,7,7,"7","22","andrea-de-cesaris","alfa-romeo","alfa-romeo","michelin","1:39.611",99611,,,,,,,"+2.939",2939,"+0.010",10,
376,1983,3,8,8,"8","23","mauro-baldi","alfa-romeo","alfa-romeo","michelin","1:39.618",99618,,,,,,,"+2.946",2946,"+0.007",7,
376,1983,3,9,9,"9","35","derek-warwick","toleman","hart","pirelli","1:39.881",99881,,,,,,,"+3.209",3209,"+0.263",263,
376,1983,3,10,10,"10","9","manfred-winkelhock","ats-wheels","bmw","goodyear","1:40.233",100233,,,,,,,"+3.561",3561,"+0.352",352,
376,1983,3,11,11,"11","27","patrick-tambay","ferrari","ferrari","goodyear","1:40.393",100393,,,,,,,"+3.721",3721,"+0.160",160,
376,1983,3,12,12,"12","8","niki-lauda","mclaren","ford","michelin","1:41.065",101065,,,,,,,"+4.393",4393,"+0.672",672,
376,1983,3,13,13,"13","36","bruno-giacomelli","toleman","hart","pirelli","1:41.775",101775,,,,,,,"+5.103",5103,"+0.710",710,
376,1983,3,14,14,"14","7","john-watson","mclaren","ford","michelin","1:41.838",101838,,,,,,,"+5.166",5166,"+0.063",63,
376,1983,3,15,15,"15","3","michele-alboreto","tyrrell","ford","goodyear","1:42.177",102177,,,,,,,"+5.505",5505,"+0.339",339,
376,1983,3,16,16,"16","1","keke-rosberg","williams","ford","goodyear","1:42.450",102450,,,,,,,"+5.778",5778,"+0.273",273,
376,1983,3,17,17,"17","34","johnny-cecotto","theodore","ford","goodyear","1:42.615",102615,,,,,,,"+5.943",5943,"+0.165",165,
376,1983,3,18,18,"18","12","nigel-mansell","lotus","ford","pirelli","1:42.650",102650,,,,,,,"+5.978",5978,"+0.035",35,
376,1983,3,19,19,"19","2","jacques-laffite","williams","ford","goodyear","1:42.678",102678,,,,,,,"+6.006",6006,"+0.028",28,
376,1983,3,20,20,"20","25","jean-pierre-jarier","ligier","ford","michelin","1:42.737",102737,,,,,,,"+6.065",6065,"+0.059",59,
376,1983,3,21,21,"21","29","marc-surer","arrows","ford","goodyear","1:42.962",102962,,,,,,,"+6.290",6290,"+0.225",225,
376,1983,3,22,22,"22","33","roberto-guerrero","theodore","ford","goodyear","1:43.367",103367,,,,,,,"+6.695",6695,"+0.405",405,
376,1983,3,23,23,"23","31","corrado-fabi","osella","ford","michelin","1:43.411",103411,,,,,,,"+6.739",6739,"+0.044",44,
376,1983,3,24,24,"24","4","danny-sullivan","tyrrell","ford","goodyear","1:43.654",103654,,,,,,,"+6.982",6982,"+0.243",243,
376,1983,3,25,25,"25","26","raul-boesel","ligier","ford","michelin","1:44.470",104470,,,,,,,"+7.798",7798,"+0.816",816,
376,1983,3,26,26,"26","30","chico-serra","arrows","ford","goodyear","1:44.778",104778,,,,,,,"+8.106",8106,"+0.308",308,
376,1983,3,27,27,"27","17","eliseo-salazar","ram","ford","pirelli","1:45.073",105073,,,,,,,"+8.401",8401,"+0.295",295,
376,1983,3,28,28,"28","32","piercarlo-ghinzani","osella","ford","michelin","1:45.812",105812,,,,,,,"+9.140",9140,"+0.739",739,
376,1983,3,29,29,"29","18","jean-louis-schlesser","ram","ford","pirelli","1:45.866",105866,,,,,,,"+9.194",9194,"+0.054",54,
377,1983,4,1,1,"1","28","rene-arnoux","ferrari","ferrari","goodyear","1:31.238",91238,,,,,,,,,,,
377,1983,4,2,2,"2","5","nelson-piquet","brabham","bmw","michelin","1:31.964",91964,,,,,,,"+0.726",726,"+0.726",726,
377,1983,4,3,3,"3","27","patrick-tambay","ferrari","ferrari","goodyear","1:31.967",91967,,,,,,,"+0.729",729,"+0.003",3,
377,1983,4,4,4,"4","15","alain-prost","renault","renault","michelin","1:32.138",92138,,,,,,,"+0.900",900,"+0.171",171,
377,1983,4,5,5,"5","6","riccardo-patrese","brabham","bmw","michelin","1:32.969",92969,,,,,,,"+1.731",1731,"+0.831",831,
377,1983,4,6,6,"6","16","eddie-cheever","renault","renault","michelin","1:33.450",93450,,,,,,,"+2.212",2212,"+0.481",481,
377,1983,4,7,7,"7","9","manfred-winkelhock","ats-wheels","bmw","goodyear","1:33.470",93470,,,,,,,"+2.232",2232,"+0.020",20,
377,1983,4,8,8,"8","22","andrea-de-cesaris","alfa-romeo","alfa-romeo","michelin","1:33.528",93528,,,,,,,"+2.290",2290,"+0.058",58,
377,1983,4,9,9,"9","11","elio-de-angelis","lotus","renault","pirelli","1:34.332",94332,,,,,,,"+3.094",3094,"+0.804",804,
377,1983,4,10,10,"10","23","mauro-baldi","alfa-romeo","alfa-romeo","michelin","1:35.000",95000,,,,,,,"+3.762",3762,"+0.668",668,
377,1983,4,11,11,"11","1","keke-rosberg","williams","ford","goodyear","1:35.086",95086,,,,,,,"+3.848",3848,"+0.086",86,
377,1983,4,12,12,"12","29","marc-surer","arrows","ford","goodyear","1:35.411",95411,,,,,,,"+4.173",4173,"+0.325",325,
377,1983,4,13,13,"13","3","michele-alboreto","tyrrell","ford","goodyear","1:35.525",95525,,,,,,,"+4.287",4287,"+0.114",114,
377,1983,4,14,14,"14","35","derek-warwick","toleman","hart","pirelli","1:35.676",95676,,,,,,,"+4.438",4438,"+0.151",151,
377,1983,4,15,15,"15","12","nigel-mansell","lotus","ford","pirelli","1:35.703",95703,,,,,,,"+4.465",4465,"+0.027",27,
377,1983,4,16,16,"16","2","jacques-laffite","williams","ford","goodyear","1:35.707",95707,,,,,,,"+4.469",4469,"+0.004",4,
377,1983,4,17,17,"17","36","bruno-giacomelli","toleman","hart","pirelli","1:35.969",95969,,,,,,,"+4.731",4731,"+0.262",262,
377,1983,4,18,18,"18","8","niki-lauda","mclaren","ford","michelin","1:36.099",96099,,,,,,,"+4.861",4861,"+0.130",130,
377,1983,4,19,19,"19","25","jean-pierre-jarier","ligier","ford","michelin","1:36.116",96116,,,,,,,"+4.878",4878,"+0.017",17,
377,1983,4,20,20,"20","30","chico-serra","arrows","ford","goodyear","1:36.258",96258,,,,,,,"+5.020",5020,"+0.142",142,
377,1983,4,21,21,"21","33","roberto-guerrero","theodore","ford","goodyear","1:36.324",96324,,,,,,,"+5.086",5086,"+0.066",66,
377,1983,4,22,22,"22","4","danny-sullivan","tyrrell","ford","goodyear","1:36.359",96359,,,,,,,"+5.121",5121,"+0.035",35,
377,1983,4,23,23,"23","34","johnny-cecotto","theodore","ford","goodyear","1:36.638",96638,,,,,,,"+5.400",5400,"+0.279",279,
377,1983,4,24,24,"24","7","john-watson","mclaren","ford","michelin","1:36.652",96652,,,,,,,"+5.414",5414,"+0.014",14,
377,1983,4,25,25,"25","26","raul-boesel","ligier","ford","michelin","1:37.322",97322,,,,,,,"+6.084",6084,"+0.670",670,
377,1983,4,26,26,"26","31","corrado-fabi","osella","ford","michelin","1:37.711",97711,,,,,,,"+6.473",6473,"+0.389",389,
377,1983,4,27,27,"27","17","eliseo-salazar","ram","ford","pirelli","1:38.097",98097,,,,,,,"+6.859",6859,"+0.386",386,
377,1983,4,28,28,"28","32","piercarlo-ghinzani","osella","alfa-romeo","michelin","1:38.873",98873,,,,,,,"+7.635",7635,"+0.776",776,
378,1983,5,1,1,"1","15","alain-prost","renault","renault","michelin","1:24.840",84840,,,,,,,,,,,
378,1983,5,2,2,"2","28","rene-arnoux","ferrari","ferrari","goodyear","1:25.182",85182,,,,,,,"+0.342",342,"+0.342",342,
378,1983,5,3,3,"3","16","eddie-cheever","renault","renault","michelin","1:26.279",86279,,,,,,,"+1.439",1439,"+1.097",1097,
378,1983,5,4,4,"4","27","patrick-tambay","ferrari","ferrari","goodyear","1:26.298",86298,,,,,,,"+1.458",1458,"+0.019",19,
378,1983,5,5,5,"5","1","keke-rosberg","williams","ford","goodyear","1:26.307",86307,,,,,,,"+1.467",1467,"+0.009",9,
378,1983,5,6,6,"6","5","nelson-piquet","brabham","bmw","michelin","1:27.273",87273,,,,,,,"+2.433",2433,"+0.966",966,
378,1983,5,7,7,"7","22","andrea-de-cesaris","alfa-romeo","alfa-romeo","michelin","1:27.680",87680,,,,,,,"+2.840",2840,"+0.407",407,
378,1983,5,8,8,"8","2","jacques-laffite","williams","ford","goodyear","1:27.726",87726,,,,,,,"+2.886",2886,"+0.046",46,
378,1983,5,9,9,"9","25","jean-pierre-jarier","ligier","ford","michelin","1:27.906",87906,,,,,,,"+3.066",3066,"+0.180",180,
378,1983,5,10,10,"10","35","derek-warwick","toleman","hart","pirelli","1:28.017",88017,,,,,,,"+3.177",3177,"+0.111",111,
378,1983,5,11,11,"11","3","michele-alboreto","tyrrell","ford","goodyear","1:28.256",88256,,,,,,,"+3.416",3416,"+0.239",239,
378,1983,5,12,12,"12","29","marc-surer","arrows","ford","goodyear","1:28.346",88346,,,,,,,"+3.506",3506,"+0.090",90,
378,1983,5,13,13,"13","23","mauro-baldi","alfa-romeo","alfa-romeo","michelin","1:28.639",88639,,,,,,,"+3.799",3799,"+0.293",293,
378,1983,5,14,14,"14","12","nigel-mansell","lotus","ford","pirelli","1:28.721",88721,,,,,,,"+3.881",3881,"+0.082",82,
378,1983,5,15,15,"15","30","chico-serra","arrows","ford","goodyear","1:28.784",88784,,,,,,,"+3.944",3944,"+0.063",63,
378,1983,5,16,16,"16","9","manfred-winkelhock","ats-wheels","bmw","goodyear","1:28.975",88975,,,,,,,"+4.135",4135,"+0.191",191,
378,1983,5,17,17,"17","6","riccardo-patrese","brabham","bmw","michelin","1:29.200",89200,,,,,,,"+4.360",4360,"+0.225",225,
378,1983,5,18,18,"18","26","raul-boesel","ligier","ford","michelin","1:29.222",89222,,,,,,,"+4.382",4382,"+0.022",22,
378,1983,5,19,19,"19","11","elio-de-angelis","lotus","renault","pirelli","1:29.518",89518,,,,,,,"+4.678",4678,"+0.296",296,
378,1983,5,20,20,"20","4","danny-sullivan","tyrrell","ford","goodyear","1:29.530",89530,,,,,,,"+4.690",4690,"+0.012",12,
378,1983,5,21,21,"21","36","bruno-giacomelli","toleman","hart","pirelli","1:29.552",89552,,,,,,,"+4.712",4712,"+0.022",22,
378,1983,5,22,22,"22","8","niki-lauda","mclaren","ford","michelin","1:29.898",89898,,,,,,,"+5.058",5058,"+0.346",346,
378,1983,5,23,23,"23","7","john-watson","mclaren","ford","michelin","1:30.283",90283,,,,,,,"+5.443",5443,"+0.385",385,
378,1983,5,24,24,"24","31","corrado-fabi","osella","ford","michelin","1:30.495",90495,,,,,,,"+5.655",5655,"+0.212",212,
378,1983,5,25,25,"25","17","eliseo-salazar","ram","ford","pirelli","1:31.229",91229,,,,,,,"+6.389",6389,"+0.734",734,
378,1983,5,26,26,"26","32","piercarlo-ghinzani","osella","alfa-romeo","michelin","1:35.572",95572,,,,,,,"+10.732",10732,"+4.343",4343,
379,1983,6,1,1,"1","15","alain-prost","renault","renault","michelin","2:04.615",124615,,,,,,,,,,,
379,1983,6,2,2,"2","27","patrick-tambay","ferrari","ferrari","goodyear","2:04.626",124626,,,,,,,"+0.011",11,"+0.011",11,
379,1983,6,3,3,"3","22","andrea-de-cesaris","alfa-romeo","alfa-romeo","michelin","2:04.840",124840,,,,,,,"+0.225",225,"+0.214",214,
379,1983,6,4,4,"4","5","nelson-piquet","brabham","bmw","michelin","2:05.628",125628,,,,,,,"+1.013",1013,"+0.788",788,
379,1983,6,5,5,"5","28","rene-arnoux","ferrari","ferrari","goodyear","2:05.737",125737,,,,,,,"+1.122",1122,"+0.109",109,
379,1983,6,6,6,"6","6","riccardo-patrese","brabham","bmw","michelin","2:06.137",126137,,,,,,,"+1.522",1522,"+0.400",400,
379,1983,6,7,7,"7","9","manfred-winkelhock","ats-wheels","bmw","goodyear","2:06.264",126264,,,,,,,"+1.649",1649,"+0.127",127,
379,1983,6,8,8,"8","16","eddie-cheever","renault","renault","michelin","2:07.294",127294,,,,,,,"+2.679",2679,"+1.030",1030,
379,1983,6,9,9,"9","1","keke-rosberg","williams","ford","goodyear","2:07.975",127975,,,,,,,"+3.360",3360,"+0.681",681,
379,1983,6,10,10,"10","29","marc-surer","arrows","ford","goodyear","2:08.587",128587,,,,,,,"+3.972",3972,"+0.612",612,
379,1983,6,11,11,"11","2","jacques-laffite","williams","ford","goodyear","2:09.153",129153,,,,,,,"+4.538",4538,"+0.566",566,
379,1983,6,12,12,"12","23","mauro-baldi","alfa-romeo","alfa-romeo","michelin","2:09.225",129225,,,,,,,"+4.610",4610,"+0.072",72,
379,1983,6,13,13,"13","11","elio-de-angelis","lotus","renault","pirelli","2:09.310",129310,,,,,,,"+4.695",4695,"+0.085",85,
379,1983,6,14,14,"14","33","roberto-guerrero","theodore","ford","goodyear","2:09.322",129322,,,,,,,"+4.707",4707,"+0.012",12,
379,1983,6,15,15,"15","8","niki-lauda","mclaren","ford","michelin","2:09.475",129475,,,,,,,"+4.860",4860,"+0.153",153,
379,1983,6,16,16,"16","36","bruno-giacomelli","toleman","hart","pirelli","2:09.706",129706,,,,,,,"+5.091",5091,"+0.231",231,
379,1983,6,17,17,"17","3","michele-alboreto","tyrrell","ford","goodyear","2:09.739",129739,,,,,,,"+5.124",5124,"+0.033",33,
379,1983,6,18,18,"18","30","thierry-boutsen","arrows","ford","goodyear","2:09.876",129876,,,,,,,"+5.261",5261,"+0.137",137,
379,1983,6,19,19,"19","12","nigel-mansell","lotus","ford","pirelli","2:09.924",129924,,,,,,,"+5.309",5309,"+0.048",48,
379,1983,6,20,20,"20","7","john-watson","mclaren","ford","michelin","2:10.318",130318,,,,,,,"+5.703",5703,"+0.394",394,
379,1983,6,21,21,"21","25","jean-pierre-jarier","ligier","ford","michelin","2:11.354",131354,,,,,,,"+6.739",6739,"+1.036",1036,
379,1983,6,22,22,"22","35","derek-warwick","toleman","hart","pirelli","2:11.474",131474,,,,,,,"+6.859",6859,"+0.120",120,
379,1983,6,23,23,"23","4","danny-sullivan","tyrrell","ford","goodyear","2:11.683",131683,,,,,,,"+7.068",7068,"+0.209",209,
379,1983,6,24,24,"24","31","corrado-fabi","osella","ford","michelin","2:11.734",131734,,,,,,,"+7.119",7119,"+0.051",51,
379,1983,6,25,25,"25","34","johnny-cecotto","theodore","ford","goodyear","2:11.860",131860,,,,,,,"+7.245",7245,"+0.126",126,
379,1983,6,26,26,"26","26","raul-boesel","ligier","ford","michelin","2:12.310",132310,,,,,,,"+7.695",7695,"+0.450",450,
379,1983,6,27,27,"27","32","piercarlo-ghinzani","osella","alfa-romeo","michelin","2:13.738",133738,,,,,,,"+9.123",9123,"+1.428",1428,
379,1983,6,28,28,"28","17","eliseo-salazar","ram","ford","pirelli","2:18.696",138696,,,,,,,"+14.081",14081,"+4.958",4958,
380,1983,7,1,1,"1","28","rene-arnoux","ferrari","ferrari","goodyear","1:44.734",104734,,,,,,,,,,,
380,1983,7,2,2,"2","5","nelson-piquet","brabham","bmw","michelin","1:44.933",104933,,,,,,,"+0.199",199,"+0.199",199,
380,1983,7,3,3,"3","27","patrick-tambay","ferrari","ferrari","goodyear","1:45.991",105991,,,,,,,"+1.257",1257,"+1.058",1058,
380,1983,7,4,4,"4","11","elio-de-angelis","lotus","renault","pirelli","1:46.258",106258,,,,,,,"+1.524",1524,"+0.267",267,
380,1983,7,5,5,"5","29","marc-surer","arrows","ford","goodyear","1:46.745",106745,,,,,,,"+2.011",2011,"+0.487",487,
380,1983,7,6,6,"6","3","michele-alboreto","tyrrell","ford","goodyear","1:47.013",107013,,,,,,,"+2.279",2279,"+0.268",268,
380,1983,7,7,7,"7","16","eddie-cheever","renault","renault","michelin","1:47.334",107334,,,,,,,"+2.600",2600,"+0.321",321,
380,1983,7,8,8,"8","22","andrea-de-cesaris","alfa-romeo","alfa-romeo","michelin","1:47.453",107453,,,,,,,"+2.719",2719,"+0.119",119,
380,1983,7,9,9,"9","35","derek-warwick","toleman","hart","pirelli","1:47.534",107534,,,,,,,"+2.800",2800,"+0.081",81,
380,1983,7,10,10,"10","30","thierry-boutsen","arrows","ford","goodyear","1:47.586",107586,,,,,,,"+2.852",2852,"+0.052",52,
380,1983,7,11,11,"11","33","roberto-guerrero","theodore","ford","goodyear","1:47.701",107701,,,,,,,"+2.967",2967,"+0.115",115,
380,1983,7,12,12,"12","1","keke-rosberg","williams","ford","goodyear","1:47.728",107728,,,,,,,"+2.994",2994,"+0.027",27,
380,1983,7,13,13,"13","15","alain-prost","renault","renault","michelin","1:47.855",107855,,,,,,,"+3.121",3121,"+0.127",127,
380,1983,7,14,14,"14","12","nigel-mansell","lotus","ford","pirelli","1:48.395",108395,,,,,,,"+3.661",3661,"+0.540",540,
380,1983,7,15,15,"15","6","riccardo-patrese","brabham","bmw","michelin","1:48.537",108537,,,,,,,"+3.803",3803,"+0.142",142,
380,1983,7,16,16,"16","4","danny-sullivan","tyrrell","ford","goodyear","1:48.648",108648,,,,,,,"+3.914",3914,"+0.111",111,
380,1983,7,17,17,"17","36","bruno-giacomelli","toleman","hart","pirelli","1:48.785",108785,,,,,,,"+4.051",4051,"+0.137",137,
380,1983,7,18,18,"18","8","niki-lauda","mclaren","ford","michelin","1:48.992",108992,,,,,,,"+4.258",4258,"+0.207",207,
380,1983,7,19,19,"19","25","jean-pierre-jarier","ligier","ford","michelin","1:48.994",108994,,,,,,,"+4.260",4260,"+0.002",2,
380,1983,7,20,20,"20","2","jacques-laffite","williams","ford","goodyear","1:49.245",109245,,,,,,,"+4.511",4511,"+0.251",251,
380,1983,7,21,21,"21","7","john-watson","mclaren","ford","michelin","1:49.250",109250,,,,,,,"+4.516",4516,"+0.005",5,
380,1983,7,22,22,"22","9","manfred-winkelhock","ats-wheels","bmw","goodyear","1:49.466",109466,,,,,,,"+4.732",4732,"+0.216",216,
380,1983,7,23,23,"23","26","raul-boesel","ligier","ford","michelin","1:49.540",109540,,,,,,,"+4.806",4806,"+0.074",74,
380,1983,7,24,24,"24","32","piercarlo-ghinzani","osella","alfa-romeo","michelin","1:49.885",109885,,,,,,,"+5.151",5151,"+0.345",345,
380,1983,7,25,25,"25","23","mauro-baldi","alfa-romeo","alfa-romeo","michelin","1:49.916",109916,,,,,,,"+5.182",5182,"+0.031",31,
380,1983,7,26,26,"26","34","johnny-cecotto","theodore","ford","goodyear","1:51.709",111709,,,,,,,"+6.975",6975,"+1.793",1793,
380,1983,7,27,27,"27","31","corrado-fabi","osella","ford","michelin","1:53.516",113516,,,,,,,"+8.782",8782,"+1.807",1807,
381,1983,8,1,1,"1","28","rene-arnoux","ferrari","ferrari","goodyear","1:28.729",88729,,,,,,,,,,,
381,1983,8,2,2,"2","15","alain-prost","renault","renault","michelin","1:28.830",88830,,,,,,,"+0.101",101,"+0.101",101,
381,1983,8,3,3,"3","5","nelson-piquet","brabham","bmw","michelin","1:28.887",88887,,,,,,,"+0.158",158,"+0.057",57,
381,1983,8,4,4,"4","27","patrick-tambay","ferrari","ferrari","goodyear","1:28.992",88992,,,,,,,"+0.263",263,"+0.105",105,
381,1983,8,5,5,"5","6","riccardo-patrese","brabham","bmw","michelin","1:29.549",89549,,,,,,,"+0.820",820,"+0.557",557,
381,1983,8,6,6,"6","16","eddie-cheever","renault","renault","michelin","1:29.863",89863,,,,,,,"+1.134",1134,"+0.314",314,
381,1983,8,7,7,"7","9","manfred-winkelhock","ats-wheels","bmw","goodyear","1:30.966",90966,,,,,,,"+2.237",2237,"+1.103",1103,
381,1983,8,8,8,"8","22","andrea-de-cesaris","alfa-romeo","alfa-romeo","michelin","1:31.173",91173,,,,,,,"+2.444",2444,"+0.207",207,
381,1983,8,9,9,"9","1","keke-rosberg","williams","ford","goodyear","1:31.480",91480,,,,,,,"+2.751",2751,"+0.307",307,
381,1983,8,10,10,"10","36","bruno-giacomelli","toleman","hart","pirelli","1:31.586",91586,,,,,,,"+2.857",2857,"+0.106",106,
381,1983,8,11,11,"11","11","elio-de-angelis","lotus","renault","pirelli","1:31.822",91822,,,,,,,"+3.093",3093,"+0.236",236,
381,1983,8,12,12,"12","35","derek-warwick","toleman","hart","pirelli","1:32.116",92116,,,,,,,"+3.387",3387,"+0.294",294,
381,1983,8,13,13,"13","2","jacques-laffite","williams","ford","goodyear","1:32.185",92185,,,,,,,"+3.456",3456,"+0.069",69,
381,1983,8,14,14,"14","29","marc-surer","arrows","ford","goodyear","1:32.540",92540,,,,,,,"+3.811",3811,"+0.355",355,
381,1983,8,15,15,"15","30","thierry-boutsen","arrows","ford","goodyear","1:32.576",92576,,,,,,,"+3.847",3847,"+0.036",36,
381,1983,8,16,16,"16","25","jean-pierre-jarier","ligier","ford","michelin","1:32.642",92642,,,,,,,"+3.913",3913,"+0.066",66,
381,1983,8,17,17,"17","3","michele-alboreto","tyrrell","ford","goodyear","1:33.175",93175,,,,,,,"+4.446",4446,"+0.533",533,
381,1983,8,18,18,"18","12","nigel-mansell","lotus","ford","pirelli","1:33.588",93588,,,,,,,"+4.859",4859,"+0.413",413,
381,1983,8,19,19,"19","8","niki-lauda","mclaren","ford","michelin","1:33.671",93671,,,,,,,"+4.942",4942,"+0.083",83,
381,1983,8,20,20,"20","7","john-watson","mclaren","ford","michelin","1:33.705",93705,,,,,,,"+4.976",4976,"+0.034",34,
381,1983,8,21,21,"21","33","roberto-guerrero","theodore","ford","goodyear","1:33.721",93721,,,,,,,"+4.992",4992,"+0.016",16,
381,1983,8,22,22,"22","4","danny-sullivan","tyrrell","ford","goodyear","1:33.791",93791,,,,,,,"+5.062",5062,"+0.070",70,
381,1983,8,23,23,"23","34","johnny-cecotto","theodore","ford","goodyear","1:34.314",94314,,,,,,,"+5.585",5585,"+0.523",523,
381,1983,8,24,24,"24","26","raul-boesel","ligier","ford","michelin","1:34.486",94486,,,,,,,"+5.757",5757,"+0.172",172,
381,1983,8,25,25,"25","31","corrado-fabi","osella","ford","michelin","1:34.544",94544,,,,,,,"+5.815",5815,"+0.058",58,
381,1983,8,26,26,"26","23","mauro-baldi","alfa-romeo","alfa-romeo","michelin","1:34.755",94755,,,,,,,"+6.026",6026,"+0.211",211,
381,1983,8,27,27,"27","17","jacques-villeneuve-sr","ram","ford","pirelli","1:35.133",95133,,,,,,,"+6.404",6404,"+0.378",378,
381,1983,8,28,28,"28","32","piercarlo-ghinzani","osella","alfa-romeo","michelin","1:35.171",95171,,,,,,,"+6.442",6442,"+0.038",38,
382,1983,9,1,1,"1","28","rene-arnoux","ferrari","ferrari","goodyear","1:09.462",69462,,,,,,,,,,,
382,1983,9,2,2,"2","27","patrick-tambay","ferrari","ferrari","goodyear","1:10.104",70104,,,,,,,"+0.642",642,"+0.642",642,
382,1983,9,3,3,"3","15","alain-prost","renault","renault","michelin","1:10.170",70170,,,,,,,"+0.708",708,"+0.066",66,
382,1983,9,4,4,"4","11","elio-de-angelis","lotus","renault","pirelli","1:10.771",70771,,,,,,,"+1.309",1309,"+0.601",601,
382,1983,9,5,5,"5","6","riccardo-patrese","brabham","bmw","michelin","1:10.881",70881,,,,,,,"+1.419",1419,"+0.110",110,
382,1983,9,6,6,"6","5","nelson-piquet","brabham","bmw","michelin","1:10.933",70933,,,,,,,"+1.471",1471,"+0.052",52,
382,1983,9,7,7,"7","16","eddie-cheever","renault","renault","michelin","1:11.055",71055,,,,,,,"+1.593",1593,"+0.122",122,
382,1983,9,8,8,"8","9","manfred-winkelhock","ats-wheels","bmw","goodyear","1:11.687",71687,,,,,,,"+2.225",2225,"+0.632",632,
382,1983,9,9,9,"9","22","andrea-de-cesaris","alfa-romeo","alfa-romeo","michelin","1:12.150",72150,,,,,,,"+2.688",2688,"+0.463",463,
382,1983,9,10,10,"10","35","derek-warwick","toleman","hart","pirelli","1:12.528",72528,,,,,,,"+3.066",3066,"+0.378",378,
382,1983,9,11,11,"11","23","mauro-baldi","alfa-romeo","alfa-romeo","michelin","1:12.860",72860,,,,,,,"+3.398",3398,"+0.332",332,
382,1983,9,12,12,"12","36","bruno-giacomelli","toleman","hart","pirelli","1:13.422",73422,,,,,,,"+3.960",3960,"+0.562",562,
382,1983,9,13,13,"13","1","keke-rosberg","williams","ford","goodyear","1:13.755",73755,,,,,,,"+4.293",4293,"+0.333",333,
382,1983,9,14,14,"14","40","stefan-johansson","spirit","honda","goodyear","1:13.962",73962,,,,,,,"+4.500",4500,"+0.207",207,
382,1983,9,15,15,"15","8","niki-lauda","mclaren","ford","michelin","1:14.267",74267,,,,,,,"+4.805",4805,"+0.305",305,
382,1983,9,16,16,"16","3","michele-alboreto","tyrrell","ford","goodyear","1:14.651",74651,,,,,,,"+5.189",5189,"+0.384",384,
382,1983,9,17,17,"17","30","thierry-boutsen","arrows","ford","goodyear","1:14.964",74964,,,,,,,"+5.502",5502,"+0.313",313,
382,1983,9,18,18,"18","12","nigel-mansell","lotus","renault","pirelli","1:15.133",75133,,,,,,,"+5.671",5671,"+0.169",169,
382,1983,9,19,19,"19","29","marc-surer","arrows","ford","goodyear","1:15.135",75135,,,,,,,"+5.673",5673,"+0.002",2,
382,1983,9,20,20,"20","2","jacques-laffite","williams","ford","goodyear","1:15.234",75234,,,,,,,"+5.772",5772,"+0.099",99,
382,1983,9,21,21,"21","33","roberto-guerrero","theodore","ford","goodyear","1:15.317",75317,,,,,,,"+5.855",5855,"+0.083",83,
382,1983,9,22,22,"22","26","raul-boesel","ligier","ford","michelin","1:15.386",75386,,,,,,,"+5.924",5924,"+0.069",69,
382,1983,9,23,23,"23","4","danny-sullivan","tyrrell","ford","goodyear","1:15.449",75449,,,,,,,"+5.987",5987,"+0.063",63,
382,1983,9,24,24,"24","7","john-watson","mclaren","ford","michelin","1:15.609",75609,,,,,,,"+6.147",6147,"+0.160",160,
382,1983,9,25,25,"25","25","jean-pierre-jarier","ligier","ford","michelin","1:15.767",75767,,,,,,,"+6.305",6305,"+0.158",158,
382,1983,9,26,26,"26","32","piercarlo-ghinzani","osella","alfa-romeo","michelin","1:16.544",76544,,,,,,,"+7.082",7082,"+0.777",777,
382,1983,9,27,27,"27","34","johnny-cecotto","theodore","ford","goodyear","1:16.714",76714,,,,,,,"+7.252",7252,"+0.170",170,
382,1983,9,28,28,"28","31","corrado-fabi","osella","alfa-romeo","michelin","1:17.594",77594,,,,,,,"+8.132",8132,"+0.880",880,
382,1983,9,29,29,"29","17","kenny-acheson","ram","ford","pirelli","1:18.103",78103,,,,,,,"+8.641",8641,"+0.509",509,
383,1983,10,1,1,"1","27","patrick-tambay","ferrari","ferrari","goodyear","1:49.328",109328,,,,,,,,,,,
383,1983,10,2,2,"2","28","rene-arnoux","ferrari","ferrari","goodyear","1:49.435",109435,,,,,,,"+0.107",107,"+0.107",107,
383,1983,10,3,3,"3","22","andrea-de-cesaris","alfa-romeo","alfa-romeo","michelin","1:50.845",110845,,,,,,,"+1.517",1517,"+1.410",1410,
383,1983,10,4,4,"4","5","nelson-piquet","brabham","bmw","michelin","1:51.082",111082,,,,,,,"+1.754",1754,"+0.237",237,
383,1983,10,5,5,"5","15","alain-prost","renault","renault","michelin","1:51.228",111228,,,,,,,"+1.900",1900,"+0.146",146,
383,1983,10,6,6,"6","16","eddie-cheever","renault","renault","michelin","1:51.540",111540,,,,,,,"+2.212",2212,"+0.312",312,
383,1983,10,7,7,"7","23","mauro-baldi","alfa-romeo","alfa-romeo","michelin","1:51.867",111867,,,,,,,"+2.539",2539,"+0.327",327,
383,1983,10,8,8,"8","6","riccardo-patrese","brabham","bmw","michelin","1:52.105",112105,,,,,,,"+2.777",2777,"+0.238",238,
383,1983,10,9,9,"9","35","derek-warwick","toleman","hart","pirelli","1:54.199",114199,,,,,,,"+4.871",4871,"+2.094",2094,
383,1983,10,10,10,"10","36","bruno-giacomelli","toleman","hart","pirelli","1:54.648",114648,,,,,,,"+5.320",5320,"+0.449",449,
383,1983,10,11,11,"11","11","elio-de-angelis","lotus","renault","pirelli","1:54.831",114831,,,,,,,"+5.503",5503,"+0.183",183,
383,1983,10,12,12,"12","1","keke-rosberg","williams","ford","goodyear","1:55.289",115289,,,,,,,"+5.961",5961,"+0.458",458,
383,1983,10,13,13,"13","40","stefan-johansson","spirit","honda","goodyear","1:55.870",115870,,,,,,,"+6.542",6542,"+0.581",581,
383,1983,10,14,14,"14","30","thierry-boutsen","arrows","ford","goodyear","1:56.015",116015,,,,,,,"+6.687",6687,"+0.145",145,
383,1983,10,15,15,"15","2","jacques-laffite","williams","ford","goodyear","1:56.318",116318,,,,,,,"+6.990",6990,"+0.303",303,
383,1983,10,16,16,"16","3","michele-alboreto","tyrrell","ford","goodyear","1:56.398",116398,,,,,,,"+7.070",7070,"+0.080",80,
383,1983,10,17,17,"17","12","nigel-mansell","lotus","renault","pirelli","1:56.490",116490,,,,,,,"+7.162",7162,"+0.092",92,
383,1983,10,18,18,"18","8","niki-lauda","mclaren","ford","michelin","1:56.730",116730,,,,,,,"+7.402",7402,"+0.240",240,
383,1983,10,19,19,"19","25","jean-pierre-jarier","ligier","ford","michelin","1:57.018",117018,,,,,,,"+7.690",7690,"+0.288",288,
383,1983,10,20,20,"20","29","marc-surer","arrows","ford","goodyear","1:57.072",117072,,,,,,,"+7.744",7744,"+0.054",54,
383,1983,10,21,21,"21","4","danny-sullivan","tyrrell","ford","goodyear","1:57.426",117426,,,,,,,"+8.098",8098,"+0.354",354,
383,1983,10,22,22,"22","34","johnny-cecotto","theodore","ford","goodyear","1:57.744",117744,,,,,,,"+8.416",8416,"+0.318",318,
383,1983,10,23,23,"23","7","john-watson","mclaren","ford","michelin","1:57.776",117776,,,,,,,"+8.448",8448,"+0.032",32,
383,1983,10,24,24,"24","33","roberto-guerrero","theodore","ford","goodyear","1:57.790",117790,,,,,,,"+8.462",8462,"+0.014",14,
383,1983,10,25,25,"25","26","raul-boesel","ligier","ford","michelin","1:58.413",118413,,,,,,,"+9.085",9085,"+0.623",623,
383,1983,10,26,26,"26","32","piercarlo-ghinzani","osella","alfa-romeo","michelin","1:58.473",118473,,,,,,,"+9.145",9145,"+0.060",60,
383,1983,10,27,27,"27","17","kenny-acheson","ram","ford","pirelli","1:59.003",119003,,,,,,,"+9.675",9675,"+0.530",530,
383,1983,10,28,28,"28","31","corrado-fabi","osella","alfa-romeo","michelin","2:01.113",121113,,,,,,,"+11.785",11785,"+2.110",2110,
384,1983,11,1,1,"1","27","patrick-tambay","ferrari","ferrari","goodyear","1:29.871",89871,,,,,,,,,,,
384,1983,11,2,2,"2","28","rene-arnoux","ferrari","ferrari","goodyear","1:29.935",89935,,,,,,,"+0.064",64,"+0.064",64,
384,1983,11,3,3,"3","12","nigel-mansell","lotus","renault","pirelli","1:30.457",90457,,,,,,,"+0.586",586,"+0.522",522,
384,1983,11,4,4,"4","5","nelson-piquet","brabham","bmw","michelin","1:30.566",90566,,,,,,,"+0.695",695,"+0.109",109,
384,1983,11,5,5,"5","15","alain-prost","renault","renault","michelin","1:30.841",90841,,,,,,,"+0.970",970,"+0.275",275,
384,1983,11,6,6,"6","6","riccardo-patrese","brabham","bmw","michelin","1:31.440",91440,,,,,,,"+1.569",1569,"+0.599",599,
384,1983,11,7,7,"7","36","bruno-giacomelli","toleman","hart","pirelli","1:31.693",91693,,,,,,,"+1.822",1822,"+0.253",253,
384,1983,11,8,8,"8","16","eddie-cheever","renault","renault","michelin","1:31.695",91695,,,,,,,"+1.824",1824,"+0.002",2,
384,1983,11,9,9,"9","23","mauro-baldi","alfa-romeo","alfa-romeo","michelin","1:31.769",91769,,,,,,,"+1.898",1898,"+0.074",74,
384,1983,11,10,10,"10","35","derek-warwick","toleman","hart","pirelli","1:31.962",91962,,,,,,,"+2.091",2091,"+0.193",193,
384,1983,11,11,11,"11","22","andrea-de-cesaris","alfa-romeo","alfa-romeo","michelin","1:32.359",92359,,,,,,,"+2.488",2488,"+0.397",397,
384,1983,11,12,12,"12","11","elio-de-angelis","lotus","renault","pirelli","1:32.451",92451,,,,,,,"+2.580",2580,"+0.092",92,
384,1983,11,13,13,"13","9","manfred-winkelhock","ats-wheels","bmw","goodyear","1:33.211",93211,,,,,,,"+3.340",3340,"+0.760",760,
384,1983,11,14,14,"14","8","niki-lauda","mclaren","ford","michelin","1:34.518",94518,,,,,,,"+4.647",4647,"+1.307",1307,
384,1983,11,15,15,"15","1","keke-rosberg","williams","ford","goodyear","1:35.380",95380,,,,,,,"+5.509",5509,"+0.862",862,
384,1983,11,16,16,"16","40","stefan-johansson","spirit","honda","goodyear","1:35.892",95892,,,,,,,"+6.021",6021,"+0.512",512,
384,1983,11,17,17,"17","7","john-watson","mclaren","ford","michelin","1:36.059",96059,,,,,,,"+6.188",6188,"+0.167",167,
384,1983,11,18,18,"18","3","michele-alboreto","tyrrell","ford","goodyear","1:36.079",96079,,,,,,,"+6.208",6208,"+0.020",20,
384,1983,11,19,19,"19","30","thierry-boutsen","arrows","ford","goodyear","1:36.357",96357,,,,,,,"+6.486",6486,"+0.278",278,
384,1983,11,20,20,"20","25","jean-pierre-jarier","ligier","ford","michelin","1:36.435",96435,,,,,,,"+6.564",6564,"+0.078",78,
384,1983,11,21,21,"21","33","roberto-guerrero","theodore","ford","goodyear","1:36.532",96532,,,,,,,"+6.661",6661,"+0.097",97,
384,1983,11,22,22,"22","29","marc-surer","arrows","ford","goodyear","1:36.619",96619,,,,,,,"+6.748",6748,"+0.087",87,
384,1983,11,23,23,"23","4","danny-sullivan","tyrrell","ford","goodyear","1:36.772",96772,,,,,,,"+6.901",6901,"+0.153",153,
384,1983,11,24,24,"24","2","jacques-laffite","williams","ford","goodyear","1:37.017",97017,,,,,,,"+7.146",7146,"+0.245",245,
384,1983,11,25,25,"25","32","piercarlo-ghinzani","osella","alfa-romeo","michelin","1:37.117",97117,,,,,,,"+7.246",7246,"+0.100",100,
384,1983,11,26,26,"26","31","corrado-fabi","osella","alfa-romeo","michelin","1:37.217",97217,,,,,,,"+7.346",7346,"+0.100",100,
384,1983,11,27,27,"27","26","raul-boesel","ligier","ford","michelin","1:37.400",97400,,,,,,,"+7.529",7529,"+0.183",183,
384,1983,11,28,28,"28","34","johnny-cecotto","theodore","ford","goodyear","1:37.497",97497,,,,,,,"+7.626",7626,"+0.097",97,
384,1983,11,29,29,"29","17","kenny-acheson","ram","ford","pirelli","1:38.974",98974,,,,,,,"+9.103",9103,"+1.477",1477,
385,1983,12,1,1,"1","5","nelson-piquet","brabham","bmw","michelin","1:15.630",75630,,,,,,,,,,,
385,1983,12,2,2,"2","27","patrick-tambay","ferrari","ferrari","goodyear","1:16.370",76370,,,,,,,"+0.740",740,"+0.740",740,
385,1983,12,3,3,"3","11","elio-de-angelis","lotus","renault","pirelli","1:16.411",76411,,,,,,,"+0.781",781,"+0.041",41,
385,1983,12,4,4,"4","15","alain-prost","renault","renault","michelin","1:16.611",76611,,,,,,,"+0.981",981,"+0.200",200,
385,1983,12,5,5,"5","12","nigel-mansell","lotus","renault","pirelli","1:16.711",76711,,,,,,,"+1.081",1081,"+0.100",100,
385,1983,12,6,6,"6","6","riccardo-patrese","brabham","bmw","michelin","1:16.940",76940,,,,,,,"+1.310",1310,"+0.229",229,
385,1983,12,7,7,"7","35","derek-warwick","toleman","hart","pirelli","1:17.198",77198,,,,,,,"+1.568",1568,"+0.258",258,
385,1983,12,8,8,"8","22","andrea-de-cesaris","alfa-romeo","alfa-romeo","michelin","1:17.233",77233,,,,,,,"+1.603",1603,"+0.035",35,
385,1983,12,9,9,"9","9","manfred-winkelhock","ats-wheels","bmw","goodyear","1:17.306",77306,,,,,,,"+1.676",1676,"+0.073",73,
385,1983,12,10,10,"10","28","rene-arnoux","ferrari","ferrari","goodyear","1:17.397",77397,,,,,,,"+1.767",1767,"+0.091",91,
385,1983,12,11,11,"11","16","eddie-cheever","renault","renault","michelin","1:17.676",77676,,,,,,,"+2.046",2046,"+0.279",279,
385,1983,12,12,12,"12","23","mauro-baldi","alfa-romeo","alfa-romeo","michelin","1:17.887",77887,,,,,,,"+2.257",2257,"+0.211",211,
385,1983,12,13,13,"13","36","bruno-giacomelli","toleman","hart","pirelli","1:17.902",77902,,,,,,,"+2.272",2272,"+0.015",15,
385,1983,12,14,14,"14","29","marc-surer","arrows","ford","goodyear","1:19.696",79696,,,,,,,"+4.066",4066,"+1.794",1794,
385,1983,12,15,15,"15","7","john-watson","mclaren","ford","michelin","1:19.787",79787,,,,,,,"+4.157",4157,"+0.091",91,
385,1983,12,16,16,"16","40","stefan-johansson","spirit","honda","goodyear","1:19.966",79966,,,,,,,"+4.336",4336,"+0.179",179,
385,1983,12,17,17,"17","2","jacques-laffite","williams","ford","goodyear","1:19.979",79979,,,,,,,"+4.349",4349,"+0.013",13,
385,1983,12,18,18,"18","3","michele-alboreto","tyrrell","ford","goodyear","1:20.149",80149,,,,,,,"+4.519",4519,"+0.170",170,
385,1983,12,19,19,"19","8","niki-lauda","mclaren","tag","michelin","1:20.169",80169,,,,,,,"+4.539",4539,"+0.020",20,
385,1983,12,20,20,"20","33","roberto-guerrero","theodore","ford","goodyear","1:20.190",80190,,,,,,,"+4.560",4560,"+0.021",21,
385,1983,12,21,21,"21","30","thierry-boutsen","arrows","ford","goodyear","1:20.245",80245,,,,,,,"+4.615",4615,"+0.055",55,
385,1983,12,22,22,"22","25","jean-pierre-jarier","ligier","ford","michelin","1:20.247",80247,,,,,,,"+4.617",4617,"+0.002",2,
385,1983,12,23,23,"23","1","keke-rosberg","williams","ford","goodyear","1:20.391",80391,,,,,,,"+4.761",4761,"+0.144",144,
385,1983,12,24,24,"24","26","raul-boesel","ligier","ford","michelin","1:20.660",80660,,,,,,,"+5.030",5030,"+0.269",269,
385,1983,12,25,25,"25","31","corrado-fabi","osella","alfa-romeo","michelin","1:20.815",80815,,,,,,,"+5.185",5185,"+0.155",155,
385,1983,12,26,26,"26","4","danny-sullivan","tyrrell","ford","goodyear","1:20.842",80842,,,,,,,"+5.212",5212,"+0.027",27,
385,1983,12,27,27,"27","32","piercarlo-ghinzani","osella","alfa-romeo","michelin","1:20.926",80926,,,,,,,"+5.296",5296,"+0.084",84,
385,1983,12,28,28,"28","34","johnny-cecotto","theodore","ford","goodyear","1:20.955",80955,,,,,,,"+5.325",5325,"+0.029",29,
385,1983,12,29,29,"29","17","kenny-acheson","ram","ford","pirelli","1:23.093",83093,,,,,,,"+7.463",7463,"+2.138",2138,
386,1983,13,1,1,"1","6","riccardo-patrese","brabham","bmw","michelin","1:29.122",89122,,,,,,,,,,,
386,1983,13,2,2,"2","27","patrick-tambay","ferrari","ferrari","goodyear","1:29.650",89650,,,,,,,"+0.528",528,"+0.528",528,
386,1983,13,3,3,"3","28","rene-arnoux","ferrari","ferrari","goodyear","1:29.901",89901,,,,,,,"+0.779",779,"+0.251",251,
386,1983,13,4,4,"4","5","nelson-piquet","brabham","bmw","michelin","1:30.202",90202,,,,,,,"+1.080",1080,"+0.301",301,
386,1983,13,5,5,"5","15","alain-prost","renault","renault","michelin","1:31.144",91144,,,,,,,"+2.022",2022,"+0.942",942,
386,1983,13,6,6,"6","22","andrea-de-cesaris","alfa-romeo","alfa-romeo","michelin","1:31.272",91272,,,,,,,"+2.150",2150,"+0.128",128,
386,1983,13,7,7,"7","16","eddie-cheever","renault","renault","michelin","1:31.564",91564,,,,,,,"+2.442",2442,"+0.292",292,
386,1983,13,8,8,"8","11","elio-de-angelis","lotus","renault","pirelli","1:31.628",91628,,,,,,,"+2.506",2506,"+0.064",64,
386,1983,13,9,9,"9","9","manfred-winkelhock","ats-wheels","bmw","goodyear","1:31.959",91959,,,,,,,"+2.837",2837,"+0.331",331,
386,1983,13,10,10,"10","23","mauro-baldi","alfa-romeo","alfa-romeo","michelin","1:32.407",92407,,,,,,,"+3.285",3285,"+0.448",448,
386,1983,13,11,11,"11","12","nigel-mansell","lotus","renault","pirelli","1:32.423",92423,,,,,,,"+3.301",3301,"+0.016",16,
386,1983,13,12,12,"12","35","derek-warwick","toleman","hart","pirelli","1:32.677",92677,,,,,,,"+3.555",3555,"+0.254",254,
386,1983,13,13,13,"13","8","niki-lauda","mclaren","tag","michelin","1:33.133",93133,,,,,,,"+4.011",4011,"+0.456",456,
386,1983,13,14,14,"14","36","bruno-giacomelli","toleman","hart","pirelli","1:33.384",93384,,,,,,,"+4.262",4262,"+0.251",251,
386,1983,13,15,15,"15","7","john-watson","mclaren","tag","michelin","1:34.705",94705,,,,,,,"+5.583",5583,"+1.321",1321,
386,1983,13,16,16,"16","1","keke-rosberg","williams","ford","goodyear","1:35.291",95291,,,,,,,"+6.169",6169,"+0.586",586,
386,1983,13,17,17,"17","40","stefan-johansson","spirit","honda","goodyear","1:35.483",95483,,,,,,,"+6.361",6361,"+0.192",192,
386,1983,13,18,18,"18","30","thierry-boutsen","arrows","ford","goodyear","1:35.624",95624,,,,,,,"+6.502",6502,"+0.141",141,
386,1983,13,19,19,"19","25","jean-pierre-jarier","ligier","ford","michelin","1:36.220",96220,,,,,,,"+7.098",7098,"+0.596",596,
386,1983,13,20,20,"20","29","marc-surer","arrows","ford","goodyear","1:36.435",96435,,,,,,,"+7.313",7313,"+0.215",215,
386,1983,13,21,21,"21","33","roberto-guerrero","theodore","ford","goodyear","1:36.619",96619,,,,,,,"+7.497",7497,"+0.184",184,
386,1983,13,22,22,"22","4","danny-sullivan","tyrrell","ford","goodyear","1:36.644",96644,,,,,,,"+7.522",7522,"+0.025",25,
386,1983,13,23,23,"23","32","piercarlo-ghinzani","osella","alfa-romeo","michelin","1:36.647",96647,,,,,,,"+7.525",7525,"+0.003",3,
386,1983,13,24,24,"24","3","michele-alboreto","tyrrell","ford","goodyear","1:36.788",96788,,,,,,,"+7.666",7666,"+0.141",141,
386,1983,13,25,25,"25","31","corrado-fabi","osella","alfa-romeo","michelin","1:36.834",96834,,,,,,,"+7.712",7712,"+0.046",46,
386,1983,13,26,26,"26","34","johnny-cecotto","theodore","ford","goodyear","1:37.105",97105,,,,,,,"+7.983",7983,"+0.271",271,
386,1983,13,27,27,"27","26","raul-boesel","ligier","ford","michelin","1:37.186",97186,,,,,,,"+8.064",8064,"+0.081",81,
386,1983,13,28,28,"28","2","jacques-laffite","williams","ford","goodyear","1:37.245",97245,,,,,,,"+8.123",8123,"+0.059",59,
386,1983,13,29,29,"29","17","kenny-acheson","ram","ford","pirelli","1:37.272",97272,,,,,,,"+8.150",8150,"+0.027",27,
387,1983,14,1,1,"1","11","elio-de-angelis","lotus","renault","pirelli","1:12.092",72092,,,,,,,,,,,
387,1983,14,2,2,"2","6","riccardo-patrese","brabham","bmw","michelin","1:12.458",72458,,,,,,,"+0.366",366,"+0.366",366,
387,1983,14,3,3,"3","12","nigel-mansell","lotus","renault","pirelli","1:12.623",72623,,,,,,,"+0.531",531,"+0.165",165,
387,1983,14,4,4,"4","5","nelson-piquet","brabham","bmw","michelin","1:12.724",72724,,,,,,,"+0.632",632,"+0.101",101,
387,1983,14,5,5,"5","28","rene-arnoux","ferrari","ferrari","goodyear","1:13.113",73113,,,,,,,"+1.021",1021,"+0.389",389,
387,1983,14,6,6,"6","27","patrick-tambay","ferrari","ferrari","goodyear","1:13.157",73157,,,,,,,"+1.065",1065,"+0.044",44,
387,1983,14,7,7,"7","16","eddie-cheever","renault","renault","michelin","1:13.253",73253,,,,,,,"+1.161",1161,"+0.096",96,
387,1983,14,8,8,"8","15","alain-prost","renault","renault","michelin","1:13.342",73342,,,,,,,"+1.250",1250,"+0.089",89,
387,1983,14,9,9,"9","9","manfred-winkelhock","ats-wheels","bmw","goodyear","1:13.679",73679,,,,,,,"+1.587",1587,"+0.337",337,
387,1983,14,10,10,"10","7","john-watson","mclaren","tag","michelin","1:13.783",73783,,,,,,,"+1.691",1691,"+0.104",104,
387,1983,14,11,11,"11","35","derek-warwick","toleman","hart","pirelli","1:13.855",73855,,,,,,,"+1.763",1763,"+0.072",72,
387,1983,14,12,12,"12","36","bruno-giacomelli","toleman","hart","pirelli","1:13.949",73949,,,,,,,"+1.857",1857,"+0.094",94,
387,1983,14,13,13,"13","8","niki-lauda","mclaren","tag","michelin","1:13.972",73972,,,,,,,"+1.880",1880,"+0.023",23,
387,1983,14,14,14,"14","22","andrea-de-cesaris","alfa-romeo","alfa-romeo","michelin","1:14.403",74403,,,,,,,"+2.311",2311,"+0.431",431,
387,1983,14,15,15,"15","23","mauro-baldi","alfa-romeo","alfa-romeo","michelin","1:14.727",74727,,,,,,,"+2.635",2635,"+0.324",324,
387,1983,14,16,16,"16","1","keke-rosberg","williams","ford","goodyear","1:14.917",74917,,,,,,,"+2.825",2825,"+0.190",190,
387,1983,14,17,17,"17","29","marc-surer","arrows","ford","goodyear","1:15.346",75346,,,,,,,"+3.254",3254,"+0.429",429,
387,1983,14,18,18,"18","30","thierry-boutsen","arrows","ford","goodyear","1:15.428",75428,,,,,,,"+3.336",3336,"+0.082",82,
387,1983,14,19,19,"19","40","stefan-johansson","spirit","honda","goodyear","1:15.912",75912,,,,,,,"+3.820",3820,"+0.484",484,
387,1983,14,20,20,"20","4","danny-sullivan","tyrrell","ford","goodyear","1:16.640",76640,,,,,,,"+4.548",4548,"+0.728",728,
387,1983,14,21,21,"21","33","roberto-guerrero","theodore","ford","goodyear","1:16.769",76769,,,,,,,"+4.677",4677,"+0.129",129,
387,1983,14,22,22,"22","25","jean-pierre-jarier","ligier","ford","michelin","1:16.880",76880,,,,,,,"+4.788",4788,"+0.111",111,
387,1983,14,23,23,"23","26","raul-boesel","ligier","ford","michelin","1:17.177",77177,,,,,,,"+5.085",5085,"+0.297",297,
387,1983,14,24,24,"24","32","piercarlo-ghinzani","osella","alfa-romeo","michelin","1:17.408",77408,,,,,,,"+5.316",5316,"+0.231",231,
387,1983,14,25,25,"25","42","jonathan-palmer","williams","ford","goodyear","1:17.432",77432,,,,,,,"+5.340",5340,"+0.024",24,
387,1983,14,26,26,"26","3","michele-alboreto","tyrrell","ford","goodyear","1:17.456",77456,,,,,,,"+5.364",5364,"+0.024",24,
387,1983,14,27,27,"27","17","kenny-acheson","ram","ford","pirelli","1:17.577",77577,,,,,,,"+5.485",5485,"+0.121",121,
387,1983,14,28,28,"28","31","corrado-fabi","osella","alfa-romeo","michelin","1:17.816",77816,,,,,,,"+5.724",5724,"+0.239",239,
387,1983,14,29,29,"29","2","jacques-laffite","williams","ford","goodyear","1:18.261",78261,,,,,,,"+6.169",6169,"+0.445",445,
388,1983,15,1,1,"1","27","patrick-tambay","ferrari","ferrari","goodyear","1:06.554",66554,,,,,,,,,,,
388,1983,15,2,2,"2","5","nelson-piquet","brabham","bmw","michelin","1:06.792",66792,,,,,,,"+0.238",238,"+0.238",238,
388,1983,15,3,3,"3","6","riccardo-patrese","brabham","bmw","michelin","1:07.001",67001,,,,,,,"+0.447",447,"+0.209",209,
388,1983,15,4,4,"4","28","rene-arnoux","ferrari","ferrari","goodyear","1:07.105",67105,,,,,,,"+0.551",551,"+0.104",104,
388,1983,15,5,5,"5","15","alain-prost","renault","renault","michelin","1:07.186",67186,,,,,,,"+0.632",632,"+0.081",81,
388,1983,15,6,6,"6","1","keke-rosberg","williams","honda","goodyear","1:07.256",67256,,,,,,,"+0.702",702,"+0.070",70,
388,1983,15,7,7,"7","12","nigel-mansell","lotus","renault","pirelli","1:07.643",67643,,,,,,,"+1.089",1089,"+0.387",387,
388,1983,15,8,8,"8","9","manfred-winkelhock","ats-wheels","bmw","goodyear","1:07.682",67682,,,,,,,"+1.128",1128,"+0.039",39,
388,1983,15,9,9,"9","22","andrea-de-cesaris","alfa-romeo","alfa-romeo","michelin","1:07.759",67759,,,,,,,"+1.205",1205,"+0.077",77,
388,1983,15,10,10,"10","2","jacques-laffite","williams","honda","goodyear","1:07.931",67931,,,,,,,"+1.377",1377,"+0.172",172,
388,1983,15,11,11,"11","11","elio-de-angelis","lotus","renault","pirelli","1:07.937",67937,,,,,,,"+1.383",1383,"+0.006",6,
388,1983,15,12,12,"12","8","niki-lauda","mclaren","tag","michelin","1:07.974",67974,,,,,,,"+1.420",1420,"+0.037",37,
388,1983,15,13,13,"13","35","derek-warwick","toleman","hart","pirelli","1:08.061",68061,,,,,,,"+1.507",1507,"+0.087",87,
388,1983,15,14,14,"14","16","eddie-cheever","renault","renault","michelin","1:08.069",68069,,,,,,,"+1.515",1515,"+0.008",8,
388,1983,15,15,15,"15","7","john-watson","mclaren","tag","michelin","1:08.328",68328,,,,,,,"+1.774",1774,"+0.259",259,
388,1983,15,16,16,"16","36","bruno-giacomelli","toleman","hart","pirelli","1:08.350",68350,,,,,,,"+1.796",1796,"+0.022",22,
388,1983,15,17,17,"17","23","mauro-baldi","alfa-romeo","alfa-romeo","michelin","1:08.628",68628,,,,,,,"+2.074",2074,"+0.278",278,
388,1983,15,18,18,"18","3","michele-alboreto","tyrrell","ford","goodyear","1:11.096",71096,,,,,,,"+4.542",4542,"+2.468",2468,
388,1983,15,19,19,"19","4","danny-sullivan","tyrrell","ford","goodyear","1:11.382",71382,,,,,,,"+4.828",4828,"+0.286",286,
388,1983,15,20,20,"20","30","thierry-boutsen","arrows","ford","goodyear","1:11.658",71658,,,,,,,"+5.104",5104,"+0.276",276,
388,1983,15,21,21,"21","25","jean-pierre-jarier","ligier","ford","michelin","1:12.017",72017,,,,,,,"+5.463",5463,"+0.359",359,
388,1983,15,22,22,"22","29","marc-surer","arrows","ford","goodyear","1:12.049",72049,,,,,,,"+5.495",5495,"+0.032",32,
388,1983,15,23,23,"23","26","raul-boesel","ligier","ford","michelin","1:12.745",72745,,,,,,,"+6.191",6191,"+0.696",696,
388,1983,15,24,24,"24","17","kenny-acheson","ram","ford","pirelli","1:13.352",73352,,,,,,,"+6.798",6798,"+0.607",607,
388,1983,15,25,25,"25","31","corrado-fabi","osella","alfa-romeo","michelin","1:13.656",73656,,,,,,,"+7.102",7102,"+0.304",304,
388,1983,15,26,26,"26","32","piercarlo-ghinzani","osella","alfa-romeo","michelin","1:14.903",74903,,,,,,,"+8.349",8349,"+1.247",1247,
389,1984,1,1,1,"1","11","elio-de-angelis","lotus","renault","goodyear","1:28.392",88392,,,,,,,,,,,
389,1984,1,2,2,"2","27","michele-alboreto","ferrari","ferrari","goodyear","1:28.898",88898,,,,,,,"+0.506",506,"+0.506",506,
389,1984,1,3,3,"3","16","derek-warwick","renault","renault","michelin","1:29.025",89025,,,,,,,"+0.633",633,"+0.127",127,
389,1984,1,4,4,"4","7","alain-prost","mclaren","tag","michelin","1:29.330",89330,,,,,,,"+0.938",938,"+0.305",305,
389,1984,1,5,5,"5","12","nigel-mansell","lotus","renault","goodyear","1:29.364",89364,,,,,,,"+0.972",972,"+0.034",34,
389,1984,1,6,6,"6","8","niki-lauda","mclaren","tag","michelin","1:29.854",89854,,,,,,,"+1.462",1462,"+0.490",490,
389,1984,1,7,7,"7","1","nelson-piquet","brabham","bmw","michelin","1:30.149",90149,,,,,,,"+1.757",1757,"+0.295",295,
389,1984,1,8,8,"8","15","patrick-tambay","renault","renault","michelin","1:30.554",90554,,,,,,,"+2.162",2162,"+0.405",405,
389,1984,1,9,9,"9","6","keke-rosberg","williams","honda","goodyear","1:30.611",90611,,,,,,,"+2.219",2219,"+0.057",57,
389,1984,1,10,10,"10","28","rene-arnoux","ferrari","ferrari","goodyear","1:30.695",90695,,,,,,,"+2.303",2303,"+0.084",84,
389,1984,1,11,11,"11","22","riccardo-patrese","alfa-romeo","alfa-romeo","goodyear","1:30.973",90973,,,,,,,"+2.581",2581,"+0.278",278,
389,1984,1,12,12,"12","23","eddie-cheever","alfa-romeo","alfa-romeo","goodyear","1:31.282",91282,,,,,,,"+2.890",2890,"+0.309",309,
389,1984,1,13,13,"13","5","jacques-laffite","williams","honda","goodyear","1:31.548",91548,,,,,,,"+3.156",3156,"+0.266",266,
389,1984,1,14,14,"14","26","andrea-de-cesaris","ligier","renault","michelin","1:32.895",92895,,,,,,,"+4.503",4503,"+1.347",1347,
389,1984,1,15,15,"15","2","teo-fabi","brabham","bmw","michelin","1:33.277",93277,,,,,,,"+4.885",4885,"+0.382",382,
389,1984,1,16,16,"16","19","ayrton-senna","toleman","hart","pirelli","1:33.525",93525,,,,,,,"+5.133",5133,"+0.248",248,
389,1984,1,17,17,"17","20","johnny-cecotto","toleman","hart","pirelli","1:35.300",95300,,,,,,,"+6.908",6908,"+1.775",1775,
389,1984,1,18,18,"18","25","francois-hesnault","ligier","renault","michelin","1:36.238",96238,,,,,,,"+7.846",7846,"+0.938",938,
389,1984,1,19,19,"19","18","thierry-boutsen","arrows","ford","goodyear","1:36.312",96312,,,,,,,"+7.920",7920,"+0.074",74,
389,1984,1,20,20,"20","24","piercarlo-ghinzani","osella","alfa-romeo","pirelli","1:36.434",96434,,,,,,,"+8.042",8042,"+0.122",122,
389,1984,1,21,21,"21","21","mauro-baldi","spirit","hart","pirelli","1:36.816",96816,,,,,,,"+8.424",8424,"+0.382",382,
389,1984,1,22,22,"22","17","marc-surer","arrows","ford","goodyear","1:37.204",97204,,,,,,,"+8.812",8812,"+0.388",388,
389,1984,1,23,23,"23","9","philippe-alliot","ram","hart","pirelli","1:37.709",97709,,,,,,,"+9.317",9317,"+0.505",505,
389,1984,1,24,24,"24","10","jonathan-palmer","ram","hart","pirelli","1:37.919",97919,,,,,,,"+9.527",9527,"+0.210",210,
390,1984,2,1,1,"1","1","nelson-piquet","brabham","bmw","michelin","1:04.871",64871,,,,,,,,,,,
390,1984,2,2,2,"2","6","keke-rosberg","williams","honda","goodyear","1:05.058",65058,,,,,,,"+0.187",187,"+0.187",187,
390,1984,2,3,3,"3","12","nigel-mansell","lotus","renault","goodyear","1:05.125",65125,,,,,,,"+0.254",254,"+0.067",67,
390,1984,2,4,4,"4","15","patrick-tambay","renault","renault","michelin","1:05.339",65339,,,,,,,"+0.468",468,"+0.214",214,
390,1984,2,5,5,"5","7","alain-prost","mclaren","tag","michelin","1:05.354",65354,,,,,,,"+0.483",483,"+0.015",15,
390,1984,2,6,6,"6","2","teo-fabi","brabham","bmw","michelin","1:05.923",65923,,,,,,,"+1.052",1052,"+0.569",569,
390,1984,2,7,7,"7","11","elio-de-angelis","lotus","renault","goodyear","1:05.953",65953,,,,,,,"+1.082",1082,"+0.030",30,
390,1984,2,8,8,"8","8","niki-lauda","mclaren","tag","michelin","1:06.043",66043,,,,,,,"+1.172",1172,"+0.090",90,
390,1984,2,9,9,"9","16","derek-warwick","renault","renault","michelin","1:06.056",66056,,,,,,,"+1.185",1185,"+0.013",13,
390,1984,2,10,10,"10","27","michele-alboreto","ferrari","ferrari","goodyear","1:06.323",66323,,,,,,,"+1.452",1452,"+0.267",267,
390,1984,2,11,11,"11","5","jacques-laffite","williams","honda","goodyear","1:06.762",66762,,,,,,,"+1.891",1891,"+0.439",439,
390,1984,2,12,12,"12","14","manfred-winkelhock","ats-wheels","bmw","pirelli","1:06.974",66974,,,,,,,"+2.103",2103,"+0.212",212,
390,1984,2,13,13,"13","19","ayrton-senna","toleman","hart","pirelli","1:06.981",66981,,,,,,,"+2.110",2110,"+0.007",7,
390,1984,2,14,14,"14","26","andrea-de-cesaris","ligier","renault","michelin","1:07.245",67245,,,,,,,"+2.374",2374,"+0.264",264,
390,1984,2,15,15,"15","28","rene-arnoux","ferrari","ferrari","goodyear","1:07.345",67345,,,,,,,"+2.474",2474,"+0.100",100,
390,1984,2,16,16,"16","23","eddie-cheever","alfa-romeo","alfa-romeo","goodyear","1:07.704",67704,,,,,,,"+2.833",2833,"+0.359",359,
390,1984,2,17,17,"17","25","francois-hesnault","ligier","renault","michelin","1:07.787",67787,,,,,,,"+2.916",2916,"+0.083",83,
390,1984,2,18,18,"18","22","riccardo-patrese","alfa-romeo","alfa-romeo","goodyear","1:08.042",68042,,,,,,,"+3.171",3171,"+0.255",255,
390,1984,2,19,19,"19","20","johnny-cecotto","toleman","hart","pirelli","1:08.298",68298,,,,,,,"+3.427",3427,"+0.256",256,
390,1984,2,20,20,"20","24","piercarlo-ghinzani","osella","alfa-romeo","pirelli","1:09.609",69609,,,,,,,"+4.738",4738,"+1.311",1311,
390,1984,2,21,21,"21","21","mauro-baldi","spirit","hart","pirelli","1:09.923",69923,,,,,,,"+5.052",5052,"+0.314",314,
390,1984,2,22,22,"22","10","jonathan-palmer","ram","hart","pirelli","1:10.383",70383,,,,,,,"+5.512",5512,"+0.460",460,
390,1984,2,23,23,"23","9","philippe-alliot","ram","hart","pirelli","1:10.619",70619,,,,,,,"+5.748",5748,"+0.236",236,
390,1984,2,24,24,"24","17","marc-surer","arrows","ford","goodyear","1:11.808",71808,,,,,,,"+6.937",6937,"+1.189",1189,
390,1984,2,25,25,"25","18","thierry-boutsen","arrows","ford","goodyear","1:12.274",72274,,,,,,,"+7.403",7403,"+0.466",466,
391,1984,3,1,1,"1","27","michele-alboreto","ferrari","ferrari","goodyear","1:14.846",74846,,,,,,,,,,,
391,1984,3,2,2,"2","28","rene-arnoux","ferrari","ferrari","goodyear","1:15.398",75398,,,,,,,"+0.552",552,"+0.552",552,
391,1984,3,3,3,"3","6","keke-rosberg","williams","honda","goodyear","1:15.414",75414,,,,,,,"+0.568",568,"+0.016",16,
391,1984,3,4,4,"4","16","derek-warwick","renault","renault","michelin","1:15.611",75611,,,,,,,"+0.765",765,"+0.197",197,
391,1984,3,5,5,"5","11","elio-de-angelis","lotus","renault","goodyear","1:15.979",75979,,,,,,,"+1.133",1133,"+0.368",368,
391,1984,3,6,6,"6","14","manfred-winkelhock","ats-wheels","bmw","pirelli","1:16.130",76130,,,,,,,"+1.284",1284,"+0.151",151,
391,1984,3,7,7,"7","22","riccardo-patrese","alfa-romeo","alfa-romeo","goodyear","1:16.431",76431,,,,,,,"+1.585",1585,"+0.301",301,
391,1984,3,8,8,"8","7","alain-prost","mclaren","tag","michelin","1:16.587",76587,,,,,,,"+1.741",1741,"+0.156",156,
391,1984,3,9,9,"9","1","nelson-piquet","brabham","bmw","michelin","1:16.604",76604,,,,,,,"+1.758",1758,"+0.017",17,
391,1984,3,10,10,"10","12","nigel-mansell","lotus","renault","goodyear","1:16.720",76720,,,,,,,"+1.874",1874,"+0.116",116,
391,1984,3,11,11,"11","23","eddie-cheever","alfa-romeo","alfa-romeo","goodyear","1:16.746",76746,,,,,,,"+1.900",1900,"+0.026",26,
391,1984,3,12,12,"12","15","patrick-tambay","renault","renault","michelin","1:17.171",77171,,,,,,,"+2.325",2325,"+0.425",425,
391,1984,3,13,13,"13","26","andrea-de-cesaris","ligier","renault","michelin","1:17.471",77471,,,,,,,"+2.625",2625,"+0.300",300,
391,1984,3,14,14,"14","8","niki-lauda","mclaren","tag","michelin","1:18.071",78071,,,,,,,"+3.225",3225,"+0.600",600,
391,1984,3,15,15,"15","5","jacques-laffite","williams","honda","goodyear","1:18.125",78125,,,,,,,"+3.279",3279,"+0.054",54,
391,1984,3,16,16,"16","20","johnny-cecotto","toleman","hart","pirelli","1:18.321",78321,,,,,,,"+3.475",3475,"+0.196",196,
391,1984,3,17,17,"17","18","thierry-boutsen","arrows","bmw","goodyear","1:18.351",78351,,,,,,,"+3.505",3505,"+0.030",30,
391,1984,3,18,18,"18","2","teo-fabi","brabham","bmw","michelin","1:18.848",78848,,,,,,,"+4.002",4002,"+0.497",497,
391,1984,3,19,19,"19","19","ayrton-senna","toleman","hart","pirelli","1:18.876",78876,,,,,,,"+4.030",4030,"+0.028",28,
391,1984,3,20,20,"20","24","piercarlo-ghinzani","osella","alfa-romeo","pirelli","1:19.734",79734,,,,,,,"+4.888",4888,"+0.858",858,
391,1984,3,21,21,"21","25","francois-hesnault","ligier","renault","michelin","1:20.439",80439,,,,,,,"+5.593",5593,"+0.705",705,
391,1984,3,22,22,"22","17","marc-surer","arrows","ford","goodyear","1:20.615",80615,,,,,,,"+5.769",5769,"+0.176",176,
391,1984,3,23,23,"23","21","mauro-baldi","spirit","hart","pirelli","1:20.644",80644,,,,,,,"+5.798",5798,"+0.029",29,
391,1984,3,24,24,"24","10","jonathan-palmer","ram","hart","pirelli","1:20.793",80793,,,,,,,"+5.947",5947,"+0.149",149,
391,1984,3,25,25,"25","9","philippe-alliot","ram","hart","pirelli","1:21.253",81253,,,,,,,"+6.407",6407,"+0.460",460,
392,1984,4,1,1,"1","1","nelson-piquet","brabham","bmw","michelin","1:28.517",88517,,,,,,,,,,,
392,1984,4,2,2,"2","7","alain-prost","mclaren","tag","michelin","1:28.628",88628,,,,,,,"+0.111",111,"+0.111",111,
392,1984,4,3,3,"3","6","keke-rosberg","williams","honda","goodyear","1:29.418",89418,,,,,,,"+0.901",901,"+0.790",790,
392,1984,4,4,4,"4","16","derek-warwick","renault","renault","michelin","1:29.682",89682,,,,,,,"+1.165",1165,"+0.264",264,
392,1984,4,5,5,"5","8","niki-lauda","mclaren","tag","michelin","1:30.325",90325,,,,,,,"+1.808",1808,"+0.643",643,
392,1984,4,6,6,"6","28","rene-arnoux","ferrari","ferrari","goodyear","1:30.411",90411,,,,,,,"+1.894",1894,"+0.086",86,
392,1984,4,7,7,"7","14","manfred-winkelhock","ats-wheels","bmw","pirelli","1:30.723",90723,,,,,,,"+2.206",2206,"+0.312",312,
392,1984,4,8,8,"8","23","eddie-cheever","alfa-romeo","alfa-romeo","goodyear","1:30.843",90843,,,,,,,"+2.326",2326,"+0.120",120,
392,1984,4,9,9,"9","2","teo-fabi","brabham","bmw","michelin","1:30.950",90950,,,,,,,"+2.433",2433,"+0.107",107,
392,1984,4,10,10,"10","22","riccardo-patrese","alfa-romeo","alfa-romeo","goodyear","1:31.163",91163,,,,,,,"+2.646",2646,"+0.213",213,
392,1984,4,11,11,"11","11","elio-de-angelis","lotus","renault","goodyear","1:31.173",91173,,,,,,,"+2.656",2656,"+0.010",10,
392,1984,4,12,12,"12","26","andrea-de-cesaris","ligier","renault","michelin","1:31.256",91256,,,,,,,"+2.739",2739,"+0.083",83,
392,1984,4,13,13,"13","27","michele-alboreto","ferrari","ferrari","goodyear","1:31.282",91282,,,,,,,"+2.765",2765,"+0.026",26,
392,1984,4,14,14,"14","15","patrick-tambay","renault","renault","michelin","1:31.663",91663,,,,,,,"+3.146",3146,"+0.381",381,
392,1984,4,15,15,"15","5","jacques-laffite","williams","honda","goodyear","1:32.600",92600,,,,,,,"+4.083",4083,"+0.937",937,
392,1984,4,16,16,"16","17","marc-surer","arrows","bmw","goodyear","1:33.063",93063,,,,,,,"+4.546",4546,"+0.463",463,
392,1984,4,17,17,"17","25","francois-hesnault","ligier","renault","michelin","1:33.186",93186,,,,,,,"+4.669",4669,"+0.123",123,
392,1984,4,18,18,"18","12","nigel-mansell","lotus","renault","goodyear","1:34.477",94477,,,,,,,"+5.960",5960,"+1.291",1291,
392,1984,4,19,19,"19","20","johnny-cecotto","toleman","hart","pirelli","1:35.568",95568,,,,,,,"+7.051",7051,"+1.091",1091,
392,1984,4,20,20,"20","18","thierry-boutsen","arrows","ford","goodyear","1:36.018",96018,,,,,,,"+7.501",7501,"+0.450",450,
392,1984,4,21,21,"21","9","philippe-alliot","ram","hart","pirelli","1:36.733",96733,,,,,,,"+8.216",8216,"+0.715",715,
392,1984,4,22,22,"22","21","mauro-baldi","spirit","hart","pirelli","1:36.916",96916,,,,,,,"+8.399",8399,"+0.183",183,
392,1984,4,23,23,"23","10","jonathan-palmer","ram","hart","pirelli","1:37.262",97262,,,,,,,"+8.745",8745,"+0.346",346,
392,1984,4,24,24,"24","30","jo-gartner","osella","alfa-romeo","pirelli","1:38.948",98948,,,,,,,"+10.431",10431,"+1.686",1686,
392,1984,4,25,25,"25","24","piercarlo-ghinzani","osella","alfa-romeo","pirelli","1:40.790",100790,,,,,,,"+12.273",12273,"+1.842",1842,
392,1984,4,26,26,"26","19","ayrton-senna","toleman","hart","pirelli","1:41.585",101585,,,,,,,"+13.068",13068,"+0.795",795,
393,1984,5,1,1,"1","15","patrick-tambay","renault","renault","michelin","1:02.200",62200,,,,,,,,,,,
393,1984,5,2,2,"2","11","elio-de-angelis","lotus","renault","goodyear","1:02.336",62336,,,,,,,"+0.136",136,"+0.136",136,
393,1984,5,3,3,"3","1","nelson-piquet","brabham","bmw","michelin","1:02.806",62806,,,,,,,"+0.606",606,"+0.470",470,
393,1984,5,4,4,"4","6","keke-rosberg","williams","honda","goodyear","1:02.908",62908,,,,,,,"+0.708",708,"+0.102",102,
393,1984,5,5,5,"5","7","alain-prost","mclaren","tag","michelin","1:02.982",62982,,,,,,,"+0.782",782,"+0.074",74,
393,1984,5,6,6,"6","12","nigel-mansell","lotus","renault","goodyear","1:03.200",63200,,,,,,,"+1.000",1000,"+0.218",218,
393,1984,5,7,7,"7","16","derek-warwick","renault","renault","michelin","1:03.540",63540,,,,,,,"+1.340",1340,"+0.340",340,
393,1984,5,8,8,"8","14","manfred-winkelhock","ats-wheels","bmw","pirelli","1:03.865",63865,,,,,,,"+1.665",1665,"+0.325",325,
393,1984,5,9,9,"9","8","niki-lauda","mclaren","tag","michelin","1:04.419",64419,,,,,,,"+2.219",2219,"+0.554",554,
393,1984,5,10,10,"10","27","michele-alboreto","ferrari","ferrari","goodyear","1:04.459",64459,,,,,,,"+2.259",2259,"+0.040",40,
393,1984,5,11,11,"11","28","rene-arnoux","ferrari","ferrari","goodyear","1:04.917",64917,,,,,,,"+2.717",2717,"+0.458",458,
393,1984,5,12,12,"12","5","jacques-laffite","williams","honda","goodyear","1:05.410",65410,,,,,,,"+3.210",3210,"+0.493",493,
393,1984,5,13,13,"13","19","ayrton-senna","toleman","hart","michelin","1:05.744",65744,,,,,,,"+3.544",3544,"+0.334",334,
393,1984,5,14,14,"14","25","francois-hesnault","ligier","renault","michelin","1:05.850",65850,,,,,,,"+3.650",3650,"+0.106",106,
393,1984,5,15,15,"15","18","thierry-boutsen","arrows","bmw","goodyear","1:05.972",65972,,,,,,,"+3.772",3772,"+0.122",122,
393,1984,5,16,16,"16","22","riccardo-patrese","alfa-romeo","alfa-romeo","goodyear","1:06.172",66172,,,,,,,"+3.972",3972,"+0.200",200,
393,1984,5,17,17,"17","23","eddie-cheever","alfa-romeo","alfa-romeo","goodyear","1:06.281",66281,,,,,,,"+4.081",4081,"+0.109",109,
393,1984,5,18,18,"18","2","teo-fabi","brabham","bmw","michelin","1:06.370",66370,,,,,,,"+4.170",4170,"+0.089",89,
393,1984,5,19,19,"19","20","johnny-cecotto","toleman","hart","michelin","1:08.189",68189,,,,,,,"+5.989",5989,"+1.819",1819,
393,1984,5,20,20,"20","17","marc-surer","arrows","ford","goodyear","1:08.457",68457,,,,,,,"+6.257",6257,"+0.268",268,
393,1984,5,21,21,"21","10","jonathan-palmer","ram","hart","pirelli","1:09.047",69047,,,,,,,"+6.847",6847,"+0.590",590,
393,1984,5,22,22,"22","9","philippe-alliot","ram","hart","pirelli","1:09.447",69447,,,,,,,"+7.247",7247,"+0.400",400,
393,1984,5,23,23,"23","21","mauro-baldi","spirit","hart","pirelli","1:09.629",69629,,,,,,,"+7.429",7429,"+0.182",182,
393,1984,5,24,24,"24","24","piercarlo-ghinzani","osella","alfa-romeo","pirelli","1:11.625",71625,,,,,,,"+9.425",9425,"+1.996",1996,
393,1984,5,25,25,"25","26","andrea-de-cesaris","ligier","renault","michelin","1:22.388",82388,,,,,,,"+20.188",20188,"+10.763",10763,
394,1984,6,1,1,"1","7","alain-prost","mclaren","tag","michelin","1:22.661",82661,,,,,,,,,,,
394,1984,6,2,2,"2","12","nigel-mansell","lotus","renault","goodyear","1:22.752",82752,,,,,,,"+0.091",91,"+0.091",91,
394,1984,6,3,3,"3","28","rene-arnoux","ferrari","ferrari","goodyear","1:22.935",82935,,,,,,,"+0.274",274,"+0.183",183,
394,1984,6,4,4,"4","27","michele-alboreto","ferrari","ferrari","goodyear","1:22.937",82937,,,,,,,"+0.276",276,"+0.002",2,
394,1984,6,5,5,"5","16","derek-warwick","renault","renault","michelin","1:23.237",83237,,,,,,,"+0.576",576,"+0.300",300,
394,1984,6,6,6,"6","15","patrick-tambay","renault","renault","michelin","1:23.414",83414,,,,,,,"+0.753",753,"+0.177",177,
394,1984,6,7,7,"7","26","andrea-de-cesaris","ligier","renault","michelin","1:23.578",83578,,,,,,,"+0.917",917,"+0.164",164,
394,1984,6,8,8,"8","8","niki-lauda","mclaren","tag","michelin","1:23.886",83886,,,,,,,"+1.225",1225,"+0.308",308,
394,1984,6,9,9,"9","1","nelson-piquet","brabham","bmw","michelin","1:23.918",83918,,,,,,,"+1.257",1257,"+0.032",32,
394,1984,6,10,10,"10","6","keke-rosberg","williams","honda","goodyear","1:24.151",84151,,,,,,,"+1.490",1490,"+0.233",233,
394,1984,6,11,11,"11","11","elio-de-angelis","lotus","renault","goodyear","1:24.426",84426,,,,,,,"+1.765",1765,"+0.275",275,
394,1984,6,12,12,"12","14","manfred-winkelhock","ats-wheels","bmw","pirelli","1:24.473",84473,,,,,,,"+1.812",1812,"+0.047",47,
394,1984,6,13,13,"13","19","ayrton-senna","toleman","hart","michelin","1:25.009",85009,,,,,,,"+2.348",2348,"+0.536",536,
394,1984,6,14,14,"14","22","riccardo-patrese","alfa-romeo","alfa-romeo","goodyear","1:25.101",85101,,,,,,,"+2.440",2440,"+0.092",92,
394,1984,6,15,15,"15","2","corrado-fabi","brabham","bmw","michelin","1:25.290",85290,,,,,,,"+2.629",2629,"+0.189",189,
394,1984,6,16,16,"16","5","jacques-laffite","williams","honda","goodyear","1:25.719",85719,,,,,,,"+3.058",3058,"+0.429",429,
394,1984,6,17,17,"17","25","francois-hesnault","ligier","renault","michelin","1:25.815",85815,,,,,,,"+3.154",3154,"+0.096",96,
394,1984,6,18,18,"18","20","johnny-cecotto","toleman","hart","michelin","1:25.872",85872,,,,,,,"+3.211",3211,"+0.057",57,
394,1984,6,19,19,"19","24","piercarlo-ghinzani","osella","alfa-romeo","pirelli","1:25.877",85877,,,,,,,"+3.216",3216,"+0.005",5,
394,1984,6,20,20,"20","17","marc-surer","arrows","bmw","goodyear","1:26.273",86273,,,,,,,"+3.612",3612,"+0.396",396,
394,1984,6,21,21,"21","23","eddie-cheever","alfa-romeo","alfa-romeo","goodyear","1:26.471",86471,,,,,,,"+3.810",3810,"+0.198",198,
394,1984,6,22,22,"22","18","thierry-boutsen","arrows","bmw","goodyear","1:26.514",86514,,,,,,,"+3.853",3853,"+0.043",43,
394,1984,6,23,23,"23","10","jonathan-palmer","ram","hart","pirelli","1:27.458",87458,,,,,,,"+4.797",4797,"+0.944",944,
394,1984,6,24,24,"24","21","mauro-baldi","spirit","hart","pirelli","1:28.360",88360,,,,,,,"+5.699",5699,"+0.902",902,
394,1984,6,25,25,"25","9","philippe-alliot","ram","hart","pirelli","1:29.576",89576,,,,,,,"+6.915",6915,"+1.216",1216,
395,1984,7,1,1,"1","1","nelson-piquet","brabham","bmw","michelin","1:25.442",85442,,,,,,,,,,,
395,1984,7,2,2,"2","7","alain-prost","mclaren","tag","michelin","1:26.198",86198,,,,,,,"+0.756",756,"+0.756",756,
395,1984,7,3,3,"3","11","elio-de-angelis","lotus","renault","goodyear","1:26.306",86306,,,,,,,"+0.864",864,"+0.108",108,
395,1984,7,4,4,"4","16","derek-warwick","renault","renault","michelin","1:26.420",86420,,,,,,,"+0.978",978,"+0.114",114,
395,1984,7,5,5,"5","28","rene-arnoux","ferrari","ferrari","goodyear","1:26.549",86549,,,,,,,"+1.107",1107,"+0.129",129,
395,1984,7,6,6,"6","27","michele-alboreto","ferrari","ferrari","goodyear","1:26.764",86764,,,,,,,"+1.322",1322,"+0.215",215,
395,1984,7,7,7,"7","12","nigel-mansell","lotus","renault","goodyear","1:27.246",87246,,,,,,,"+1.804",1804,"+0.482",482,
395,1984,7,8,8,"8","8","niki-lauda","mclaren","tag","michelin","1:27.392",87392,,,,,,,"+1.950",1950,"+0.146",146,
395,1984,7,9,9,"9","19","ayrton-senna","toleman","hart","michelin","1:27.448",87448,,,,,,,"+2.006",2006,"+0.056",56,
395,1984,7,10,10,"10","26","andrea-de-cesaris","ligier","renault","michelin","1:27.922",87922,,,,,,,"+2.480",2480,"+0.474",474,
395,1984,7,11,11,"11","23","eddie-cheever","alfa-romeo","alfa-romeo","goodyear","1:28.032",88032,,,,,,,"+2.590",2590,"+0.110",110,
395,1984,7,12,12,"12","14","manfred-winkelhock","ats-wheels","bmw","pirelli","1:28.909",88909,,,,,,,"+3.467",3467,"+0.877",877,
395,1984,7,13,13,"13","25","francois-hesnault","ligier","renault","michelin","1:29.187",89187,,,,,,,"+3.745",3745,"+0.278",278,
395,1984,7,14,14,"14","22","riccardo-patrese","alfa-romeo","alfa-romeo","goodyear","1:29.205",89205,,,,,,,"+3.763",3763,"+0.018",18,
395,1984,7,15,15,"15","6","keke-rosberg","williams","honda","goodyear","1:29.284",89284,,,,,,,"+3.842",3842,"+0.079",79,
395,1984,7,16,16,"16","2","corrado-fabi","brabham","bmw","michelin","1:29.764",89764,,,,,,,"+4.322",4322,"+0.480",480,
395,1984,7,17,17,"17","5","jacques-laffite","williams","honda","goodyear","1:29.915",89915,,,,,,,"+4.473",4473,"+0.151",151,
395,1984,7,18,18,"18","18","thierry-boutsen","arrows","bmw","goodyear","1:30.073",90073,,,,,,,"+4.631",4631,"+0.158",158,
395,1984,7,19,19,"19","24","piercarlo-ghinzani","osella","alfa-romeo","pirelli","1:30.918",90918,,,,,,,"+5.476",5476,"+0.845",845,
395,1984,7,20,20,"20","20","johnny-cecotto","toleman","hart","michelin","1:31.459",91459,,,,,,,"+6.017",6017,"+0.541",541,
395,1984,7,21,21,"21","17","marc-surer","arrows","ford","goodyear","1:32.756",92756,,,,,,,"+7.314",7314,"+1.297",1297,
395,1984,7,22,22,"22","21","huub-rothengatter","spirit","hart","pirelli","1:32.920",92920,,,,,,,"+7.478",7478,"+0.164",164,
395,1984,7,23,23,"23","10","mike-thackwell","ram","hart","pirelli","1:33.750",93750,,,,,,,"+8.308",8308,"+0.830",830,
395,1984,7,24,24,"24","9","philippe-alliot","ram","hart","pirelli","1:35.286",95286,,,,,,,"+9.844",9844,"+1.536",1536,
396,1984,8,1,1,"1","1","nelson-piquet","brabham","bmw","michelin","1:40.980",100980,,,,,,,,,,,
396,1984,8,2,2,"2","7","alain-prost","mclaren","tag","michelin","1:41.640",101640,,,,,,,"+0.660",660,"+0.660",660,
396,1984,8,3,3,"3","12","nigel-mansell","lotus","renault","goodyear","1:42.172",102172,,,,,,,"+1.192",1192,"+0.532",532,
396,1984,8,4,4,"4","27","michele-alboreto","ferrari","ferrari","goodyear","1:42.246",102246,,,,,,,"+1.266",1266,"+0.074",74,
396,1984,8,5,5,"5","11","elio-de-angelis","lotus","renault","goodyear","1:42.434",102434,,,,,,,"+1.454",1454,"+0.188",188,
396,1984,8,6,6,"6","16","derek-warwick","renault","renault","michelin","1:42.637",102637,,,,,,,"+1.657",1657,"+0.203",203,
396,1984,8,7,7,"7","19","ayrton-senna","toleman","hart","michelin","1:42.651",102651,,,,,,,"+1.671",1671,"+0.014",14,
396,1984,8,8,8,"8","23","eddie-cheever","alfa-romeo","alfa-romeo","goodyear","1:43.065",103065,,,,,,,"+2.085",2085,"+0.414",414,
396,1984,8,9,9,"9","15","patrick-tambay","renault","renault","michelin","1:43.289",103289,,,,,,,"+2.309",2309,"+0.224",224,
396,1984,8,10,10,"10","8","niki-lauda","mclaren","tag","michelin","1:43.484",103484,,,,,,,"+2.504",2504,"+0.195",195,
396,1984,8,11,11,"11","26","andrea-de-cesaris","ligier","renault","michelin","1:43.998",103998,,,,,,,"+3.018",3018,"+0.514",514,
396,1984,8,12,12,"12","18","thierry-boutsen","arrows","bmw","goodyear","1:44.063",104063,,,,,,,"+3.083",3083,"+0.065",65,
396,1984,8,13,13,"13","14","manfred-winkelhock","ats-wheels","bmw","pirelli","1:44.228",104228,,,,,,,"+3.248",3248,"+0.165",165,
396,1984,8,14,14,"14","28","rene-arnoux","ferrari","ferrari","goodyear","1:44.748",104748,,,,,,,"+3.768",3768,"+0.520",520,
396,1984,8,15,15,"15","20","johnny-cecotto","toleman","hart","michelin","1:45.231",105231,,,,,,,"+4.251",4251,"+0.483",483,
396,1984,8,16,16,"16","25","francois-hesnault","ligier","renault","michelin","1:45.419",105419,,,,,,,"+4.439",4439,"+0.188",188,
396,1984,8,17,17,"17","5","jacques-laffite","williams","honda","goodyear","1:46.225",106225,,,,,,,"+5.245",5245,"+0.806",806,
396,1984,8,18,18,"18","9","philippe-alliot","ram","hart","pirelli","1:46.333",106333,,,,,,,"+5.353",5353,"+0.108",108,
396,1984,8,19,19,"19","6","keke-rosberg","williams","honda","goodyear","1:46.495",106495,,,,,,,"+5.515",5515,"+0.162",162,
396,1984,8,20,20,"20","17","marc-surer","arrows","ford","goodyear","1:46.626",106626,,,,,,,"+5.646",5646,"+0.131",131,
396,1984,8,21,21,"21","2","teo-fabi","brabham","bmw","michelin","1:47.335",107335,,,,,,,"+6.355",6355,"+0.709",709,
396,1984,8,22,22,"22","10","jonathan-palmer","ram","hart","pirelli","1:47.743",107743,,,,,,,"+6.763",6763,"+0.408",408,
396,1984,8,23,23,"23","22","riccardo-patrese","alfa-romeo","alfa-romeo","goodyear","1:47.974",107974,,,,,,,"+6.994",6994,"+0.231",231,
396,1984,8,24,24,"24","24","piercarlo-ghinzani","osella","alfa-romeo","pirelli","1:48.865",108865,,,,,,,"+7.885",7885,"+0.891",891,
396,1984,8,25,25,"25","21","huub-rothengatter","spirit","ford","pirelli","1:49.955",109955,,,,,,,"+8.975",8975,"+1.090",1090,
397,1984,9,1,1,"1","12","nigel-mansell","lotus","renault","goodyear","1:37.041",97041,,,,,,,,,,,
397,1984,9,2,2,"2","11","elio-de-angelis","lotus","renault","goodyear","1:37.635",97635,,,,,,,"+0.594",594,"+0.594",594,
397,1984,9,3,3,"3","16","derek-warwick","renault","renault","michelin","1:37.708",97708,,,,,,,"+0.667",667,"+0.073",73,
397,1984,9,4,4,"4","28","rene-arnoux","ferrari","ferrari","goodyear","1:37.785",97785,,,,,,,"+0.744",744,"+0.077",77,
397,1984,9,5,5,"5","8","niki-lauda","mclaren","tag","michelin","1:37.987",97987,,,,,,,"+0.946",946,"+0.202",202,
397,1984,9,6,6,"6","19","ayrton-senna","toleman","hart","michelin","1:38.256",98256,,,,,,,"+1.215",1215,"+0.269",269,
397,1984,9,7,7,"7","7","alain-prost","mclaren","tag","michelin","1:38.544",98544,,,,,,,"+1.503",1503,"+0.288",288,
397,1984,9,8,8,"8","6","keke-rosberg","williams","honda","goodyear","1:38.767",98767,,,,,,,"+1.726",1726,"+0.223",223,
397,1984,9,9,9,"9","27","michele-alboreto","ferrari","ferrari","goodyear","1:38.793",98793,,,,,,,"+1.752",1752,"+0.026",26,
397,1984,9,10,10,"10","15","patrick-tambay","renault","renault","michelin","1:38.907",98907,,,,,,,"+1.866",1866,"+0.114",114,
397,1984,9,11,11,"11","2","corrado-fabi","brabham","bmw","michelin","1:38.960",98960,,,,,,,"+1.919",1919,"+0.053",53,
397,1984,9,12,12,"12","1","nelson-piquet","brabham","bmw","michelin","1:39.439",99439,,,,,,,"+2.398",2398,"+0.479",479,
397,1984,9,13,13,"13","14","manfred-winkelhock","ats-wheels","bmw","pirelli","1:39.860",99860,,,,,,,"+2.819",2819,"+0.421",421,
397,1984,9,14,14,"14","23","eddie-cheever","alfa-romeo","alfa-romeo","goodyear","1:39.911",99911,,,,,,,"+2.870",2870,"+0.051",51,
397,1984,9,15,15,"15","20","johnny-cecotto","toleman","hart","michelin","1:40.027",100027,,,,,,,"+2.986",2986,"+0.116",116,
397,1984,9,16,16,"16","26","andrea-de-cesaris","ligier","renault","michelin","1:40.095",100095,,,,,,,"+3.054",3054,"+0.068",68,
397,1984,9,17,17,"17","24","piercarlo-ghinzani","osella","alfa-romeo","pirelli","1:41.176",101176,,,,,,,"+4.135",4135,"+1.081",1081,
397,1984,9,18,18,"18","25","francois-hesnault","ligier","renault","michelin","1:41.303",101303,,,,,,,"+4.262",4262,"+0.127",127,
397,1984,9,19,19,"19","18","thierry-boutsen","arrows","bmw","goodyear","1:41.318",101318,,,,,,,"+4.277",4277,"+0.015",15,
397,1984,9,20,20,"20","22","riccardo-patrese","alfa-romeo","alfa-romeo","goodyear","1:41.328",101328,,,,,,,"+4.287",4287,"+0.010",10,
397,1984,9,21,21,"21","17","marc-surer","arrows","bmw","goodyear","1:42.592",102592,,,,,,,"+5.551",5551,"+1.264",1264,
397,1984,9,22,22,"22","21","huub-rothengatter","spirit","hart","pirelli","1:43.084",103084,,,,,,,"+6.043",6043,"+0.492",492,
397,1984,9,23,23,"23","9","philippe-alliot","ram","hart","pirelli","1:43.222",103222,,,,,,,"+6.181",6181,"+0.138",138,
397,1984,9,24,24,"24","5","jacques-laffite","williams","honda","goodyear","1:43.304",103304,,,,,,,"+6.263",6263,"+0.082",82,
397,1984,9,25,25,"25","10","jonathan-palmer","ram","hart","pirelli","1:44.676",104676,,,,,,,"+7.635",7635,"+1.372",1372,
398,1984,10,1,1,"1","1","nelson-piquet","brabham","bmw","michelin","1:10.869",70869,,,,,,,,,,,
398,1984,10,2,2,"2","7","alain-prost","mclaren","tag","michelin","1:11.076",71076,,,,,,,"+0.207",207,"+0.207",207,
398,1984,10,3,3,"3","8","niki-lauda","mclaren","tag","michelin","1:11.344",71344,,,,,,,"+0.475",475,"+0.268",268,
398,1984,10,4,4,"4","11","elio-de-angelis","lotus","renault","goodyear","1:11.573",71573,,,,,,,"+0.704",704,"+0.229",229,
398,1984,10,5,5,"5","6","keke-rosberg","williams","honda","goodyear","1:11.603",71603,,,,,,,"+0.734",734,"+0.030",30,
398,1984,10,6,6,"6","16","derek-warwick","renault","renault","michelin","1:11.703",71703,,,,,,,"+0.834",834,"+0.100",100,
398,1984,10,7,7,"7","19","ayrton-senna","toleman","hart","michelin","1:11.890",71890,,,,,,,"+1.021",1021,"+0.187",187,
398,1984,10,8,8,"8","12","nigel-mansell","lotus","renault","goodyear","1:12.435",72435,,,,,,,"+1.566",1566,"+0.545",545,
398,1984,10,9,9,"9","27","michele-alboreto","ferrari","ferrari","goodyear","1:13.122",73122,,,,,,,"+2.253",2253,"+0.687",687,
398,1984,10,10,10,"10","15","patrick-tambay","renault","renault","michelin","1:13.138",73138,,,,,,,"+2.269",2269,"+0.016",16,
398,1984,10,11,11,"11","14","manfred-winkelhock","ats-wheels","bmw","pirelli","1:13.374",73374,,,,,,,"+2.505",2505,"+0.236",236,
398,1984,10,12,12,"12","18","thierry-boutsen","arrows","bmw","goodyear","1:13.528",73528,,,,,,,"+2.659",2659,"+0.154",154,
398,1984,10,13,13,"13","28","rene-arnoux","ferrari","ferrari","goodyear","1:13.934",73934,,,,,,,"+3.065",3065,"+0.406",406,
398,1984,10,14,14,"14","2","teo-fabi","brabham","bmw","michelin","1:14.040",74040,,,,,,,"+3.171",3171,"+0.106",106,
398,1984,10,15,15,"15","17","marc-surer","arrows","bmw","goodyear","1:14.336",74336,,,,,,,"+3.467",3467,"+0.296",296,
398,1984,10,16,16,"16","5","jacques-laffite","williams","honda","goodyear","1:14.568",74568,,,,,,,"+3.699",3699,"+0.232",232,
398,1984,10,17,17,"17","22","riccardo-patrese","alfa-romeo","alfa-romeo","goodyear","1:14.568",74568,,,,,,,"+3.699",3699,"+0.000",0,
398,1984,10,18,18,"18","23","eddie-cheever","alfa-romeo","alfa-romeo","goodyear","1:14.609",74609,,,,,,,"+3.740",3740,"+0.041",41,
398,1984,10,19,19,"19","26","andrea-de-cesaris","ligier","renault","michelin","1:15.112",75112,,,,,,,"+4.243",4243,"+0.503",503,
398,1984,10,20,20,"20","25","francois-hesnault","ligier","renault","michelin","1:15.837",75837,,,,,,,"+4.968",4968,"+0.725",725,
398,1984,10,21,21,"21","24","piercarlo-ghinzani","osella","alfa-romeo","pirelli","1:16.466",76466,,,,,,,"+5.597",5597,"+0.629",629,
398,1984,10,22,22,"22","21","huub-rothengatter","spirit","hart","pirelli","1:16.759",76759,,,,,,,"+5.890",5890,"+0.293",293,
398,1984,10,23,23,"23","10","jonathan-palmer","ram","hart","pirelli","1:17.265",77265,,,,,,,"+6.396",6396,"+0.506",506,
398,1984,10,24,24,"24","9","philippe-alliot","ram","hart","pirelli","1:17.517",77517,,,,,,,"+6.648",6648,"+0.252",252,
398,1984,10,25,25,"25","30","jo-gartner","osella","alfa-romeo","pirelli","1:18.121",78121,,,,,,,"+7.252",7252,"+0.604",604,
399,1984,11,1,1,"1","7","alain-prost","mclaren","tag","michelin","1:47.012",107012,,,,,,,,,,,
399,1984,11,2,2,"2","11","elio-de-angelis","lotus","renault","goodyear","1:47.065",107065,,,,,,,"+0.053",53,"+0.053",53,
399,1984,11,3,3,"3","16","derek-warwick","renault","renault","michelin","1:48.382",108382,,,,,,,"+1.370",1370,"+1.317",1317,
399,1984,11,4,4,"4","15","patrick-tambay","renault","renault","michelin","1:48.425",108425,,,,,,,"+1.413",1413,"+0.043",43,
399,1984,11,5,5,"5","1","nelson-piquet","brabham","bmw","michelin","1:48.584",108584,,,,,,,"+1.572",1572,"+0.159",159,
399,1984,11,6,6,"6","27","michele-alboreto","ferrari","ferrari","goodyear","1:48.847",108847,,,,,,,"+1.835",1835,"+0.263",263,
399,1984,11,7,7,"7","8","niki-lauda","mclaren","tag","michelin","1:48.912",108912,,,,,,,"+1.900",1900,"+0.065",65,
399,1984,11,8,8,"8","2","teo-fabi","brabham","bmw","michelin","1:49.302",109302,,,,,,,"+2.290",2290,"+0.390",390,
399,1984,11,9,9,"9","19","ayrton-senna","toleman","hart","michelin","1:49.395",109395,,,,,,,"+2.383",2383,"+0.093",93,
399,1984,11,10,10,"10","28","rene-arnoux","ferrari","ferrari","goodyear","1:49.857",109857,,,,,,,"+2.845",2845,"+0.462",462,
399,1984,11,11,11,"11","26","andrea-de-cesaris","ligier","renault","michelin","1:50.117",110117,,,,,,,"+3.105",3105,"+0.260",260,
399,1984,11,12,12,"12","5","jacques-laffite","williams","honda","goodyear","1:50.511",110511,,,,,,,"+3.499",3499,"+0.394",394,
399,1984,11,13,13,"13","14","manfred-winkelhock","ats-wheels","bmw","pirelli","1:50.686",110686,,,,,,,"+3.674",3674,"+0.175",175,
399,1984,11,14,14,"14","17","marc-surer","arrows","bmw","goodyear","1:51.475",111475,,,,,,,"+4.463",4463,"+0.789",789,
399,1984,11,15,15,"15","18","thierry-boutsen","arrows","bmw","goodyear","1:51.551",111551,,,,,,,"+4.539",4539,"+0.076",76,
399,1984,11,16,16,"16","12","nigel-mansell","lotus","renault","goodyear","1:51.715",111715,,,,,,,"+4.703",4703,"+0.164",164,
399,1984,11,17,17,"17","25","francois-hesnault","ligier","renault","michelin","1:51.872",111872,,,,,,,"+4.860",4860,"+0.157",157,
399,1984,11,18,18,"18","23","eddie-cheever","alfa-romeo","alfa-romeo","goodyear","1:51.950",111950,,,,,,,"+4.938",4938,"+0.078",78,
399,1984,11,19,19,"19","6","keke-rosberg","williams","honda","goodyear","1:52.003",112003,,,,,,,"+4.991",4991,"+0.053",53,
399,1984,11,20,20,"20","22","riccardo-patrese","alfa-romeo","alfa-romeo","goodyear","1:52.769",112769,,,,,,,"+5.757",5757,"+0.766",766,
399,1984,11,21,21,"21","24","piercarlo-ghinzani","osella","alfa-romeo","pirelli","1:54.546",114546,,,,,,,"+7.534",7534,"+1.777",1777,
399,1984,11,22,22,"22","9","philippe-alliot","ram","hart","pirelli","1:55.505",115505,,,,,,,"+8.493",8493,"+0.959",959,
399,1984,11,23,23,"23","30","jo-gartner","osella","alfa-romeo","pirelli","1:55.594",115594,,,,,,,"+8.582",8582,"+0.089",89,
399,1984,11,24,24,"24","21","huub-rothengatter","spirit","hart","pirelli","1:56.112",116112,,,,,,,"+9.100",9100,"+0.518",518,
399,1984,11,25,25,"25","10","jonathan-palmer","ram","hart","pirelli","1:56.797",116797,,,,,,,"+9.785",9785,"+0.685",685,
400,1984,12,1,1,"1","1","nelson-piquet","brabham","bmw","michelin","1:26.173",86173,,,,,,,,,,,
400,1984,12,2,2,"2","7","alain-prost","mclaren","tag","michelin","1:26.203",86203,,,,,,,"+0.030",30,"+0.030",30,
400,1984,12,3,3,"3","11","elio-de-angelis","lotus","renault","goodyear","1:26.318",86318,,,,,,,"+0.145",145,"+0.115",115,
400,1984,12,4,4,"4","8","niki-lauda","mclaren","tag","michelin","1:26.715",86715,,,,,,,"+0.542",542,"+0.397",397,
400,1984,12,5,5,"5","15","patrick-tambay","renault","renault","michelin","1:26.748",86748,,,,,,,"+0.575",575,"+0.033",33,
400,1984,12,6,6,"6","16","derek-warwick","renault","renault","michelin","1:27.123",87123,,,,,,,"+0.950",950,"+0.375",375,
400,1984,12,7,7,"7","2","teo-fabi","brabham","bmw","michelin","1:27.201",87201,,,,,,,"+1.028",1028,"+0.078",78,
400,1984,12,8,8,"8","12","nigel-mansell","lotus","renault","goodyear","1:27.558",87558,,,,,,,"+1.385",1385,"+0.357",357,
400,1984,12,9,9,"9","6","keke-rosberg","williams","honda","goodyear","1:28.760",88760,,,,,,,"+2.587",2587,"+1.202",1202,
400,1984,12,10,10,"10","19","ayrton-senna","toleman","hart","michelin","1:29.200",89200,,,,,,,"+3.027",3027,"+0.440",440,
400,1984,12,11,11,"11","5","jacques-laffite","williams","honda","goodyear","1:29.228",89228,,,,,,,"+3.055",3055,"+0.028",28,
400,1984,12,12,12,"12","27","michele-alboreto","ferrari","ferrari","goodyear","1:29.694",89694,,,,,,,"+3.521",3521,"+0.466",466,
400,1984,12,13,13,"13","22","riccardo-patrese","alfa-romeo","alfa-romeo","goodyear","1:30.736",90736,,,,,,,"+4.563",4563,"+1.042",1042,
400,1984,12,14,14,"14","14","manfred-winkelhock","ats-wheels","bmw","pirelli","1:30.853",90853,,,,,,,"+4.680",4680,"+0.117",117,
400,1984,12,15,15,"15","28","rene-arnoux","ferrari","ferrari","goodyear","1:31.003",91003,,,,,,,"+4.830",4830,"+0.150",150,
400,1984,12,16,16,"16","23","eddie-cheever","alfa-romeo","alfa-romeo","goodyear","1:31.045",91045,,,,,,,"+4.872",4872,"+0.042",42,
400,1984,12,17,17,"17","18","thierry-boutsen","arrows","bmw","goodyear","1:31.189",91189,,,,,,,"+5.016",5016,"+0.144",144,
400,1984,12,18,18,"18","26","andrea-de-cesaris","ligier","renault","michelin","1:31.588",91588,,,,,,,"+5.415",5415,"+0.399",399,
400,1984,12,19,19,"19","17","marc-surer","arrows","bmw","goodyear","1:31.655",91655,,,,,,,"+5.482",5482,"+0.067",67,
400,1984,12,20,20,"20","31","gerhard-berger","ats-wheels","bmw","pirelli","1:31.904",91904,,,,,,,"+5.731",5731,"+0.249",249,
400,1984,12,21,21,"21","25","francois-hesnault","ligier","renault","michelin","1:32.270",92270,,,,,,,"+6.097",6097,"+0.366",366,
400,1984,12,22,22,"22","30","jo-gartner","osella","alfa-romeo","pirelli","1:33.019",93019,,,,,,,"+6.846",6846,"+0.749",749,
400,1984,12,23,23,"23","24","piercarlo-ghinzani","osella","alfa-romeo","pirelli","1:33.172",93172,,,,,,,"+6.999",6999,"+0.153",153,
400,1984,12,24,24,"24","10","jonathan-palmer","ram","hart","pirelli","1:34.128",94128,,,,,,,"+7.955",7955,"+0.956",956,
400,1984,12,25,25,"25","9","philippe-alliot","ram","hart","pirelli","1:34.495",94495,,,,,,,"+8.322",8322,"+0.367",367,
400,1984,12,26,26,"26","21","huub-rothengatter","spirit","hart","pirelli","1:35.605",95605,,,,,,,"+9.432",9432,"+1.110",1110,
401,1984,13,1,1,"1","7","alain-prost","mclaren","tag","michelin","1:13.567",73567,,,,,,,,,,,
401,1984,13,2,2,"2","1","nelson-piquet","brabham","bmw","michelin","1:13.872",73872,,,,,,,"+0.305",305,"+0.305",305,
401,1984,13,3,3,"3","11","elio-de-angelis","lotus","renault","goodyear","1:13.883",73883,,,,,,,"+0.316",316,"+0.011",11,
401,1984,13,4,4,"4","16","derek-warwick","renault","renault","michelin","1:14.405",74405,,,,,,,"+0.838",838,"+0.522",522,
401,1984,13,5,5,"5","15","patrick-tambay","renault","renault","michelin","1:14.566",74566,,,,,,,"+0.999",999,"+0.161",161,
401,1984,13,6,6,"6","8","niki-lauda","mclaren","tag","michelin","1:14.866",74866,,,,,,,"+1.299",1299,"+0.300",300,
401,1984,13,7,7,"7","6","keke-rosberg","williams","honda","goodyear","1:15.117",75117,,,,,,,"+1.550",1550,"+0.251",251,
401,1984,13,8,8,"8","5","jacques-laffite","williams","honda","goodyear","1:15.231",75231,,,,,,,"+1.664",1664,"+0.114",114,
401,1984,13,9,9,"9","27","michele-alboreto","ferrari","ferrari","goodyear","1:15.264",75264,,,,,,,"+1.697",1697,"+0.033",33,
401,1984,13,10,10,"10","2","teo-fabi","brabham","bmw","michelin","1:15.338",75338,,,,,,,"+1.771",1771,"+0.074",74,
401,1984,13,11,11,"11","18","thierry-boutsen","arrows","bmw","goodyear","1:15.735",75735,,,,,,,"+2.168",2168,"+0.397",397,
401,1984,13,12,12,"12","12","nigel-mansell","lotus","renault","goodyear","1:15.811",75811,,,,,,,"+2.244",2244,"+0.076",76,
401,1984,13,13,13,"13","19","ayrton-senna","toleman","hart","michelin","1:15.960",75960,,,,,,,"+2.393",2393,"+0.149",149,
401,1984,13,14,14,"14","26","andrea-de-cesaris","ligier","renault","michelin","1:16.070",76070,,,,,,,"+2.503",2503,"+0.110",110,
401,1984,13,15,15,"15","28","rene-arnoux","ferrari","ferrari","goodyear","1:16.121",76121,,,,,,,"+2.554",2554,"+0.051",51,
401,1984,13,16,16,"16","14","manfred-winkelhock","ats-wheels","bmw","pirelli","1:16.450",76450,,,,,,,"+2.883",2883,"+0.329",329,
401,1984,13,17,17,"17","23","eddie-cheever","alfa-romeo","alfa-romeo","goodyear","1:16.991",76991,,,,,,,"+3.424",3424,"+0.541",541,
401,1984,13,18,18,"18","22","riccardo-patrese","alfa-romeo","alfa-romeo","goodyear","1:17.124",77124,,,,,,,"+3.557",3557,"+0.133",133,
401,1984,13,19,19,"19","17","marc-surer","arrows","bmw","goodyear","1:17.368",77368,,,,,,,"+3.801",3801,"+0.244",244,
401,1984,13,20,20,"20","25","francois-hesnault","ligier","renault","michelin","1:17.905",77905,,,,,,,"+4.338",4338,"+0.537",537,
401,1984,13,21,21,"21","24","piercarlo-ghinzani","osella","alfa-romeo","pirelli","1:19.454",79454,,,,,,,"+5.887",5887,"+1.549",1549,
401,1984,13,22,22,"22","10","jonathan-palmer","ram","hart","pirelli","1:19.598",79598,,,,,,,"+6.031",6031,"+0.144",144,
401,1984,13,23,23,"23","30","jo-gartner","osella","alfa-romeo","pirelli","1:20.017",80017,,,,,,,"+6.450",6450,"+0.419",419,
401,1984,13,24,24,"24","9","philippe-alliot","ram","hart","pirelli","1:20.270",80270,,,,,,,"+6.703",6703,"+0.253",253,
401,1984,13,25,25,"25","21","huub-rothengatter","spirit","hart","pirelli","1:21.063",81063,,,,,,,"+7.496",7496,"+0.793",793,
402,1984,14,1,1,"1","1","nelson-piquet","brabham","bmw","michelin","1:26.584",86584,,,,,,,,,,,
402,1984,14,2,2,"2","7","alain-prost","mclaren","tag","michelin","1:26.671",86671,,,,,,,"+0.087",87,"+0.087",87,
402,1984,14,3,3,"3","11","elio-de-angelis","lotus","renault","goodyear","1:27.538",87538,,,,,,,"+0.954",954,"+0.867",867,
402,1984,14,4,4,"4","8","niki-lauda","mclaren","tag","michelin","1:28.533",88533,,,,,,,"+1.949",1949,"+0.995",995,
402,1984,14,5,5,"5","2","teo-fabi","brabham","bmw","michelin","1:28.587",88587,,,,,,,"+2.003",2003,"+0.054",54,
402,1984,14,6,6,"6","6","keke-rosberg","williams","honda","goodyear","1:28.818",88818,,,,,,,"+2.234",2234,"+0.231",231,
402,1984,14,7,7,"7","12","nigel-mansell","lotus","renault","goodyear","1:28.969",88969,,,,,,,"+2.385",2385,"+0.151",151,
402,1984,14,8,8,"8","15","patrick-tambay","renault","renault","michelin","1:29.253",89253,,,,,,,"+2.669",2669,"+0.284",284,
402,1984,14,9,9,"9","22","riccardo-patrese","alfa-romeo","alfa-romeo","goodyear","1:29.382",89382,,,,,,,"+2.798",2798,"+0.129",129,
402,1984,14,10,10,"10","23","eddie-cheever","alfa-romeo","alfa-romeo","goodyear","1:29.797",89797,,,,,,,"+3.213",3213,"+0.415",415,
402,1984,14,11,11,"11","27","michele-alboreto","ferrari","ferrari","goodyear","1:29.810",89810,,,,,,,"+3.226",3226,"+0.013",13,
402,1984,14,12,12,"12","16","derek-warwick","renault","renault","michelin","1:30.113",90113,,,,,,,"+3.529",3529,"+0.303",303,
402,1984,14,13,13,"13","5","jacques-laffite","williams","honda","goodyear","1:30.578",90578,,,,,,,"+3.994",3994,"+0.465",465,
402,1984,14,14,14,"14","28","rene-arnoux","ferrari","ferrari","goodyear","1:30.695",90695,,,,,,,"+4.111",4111,"+0.117",117,
402,1984,14,15,15,"15","17","marc-surer","arrows","bmw","goodyear","1:31.108",91108,,,,,,,"+4.524",4524,"+0.413",413,
402,1984,14,16,16,"16","26","andrea-de-cesaris","ligier","renault","michelin","1:31.198",91198,,,,,,,"+4.614",4614,"+0.090",90,
402,1984,14,17,17,"17","19","stefan-johansson","toleman","hart","michelin","1:31.203",91203,,,,,,,"+4.619",4619,"+0.005",5,
402,1984,14,18,18,"18","25","francois-hesnault","ligier","renault","michelin","1:31.274",91274,,,,,,,"+4.690",4690,"+0.071",71,
402,1984,14,19,19,"19","18","thierry-boutsen","arrows","bmw","goodyear","1:31.342",91342,,,,,,,"+4.758",4758,"+0.068",68,
402,1984,14,20,20,"20","31","gerhard-berger","ats-wheels","bmw","pirelli","1:31.549",91549,,,,,,,"+4.965",4965,"+0.207",207,
402,1984,14,21,21,"21","14","manfred-winkelhock","ats-wheels","bmw","pirelli","1:32.866",92866,,,,,,,"+6.282",6282,"+1.317",1317,
402,1984,14,22,22,"22","24","piercarlo-ghinzani","osella","alfa-romeo","pirelli","1:33.456",93456,,,,,,,"+6.872",6872,"+0.590",590,
402,1984,14,23,23,"23","9","philippe-alliot","ram","hart","pirelli","1:34.120",94120,,,,,,,"+7.536",7536,"+0.664",664,
402,1984,14,24,24,"24","30","jo-gartner","osella","alfa-romeo","pirelli","1:34.472",94472,,,,,,,"+7.888",7888,"+0.352",352,
402,1984,14,25,25,"25","21","huub-rothengatter","spirit","hart","pirelli","1:34.719",94719,,,,,,,"+8.135",8135,"+0.247",247,
402,1984,14,26,26,"26","10","jonathan-palmer","ram","hart","pirelli","1:35.412",95412,,,,,,,"+8.828",8828,"+0.693",693,
402,1984,14,27,27,"27","20","pierluigi-martini","toleman","hart","michelin","1:35.840",95840,,,,,,,"+9.256",9256,"+0.428",428,
403,1984,15,1,1,"1","1","nelson-piquet","brabham","bmw","michelin","1:18.871",78871,,,,,,,,,,,
403,1984,15,2,2,"2","7","alain-prost","mclaren","tag","michelin","1:19.175",79175,,,,,,,"+0.304",304,"+0.304",304,
403,1984,15,3,3,"3","15","patrick-tambay","renault","renault","michelin","1:19.499",79499,,,,,,,"+0.628",628,"+0.324",324,
403,1984,15,4,4,"4","6","keke-rosberg","williams","honda","goodyear","1:20.652",80652,,,,,,,"+1.781",1781,"+1.153",1153,
403,1984,15,5,5,"5","27","michele-alboreto","ferrari","ferrari","goodyear","1:20.910",80910,,,,,,,"+2.039",2039,"+0.258",258,
403,1984,15,6,6,"6","28","rene-arnoux","ferrari","ferrari","goodyear","1:21.180",81180,,,,,,,"+2.309",2309,"+0.270",270,
403,1984,15,7,7,"7","16","derek-warwick","renault","renault","michelin","1:21.571",81571,,,,,,,"+2.700",2700,"+0.391",391,
403,1984,15,8,8,"8","12","nigel-mansell","lotus","renault","goodyear","1:21.710",81710,,,,,,,"+2.839",2839,"+0.139",139,
403,1984,15,9,9,"9","22","riccardo-patrese","alfa-romeo","alfa-romeo","goodyear","1:21.937",81937,,,,,,,"+3.066",3066,"+0.227",227,
403,1984,15,10,10,"10","2","teo-fabi","brabham","bmw","michelin","1:22.206",82206,,,,,,,"+3.335",3335,"+0.269",269,
403,1984,15,11,11,"11","18","thierry-boutsen","arrows","bmw","goodyear","1:22.248",82248,,,,,,,"+3.377",3377,"+0.042",42,
403,1984,15,12,12,"12","19","ayrton-senna","toleman","hart","michelin","1:22.439",82439,,,,,,,"+3.568",3568,"+0.191",191,
403,1984,15,13,13,"13","23","eddie-cheever","alfa-romeo","alfa-romeo","goodyear","1:22.525",82525,,,,,,,"+3.654",3654,"+0.086",86,
403,1984,15,14,14,"14","5","jacques-laffite","williams","honda","goodyear","1:22.613",82613,,,,,,,"+3.742",3742,"+0.088",88,
403,1984,15,15,15,"15","8","niki-lauda","mclaren","tag","michelin","1:22.643",82643,,,,,,,"+3.772",3772,"+0.030",30,
403,1984,15,16,16,"16","17","marc-surer","arrows","bmw","goodyear","1:22.708",82708,,,,,,,"+3.837",3837,"+0.065",65,
403,1984,15,17,17,"17","26","andrea-de-cesaris","ligier","renault","michelin","1:23.034",83034,,,,,,,"+4.163",4163,"+0.326",326,
403,1984,15,18,18,"18","31","gerhard-berger","ats-wheels","bmw","pirelli","1:23.116",83116,,,,,,,"+4.245",4245,"+0.082",82,
403,1984,15,19,19,"19","25","francois-hesnault","ligier","renault","michelin","1:23.322",83322,,,,,,,"+4.451",4451,"+0.206",206,
403,1984,15,20,20,"20","24","piercarlo-ghinzani","osella","alfa-romeo","pirelli","1:24.699",84699,,,,,,,"+5.828",5828,"+1.377",1377,
403,1984,15,21,21,"21","10","jonathan-palmer","ram","hart","pirelli","1:25.050",85050,,,,,,,"+6.179",6179,"+0.351",351,
403,1984,15,22,22,"22","30","jo-gartner","osella","alfa-romeo","pirelli","1:26.156",86156,,,,,,,"+7.285",7285,"+1.106",1106,
403,1984,15,23,23,"23","11","elio-de-angelis","lotus","renault","goodyear","1:26.161",86161,,,,,,,"+7.290",7290,"+0.005",5,
403,1984,15,24,24,"24","21","mauro-baldi","spirit","hart","pirelli","1:28.137",88137,,,,,,,"+9.266",9266,"+1.976",1976,
403,1984,15,25,25,"25","9","philippe-alliot","ram","hart","pirelli","1:30.259",90259,,,,,,,"+11.388",11388,"+2.122",2122,
403,1984,15,26,26,"26","20","stefan-johansson","toleman","hart","michelin","1:41.178",101178,,,,,,,"+22.307",22307,"+10.919",10919,
404,1984,16,1,1,"1","1","nelson-piquet","brabham","bmw","michelin","1:21.703",81703,,,,,,,,,,,
404,1984,16,2,2,"2","7","alain-prost","mclaren","tag","michelin","1:21.774",81774,,,,,,,"+0.071",71,"+0.071",71,
404,1984,16,3,3,"3","19","ayrton-senna","toleman","hart","michelin","1:21.936",81936,,,,,,,"+0.233",233,"+0.162",162,
404,1984,16,4,4,"4","6","keke-rosberg","williams","honda","goodyear","1:22.049",82049,,,,,,,"+0.346",346,"+0.113",113,
404,1984,16,5,5,"5","11","elio-de-angelis","lotus","renault","goodyear","1:22.291",82291,,,,,,,"+0.588",588,"+0.242",242,
404,1984,16,6,6,"6","12","nigel-mansell","lotus","renault","goodyear","1:22.319",82319,,,,,,,"+0.616",616,"+0.028",28,
404,1984,16,7,7,"7","15","patrick-tambay","renault","renault","michelin","1:22.583",82583,,,,,,,"+0.880",880,"+0.264",264,
404,1984,16,8,8,"8","27","michele-alboreto","ferrari","ferrari","goodyear","1:22.686",82686,,,,,,,"+0.983",983,"+0.103",103,
404,1984,16,9,9,"9","16","derek-warwick","renault","renault","michelin","1:22.801",82801,,,,,,,"+1.098",1098,"+0.115",115,
404,1984,16,10,10,"10","20","stefan-johansson","toleman","hart","michelin","1:22.942",82942,,,,,,,"+1.239",1239,"+0.141",141,
404,1984,16,11,11,"11","8","niki-lauda","mclaren","tag","michelin","1:23.183",83183,,,,,,,"+1.480",1480,"+0.241",241,
404,1984,16,12,12,"12","22","riccardo-patrese","alfa-romeo","alfa-romeo","goodyear","1:24.048",84048,,,,,,,"+2.345",2345,"+0.865",865,
404,1984,16,13,13,"13","33","philippe-streiff","renault","renault","michelin","1:24.089",84089,,,,,,,"+2.386",2386,"+0.041",41,
404,1984,16,14,14,"14","23","eddie-cheever","alfa-romeo","alfa-romeo","goodyear","1:24.235",84235,,,,,,,"+2.532",2532,"+0.146",146,
404,1984,16,15,15,"15","5","jacques-laffite","williams","honda","goodyear","1:24.437",84437,,,,,,,"+2.734",2734,"+0.202",202,
404,1984,16,16,16,"16","17","marc-surer","arrows","bmw","goodyear","1:24.688",84688,,,,,,,"+2.985",2985,"+0.251",251,
404,1984,16,17,17,"17","28","rene-arnoux","ferrari","ferrari","goodyear","1:24.848",84848,,,,,,,"+3.145",3145,"+0.160",160,
404,1984,16,18,18,"18","18","thierry-boutsen","arrows","bmw","goodyear","1:25.115",85115,,,,,,,"+3.412",3412,"+0.267",267,
404,1984,16,19,19,"19","2","manfred-winkelhock","brabham","bmw","michelin","1:25.289",85289,,,,,,,"+3.586",3586,"+0.174",174,
404,1984,16,20,20,"20","26","andrea-de-cesaris","ligier","renault","michelin","1:26.082",86082,,,,,,,"+4.379",4379,"+0.793",793,
404,1984,16,21,21,"21","25","francois-hesnault","ligier","renault","michelin","1:26.701",86701,,,,,,,"+4.998",4998,"+0.619",619,
404,1984,16,22,22,"22","24","piercarlo-ghinzani","osella","alfa-romeo","pirelli","1:26.840",86840,,,,,,,"+5.137",5137,"+0.139",139,
404,1984,16,23,23,"23","14","gerhard-berger","ats-wheels","bmw","pirelli","1:28.106",88106,,,,,,,"+6.403",6403,"+1.266",1266,
404,1984,16,24,24,"24","30","jo-gartner","osella","alfa-romeo","pirelli","1:28.229",88229,,,,,,,"+6.526",6526,"+0.123",123,
404,1984,16,25,25,"25","21","mauro-baldi","spirit","hart","pirelli","1:29.001",89001,,,,,,,"+7.298",7298,"+0.772",772,
404,1984,16,26,26,"26","10","jonathan-palmer","ram","hart","pirelli","1:29.397",89397,,,,,,,"+7.694",7694,"+0.396",396,
404,1984,16,27,27,"27","9","philippe-alliot","ram","hart","pirelli","1:30.406",90406,,,,,,,"+8.703",8703,"+1.009",1009,
405,1985,1,1,1,"1","27","michele-alboreto","ferrari","ferrari","goodyear","1:27.768",87768,,,,,,,,,,,
405,1985,1,2,2,"2","6","keke-rosberg","williams","honda","goodyear","1:27.864",87864,,,,,,,"+0.096",96,"+0.096",96,
405,1985,1,3,3,"3","11","elio-de-angelis","lotus","renault","goodyear","1:28.081",88081,,,,,,,"+0.313",313,"+0.217",217,
405,1985,1,4,4,"4","12","ayrton-senna","lotus","renault","goodyear","1:28.389",88389,,,,,,,"+0.621",621,"+0.308",308,
405,1985,1,5,5,"5","5","nigel-mansell","williams","honda","goodyear","1:28.848",88848,,,,,,,"+1.080",1080,"+0.459",459,
405,1985,1,6,6,"6","2","alain-prost","mclaren","tag","goodyear","1:29.117",89117,,,,,,,"+1.349",1349,"+0.269",269,
405,1985,1,7,7,"7","28","rene-arnoux","ferrari","ferrari","goodyear","1:29.612",89612,,,,,,,"+1.844",1844,"+0.495",495,
405,1985,1,8,8,"8","7","nelson-piquet","brabham","bmw","pirelli","1:29.855",89855,,,,,,,"+2.087",2087,"+0.243",243,
405,1985,1,9,9,"9","1","niki-lauda","mclaren","tag","goodyear","1:29.984",89984,,,,,,,"+2.216",2216,"+0.129",129,
405,1985,1,10,10,"10","16","derek-warwick","renault","renault","goodyear","1:30.100",90100,,,,,,,"+2.332",2332,"+0.116",116,
405,1985,1,11,11,"11","15","patrick-tambay","renault","renault","goodyear","1:30.254",90254,,,,,,,"+2.486",2486,"+0.154",154,
405,1985,1,12,12,"12","18","thierry-boutsen","arrows","bmw","goodyear","1:30.953",90953,,,,,,,"+3.185",3185,"+0.699",699,
405,1985,1,13,13,"13","25","andrea-de-cesaris","ligier","renault","pirelli","1:31.411",91411,,,,,,,"+3.643",3643,"+0.458",458,
405,1985,1,14,14,"14","22","riccardo-patrese","alfa-romeo","alfa-romeo","goodyear","1:31.790",91790,,,,,,,"+4.022",4022,"+0.379",379,
405,1985,1,15,15,"15","26","jacques-laffite","ligier","renault","pirelli","1:32.021",92021,,,,,,,"+4.253",4253,"+0.231",231,
405,1985,1,16,16,"16","9","manfred-winkelhock","ram","hart","pirelli","1:32.560",92560,,,,,,,"+4.792",4792,"+0.539",539,
405,1985,1,17,17,"17","8","francois-hesnault","brabham","bmw","pirelli","1:32.904",92904,,,,,,,"+5.136",5136,"+0.344",344,
405,1985,1,18,18,"18","23","eddie-cheever","alfa-romeo","alfa-romeo","goodyear","1:33.091",93091,,,,,,,"+5.323",5323,"+0.187",187,
405,1985,1,19,19,"19","17","gerhard-berger","arrows","bmw","goodyear","1:34.773",94773,,,,,,,"+7.005",7005,"+1.682",1682,
405,1985,1,20,20,"20","10","philippe-alliot","ram","hart","pirelli","1:35.726",95726,,,,,,,"+7.958",7958,"+0.953",953,
405,1985,1,21,21,"21","3","martin-brundle","tyrrell","ford","goodyear","1:36.152",96152,,,,,,,"+8.384",8384,"+0.426",426,
405,1985,1,22,22,"22","24","piercarlo-ghinzani","osella","alfa-romeo","pirelli","1:36.743",96743,,,,,,,"+8.975",8975,"+0.591",591,
405,1985,1,23,23,"23","4","stefan-johansson","tyrrell","ford","goodyear","1:37.293",97293,,,,,,,"+9.525",9525,"+0.550",550,
405,1985,1,24,24,"24","21","mauro-baldi","spirit","hart","pirelli","1:41.330",101330,,,,,,,"+13.562",13562,"+4.037",4037,
405,1985,1,25,25,"25","29","pierluigi-martini","minardi","ford","pirelli","1:44.046",104046,,,,,,,"+16.278",16278,"+2.716",2716,
406,1985,2,1,1,"1","12","ayrton-senna","lotus","renault","goodyear","1:21.007",81007,,,,,,,,,,,
406,1985,2,2,2,"2","2","alain-prost","mclaren","tag","goodyear","1:21.420",81420,,,,,,,"+0.413",413,"+0.413",413,
406,1985,2,3,3,"3","6","keke-rosberg","williams","honda","goodyear","1:21.904",81904,,,,,,,"+0.897",897,"+0.484",484,
406,1985,2,4,4,"4","11","elio-de-angelis","lotus","renault","goodyear","1:22.159",82159,,,,,,,"+1.152",1152,"+0.255",255,
406,1985,2,5,5,"5","27","michele-alboreto","ferrari","ferrari","goodyear","1:22.577",82577,,,,,,,"+1.570",1570,"+0.418",418,
406,1985,2,6,6,"6","16","derek-warwick","renault","renault","goodyear","1:23.084",83084,,,,,,,"+2.077",2077,"+0.507",507,
406,1985,2,7,7,"7","1","niki-lauda","mclaren","tag","goodyear","1:23.288",83288,,,,,,,"+2.281",2281,"+0.204",204,
406,1985,2,8,8,"8","25","andrea-de-cesaris","ligier","renault","pirelli","1:23.302",83302,,,,,,,"+2.295",2295,"+0.014",14,
406,1985,2,9,9,"9","5","nigel-mansell","williams","honda","goodyear","1:23.594",83594,,,,,,,"+2.587",2587,"+0.292",292,
406,1985,2,10,10,"10","7","nelson-piquet","brabham","bmw","pirelli","1:23.618",83618,,,,,,,"+2.611",2611,"+0.024",24,
406,1985,2,11,11,"11","28","stefan-johansson","ferrari","ferrari","goodyear","1:23.652",83652,,,,,,,"+2.645",2645,"+0.034",34,
406,1985,2,12,12,"12","15","patrick-tambay","renault","renault","goodyear","1:24.111",84111,,,,,,,"+3.104",3104,"+0.459",459,
406,1985,2,13,13,"13","22","riccardo-patrese","alfa-romeo","alfa-romeo","goodyear","1:24.230",84230,,,,,,,"+3.223",3223,"+0.119",119,
406,1985,2,14,14,"14","23","eddie-cheever","alfa-romeo","alfa-romeo","goodyear","1:24.563",84563,,,,,,,"+3.556",3556,"+0.333",333,
406,1985,2,15,15,"15","9","manfred-winkelhock","ram","hart","pirelli","1:24.721",84721,,,,,,,"+3.714",3714,"+0.158",158,
406,1985,2,16,16,"16","18","thierry-boutsen","arrows","bmw","goodyear","1:24.747",84747,,,,,,,"+3.740",3740,"+0.026",26,
406,1985,2,17,17,"17","17","gerhard-berger","arrows","bmw","goodyear","1:24.842",84842,,,,,,,"+3.835",3835,"+0.095",95,
406,1985,2,18,18,"18","26","jacques-laffite","ligier","renault","pirelli","1:24.943",84943,,,,,,,"+3.936",3936,"+0.101",101,
406,1985,2,19,19,"19","8","francois-hesnault","brabham","bmw","pirelli","1:25.717",85717,,,,,,,"+4.710",4710,"+0.774",774,
406,1985,2,20,20,"20","10","philippe-alliot","ram","hart","pirelli","1:26.187",86187,,,,,,,"+5.180",5180,"+0.470",470,
406,1985,2,21,21,"21","4","stefan-bellof","tyrrell","ford","goodyear","1:27.284",87284,,,,,,,"+6.277",6277,"+1.097",1097,
406,1985,2,22,22,"22","3","martin-brundle","tyrrell","ford","goodyear","1:27.602",87602,,,,,,,"+6.595",6595,"+0.318",318,
406,1985,2,23,23,"23","30","jonathan-palmer","zakspeed","zakspeed","goodyear","1:28.166",88166,,,,,,,"+7.159",7159,"+0.564",564,
406,1985,2,24,24,"24","21","mauro-baldi","spirit","hart","pirelli","1:28.473",88473,,,,,,,"+7.466",7466,"+0.307",307,
406,1985,2,25,25,"25","29","pierluigi-martini","minardi","ford","pirelli","1:28.596",88596,,,,,,,"+7.589",7589,"+0.123",123,
406,1985,2,26,26,"26","24","piercarlo-ghinzani","osella","alfa-romeo","pirelli","1:30.855",90855,,,,,,,"+9.848",9848,"+2.259",2259,
407,1985,3,1,1,"1","12","ayrton-senna","lotus","renault","goodyear","1:27.327",87327,,,,,,,,,,,
407,1985,3,2,2,"2","6","keke-rosberg","williams","honda","goodyear","1:27.354",87354,,,,,,,"+0.027",27,"+0.027",27,
407,1985,3,3,3,"3","11","elio-de-angelis","lotus","renault","goodyear","1:27.852",87852,,,,,,,"+0.525",525,"+0.498",498,
407,1985,3,4,4,"4","27","michele-alboreto","ferrari","ferrari","goodyear","1:27.871",87871,,,,,,,"+0.544",544,"+0.019",19,
407,1985,3,5,5,"5","18","thierry-boutsen","arrows","bmw","goodyear","1:27.918",87918,,,,,,,"+0.591",591,"+0.047",47,
407,1985,3,6,6,"6","2","alain-prost","mclaren","tag","goodyear","1:28.099",88099,,,,,,,"+0.772",772,"+0.181",181,
407,1985,3,7,7,"7","5","nigel-mansell","williams","honda","goodyear","1:28.202",88202,,,,,,,"+0.875",875,"+0.103",103,
407,1985,3,8,8,"8","1","niki-lauda","mclaren","tag","goodyear","1:28.399",88399,,,,,,,"+1.072",1072,"+0.197",197,
407,1985,3,9,9,"9","7","nelson-piquet","brabham","bmw","pirelli","1:28.489",88489,,,,,,,"+1.162",1162,"+0.090",90,
407,1985,3,10,10,"10","17","gerhard-berger","arrows","bmw","goodyear","1:28.697",88697,,,,,,,"+1.370",1370,"+0.208",208,
407,1985,3,11,11,"11","15","patrick-tambay","renault","renault","goodyear","1:29.102",89102,,,,,,,"+1.775",1775,"+0.405",405,
407,1985,3,12,12,"12","23","eddie-cheever","alfa-romeo","alfa-romeo","goodyear","1:29.259",89259,,,,,,,"+1.932",1932,"+0.157",157,
407,1985,3,13,13,"13","25","andrea-de-cesaris","ligier","renault","pirelli","1:29.406",89406,,,,,,,"+2.079",2079,"+0.147",147,
407,1985,3,14,14,"14","16","derek-warwick","renault","renault","goodyear","1:29.466",89466,,,,,,,"+2.139",2139,"+0.060",60,
407,1985,3,15,15,"15","28","stefan-johansson","ferrari","ferrari","goodyear","1:29.806",89806,,,,,,,"+2.479",2479,"+0.340",340,
407,1985,3,16,16,"16","26","jacques-laffite","ligier","renault","pirelli","1:30.982",90982,,,,,,,"+3.655",3655,"+1.176",1176,
407,1985,3,17,17,"17","30","jonathan-palmer","zakspeed","zakspeed","goodyear","1:31.028",91028,,,,,,,"+3.701",3701,"+0.046",46,
407,1985,3,18,18,"18","22","riccardo-patrese","alfa-romeo","alfa-romeo","goodyear","1:31.108",91108,,,,,,,"+3.781",3781,"+0.080",80,
407,1985,3,19,19,"19","29","pierluigi-martini","minardi","motori-moderni","pirelli","1:32.770",92770,,,,,,,"+5.443",5443,"+1.662",1662,
407,1985,3,20,20,"20","8","francois-hesnault","brabham","bmw","pirelli","1:33.142",93142,,,,,,,"+5.815",5815,"+0.372",372,
407,1985,3,21,21,"21","10","philippe-alliot","ram","hart","pirelli","1:34.201",94201,,,,,,,"+6.874",6874,"+1.059",1059,
407,1985,3,22,22,"22","24","piercarlo-ghinzani","osella","alfa-romeo","pirelli","1:34.209",94209,,,,,,,"+6.882",6882,"+0.008",8,
407,1985,3,23,23,"23","9","manfred-winkelhock","ram","hart","pirelli","1:34.579",94579,,,,,,,"+7.252",7252,"+0.370",370,
407,1985,3,24,24,"24","4","stefan-bellof","tyrrell","ford","goodyear","1:35.653",95653,,,,,,,"+8.326",8326,"+1.074",1074,
407,1985,3,25,25,"25","3","martin-brundle","tyrrell","ford","goodyear","1:36.397",96397,,,,,,,"+9.070",9070,"+0.744",744,
407,1985,3,26,26,"26","21","mauro-baldi","spirit","hart","pirelli","1:36.922",96922,,,,,,,"+9.595",9595,"+0.525",525,
408,1985,4,1,1,"1","12","ayrton-senna","lotus","renault","goodyear","1:20.450",80450,,,,,,,,,,,
408,1985,4,2,2,"2","5","nigel-mansell","williams","honda","goodyear","1:20.536",80536,,,,,,,"+0.086",86,"+0.086",86,
408,1985,4,3,3,"3","27","michele-alboreto","ferrari","ferrari","goodyear","1:20.563",80563,,,,,,,"+0.113",113,"+0.027",27,
408,1985,4,4,4,"4","23","eddie-cheever","alfa-romeo","alfa-romeo","goodyear","1:20.729",80729,,,,,,,"+0.279",279,"+0.166",166,
408,1985,4,5,5,"5","2","alain-prost","mclaren","tag","goodyear","1:20.885",80885,,,,,,,"+0.435",435,"+0.156",156,
408,1985,4,6,6,"6","18","thierry-boutsen","arrows","bmw","goodyear","1:21.302",81302,,,,,,,"+0.852",852,"+0.417",417,
408,1985,4,7,7,"7","6","keke-rosberg","williams","honda","goodyear","1:21.320",81320,,,,,,,"+0.870",870,"+0.018",18,
408,1985,4,8,8,"8","25","andrea-de-cesaris","ligier","renault","pirelli","1:21.347",81347,,,,,,,"+0.897",897,"+0.027",27,
408,1985,4,9,9,"9","11","elio-de-angelis","lotus","renault","goodyear","1:21.465",81465,,,,,,,"+1.015",1015,"+0.118",118,
408,1985,4,10,10,"10","16","derek-warwick","renault","renault","goodyear","1:21.531",81531,,,,,,,"+1.081",1081,"+0.066",66,
408,1985,4,11,11,"11","17","gerhard-berger","arrows","bmw","goodyear","1:21.665",81665,,,,,,,"+1.215",1215,"+0.134",134,
408,1985,4,12,12,"12","22","riccardo-patrese","alfa-romeo","alfa-romeo","goodyear","1:21.813",81813,,,,,,,"+1.363",1363,"+0.148",148,
408,1985,4,13,13,"13","7","nelson-piquet","brabham","bmw","pirelli","1:21.817",81817,,,,,,,"+1.367",1367,"+0.004",4,
408,1985,4,14,14,"14","1","niki-lauda","mclaren","tag","goodyear","1:21.907",81907,,,,,,,"+1.457",1457,"+0.090",90,
408,1985,4,15,15,"15","28","stefan-johansson","ferrari","ferrari","goodyear","1:22.635",82635,,,,,,,"+2.185",2185,"+0.728",728,
408,1985,4,16,16,"16","26","jacques-laffite","ligier","renault","pirelli","1:22.880",82880,,,,,,,"+2.430",2430,"+0.245",245,
408,1985,4,17,17,"17","15","patrick-tambay","renault","renault","goodyear","1:22.912",82912,,,,,,,"+2.462",2462,"+0.032",32,
408,1985,4,18,18,"18","3","martin-brundle","tyrrell","ford","goodyear","1:23.827",83827,,,,,,,"+3.377",3377,"+0.915",915,
408,1985,4,19,19,"19","30","jonathan-palmer","zakspeed","zakspeed","goodyear","1:23.840",83840,,,,,,,"+3.390",3390,"+0.013",13,
408,1985,4,20,20,"20","19","teo-fabi","toleman","hart","pirelli","1:23.965",83965,,,,,,,"+3.515",3515,"+0.125",125,
408,1985,4,21,21,"21","24","piercarlo-ghinzani","osella","alfa-romeo","pirelli","1:24.071",84071,,,,,,,"+3.621",3621,"+0.106",106,
408,1985,4,22,22,"22","4","stefan-bellof","tyrrell","ford","goodyear","1:24.236",84236,,,,,,,"+3.786",3786,"+0.165",165,
408,1985,4,23,23,"23","10","philippe-alliot","ram","hart","pirelli","1:24.763",84763,,,,,,,"+4.313",4313,"+0.527",527,
408,1985,4,24,24,"24","9","manfred-winkelhock","ram","hart","pirelli","1:24.764",84764,,,,,,,"+4.314",4314,"+0.001",1,
408,1985,4,25,25,"25","8","francois-hesnault","brabham","bmw","pirelli","1:25.068",85068,,,,,,,"+4.618",4618,"+0.304",304,
408,1985,4,26,26,"26","29","pierluigi-martini","minardi","motori-moderni","pirelli","6:41.037",401037,,,,,,,"+5:20.587",320587,"+5:15.969",315969,
409,1985,5,1,1,"1","11","elio-de-angelis","lotus","renault","goodyear","1:24.567",84567,,,,,,,,,,,
409,1985,5,2,2,"2","12","ayrton-senna","lotus","renault","goodyear","1:24.816",84816,,,,,,,"+0.249",249,"+0.249",249,
409,1985,5,3,3,"3","27","michele-alboreto","ferrari","ferrari","goodyear","1:25.127",85127,,,,,,,"+0.560",560,"+0.311",311,
409,1985,5,4,4,"4","28","stefan-johansson","ferrari","ferrari","goodyear","1:25.170",85170,,,,,,,"+0.603",603,"+0.043",43,
409,1985,5,5,5,"5","2","alain-prost","mclaren","tag","goodyear","1:25.557",85557,,,,,,,"+0.990",990,"+0.387",387,
409,1985,5,6,6,"6","16","derek-warwick","renault","renault","goodyear","1:25.622",85622,,,,,,,"+1.055",1055,"+0.065",65,
409,1985,5,7,7,"7","18","thierry-boutsen","arrows","bmw","goodyear","1:25.846",85846,,,,,,,"+1.279",1279,"+0.224",224,
409,1985,5,8,8,"8","6","keke-rosberg","williams","honda","goodyear","1:26.097",86097,,,,,,,"+1.530",1530,"+0.251",251,
409,1985,5,9,9,"9","7","nelson-piquet","brabham","bmw","pirelli","1:26.301",86301,,,,,,,"+1.734",1734,"+0.204",204,
409,1985,5,10,10,"10","15","patrick-tambay","renault","renault","goodyear","1:26.340",86340,,,,,,,"+1.773",1773,"+0.039",39,
409,1985,5,11,11,"11","23","eddie-cheever","alfa-romeo","alfa-romeo","goodyear","1:26.354",86354,,,,,,,"+1.787",1787,"+0.014",14,
409,1985,5,12,12,"12","17","gerhard-berger","arrows","bmw","goodyear","1:26.743",86743,,,,,,,"+2.176",2176,"+0.389",389,
409,1985,5,13,13,"13","22","riccardo-patrese","alfa-romeo","alfa-romeo","goodyear","1:26.995",86995,,,,,,,"+2.428",2428,"+0.252",252,
409,1985,5,14,14,"14","9","manfred-winkelhock","ram","hart","pirelli","1:27.266",87266,,,,,,,"+2.699",2699,"+0.271",271,
409,1985,5,15,15,"15","25","andrea-de-cesaris","ligier","renault","pirelli","1:27.403",87403,,,,,,,"+2.836",2836,"+0.137",137,
409,1985,5,16,16,"16","5","nigel-mansell","williams","honda","goodyear","1:27.728",87728,,,,,,,"+3.161",3161,"+0.325",325,
409,1985,5,17,17,"17","1","niki-lauda","mclaren","tag","goodyear","1:28.126",88126,,,,,,,"+3.559",3559,"+0.398",398,
409,1985,5,18,18,"18","19","teo-fabi","toleman","hart","pirelli","1:28.625",88625,,,,,,,"+4.058",4058,"+0.499",499,
409,1985,5,19,19,"19","26","jacques-laffite","ligier","renault","pirelli","1:28.750",88750,,,,,,,"+4.183",4183,"+0.125",125,
409,1985,5,20,20,"20","8","marc-surer","brabham","bmw","pirelli","1:29.473",89473,,,,,,,"+4.906",4906,"+0.723",723,
409,1985,5,21,21,"21","10","philippe-alliot","ram","hart","pirelli","1:29.501",89501,,,,,,,"+4.934",4934,"+0.028",28,
409,1985,5,22,22,"22","24","piercarlo-ghinzani","osella","alfa-romeo","pirelli","1:31.576",91576,,,,,,,"+7.009",7009,"+2.075",2075,
409,1985,5,23,23,"23","4","stefan-bellof","tyrrell","ford","goodyear","1:31.733",91733,,,,,,,"+7.166",7166,"+0.157",157,
409,1985,5,24,24,"24","3","martin-brundle","tyrrell","ford","goodyear","1:31.923",91923,,,,,,,"+7.356",7356,"+0.190",190,
409,1985,5,25,25,"25","29","pierluigi-martini","minardi","motori-moderni","pirelli","1:34.985",94985,,,,,,,"+10.418",10418,"+3.062",3062,
410,1985,6,1,1,"1","12","ayrton-senna","lotus","renault","goodyear","1:42.051",102051,,,,,,,,,,,
410,1985,6,2,2,"2","5","nigel-mansell","williams","honda","goodyear","1:43.249",103249,,,,,,,"+1.198",1198,"+1.198",1198,
410,1985,6,3,3,"3","27","michele-alboreto","ferrari","ferrari","goodyear","1:43.748",103748,,,,,,,"+1.697",1697,"+0.499",499,
410,1985,6,4,4,"4","2","alain-prost","mclaren","tag","goodyear","1:44.088",104088,,,,,,,"+2.037",2037,"+0.340",340,
410,1985,6,5,5,"5","6","keke-rosberg","williams","honda","goodyear","1:44.156",104156,,,,,,,"+2.105",2105,"+0.068",68,
410,1985,6,6,6,"6","16","derek-warwick","renault","renault","goodyear","1:44.163",104163,,,,,,,"+2.112",2112,"+0.007",7,
410,1985,6,7,7,"7","23","eddie-cheever","alfa-romeo","alfa-romeo","goodyear","1:44.231",104231,,,,,,,"+2.180",2180,"+0.068",68,
410,1985,6,8,8,"8","11","elio-de-angelis","lotus","renault","goodyear","1:44.769",104769,,,,,,,"+2.718",2718,"+0.538",538,
410,1985,6,9,9,"9","28","stefan-johansson","ferrari","ferrari","goodyear","1:44.921",104921,,,,,,,"+2.870",2870,"+0.152",152,
410,1985,6,10,10,"10","7","nelson-piquet","brabham","bmw","pirelli","1:45.194",105194,,,,,,,"+3.143",3143,"+0.273",273,
410,1985,6,11,11,"11","8","marc-surer","brabham","bmw","pirelli","1:45.979",105979,,,,,,,"+3.928",3928,"+0.785",785,
410,1985,6,12,12,"12","1","niki-lauda","mclaren","tag","goodyear","1:46.266",106266,,,,,,,"+4.215",4215,"+0.287",287,
410,1985,6,13,13,"13","19","teo-fabi","toleman","hart","pirelli","1:46.546",106546,,,,,,,"+4.495",4495,"+0.280",280,
410,1985,6,14,14,"14","22","riccardo-patrese","alfa-romeo","alfa-romeo","goodyear","1:46.592",106592,,,,,,,"+4.541",4541,"+0.046",46,
410,1985,6,15,15,"15","15","patrick-tambay","renault","renault","goodyear","1:47.028",107028,,,,,,,"+4.977",4977,"+0.436",436,
410,1985,6,16,16,"16","26","jacques-laffite","ligier","renault","pirelli","1:47.267",107267,,,,,,,"+5.216",5216,"+0.239",239,
410,1985,6,17,17,"17","25","andrea-de-cesaris","ligier","renault","pirelli","1:47.393",107393,,,,,,,"+5.342",5342,"+0.126",126,
410,1985,6,18,18,"18","3","martin-brundle","tyrrell","ford","goodyear","1:47.563",107563,,,,,,,"+5.512",5512,"+0.170",170,
410,1985,6,19,19,"19","4","stefan-bellof","tyrrell","ford","goodyear","1:47.911",107911,,,,,,,"+5.860",5860,"+0.348",348,
410,1985,6,20,20,"20","9","manfred-winkelhock","ram","hart","pirelli","1:47.926",107926,,,,,,,"+5.875",5875,"+0.015",15,
410,1985,6,21,21,"21","18","thierry-boutsen","arrows","bmw","goodyear","1:48.023",108023,,,,,,,"+5.972",5972,"+0.097",97,
410,1985,6,22,22,"22","24","piercarlo-ghinzani","osella","alfa-romeo","pirelli","1:48.546",108546,,,,,,,"+6.495",6495,"+0.523",523,
410,1985,6,23,23,"23","10","philippe-alliot","ram","hart","pirelli","1:50.455",110455,,,,,,,"+8.404",8404,"+1.909",1909,
410,1985,6,24,24,"24","17","gerhard-berger","arrows","bmw","goodyear","2:05.307",125307,,,,,,,"+23.256",23256,"+14.852",14852,
410,1985,6,25,25,"25","29","pierluigi-martini","minardi","motori-moderni","pirelli","3:04.446",184446,,,,,,,"+1:22.395",82395,"+59.139",59139,
411,1985,7,1,1,"1","6","keke-rosberg","williams","honda","goodyear","1:32.462",92462,,,,,,,,,,,
411,1985,7,2,2,"2","12","ayrton-senna","lotus","renault","goodyear","1:32.835",92835,,,,,,,"+0.373",373,"+0.373",373,
411,1985,7,3,3,"3","27","michele-alboreto","ferrari","ferrari","goodyear","1:33.267",93267,,,,,,,"+0.805",805,"+0.432",432,
411,1985,7,4,4,"4","2","alain-prost","mclaren","tag","goodyear","1:33.335",93335,,,,,,,"+0.873",873,"+0.068",68,
411,1985,7,5,5,"5","7","nelson-piquet","brabham","bmw","pirelli","1:33.812",93812,,,,,,,"+1.350",1350,"+0.477",477,
411,1985,7,6,6,"6","1","niki-lauda","mclaren","tag","goodyear","1:33.860",93860,,,,,,,"+1.398",1398,"+0.048",48,
411,1985,7,7,7,"7","11","elio-de-angelis","lotus","renault","goodyear","1:34.022",94022,,,,,,,"+1.560",1560,"+0.162",162,
411,1985,7,8,8,"8","5","nigel-mansell","williams","honda","goodyear","1:34.191",94191,,,,,,,"+1.729",1729,"+0.169",169,
411,1985,7,9,9,"9","17","gerhard-berger","arrows","bmw","goodyear","1:34.674",94674,,,,,,,"+2.212",2212,"+0.483",483,
411,1985,7,10,10,"10","15","patrick-tambay","renault","renault","goodyear","1:34.680",94680,,,,,,,"+2.218",2218,"+0.006",6,
411,1985,7,11,11,"11","16","derek-warwick","renault","renault","goodyear","1:34.976",94976,,,,,,,"+2.514",2514,"+0.296",296,
411,1985,7,12,12,"12","18","thierry-boutsen","arrows","bmw","goodyear","1:35.488",95488,,,,,,,"+3.026",3026,"+0.512",512,
411,1985,7,13,13,"13","25","andrea-de-cesaris","ligier","renault","pirelli","1:35.571",95571,,,,,,,"+3.109",3109,"+0.083",83,
411,1985,7,14,14,"14","8","marc-surer","brabham","bmw","pirelli","1:35.572",95572,,,,,,,"+3.110",3110,"+0.001",1,
411,1985,7,15,15,"15","26","jacques-laffite","ligier","renault","pirelli","1:36.133",96133,,,,,,,"+3.671",3671,"+0.561",561,
411,1985,7,16,16,"16","28","stefan-johansson","ferrari","ferrari","goodyear","1:36.140",96140,,,,,,,"+3.678",3678,"+0.007",7,
411,1985,7,17,17,"17","22","riccardo-patrese","alfa-romeo","alfa-romeo","goodyear","1:36.729",96729,,,,,,,"+4.267",4267,"+0.589",589,
411,1985,7,18,18,"18","23","eddie-cheever","alfa-romeo","alfa-romeo","goodyear","1:36.931",96931,,,,,,,"+4.469",4469,"+0.202",202,
411,1985,7,19,19,"19","19","teo-fabi","toleman","hart","pirelli","1:37.142",97142,,,,,,,"+4.680",4680,"+0.211",211,
411,1985,7,20,20,"20","9","manfred-winkelhock","ram","hart","pirelli","1:37.654",97654,,,,,,,"+5.192",5192,"+0.512",512,
411,1985,7,21,21,"21","3","martin-brundle","tyrrell","renault","goodyear","1:40.015",100015,,,,,,,"+7.553",7553,"+2.361",2361,
411,1985,7,22,22,"22","30","jonathan-palmer","zakspeed","zakspeed","goodyear","1:40.289",100289,,,,,,,"+7.827",7827,"+0.274",274,
411,1985,7,23,23,"23","10","philippe-alliot","ram","hart","pirelli","1:41.647",101647,,,,,,,"+9.185",9185,"+1.358",1358,
411,1985,7,24,24,"24","24","piercarlo-ghinzani","osella","alfa-romeo","pirelli","1:42.136",102136,,,,,,,"+9.674",9674,"+0.489",489,
411,1985,7,25,25,"25","29","pierluigi-martini","minardi","motori-moderni","pirelli","1:44.350",104350,,,,,,,"+11.888",11888,"+2.214",2214,
411,1985,7,26,26,"26","4","stefan-bellof","tyrrell","ford","goodyear","1:44.404",104404,,,,,,,"+11.942",11942,"+0.054",54,
412,1985,8,1,1,"1","6","keke-rosberg","williams","honda","goodyear","1:05.591",65591,,,,,,,,,,,
412,1985,8,2,2,"2","7","nelson-piquet","brabham","bmw","pirelli","1:06.249",66249,,,,,,,"+0.658",658,"+0.658",658,
412,1985,8,3,3,"3","2","alain-prost","mclaren","tag","goodyear","1:06.308",66308,,,,,,,"+0.717",717,"+0.059",59,
412,1985,8,4,4,"4","12","ayrton-senna","lotus","renault","goodyear","1:06.324",66324,,,,,,,"+0.733",733,"+0.016",16,
412,1985,8,5,5,"5","5","nigel-mansell","williams","honda","goodyear","1:06.675",66675,,,,,,,"+1.084",1084,"+0.351",351,
412,1985,8,6,6,"6","27","michele-alboreto","ferrari","ferrari","goodyear","1:06.793",66793,,,,,,,"+1.202",1202,"+0.118",118,
412,1985,8,7,7,"7","25","andrea-de-cesaris","ligier","renault","pirelli","1:07.448",67448,,,,,,,"+1.857",1857,"+0.655",655,
412,1985,8,8,8,"8","11","elio-de-angelis","lotus","renault","goodyear","1:07.581",67581,,,,,,,"+1.990",1990,"+0.133",133,
412,1985,8,9,9,"9","19","teo-fabi","toleman","hart","pirelli","1:07.678",67678,,,,,,,"+2.087",2087,"+0.097",97,
412,1985,8,10,10,"10","1","niki-lauda","mclaren","tag","goodyear","1:07.743",67743,,,,,,,"+2.152",2152,"+0.065",65,
412,1985,8,11,11,"11","28","stefan-johansson","ferrari","ferrari","goodyear","1:07.887",67887,,,,,,,"+2.296",2296,"+0.144",144,
412,1985,8,12,12,"12","16","derek-warwick","renault","renault","goodyear","1:08.238",68238,,,,,,,"+2.647",2647,"+0.351",351,
412,1985,8,13,13,"13","15","patrick-tambay","renault","renault","goodyear","1:08.240",68240,,,,,,,"+2.649",2649,"+0.002",2,
412,1985,8,14,14,"14","22","riccardo-patrese","alfa-romeo","alfa-romeo","goodyear","1:08.384",68384,,,,,,,"+2.793",2793,"+0.144",144,
412,1985,8,15,15,"15","8","marc-surer","brabham","bmw","pirelli","1:08.587",68587,,,,,,,"+2.996",2996,"+0.203",203,
412,1985,8,16,16,"16","26","jacques-laffite","ligier","renault","pirelli","1:08.656",68656,,,,,,,"+3.065",3065,"+0.069",69,
412,1985,8,17,17,"17","17","gerhard-berger","arrows","bmw","goodyear","1:08.672",68672,,,,,,,"+3.081",3081,"+0.016",16,
412,1985,8,18,18,"18","9","manfred-winkelhock","ram","hart","pirelli","1:09.114",69114,,,,,,,"+3.523",3523,"+0.442",442,
412,1985,8,19,19,"19","18","thierry-boutsen","arrows","bmw","goodyear","1:09.131",69131,,,,,,,"+3.540",3540,"+0.017",17,
412,1985,8,20,20,"20","3","martin-brundle","tyrrell","renault","goodyear","1:09.242",69242,,,,,,,"+3.651",3651,"+0.111",111,
412,1985,8,21,21,"21","10","philippe-alliot","ram","hart","pirelli","1:09.609",69609,,,,,,,"+4.018",4018,"+0.367",367,
412,1985,8,22,22,"22","23","eddie-cheever","alfa-romeo","alfa-romeo","goodyear","1:10.345",70345,,,,,,,"+4.754",4754,"+0.736",736,
412,1985,8,23,23,"23","29","pierluigi-martini","minardi","motori-moderni","pirelli","1:13.645",73645,,,,,,,"+8.054",8054,"+3.300",3300,
412,1985,8,24,24,"24","30","jonathan-palmer","zakspeed","zakspeed","goodyear","1:13.713",73713,,,,,,,"+8.122",8122,"+0.068",68,
412,1985,8,25,25,"25","24","piercarlo-ghinzani","osella","alfa-romeo","pirelli","1:16.400",76400,,,,,,,"+10.809",10809,"+2.687",2687,
412,1985,8,26,26,"26","4","stefan-bellof","tyrrell","ford","goodyear","1:16.596",76596,,,,,,,"+11.005",11005,"+0.196",196,
413,1985,9,1,1,"1","19","teo-fabi","toleman","hart","pirelli","1:17.429",77429,,,,,,,,,,,
413,1985,9,2,2,"2","28","stefan-johansson","ferrari","ferrari","goodyear","1:18.616",78616,,,,,,,"+1.187",1187,"+1.187",1187,
413,1985,9,3,3,"3","2","alain-prost","mclaren","tag","goodyear","1:18.725",78725,,,,,,,"+1.296",1296,"+0.109",109,
413,1985,9,4,4,"4","6","keke-rosberg","williams","honda","goodyear","1:18.781",78781,,,,,,,"+1.352",1352,"+0.056",56,
413,1985,9,5,5,"5","12","ayrton-senna","lotus","renault","goodyear","1:18.792",78792,,,,,,,"+1.363",1363,"+0.011",11,
413,1985,9,6,6,"6","7","nelson-piquet","brabham","bmw","pirelli","1:18.802",78802,,,,,,,"+1.373",1373,"+0.010",10,
413,1985,9,7,7,"7","11","elio-de-angelis","lotus","renault","goodyear","1:19.120",79120,,,,,,,"+1.691",1691,"+0.318",318,
413,1985,9,8,8,"8","27","michele-alboreto","ferrari","ferrari","goodyear","1:19.194",79194,,,,,,,"+1.765",1765,"+0.074",74,
413,1985,9,9,9,"9","22","riccardo-patrese","alfa-romeo","alfa-romeo","goodyear","1:19.338",79338,,,,,,,"+1.909",1909,"+0.144",144,
413,1985,9,10,10,"10","5","nigel-mansell","williams","honda","goodyear","1:19.475",79475,,,,,,,"+2.046",2046,"+0.137",137,
413,1985,9,11,11,"11","8","marc-surer","brabham","bmw","pirelli","1:19.558",79558,,,,,,,"+2.129",2129,"+0.083",83,
413,1985,9,12,12,"12","1","niki-lauda","mclaren","tag","goodyear","1:19.652",79652,,,,,,,"+2.223",2223,"+0.094",94,
413,1985,9,13,13,"13","26","jacques-laffite","ligier","renault","pirelli","1:19.656",79656,,,,,,,"+2.227",2227,"+0.004",4,
413,1985,9,14,14,"14","25","andrea-de-cesaris","ligier","renault","pirelli","1:19.738",79738,,,,,,,"+2.309",2309,"+0.082",82,
413,1985,9,15,15,"15","18","thierry-boutsen","arrows","bmw","goodyear","1:19.781",79781,,,,,,,"+2.352",2352,"+0.043",43,
413,1985,9,16,16,"16","15","patrick-tambay","renault","renault","goodyear","1:19.917",79917,,,,,,,"+2.488",2488,"+0.136",136,
413,1985,9,17,17,"17","17","gerhard-berger","arrows","bmw","goodyear","1:20.666",80666,,,,,,,"+3.237",3237,"+0.749",749,
413,1985,9,18,18,"18","23","eddie-cheever","alfa-romeo","alfa-romeo","goodyear","1:21.074",81074,,,,,,,"+3.645",3645,"+0.408",408,
413,1985,9,19,19,"19","3","stefan-bellof","tyrrell","renault","goodyear","1:21.219",81219,,,,,,,"+3.790",3790,"+0.145",145,
413,1985,9,20,20,"20","16","derek-warwick","renault","renault","goodyear","1:21.237",81237,,,,,,,"+3.808",3808,"+0.018",18,
413,1985,9,21,21,"21","10","philippe-alliot","ram","hart","pirelli","1:22.017",82017,,,,,,,"+4.588",4588,"+0.780",780,
413,1985,9,22,22,"22","9","manfred-winkelhock","ram","hart","pirelli","1:22.607",82607,,,,,,,"+5.178",5178,"+0.590",590,
413,1985,9,23,23,"23","14","francois-hesnault","renault","renault","goodyear","1:23.161",83161,,,,,,,"+5.732",5732,"+0.554",554,
413,1985,9,24,24,"24","30","jonathan-palmer","zakspeed","zakspeed","goodyear","1:24.217",84217,,,,,,,"+6.788",6788,"+1.056",1056,
413,1985,9,25,25,"25","24","huub-rothengatter","osella","alfa-romeo","pirelli","1:26.478",86478,,,,,,,"+9.049",9049,"+2.261",2261,
413,1985,9,26,26,"26","4","martin-brundle","tyrrell","ford","goodyear","1:27.621",87621,,,,,,,"+10.192",10192,"+1.143",1143,
413,1985,9,27,27,"27","29","pierluigi-martini","minardi","motori-moderni","pirelli","1:40.506",100506,,,,,,,"+23.077",23077,"+12.885",12885,
414,1985,10,1,1,"1","2","alain-prost","mclaren","tag","goodyear","1:25.490",85490,,,,,,,,,,,
414,1985,10,2,2,"2","5","nigel-mansell","williams","honda","goodyear","1:26.052",86052,,,,,,,"+0.562",562,"+0.562",562,
414,1985,10,3,3,"3","1","niki-lauda","mclaren","tag","goodyear","1:26.250",86250,,,,,,,"+0.760",760,"+0.198",198,
414,1985,10,4,4,"4","6","keke-rosberg","williams","honda","goodyear","1:26.333",86333,,,,,,,"+0.843",843,"+0.083",83,
414,1985,10,5,5,"5","7","nelson-piquet","brabham","bmw","pirelli","1:26.404",86404,,,,,,,"+0.914",914,"+0.071",71,
414,1985,10,6,6,"6","19","teo-fabi","toleman","hart","pirelli","1:26.664",86664,,,,,,,"+1.174",1174,"+0.260",260,
414,1985,10,7,7,"7","11","elio-de-angelis","lotus","renault","goodyear","1:26.799",86799,,,,,,,"+1.309",1309,"+0.135",135,
414,1985,10,8,8,"8","15","patrick-tambay","renault","renault","goodyear","1:27.502",87502,,,,,,,"+2.012",2012,"+0.703",703,
414,1985,10,9,9,"9","27","michele-alboreto","ferrari","ferrari","goodyear","1:27.516",87516,,,,,,,"+2.026",2026,"+0.014",14,
414,1985,10,10,10,"10","22","riccardo-patrese","alfa-romeo","alfa-romeo","goodyear","1:27.851",87851,,,,,,,"+2.361",2361,"+0.335",335,
414,1985,10,11,11,"11","8","marc-surer","brabham","bmw","pirelli","1:27.954",87954,,,,,,,"+2.464",2464,"+0.103",103,
414,1985,10,12,12,"12","28","stefan-johansson","ferrari","ferrari","goodyear","1:27.961",87961,,,,,,,"+2.471",2471,"+0.007",7,
414,1985,10,13,13,"13","16","derek-warwick","renault","renault","goodyear","1:28.006",88006,,,,,,,"+2.516",2516,"+0.045",45,
414,1985,10,14,14,"14","12","ayrton-senna","lotus","renault","goodyear","1:28.123",88123,,,,,,,"+2.633",2633,"+0.117",117,
414,1985,10,15,15,"15","26","jacques-laffite","ligier","renault","pirelli","1:28.249",88249,,,,,,,"+2.759",2759,"+0.126",126,
414,1985,10,16,16,"16","18","thierry-boutsen","arrows","bmw","goodyear","1:28.262",88262,,,,,,,"+2.772",2772,"+0.013",13,
414,1985,10,17,17,"17","17","gerhard-berger","arrows","bmw","goodyear","1:28.566",88566,,,,,,,"+3.076",3076,"+0.304",304,
414,1985,10,18,18,"18","25","andrea-de-cesaris","ligier","renault","pirelli","1:28.666",88666,,,,,,,"+3.176",3176,"+0.100",100,
414,1985,10,19,19,"19","20","piercarlo-ghinzani","toleman","hart","pirelli","1:28.894",88894,,,,,,,"+3.404",3404,"+0.228",228,
414,1985,10,20,20,"20","23","eddie-cheever","alfa-romeo","alfa-romeo","goodyear","1:29.031",89031,,,,,,,"+3.541",3541,"+0.137",137,
414,1985,10,21,21,"21","9","philippe-alliot","ram","hart","pirelli","1:29.827",89827,,,,,,,"+4.337",4337,"+0.796",796,
414,1985,10,22,22,"22","3","stefan-bellof","tyrrell","renault","goodyear","1:30.514",90514,,,,,,,"+5.024",5024,"+0.687",687,
414,1985,10,23,23,"23","10","kenny-acheson","ram","hart","pirelli","1:35.072",95072,,,,,,,"+9.582",9582,"+4.558",4558,
414,1985,10,24,24,"24","24","huub-rothengatter","osella","alfa-romeo","pirelli","1:35.329",95329,,,,,,,"+9.839",9839,"+0.257",257,
414,1985,10,25,25,"25","30","jonathan-palmer","zakspeed","zakspeed","goodyear","1:35.787",95787,,,,,,,"+10.297",10297,"+0.458",458,
414,1985,10,26,26,"26","29","pierluigi-martini","minardi","motori-moderni","pirelli","1:36.765",96765,,,,,,,"+11.275",11275,"+0.978",978,
414,1985,10,27,27,"27","4","martin-brundle","tyrrell","ford","goodyear","1:37.317",97317,,,,,,,"+11.827",11827,"+0.552",552,
415,1985,11,1,1,"1","7","nelson-piquet","brabham","bmw","pirelli","1:11.074",71074,,,,,,,,,,,
415,1985,11,2,2,"2","6","keke-rosberg","williams","honda","goodyear","1:11.647",71647,,,,,,,"+0.573",573,"+0.573",573,
415,1985,11,3,3,"3","2","alain-prost","mclaren","tag","goodyear","1:11.801",71801,,,,,,,"+0.727",727,"+0.154",154,
415,1985,11,4,4,"4","12","ayrton-senna","lotus","renault","goodyear","1:11.837",71837,,,,,,,"+0.763",763,"+0.036",36,
415,1985,11,5,5,"5","19","teo-fabi","toleman","hart","pirelli","1:12.310",72310,,,,,,,"+1.236",1236,"+0.473",473,
415,1985,11,6,6,"6","15","patrick-tambay","renault","renault","goodyear","1:12.486",72486,,,,,,,"+1.412",1412,"+0.176",176,
415,1985,11,7,7,"7","5","nigel-mansell","williams","honda","goodyear","1:12.614",72614,,,,,,,"+1.540",1540,"+0.128",128,
415,1985,11,8,8,"8","18","thierry-boutsen","arrows","bmw","goodyear","1:12.746",72746,,,,,,,"+1.672",1672,"+0.132",132,
415,1985,11,9,9,"9","8","marc-surer","brabham","bmw","pirelli","1:12.856",72856,,,,,,,"+1.782",1782,"+0.110",110,
415,1985,11,10,10,"10","1","niki-lauda","mclaren","tag","goodyear","1:13.059",73059,,,,,,,"+1.985",1985,"+0.203",203,
415,1985,11,11,11,"11","11","elio-de-angelis","lotus","renault","goodyear","1:13.078",73078,,,,,,,"+2.004",2004,"+0.019",19,
415,1985,11,12,12,"12","16","derek-warwick","renault","renault","goodyear","1:13.289",73289,,,,,,,"+2.215",2215,"+0.211",211,
415,1985,11,13,13,"13","26","jacques-laffite","ligier","renault","pirelli","1:13.435",73435,,,,,,,"+2.361",2361,"+0.146",146,
415,1985,11,14,14,"14","17","gerhard-berger","arrows","bmw","goodyear","1:13.680",73680,,,,,,,"+2.606",2606,"+0.245",245,
415,1985,11,15,15,"15","20","piercarlo-ghinzani","toleman","hart","pirelli","1:13.705",73705,,,,,,,"+2.631",2631,"+0.025",25,
415,1985,11,16,16,"16","27","michele-alboreto","ferrari","ferrari","goodyear","1:13.725",73725,,,,,,,"+2.651",2651,"+0.020",20,
415,1985,11,17,17,"17","28","stefan-johansson","ferrari","ferrari","goodyear","1:13.768",73768,,,,,,,"+2.694",2694,"+0.043",43,
415,1985,11,18,18,"18","25","andrea-de-cesaris","ligier","renault","pirelli","1:13.797",73797,,,,,,,"+2.723",2723,"+0.029",29,
415,1985,11,19,19,"19","22","riccardo-patrese","alfa-romeo","alfa-romeo","goodyear","1:14.240",74240,,,,,,,"+3.166",3166,"+0.443",443,
415,1985,11,20,20,"20","23","eddie-cheever","alfa-romeo","alfa-romeo","goodyear","1:14.912",74912,,,,,,,"+3.838",3838,"+0.672",672,
415,1985,11,21,21,"21","3","martin-brundle","tyrrell","renault","goodyear","1:14.920",74920,,,,,,,"+3.846",3846,"+0.008",8,
415,1985,11,22,22,"22","4","stefan-bellof","tyrrell","renault","goodyear","1:15.236",75236,,,,,,,"+4.162",4162,"+0.316",316,
415,1985,11,23,23,"23","30","jonathan-palmer","zakspeed","zakspeed","goodyear","1:16.257",76257,,,,,,,"+5.183",5183,"+1.021",1021,
415,1985,11,24,24,"24","29","pierluigi-martini","minardi","motori-moderni","pirelli","1:17.919",77919,,,,,,,"+6.845",6845,"+1.662",1662,
415,1985,11,25,25,"25","9","philippe-alliot","ram","hart","pirelli","1:18.525",78525,,,,,,,"+7.451",7451,"+0.606",606,
415,1985,11,26,26,"26","24","huub-rothengatter","osella","alfa-romeo","pirelli","1:19.410",79410,,,,,,,"+8.336",8336,"+0.885",885,
415,1985,11,27,27,"27","10","kenny-acheson","ram","hart","pirelli","1:20.429",80429,,,,,,,"+9.355",9355,"+1.019",1019,
416,1985,12,1,1,"1","12","ayrton-senna","lotus","renault","goodyear","1:25.084",85084,,,,,,,,,,,
416,1985,12,2,2,"2","6","keke-rosberg","williams","honda","goodyear","1:25.230",85230,,,,,,,"+0.146",146,"+0.146",146,
416,1985,12,3,3,"3","5","nigel-mansell","williams","honda","goodyear","1:25.486",85486,,,,,,,"+0.402",402,"+0.256",256,
416,1985,12,4,4,"4","7","nelson-piquet","brabham","bmw","pirelli","1:25.584",85584,,,,,,,"+0.500",500,"+0.098",98,
416,1985,12,5,5,"5","2","alain-prost","mclaren","tag","goodyear","1:25.790",85790,,,,,,,"+0.706",706,"+0.206",206,
416,1985,12,6,6,"6","11","elio-de-angelis","lotus","renault","goodyear","1:26.044",86044,,,,,,,"+0.960",960,"+0.254",254,
416,1985,12,7,7,"7","27","michele-alboreto","ferrari","ferrari","goodyear","1:26.468",86468,,,,,,,"+1.384",1384,"+0.424",424,
416,1985,12,8,8,"8","15","patrick-tambay","renault","renault","goodyear","1:27.020",87020,,,,,,,"+1.936",1936,"+0.552",552,
416,1985,12,9,9,"9","8","marc-surer","brabham","bmw","pirelli","1:27.153",87153,,,,,,,"+2.069",2069,"+0.133",133,
416,1985,12,10,10,"10","28","stefan-johansson","ferrari","ferrari","goodyear","1:27.473",87473,,,,,,,"+2.389",2389,"+0.320",320,
416,1985,12,11,11,"11","17","gerhard-berger","arrows","bmw","goodyear","1:27.723",87723,,,,,,,"+2.639",2639,"+0.250",250,
416,1985,12,12,12,"12","16","derek-warwick","renault","renault","goodyear","1:28.112",88112,,,,,,,"+3.028",3028,"+0.389",389,
416,1985,12,13,13,"13","22","riccardo-patrese","alfa-romeo","alfa-romeo","goodyear","1:28.340",88340,,,,,,,"+3.256",3256,"+0.228",228,
416,1985,12,14,14,"14","18","thierry-boutsen","arrows","bmw","goodyear","1:28.369",88369,,,,,,,"+3.285",3285,"+0.029",29,
416,1985,12,15,15,"15","19","teo-fabi","toleman","hart","pirelli","1:28.386",88386,,,,,,,"+3.302",3302,"+0.017",17,
416,1985,12,16,16,"16","1","niki-lauda","mclaren","tag","goodyear","1:28.472",88472,,,,,,,"+3.388",3388,"+0.086",86,
416,1985,12,17,17,"17","23","eddie-cheever","alfa-romeo","alfa-romeo","goodyear","1:28.629",88629,,,,,,,"+3.545",3545,"+0.157",157,
416,1985,12,18,18,"18","3","martin-brundle","tyrrell","renault","goodyear","1:28.793",88793,,,,,,,"+3.709",3709,"+0.164",164,
416,1985,12,19,19,"19","25","philippe-streiff","ligier","renault","pirelli","1:29.839",89839,,,,,,,"+4.755",4755,"+1.046",1046,
416,1985,12,20,20,"20","26","jacques-laffite","ligier","renault","pirelli","1:30.186",90186,,,,,,,"+5.102",5102,"+0.347",347,
416,1985,12,21,21,"21","20","piercarlo-ghinzani","toleman","hart","pirelli","1:30.271",90271,,,,,,,"+5.187",5187,"+0.085",85,
416,1985,12,22,22,"22","24","huub-rothengatter","osella","alfa-romeo","pirelli","1:33.529",93529,,,,,,,"+8.445",8445,"+3.258",3258,
416,1985,12,23,23,"23","29","pierluigi-martini","minardi","motori-moderni","pirelli","1:33.981",93981,,,,,,,"+8.897",8897,"+0.452",452,
416,1985,12,24,24,"24","10","kenny-acheson","ram","hart","pirelli","1:34.919",94919,,,,,,,"+9.835",9835,"+0.938",938,
416,1985,12,25,25,"25","33","alan-jones","lola","hart","goodyear","1:34.943",94943,,,,,,,"+9.859",9859,"+0.024",24,
416,1985,12,26,26,"26","9","philippe-alliot","ram","hart","pirelli","1:36.221",96221,,,,,,,"+11.137",11137,"+1.278",1278,
417,1985,13,1,1,"1","2","alain-prost","mclaren","tag","goodyear","1:55.306",115306,,,,,,,,,,,
417,1985,13,2,2,"2","12","ayrton-senna","lotus","renault","goodyear","1:55.403",115403,,,,,,,"+0.097",97,"+0.097",97,
417,1985,13,3,3,"3","7","nelson-piquet","brabham","bmw","pirelli","1:55.648",115648,,,,,,,"+0.342",342,"+0.245",245,
417,1985,13,4,4,"4","27","michele-alboreto","ferrari","ferrari","goodyear","1:56.021",116021,,,,,,,"+0.715",715,"+0.373",373,
417,1985,13,5,5,"5","28","stefan-johansson","ferrari","ferrari","goodyear","1:56.585",116585,,,,,,,"+1.279",1279,"+0.564",564,
417,1985,13,6,6,"6","18","thierry-boutsen","arrows","bmw","goodyear","1:56.697",116697,,,,,,,"+1.391",1391,"+0.112",112,
417,1985,13,7,7,"7","5","nigel-mansell","williams","honda","goodyear","1:56.727",116727,,,,,,,"+1.421",1421,"+0.030",30,
417,1985,13,8,8,"8","17","gerhard-berger","arrows","bmw","goodyear","1:56.770",116770,,,,,,,"+1.464",1464,"+0.043",43,
417,1985,13,9,9,"9","11","elio-de-angelis","lotus","renault","goodyear","1:57.322",117322,,,,,,,"+2.016",2016,"+0.552",552,
417,1985,13,10,10,"10","6","keke-rosberg","williams","honda","goodyear","1:57.465",117465,,,,,,,"+2.159",2159,"+0.143",143,
417,1985,13,11,11,"11","19","teo-fabi","toleman","hart","pirelli","1:57.588",117588,,,,,,,"+2.282",2282,"+0.123",123,
417,1985,13,12,12,"12","8","marc-surer","brabham","bmw","pirelli","1:57.729",117729,,,,,,,"+2.423",2423,"+0.141",141,
417,1985,13,13,13,"13","15","patrick-tambay","renault","renault","goodyear","1:58.105",118105,,,,,,,"+2.799",2799,"+0.376",376,
417,1985,13,14,14,"14","16","derek-warwick","renault","renault","goodyear","1:58.407",118407,,,,,,,"+3.101",3101,"+0.302",302,
417,1985,13,15,15,"15","22","riccardo-patrese","alfa-romeo","alfa-romeo","goodyear","1:58.414",118414,,,,,,,"+3.108",3108,"+0.007",7,
417,1985,13,16,16,"16","20","piercarlo-ghinzani","toleman","hart","pirelli","1:58.706",118706,,,,,,,"+3.400",3400,"+0.292",292,
417,1985,13,17,17,"17","26","jacques-laffite","ligier","renault","pirelli","1:58.933",118933,,,,,,,"+3.627",3627,"+0.227",227,
417,1985,13,18,18,"18","25","philippe-streiff","ligier","renault","pirelli","1:59.245",119245,,,,,,,"+3.939",3939,"+0.312",312,
417,1985,13,19,19,"19","23","eddie-cheever","alfa-romeo","alfa-romeo","goodyear","1:59.370",119370,,,,,,,"+4.064",4064,"+0.125",125,
417,1985,13,20,20,"20","9","philippe-alliot","ram","hart","pirelli","1:59.626",119626,,,,,,,"+4.320",4320,"+0.256",256,
417,1985,13,21,21,"21","3","martin-brundle","tyrrell","renault","goodyear","2:00.950",120950,,,,,,,"+5.644",5644,"+1.324",1324,
417,1985,13,22,22,"22","30","christian-danner","zakspeed","zakspeed","goodyear","2:05.059",125059,,,,,,,"+9.753",9753,"+4.109",4109,
417,1985,13,23,23,"23","24","huub-rothengatter","osella","alfa-romeo","pirelli","2:05.776",125776,,,,,,,"+10.470",10470,"+0.717",717,
417,1985,13,24,24,"24","29","pierluigi-martini","minardi","motori-moderni","pirelli","2:06.007",126007,,,,,,,"+10.701",10701,"+0.231",231,
418,1985,14,1,1,"1","12","ayrton-senna","lotus","renault","goodyear","1:07.169",67169,,,,,,,,,,,
418,1985,14,2,2,"2","7","nelson-piquet","brabham","bmw","pirelli","1:07.482",67482,,,,,,,"+0.313",313,"+0.313",313,
418,1985,14,3,3,"3","5","nigel-mansell","williams","honda","goodyear","1:08.059",68059,,,,,,,"+0.890",890,"+0.577",577,
418,1985,14,4,4,"4","6","keke-rosberg","williams","honda","goodyear","1:08.197",68197,,,,,,,"+1.028",1028,"+0.138",138,
418,1985,14,5,5,"5","25","philippe-streiff","ligier","renault","pirelli","1:09.080",69080,,,,,,,"+1.911",1911,"+0.883",883,
418,1985,14,6,6,"6","2","alain-prost","mclaren","tag","goodyear","1:09.429",69429,,,,,,,"+2.260",2260,"+0.349",349,
418,1985,14,7,7,"7","8","marc-surer","brabham","bmw","pirelli","1:09.762",69762,,,,,,,"+2.593",2593,"+0.333",333,
418,1985,14,8,8,"8","16","derek-warwick","renault","renault","goodyear","1:09.904",69904,,,,,,,"+2.735",2735,"+0.142",142,
418,1985,14,9,9,"9","11","elio-de-angelis","lotus","renault","goodyear","1:10.014",70014,,,,,,,"+2.845",2845,"+0.110",110,
418,1985,14,10,10,"10","26","jacques-laffite","ligier","renault","pirelli","1:10.081",70081,,,,,,,"+2.912",2912,"+0.067",67,
418,1985,14,11,11,"11","22","riccardo-patrese","alfa-romeo","alfa-romeo","goodyear","1:10.251",70251,,,,,,,"+3.082",3082,"+0.170",170,
418,1985,14,12,12,"12","18","thierry-boutsen","arrows","bmw","goodyear","1:10.323",70323,,,,,,,"+3.154",3154,"+0.072",72,
418,1985,14,13,13,"13","28","stefan-johansson","ferrari","ferrari","goodyear","1:10.517",70517,,,,,,,"+3.348",3348,"+0.194",194,
418,1985,14,14,14,"14","20","piercarlo-ghinzani","toleman","hart","pirelli","1:10.570",70570,,,,,,,"+3.401",3401,"+0.053",53,
418,1985,14,15,15,"15","27","michele-alboreto","ferrari","ferrari","goodyear","1:10.659",70659,,,,,,,"+3.490",3490,"+0.089",89,
418,1985,14,16,16,"16","3","martin-brundle","tyrrell","renault","goodyear","1:10.731",70731,,,,,,,"+3.562",3562,"+0.072",72,
418,1985,14,17,17,"17","15","patrick-tambay","renault","renault","goodyear","1:10.934",70934,,,,,,,"+3.765",3765,"+0.203",203,
418,1985,14,18,18,"18","23","eddie-cheever","alfa-romeo","alfa-romeo","goodyear","1:11.500",71500,,,,,,,"+4.331",4331,"+0.566",566,
418,1985,14,19,19,"19","17","gerhard-berger","arrows","bmw","goodyear","1:11.608",71608,,,,,,,"+4.439",4439,"+0.108",108,
418,1985,14,20,20,"20","19","teo-fabi","toleman","hart","pirelli","1:12.090",72090,,,,,,,"+4.921",4921,"+0.482",482,
418,1985,14,21,21,"21","1","john-watson","mclaren","tag","goodyear","1:12.496",72496,,,,,,,"+5.327",5327,"+0.406",406,
418,1985,14,22,22,"22","33","alan-jones","lola","hart","goodyear","1:13.084",73084,,,,,,,"+5.915",5915,"+0.588",588,
418,1985,14,23,23,"23","9","philippe-alliot","ram","hart","pirelli","1:13.537",73537,,,,,,,"+6.368",6368,"+0.453",453,
418,1985,14,24,24,"24","4","ivan-capelli","tyrrell","renault","goodyear","1:13.721",73721,,,,,,,"+6.552",6552,"+0.184",184,
418,1985,14,25,25,"25","30","christian-danner","zakspeed","zakspeed","goodyear","1:15.054",75054,,,,,,,"+7.885",7885,"+1.333",1333,
418,1985,14,26,26,"26","29","pierluigi-martini","minardi","motori-moderni","pirelli","1:15.127",75127,,,,,,,"+7.958",7958,"+0.073",73,
418,1985,14,27,27,"27","24","huub-rothengatter","osella","alfa-romeo","pirelli","1:16.994",76994,,,,,,,"+9.825",9825,"+1.867",1867,
419,1985,15,1,1,"1","5","nigel-mansell","williams","honda","goodyear","1:02.366",62366,,,,,,,,,,,
419,1985,15,2,2,"2","7","nelson-piquet","brabham","bmw","pirelli","1:02.490",62490,,,,,,,"+0.124",124,"+0.124",124,
419,1985,15,3,3,"3","6","keke-rosberg","williams","honda","goodyear","1:02.504",62504,,,,,,,"+0.138",138,"+0.014",14,
419,1985,15,4,4,"4","12","ayrton-senna","lotus","renault","goodyear","1:02.825",62825,,,,,,,"+0.459",459,"+0.321",321,
419,1985,15,5,5,"5","8","marc-surer","brabham","bmw","pirelli","1:04.088",64088,,,,,,,"+1.722",1722,"+1.263",1263,
419,1985,15,6,6,"6","11","elio-de-angelis","lotus","renault","goodyear","1:04.129",64129,,,,,,,"+1.763",1763,"+0.041",41,
419,1985,15,7,7,"7","19","teo-fabi","toleman","hart","pirelli","1:04.215",64215,,,,,,,"+1.849",1849,"+0.086",86,
419,1985,15,8,8,"8","1","niki-lauda","mclaren","tag","goodyear","1:04.283",64283,,,,,,,"+1.917",1917,"+0.068",68,
419,1985,15,9,9,"9","2","alain-prost","mclaren","tag","goodyear","1:04.376",64376,,,,,,,"+2.010",2010,"+0.093",93,
419,1985,15,10,10,"10","18","thierry-boutsen","arrows","bmw","goodyear","1:04.518",64518,,,,,,,"+2.152",2152,"+0.142",142,
419,1985,15,11,11,"11","17","gerhard-berger","arrows","bmw","goodyear","1:04.780",64780,,,,,,,"+2.414",2414,"+0.262",262,
419,1985,15,12,12,"12","22","riccardo-patrese","alfa-romeo","alfa-romeo","goodyear","1:04.948",64948,,,,,,,"+2.582",2582,"+0.168",168,
419,1985,15,13,13,"13","20","piercarlo-ghinzani","toleman","hart","pirelli","1:05.114",65114,,,,,,,"+2.748",2748,"+0.166",166,
419,1985,15,14,14,"14","23","eddie-cheever","alfa-romeo","alfa-romeo","goodyear","1:05.260",65260,,,,,,,"+2.894",2894,"+0.146",146,
419,1985,15,15,15,"15","27","michele-alboreto","ferrari","ferrari","goodyear","1:05.268",65268,,,,,,,"+2.902",2902,"+0.008",8,
419,1985,15,16,16,"16","28","stefan-johansson","ferrari","ferrari","goodyear","1:05.388",65388,,,,,,,"+3.022",3022,"+0.120",120,
419,1985,15,17,17,"17","3","martin-brundle","tyrrell","renault","goodyear","1:05.649",65649,,,,,,,"+3.283",3283,"+0.261",261,
419,1985,15,18,18,"18","33","alan-jones","lola","hart","goodyear","1:05.731",65731,,,,,,,"+3.365",3365,"+0.082",82,
419,1985,15,19,19,"19","4","philippe-streiff","tyrrell","renault","goodyear","1:06.205",66205,,,,,,,"+3.839",3839,"+0.474",474,
419,1985,15,20,20,"20","29","pierluigi-martini","minardi","motori-moderni","pirelli","1:08.658",68658,,,,,,,"+6.292",6292,"+2.453",2453,
419,1985,15,21,21,"21","24","huub-rothengatter","osella","alfa-romeo","pirelli","1:09.873",69873,,,,,,,"+7.507",7507,"+1.215",1215,
420,1985,16,1,1,"1","12","ayrton-senna","lotus","renault","goodyear","1:19.843",79843,,,,,,,,,,,
420,1985,16,2,2,"2","5","nigel-mansell","williams","honda","goodyear","1:20.537",80537,,,,,,,"+0.694",694,"+0.694",694,
420,1985,16,3,3,"3","6","keke-rosberg","williams","honda","goodyear","1:21.887",81887,,,,,,,"+2.044",2044,"+1.350",1350,
420,1985,16,4,4,"4","2","alain-prost","mclaren","tag","goodyear","1:21.889",81889,,,,,,,"+2.046",2046,"+0.002",2,
420,1985,16,5,5,"5","27","michele-alboreto","ferrari","ferrari","goodyear","1:22.337",82337,,,,,,,"+2.494",2494,"+0.448",448,
420,1985,16,6,6,"6","8","marc-surer","brabham","bmw","pirelli","1:22.561",82561,,,,,,,"+2.718",2718,"+0.224",224,
420,1985,16,7,7,"7","17","gerhard-berger","arrows","bmw","goodyear","1:22.592",82592,,,,,,,"+2.749",2749,"+0.031",31,
420,1985,16,8,8,"8","15","patrick-tambay","renault","renault","goodyear","1:22.683",82683,,,,,,,"+2.840",2840,"+0.091",91,
420,1985,16,9,9,"9","7","nelson-piquet","brabham","bmw","pirelli","1:22.718",82718,,,,,,,"+2.875",2875,"+0.035",35,
420,1985,16,10,10,"10","11","elio-de-angelis","lotus","renault","goodyear","1:23.077",83077,,,,,,,"+3.234",3234,"+0.359",359,
420,1985,16,11,11,"11","18","thierry-boutsen","arrows","bmw","goodyear","1:23.196",83196,,,,,,,"+3.353",3353,"+0.119",119,
420,1985,16,12,12,"12","16","derek-warwick","renault","renault","goodyear","1:23.426",83426,,,,,,,"+3.583",3583,"+0.230",230,
420,1985,16,13,13,"13","23","eddie-cheever","alfa-romeo","alfa-romeo","goodyear","1:23.597",83597,,,,,,,"+3.754",3754,"+0.171",171,
420,1985,16,14,14,"14","22","riccardo-patrese","alfa-romeo","alfa-romeo","goodyear","1:23.758",83758,,,,,,,"+3.915",3915,"+0.161",161,
420,1985,16,15,15,"15","28","stefan-johansson","ferrari","ferrari","goodyear","1:23.902",83902,,,,,,,"+4.059",4059,"+0.144",144,
420,1985,16,16,16,"16","1","niki-lauda","mclaren","tag","goodyear","1:23.941",83941,,,,,,,"+4.098",4098,"+0.039",39,
420,1985,16,17,17,"17","3","martin-brundle","tyrrell","renault","goodyear","1:24.241",84241,,,,,,,"+4.398",4398,"+0.300",300,
420,1985,16,18,18,"18","25","philippe-streiff","ligier","renault","pirelli","1:24.286",84286,,,,,,,"+4.443",4443,"+0.045",45,
420,1985,16,19,19,"19","33","alan-jones","lola","hart","goodyear","1:24.369",84369,,,,,,,"+4.526",4526,"+0.083",83,
420,1985,16,20,20,"20","26","jacques-laffite","ligier","renault","pirelli","1:24.830",84830,,,,,,,"+4.987",4987,"+0.461",461,
420,1985,16,21,21,"21","20","piercarlo-ghinzani","toleman","hart","pirelli","1:25.021",85021,,,,,,,"+5.178",5178,"+0.191",191,
420,1985,16,22,22,"22","4","ivan-capelli","tyrrell","renault","goodyear","1:27.120",87120,,,,,,,"+7.277",7277,"+2.099",2099,
420,1985,16,23,23,"23","29","pierluigi-martini","minardi","motori-moderni","pirelli","1:27.196",87196,,,,,,,"+7.353",7353,"+0.076",76,
420,1985,16,24,24,"24","19","teo-fabi","toleman","hart","pirelli","1:28.110",88110,,,,,,,"+8.267",8267,"+0.914",914,
420,1985,16,25,25,"25","24","huub-rothengatter","osella","alfa-romeo","pirelli","1:30.319",90319,,,,,,,"+10.476",10476,"+2.209",2209,
421,1986,1,1,1,"1","12","ayrton-senna","lotus","renault","goodyear","1:25.501",85501,,,,,,,,,,,
421,1986,1,2,2,"2","6","nelson-piquet","williams","honda","goodyear","1:26.266",86266,,,,,,,"+0.765",765,"+0.765",765,
421,1986,1,3,3,"3","5","nigel-mansell","williams","honda","goodyear","1:26.749",86749,,,,,,,"+1.248",1248,"+0.483",483,
421,1986,1,4,4,"4","25","rene-arnoux","ligier","renault","pirelli","1:27.133",87133,,,,,,,"+1.632",1632,"+0.384",384,
421,1986,1,5,5,"5","26","jacques-laffite","ligier","renault","pirelli","1:27.190",87190,,,,,,,"+1.689",1689,"+0.057",57,
421,1986,1,6,6,"6","27","michele-alboreto","ferrari","ferrari","goodyear","1:27.485",87485,,,,,,,"+1.984",1984,"+0.295",295,
421,1986,1,7,7,"7","2","keke-rosberg","mclaren","tag","goodyear","1:27.705",87705,,,,,,,"+2.204",2204,"+0.220",220,
421,1986,1,8,8,"8","28","stefan-johansson","ferrari","ferrari","goodyear","1:27.711",87711,,,,,,,"+2.210",2210,"+0.006",6,
421,1986,1,9,9,"9","1","alain-prost","mclaren","tag","goodyear","1:28.099",88099,,,,,,,"+2.598",2598,"+0.388",388,
421,1986,1,10,10,"10","7","riccardo-patrese","brabham","bmw","pirelli","1:29.294",89294,,,,,,,"+3.793",3793,"+1.195",1195,
421,1986,1,11,11,"11","11","johnny-dumfries","lotus","renault","goodyear","1:29.503",89503,,,,,,,"+4.002",4002,"+0.209",209,
421,1986,1,12,12,"12","19","teo-fabi","benetton","bmw","pirelli","1:29.748",89748,,,,,,,"+4.247",4247,"+0.245",245,
421,1986,1,13,13,"13","16","patrick-tambay","lola","hart","goodyear","1:30.594",90594,,,,,,,"+5.093",5093,"+0.846",846,
421,1986,1,14,14,"14","8","elio-de-angelis","brabham","bmw","pirelli","1:31.074",91074,,,,,,,"+5.573",5573,"+0.480",480,
421,1986,1,15,15,"15","18","thierry-boutsen","arrows","bmw","goodyear","1:31.244",91244,,,,,,,"+5.743",5743,"+0.170",170,
421,1986,1,16,16,"16","20","gerhard-berger","benetton","bmw","pirelli","1:31.313",91313,,,,,,,"+5.812",5812,"+0.069",69,
421,1986,1,17,17,"17","3","martin-brundle","tyrrell","renault","goodyear","1:32.009",92009,,,,,,,"+6.508",6508,"+0.696",696,
421,1986,1,18,18,"18","4","philippe-streiff","tyrrell","renault","goodyear","1:32.388",92388,,,,,,,"+6.887",6887,"+0.379",379,
421,1986,1,19,19,"19","15","alan-jones","lola","hart","goodyear","1:33.236",93236,,,,,,,"+7.735",7735,"+0.848",848,
421,1986,1,20,20,"20","17","marc-surer","arrows","bmw","goodyear","1:33.781",93781,,,,,,,"+8.280",8280,"+0.545",545,
421,1986,1,21,21,"21","14","jonathan-palmer","zakspeed","zakspeed","goodyear","1:33.784",93784,,,,,,,"+8.283",8283,"+0.003",3,
421,1986,1,22,22,"22","23","andrea-de-cesaris","minardi","motori-moderni","pirelli","1:34.646",94646,,,,,,,"+9.145",9145,"+0.862",862,
421,1986,1,23,23,"23","21","piercarlo-ghinzani","osella","alfa-romeo","pirelli","1:35.988",95988,,,,,,,"+10.487",10487,"+1.342",1342,
421,1986,1,24,24,"24","22","christian-danner","osella","alfa-romeo","pirelli","1:36.558",96558,,,,,,,"+11.057",11057,"+0.570",570,
421,1986,1,25,25,"25","24","alessandro-nannini","minardi","motori-moderni","pirelli","1:37.466",97466,,,,,,,"+11.965",11965,"+0.908",908,
422,1986,2,1,1,"1","12","ayrton-senna","lotus","renault","goodyear","1:21.605",81605,,,,,,,,,,,
422,1986,2,2,2,"2","6","nelson-piquet","williams","honda","goodyear","1:22.431",82431,,,,,,,"+0.826",826,"+0.826",826,
422,1986,2,3,3,"3","5","nigel-mansell","williams","honda","goodyear","1:22.576",82576,,,,,,,"+0.971",971,"+0.145",145,
422,1986,2,4,4,"4","1","alain-prost","mclaren","tag","goodyear","1:22.886",82886,,,,,,,"+1.281",1281,"+0.310",310,
422,1986,2,5,5,"5","2","keke-rosberg","mclaren","tag","goodyear","1:23.004",83004,,,,,,,"+1.399",1399,"+0.118",118,
422,1986,2,6,6,"6","25","rene-arnoux","ligier","renault","pirelli","1:24.274",84274,,,,,,,"+2.669",2669,"+1.270",1270,
422,1986,2,7,7,"7","20","gerhard-berger","benetton","bmw","pirelli","1:24.501",84501,,,,,,,"+2.896",2896,"+0.227",227,
422,1986,2,8,8,"8","26","jacques-laffite","ligier","renault","pirelli","1:24.817",84817,,,,,,,"+3.212",3212,"+0.316",316,
422,1986,2,9,9,"9","19","teo-fabi","benetton","bmw","pirelli","1:25.052",85052,,,,,,,"+3.447",3447,"+0.235",235,
422,1986,2,10,10,"10","11","johnny-dumfries","lotus","renault","goodyear","1:25.107",85107,,,,,,,"+3.502",3502,"+0.055",55,
422,1986,2,11,11,"11","28","stefan-johansson","ferrari","ferrari","goodyear","1:25.466",85466,,,,,,,"+3.861",3861,"+0.359",359,
422,1986,2,12,12,"12","3","martin-brundle","tyrrell","renault","goodyear","1:25.831",85831,,,,,,,"+4.226",4226,"+0.365",365,
422,1986,2,13,13,"13","27","michele-alboreto","ferrari","ferrari","goodyear","1:26.094",86094,,,,,,,"+4.489",4489,"+0.263",263,
422,1986,2,14,14,"14","7","riccardo-patrese","brabham","bmw","pirelli","1:26.231",86231,,,,,,,"+4.626",4626,"+0.137",137,
422,1986,2,15,15,"15","8","elio-de-angelis","brabham","bmw","pirelli","1:26.550",86550,,,,,,,"+4.945",4945,"+0.319",319,
422,1986,2,16,16,"16","14","jonathan-palmer","zakspeed","zakspeed","goodyear","1:26.918",86918,,,,,,,"+5.313",5313,"+0.368",368,
422,1986,2,17,17,"17","15","alan-jones","lola","hart","goodyear","1:26.946",86946,,,,,,,"+5.341",5341,"+0.028",28,
422,1986,2,18,18,"18","16","patrick-tambay","lola","hart","goodyear","1:26.992",86992,,,,,,,"+5.387",5387,"+0.046",46,
422,1986,2,19,19,"19","18","thierry-boutsen","arrows","bmw","goodyear","1:27.169",87169,,,,,,,"+5.564",5564,"+0.177",177,
422,1986,2,20,20,"20","4","philippe-streiff","tyrrell","renault","goodyear","1:27.637",87637,,,,,,,"+6.032",6032,"+0.468",468,
422,1986,2,21,21,"21","21","piercarlo-ghinzani","osella","alfa-romeo","pirelli","1:28.423",88423,,,,,,,"+6.818",6818,"+0.786",786,
422,1986,2,22,22,"22","17","marc-surer","arrows","bmw","goodyear","1:28.443",88443,,,,,,,"+6.838",6838,"+0.020",20,
422,1986,2,23,23,"23","22","christian-danner","osella","alfa-romeo","pirelli","1:29.046",89046,,,,,,,"+7.441",7441,"+0.603",603,
422,1986,2,24,24,"24","23","andrea-de-cesaris","minardi","motori-moderni","pirelli","1:29.195",89195,,,,,,,"+7.590",7590,"+0.149",149,
422,1986,2,25,25,"25","24","alessandro-nannini","minardi","motori-moderni","pirelli","1:30.062",90062,,,,,,,"+8.457",8457,"+0.867",867,
423,1986,3,1,1,"1","12","ayrton-senna","lotus","renault","goodyear","1:25.050",85050,,,,,,,,,,,
423,1986,3,2,2,"2","6","nelson-piquet","williams","honda","goodyear","1:25.569",85569,,,,,,,"+0.519",519,"+0.519",519,
423,1986,3,3,3,"3","5","nigel-mansell","williams","honda","goodyear","1:26.159",86159,,,,,,,"+1.109",1109,"+0.590",590,
423,1986,3,4,4,"4","1","alain-prost","mclaren","tag","goodyear","1:26.176",86176,,,,,,,"+1.126",1126,"+0.017",17,
423,1986,3,5,5,"5","27","michele-alboreto","ferrari","ferrari","goodyear","1:26.263",86263,,,,,,,"+1.213",1213,"+0.087",87,
423,1986,3,6,6,"6","2","keke-rosberg","mclaren","tag","goodyear","1:26.385",86385,,,,,,,"+1.335",1335,"+0.122",122,
423,1986,3,7,7,"7","28","stefan-johansson","ferrari","ferrari","goodyear","1:27.009",87009,,,,,,,"+1.959",1959,"+0.624",624,
423,1986,3,8,8,"8","25","rene-arnoux","ligier","renault","pirelli","1:27.403",87403,,,,,,,"+2.353",2353,"+0.394",394,
423,1986,3,9,9,"9","20","gerhard-berger","benetton","bmw","pirelli","1:27.444",87444,,,,,,,"+2.394",2394,"+0.041",41,
423,1986,3,10,10,"10","19","teo-fabi","benetton","bmw","pirelli","1:27.538",87538,,,,,,,"+2.488",2488,"+0.094",94,
423,1986,3,11,11,"11","16","patrick-tambay","lola","hart","goodyear","1:27.860",87860,,,,,,,"+2.810",2810,"+0.322",322,
423,1986,3,12,12,"12","18","thierry-boutsen","arrows","bmw","goodyear","1:28.022",88022,,,,,,,"+2.972",2972,"+0.162",162,
423,1986,3,13,13,"13","3","martin-brundle","tyrrell","renault","goodyear","1:28.329",88329,,,,,,,"+3.279",3279,"+0.307",307,
423,1986,3,14,14,"14","26","jacques-laffite","ligier","renault","pirelli","1:28.389",88389,,,,,,,"+3.339",3339,"+0.060",60,
423,1986,3,15,15,"15","17","marc-surer","arrows","bmw","goodyear","1:28.637",88637,,,,,,,"+3.587",3587,"+0.248",248,
423,1986,3,16,16,"16","7","riccardo-patrese","brabham","bmw","pirelli","1:28.828",88828,,,,,,,"+3.778",3778,"+0.191",191,
423,1986,3,17,17,"17","11","johnny-dumfries","lotus","renault","goodyear","1:29.244",89244,,,,,,,"+4.194",4194,"+0.416",416,
423,1986,3,18,18,"18","24","alessandro-nannini","minardi","motori-moderni","pirelli","1:29.244",89244,,,,,,,"+4.194",4194,"+0.000",0,
423,1986,3,19,19,"19","8","elio-de-angelis","brabham","bmw","pirelli","1:29.713",89713,,,,,,,"+4.663",4663,"+0.469",469,
423,1986,3,20,20,"20","14","jonathan-palmer","zakspeed","zakspeed","goodyear","1:30.024",90024,,,,,,,"+4.974",4974,"+0.311",311,
423,1986,3,21,21,"21","15","alan-jones","lola","ford","goodyear","1:30.087",90087,,,,,,,"+5.037",5037,"+0.063",63,
423,1986,3,22,22,"22","4","philippe-streiff","tyrrell","renault","goodyear","1:30.123",90123,,,,,,,"+5.073",5073,"+0.036",36,
423,1986,3,23,23,"23","23","andrea-de-cesaris","minardi","motori-moderni","pirelli","1:30.131",90131,,,,,,,"+5.081",5081,"+0.008",8,
423,1986,3,24,24,"24","29","huub-rothengatter","zakspeed","zakspeed","goodyear","1:31.953",91953,,,,,,,"+6.903",6903,"+1.822",1822,
423,1986,3,25,25,"25","22","christian-danner","osella","alfa-romeo","pirelli","1:33.806",93806,,,,,,,"+8.756",8756,"+1.853",1853,
423,1986,3,26,26,"26","21","piercarlo-ghinzani","osella","alfa-romeo","pirelli","1:34.461",94461,,,,,,,"+9.411",9411,"+0.655",655,
424,1986,4,1,1,"1","1","alain-prost","mclaren","tag","goodyear","1:22.627",82627,,,,,,,,,,,
424,1986,4,2,2,"2","5","nigel-mansell","williams","honda","goodyear","1:23.047",83047,,,,,,,"+0.420",420,"+0.420",420,
424,1986,4,3,3,"3","12","ayrton-senna","lotus","renault","goodyear","1:23.175",83175,,,,,,,"+0.548",548,"+0.128",128,
424,1986,4,4,4,"4","27","michele-alboreto","ferrari","ferrari","goodyear","1:23.904",83904,,,,,,,"+1.277",1277,"+0.729",729,
424,1986,4,5,5,"5","20","gerhard-berger","benetton","bmw","pirelli","1:23.960",83960,,,,,,,"+1.333",1333,"+0.056",56,
424,1986,4,6,6,"6","7","riccardo-patrese","brabham","bmw","pirelli","1:24.102",84102,,,,,,,"+1.475",1475,"+0.142",142,
424,1986,4,7,7,"7","26","jacques-laffite","ligier","renault","pirelli","1:24.402",84402,,,,,,,"+1.775",1775,"+0.300",300,
424,1986,4,8,8,"8","16","patrick-tambay","lola","ford","goodyear","1:24.686",84686,,,,,,,"+2.059",2059,"+0.284",284,
424,1986,4,9,9,"9","2","keke-rosberg","mclaren","tag","goodyear","1:24.701",84701,,,,,,,"+2.074",2074,"+0.015",15,
424,1986,4,10,10,"10","3","martin-brundle","tyrrell","renault","goodyear","1:24.860",84860,,,,,,,"+2.233",2233,"+0.159",159,
424,1986,4,11,11,"11","6","nelson-piquet","williams","honda","goodyear","1:25.287",85287,,,,,,,"+2.660",2660,"+0.427",427,
424,1986,4,12,12,"12","25","rene-arnoux","ligier","renault","pirelli","1:25.538",85538,,,,,,,"+2.911",2911,"+0.251",251,
424,1986,4,13,13,"13","4","philippe-streiff","tyrrell","renault","goodyear","1:25.720",85720,,,,,,,"+3.093",3093,"+0.182",182,
424,1986,4,14,14,"14","18","thierry-boutsen","arrows","bmw","goodyear","1:25.832",85832,,,,,,,"+3.205",3205,"+0.112",112,
424,1986,4,15,15,"15","28","stefan-johansson","ferrari","ferrari","goodyear","1:25.907",85907,,,,,,,"+3.280",3280,"+0.075",75,
424,1986,4,16,16,"16","19","teo-fabi","benetton","bmw","pirelli","1:25.926",85926,,,,,,,"+3.299",3299,"+0.019",19,
424,1986,4,17,17,"17","17","marc-surer","arrows","bmw","goodyear","1:26.300",86300,,,,,,,"+3.673",3673,"+0.374",374,
424,1986,4,18,18,"18","15","alan-jones","lola","ford","goodyear","1:26.456",86456,,,,,,,"+3.829",3829,"+0.156",156,
424,1986,4,19,19,"19","14","jonathan-palmer","zakspeed","zakspeed","goodyear","1:26.644",86644,,,,,,,"+4.017",4017,"+0.188",188,
424,1986,4,20,20,"20","8","elio-de-angelis","brabham","bmw","pirelli","1:27.191",87191,,,,,,,"+4.564",4564,"+0.547",547,
424,1986,4,21,21,"21","21","piercarlo-ghinzani","osella","alfa-romeo","pirelli","1:27.288",87288,,,,,,,"+4.661",4661,"+0.097",97,
424,1986,4,22,22,"22","11","johnny-dumfries","lotus","renault","goodyear","1:27.826",87826,,,,,,,"+5.199",5199,"+0.538",538,
424,1986,4,23,23,"23","29","huub-rothengatter","zakspeed","zakspeed","goodyear","1:28.060",88060,,,,,,,"+5.433",5433,"+0.234",234,
424,1986,4,24,24,"24","22","christian-danner","osella","alfa-romeo","pirelli","1:28.132",88132,,,,,,,"+5.505",5505,"+0.072",72,
424,1986,4,25,25,"25","23","andrea-de-cesaris","minardi","motori-moderni","pirelli","1:28.962",88962,,,,,,,"+6.335",6335,"+0.830",830,
424,1986,4,26,26,"26","24","alessandro-nannini","minardi","motori-moderni","pirelli","1:29.447",89447,,,,,,,"+6.820",6820,"+0.485",485,
425,1986,5,1,1,"1","6","nelson-piquet","williams","honda","goodyear","1:54.331",114331,,,,,,,,,,,
425,1986,5,2,2,"2","20","gerhard-berger","benetton","bmw","pirelli","1:54.468",114468,,,,,,,"+0.137",137,"+0.137",137,
425,1986,5,3,3,"3","1","alain-prost","mclaren","tag","goodyear","1:54.501",114501,,,,,,,"+0.170",170,"+0.033",33,
425,1986,5,4,4,"4","12","ayrton-senna","lotus","renault","goodyear","1:54.576",114576,,,,,,,"+0.245",245,"+0.075",75,
425,1986,5,5,5,"5","5","nigel-mansell","williams","honda","goodyear","1:54.582",114582,,,,,,,"+0.251",251,"+0.006",6,
425,1986,5,6,6,"6","19","teo-fabi","benetton","bmw","pirelli","1:54.765",114765,,,,,,,"+0.434",434,"+0.183",183,
425,1986,5,7,7,"7","25","rene-arnoux","ligier","renault","pirelli","1:55.576",115576,,,,,,,"+1.245",1245,"+0.811",811,
425,1986,5,8,8,"8","2","keke-rosberg","mclaren","tag","goodyear","1:55.662",115662,,,,,,,"+1.331",1331,"+0.086",86,
425,1986,5,9,9,"9","27","michele-alboreto","ferrari","ferrari","goodyear","1:56.242",116242,,,,,,,"+1.911",1911,"+0.580",580,
425,1986,5,10,10,"10","16","patrick-tambay","lola","ford","goodyear","1:56.309",116309,,,,,,,"+1.978",1978,"+0.067",67,
425,1986,5,11,11,"11","28","stefan-johansson","ferrari","ferrari","goodyear","1:56.496",116496,,,,,,,"+2.165",2165,"+0.187",187,
425,1986,5,12,12,"12","3","martin-brundle","tyrrell","renault","goodyear","1:56.537",116537,,,,,,,"+2.206",2206,"+0.041",41,
425,1986,5,13,13,"13","11","johnny-dumfries","lotus","renault","goodyear","1:57.462",117462,,,,,,,"+3.131",3131,"+0.925",925,
425,1986,5,14,14,"14","18","thierry-boutsen","arrows","bmw","goodyear","1:57.612",117612,,,,,,,"+3.281",3281,"+0.150",150,
425,1986,5,15,15,"15","7","riccardo-patrese","brabham","bmw","pirelli","1:57.612",117612,,,,,,,"+3.281",3281,"+0.000",0,
425,1986,5,16,16,"16","15","alan-jones","lola","ford","goodyear","1:57.815",117815,,,,,,,"+3.484",3484,"+0.203",203,
425,1986,5,17,17,"17","26","jacques-laffite","ligier","renault","pirelli","1:58.238",118238,,,,,,,"+3.907",3907,"+0.423",423,
425,1986,5,18,18,"18","4","philippe-streiff","tyrrell","renault","goodyear","1:58.603",118603,,,,,,,"+4.272",4272,"+0.365",365,
425,1986,5,19,19,"19","23","andrea-de-cesaris","minardi","motori-moderni","pirelli","1:59.960",119960,,,,,,,"+5.629",5629,"+1.357",1357,
425,1986,5,20,20,"20","14","jonathan-palmer","zakspeed","zakspeed","goodyear","2:00.148",120148,,,,,,,"+5.817",5817,"+0.188",188,
425,1986,5,21,21,"21","17","marc-surer","arrows","bmw","goodyear","2:01.320",121320,,,,,,,"+6.989",6989,"+1.172",1172,
425,1986,5,22,22,"22","24","alessandro-nannini","minardi","motori-moderni","pirelli","2:01.354",121354,,,,,,,"+7.023",7023,"+0.034",34,
425,1986,5,23,23,"23","29","huub-rothengatter","zakspeed","zakspeed","goodyear","2:03.842",123842,,,,,,,"+9.511",9511,"+2.488",2488,
425,1986,5,24,24,"24","21","piercarlo-ghinzani","osella","alfa-romeo","pirelli","2:05.092",125092,,,,,,,"+10.761",10761,"+1.250",1250,
425,1986,5,25,25,"25","22","christian-danner","osella","alfa-romeo","pirelli","2:06.219",126219,,,,,,,"+11.888",11888,"+1.127",1127,
426,1986,6,1,1,"1","5","nigel-mansell","williams","honda","goodyear","1:24.118",84118,,,,,,,,,,,
426,1986,6,2,2,"2","12","ayrton-senna","lotus","renault","goodyear","1:24.188",84188,,,,,,,"+0.070",70,"+0.070",70,
426,1986,6,3,3,"3","6","nelson-piquet","williams","honda","goodyear","1:24.384",84384,,,,,,,"+0.266",266,"+0.196",196,
426,1986,6,4,4,"4","1","alain-prost","mclaren","tag","goodyear","1:25.192",85192,,,,,,,"+1.074",1074,"+0.808",808,
426,1986,6,5,5,"5","25","rene-arnoux","ligier","renault","pirelli","1:25.224",85224,,,,,,,"+1.106",1106,"+0.032",32,
426,1986,6,6,6,"6","2","keke-rosberg","mclaren","tag","goodyear","1:25.533",85533,,,,,,,"+1.415",1415,"+0.309",309,
426,1986,6,7,7,"7","20","gerhard-berger","benetton","bmw","pirelli","1:26.439",86439,,,,,,,"+2.321",2321,"+0.906",906,
426,1986,6,8,8,"8","26","jacques-laffite","ligier","renault","pirelli","1:26.447",86447,,,,,,,"+2.329",2329,"+0.008",8,
426,1986,6,9,9,"9","7","riccardo-patrese","brabham","bmw","pirelli","1:26.483",86483,,,,,,,"+2.365",2365,"+0.036",36,
426,1986,6,10,10,"10","8","derek-warwick","brabham","bmw","pirelli","1:27.413",87413,,,,,,,"+3.295",3295,"+0.930",930,
426,1986,6,11,11,"11","27","michele-alboreto","ferrari","ferrari","goodyear","1:27.495",87495,,,,,,,"+3.377",3377,"+0.082",82,
426,1986,6,12,12,"12","18","thierry-boutsen","arrows","bmw","goodyear","1:27.614",87614,,,,,,,"+3.496",3496,"+0.119",119,
426,1986,6,13,13,"13","15","alan-jones","lola","ford","goodyear","1:28.058",88058,,,,,,,"+3.940",3940,"+0.444",444,
426,1986,6,14,14,"14","16","patrick-tambay","lola","ford","goodyear","1:28.095",88095,,,,,,,"+3.977",3977,"+0.037",37,
426,1986,6,15,15,"15","19","teo-fabi","benetton","bmw","pirelli","1:28.102",88102,,,,,,,"+3.984",3984,"+0.007",7,
426,1986,6,16,16,"16","11","johnny-dumfries","lotus","renault","goodyear","1:28.521",88521,,,,,,,"+4.403",4403,"+0.419",419,
426,1986,6,17,17,"17","4","philippe-streiff","tyrrell","renault","goodyear","1:28.639",88639,,,,,,,"+4.521",4521,"+0.118",118,
426,1986,6,18,18,"18","28","stefan-johansson","ferrari","ferrari","goodyear","1:28.881",88881,,,,,,,"+4.763",4763,"+0.242",242,
426,1986,6,19,19,"19","3","martin-brundle","tyrrell","renault","goodyear","1:29.111",89111,,,,,,,"+4.993",4993,"+0.230",230,
426,1986,6,20,20,"20","24","alessandro-nannini","minardi","motori-moderni","pirelli","1:29.653",89653,,,,,,,"+5.535",5535,"+0.542",542,
426,1986,6,21,21,"21","23","andrea-de-cesaris","minardi","motori-moderni","pirelli","1:29.854",89854,,,,,,,"+5.736",5736,"+0.201",201,
426,1986,6,22,22,"22","14","jonathan-palmer","zakspeed","zakspeed","goodyear","1:30.005",90005,,,,,,,"+5.887",5887,"+0.151",151,
426,1986,6,23,23,"23","21","piercarlo-ghinzani","osella","alfa-romeo","pirelli","1:31.479",91479,,,,,,,"+7.361",7361,"+1.474",1474,
426,1986,6,24,24,"24","29","huub-rothengatter","zakspeed","zakspeed","goodyear","1:32.113",92113,,,,,,,"+7.995",7995,"+0.634",634,
426,1986,6,25,25,"25","22","christian-danner","osella","alfa-romeo","pirelli","1:41.436",101436,,,,,,,"+17.318",17318,"+9.323",9323,
427,1986,7,1,1,"1","12","ayrton-senna","lotus","renault","goodyear","1:38.301",98301,,,,,,,,,,,
427,1986,7,2,2,"2","5","nigel-mansell","williams","honda","goodyear","1:38.839",98839,,,,,,,"+0.538",538,"+0.538",538,
427,1986,7,3,3,"3","6","nelson-piquet","williams","honda","goodyear","1:39.076",99076,,,,,,,"+0.775",775,"+0.237",237,
427,1986,7,4,4,"4","25","rene-arnoux","ligier","renault","pirelli","1:39.689",99689,,,,,,,"+1.388",1388,"+0.613",613,
427,1986,7,5,5,"5","28","stefan-johansson","ferrari","ferrari","goodyear","1:40.312",100312,,,,,,,"+2.011",2011,"+0.623",623,
427,1986,7,6,6,"6","26","jacques-laffite","ligier","renault","pirelli","1:40.676",100676,,,,,,,"+2.375",2375,"+0.364",364,
427,1986,7,7,7,"7","1","alain-prost","mclaren","tag","goodyear","1:40.715",100715,,,,,,,"+2.414",2414,"+0.039",39,
427,1986,7,8,8,"8","7","riccardo-patrese","brabham","bmw","pirelli","1:40.819",100819,,,,,,,"+2.518",2518,"+0.104",104,
427,1986,7,9,9,"9","2","keke-rosberg","mclaren","tag","goodyear","1:40.848",100848,,,,,,,"+2.547",2547,"+0.029",29,
427,1986,7,10,10,"10","16","eddie-cheever","lola","ford","goodyear","1:41.540",101540,,,,,,,"+3.239",3239,"+0.692",692,
427,1986,7,11,11,"11","27","michele-alboreto","ferrari","ferrari","goodyear","1:41.606",101606,,,,,,,"+3.305",3305,"+0.066",66,
427,1986,7,12,12,"12","20","gerhard-berger","benetton","bmw","pirelli","1:41.836",101836,,,,,,,"+3.535",3535,"+0.230",230,
427,1986,7,13,13,"13","18","thierry-boutsen","arrows","bmw","goodyear","1:42.279",102279,,,,,,,"+3.978",3978,"+0.443",443,
427,1986,7,14,14,"14","11","johnny-dumfries","lotus","renault","goodyear","1:42.511",102511,,,,,,,"+4.210",4210,"+0.232",232,
427,1986,7,15,15,"15","8","derek-warwick","brabham","bmw","pirelli","1:42.558",102558,,,,,,,"+4.257",4257,"+0.047",47,
427,1986,7,16,16,"16","3","martin-brundle","tyrrell","renault","goodyear","1:42.815",102815,,,,,,,"+4.514",4514,"+0.257",257,
427,1986,7,17,17,"17","19","teo-fabi","benetton","bmw","pirelli","1:43.658",103658,,,,,,,"+5.357",5357,"+0.843",843,
427,1986,7,18,18,"18","4","philippe-streiff","tyrrell","renault","goodyear","1:43.796",103796,,,,,,,"+5.495",5495,"+0.138",138,
427,1986,7,19,19,"19","17","christian-danner","arrows","bmw","goodyear","1:44.259",104259,,,,,,,"+5.958",5958,"+0.463",463,
427,1986,7,20,20,"20","14","jonathan-palmer","zakspeed","zakspeed","goodyear","1:44.401",104401,,,,,,,"+6.100",6100,"+0.142",142,
427,1986,7,21,21,"21","15","alan-jones","lola","ford","goodyear","1:44.450",104450,,,,,,,"+6.149",6149,"+0.049",49,
427,1986,7,22,22,"22","21","piercarlo-ghinzani","osella","alfa-romeo","pirelli","1:45.059",105059,,,,,,,"+6.758",6758,"+0.609",609,
427,1986,7,23,23,"23","23","andrea-de-cesaris","minardi","motori-moderni","pirelli","1:46.705",106705,,,,,,,"+8.404",8404,"+1.646",1646,
427,1986,7,24,24,"24","24","alessandro-nannini","minardi","motori-moderni","pirelli","1:47.230",107230,,,,,,,"+8.929",8929,"+0.525",525,
427,1986,7,25,25,"25","22","allen-berg","osella","alfa-romeo","pirelli","1:48.682",108682,,,,,,,"+10.381",10381,"+1.452",1452,
427,1986,7,26,26,"26","29","huub-rothengatter","zakspeed","zakspeed","goodyear","1:49.680",109680,,,,,,,"+11.379",11379,"+0.998",998,
428,1986,8,1,1,"1","12","ayrton-senna","lotus","renault","goodyear","1:06.526",66526,,,,,,,,,,,
428,1986,8,2,2,"2","5","nigel-mansell","williams","honda","goodyear","1:06.755",66755,,,,,,,"+0.229",229,"+0.229",229,
428,1986,8,3,3,"3","6","nelson-piquet","williams","honda","goodyear","1:06.797",66797,,,,,,,"+0.271",271,"+0.042",42,
428,1986,8,4,4,"4","25","rene-arnoux","ligier","renault","pirelli","1:07.075",67075,,,,,,,"+0.549",549,"+0.278",278,
428,1986,8,5,5,"5","1","alain-prost","mclaren","tag","goodyear","1:07.266",67266,,,,,,,"+0.740",740,"+0.191",191,
428,1986,8,6,6,"6","27","michele-alboreto","ferrari","ferrari","goodyear","1:07.365",67365,,,,,,,"+0.839",839,"+0.099",99,
428,1986,8,7,7,"7","2","keke-rosberg","mclaren","tag","goodyear","1:07.545",67545,,,,,,,"+1.019",1019,"+0.180",180,
428,1986,8,8,8,"8","20","gerhard-berger","benetton","bmw","pirelli","1:07.554",67554,,,,,,,"+1.028",1028,"+0.009",9,
428,1986,8,9,9,"9","19","teo-fabi","benetton","bmw","pirelli","1:07.818",67818,,,,,,,"+1.292",1292,"+0.264",264,
428,1986,8,10,10,"10","28","stefan-johansson","ferrari","ferrari","goodyear","1:07.874",67874,,,,,,,"+1.348",1348,"+0.056",56,
428,1986,8,11,11,"11","26","jacques-laffite","ligier","renault","pirelli","1:07.913",67913,,,,,,,"+1.387",1387,"+0.039",39,
428,1986,8,12,12,"12","11","johnny-dumfries","lotus","renault","goodyear","1:08.544",68544,,,,,,,"+2.018",2018,"+0.631",631,
428,1986,8,13,13,"13","16","patrick-tambay","lola","ford","goodyear","1:08.616",68616,,,,,,,"+2.090",2090,"+0.072",72,
428,1986,8,14,14,"14","8","derek-warwick","brabham","bmw","pirelli","1:08.905",68905,,,,,,,"+2.379",2379,"+0.289",289,
428,1986,8,15,15,"15","3","martin-brundle","tyrrell","renault","goodyear","1:09.044",69044,,,,,,,"+2.518",2518,"+0.139",139,
428,1986,8,16,16,"16","7","riccardo-patrese","brabham","bmw","pirelli","1:09.436",69436,,,,,,,"+2.910",2910,"+0.392",392,
428,1986,8,17,17,"17","4","philippe-streiff","tyrrell","renault","goodyear","1:09.700",69700,,,,,,,"+3.174",3174,"+0.264",264,
428,1986,8,18,18,"18","17","christian-danner","arrows","bmw","goodyear","1:09.737",69737,,,,,,,"+3.211",3211,"+0.037",37,
428,1986,8,19,19,"19","24","alessandro-nannini","minardi","motori-moderni","pirelli","1:09.792",69792,,,,,,,"+3.266",3266,"+0.055",55,
428,1986,8,20,20,"20","15","alan-jones","lola","ford","goodyear","1:09.929",69929,,,,,,,"+3.403",3403,"+0.137",137,
428,1986,8,21,21,"21","18","thierry-boutsen","arrows","bmw","goodyear","1:09.987",69987,,,,,,,"+3.461",3461,"+0.058",58,
428,1986,8,22,22,"22","14","jonathan-palmer","zakspeed","zakspeed","goodyear","1:10.305",70305,,,,,,,"+3.779",3779,"+0.318",318,
428,1986,8,23,23,"23","23","andrea-de-cesaris","minardi","motori-moderni","pirelli","1:11.483",71483,,,,,,,"+4.957",4957,"+1.178",1178,
428,1986,8,24,24,"24","29","huub-rothengatter","zakspeed","zakspeed","goodyear","1:12.163",72163,,,,,,,"+5.637",5637,"+0.680",680,
428,1986,8,25,25,"25","21","piercarlo-ghinzani","osella","alfa-romeo","pirelli","1:12.443",72443,,,,,,,"+5.917",5917,"+0.280",280,
428,1986,8,26,26,"26","22","allen-berg","osella","alfa-romeo","pirelli","1:14.264",74264,,,,,,,"+7.738",7738,"+1.821",1821,
429,1986,9,1,1,"1","6","nelson-piquet","williams","honda","goodyear","1:06.961",66961,,,,,,,,,,,
429,1986,9,2,2,"2","5","nigel-mansell","williams","honda","goodyear","1:07.399",67399,,,,,,,"+0.438",438,"+0.438",438,
429,1986,9,3,3,"3","12","ayrton-senna","lotus","renault","goodyear","1:07.524",67524,,,,,,,"+0.563",563,"+0.125",125,
429,1986,9,4,4,"4","20","gerhard-berger","benetton","bmw","pirelli","1:08.196",68196,,,,,,,"+1.235",1235,"+0.672",672,
429,1986,9,5,5,"5","2","keke-rosberg","mclaren","tag","goodyear","1:08.477",68477,,,,,,,"+1.516",1516,"+0.281",281,
429,1986,9,6,6,"6","1","alain-prost","mclaren","tag","goodyear","1:09.334",69334,,,,,,,"+2.373",2373,"+0.857",857,
429,1986,9,7,7,"7","19","teo-fabi","benetton","bmw","pirelli","1:09.409",69409,,,,,,,"+2.448",2448,"+0.075",75,
429,1986,9,8,8,"8","25","rene-arnoux","ligier","renault","pirelli","1:09.543",69543,,,,,,,"+2.582",2582,"+0.134",134,
429,1986,9,9,9,"9","8","derek-warwick","brabham","bmw","pirelli","1:10.209",70209,,,,,,,"+3.248",3248,"+0.666",666,
429,1986,9,10,10,"10","11","johnny-dumfries","lotus","renault","goodyear","1:10.304",70304,,,,,,,"+3.343",3343,"+0.095",95,
429,1986,9,11,11,"11","3","martin-brundle","tyrrell","renault","goodyear","1:10.334",70334,,,,,,,"+3.373",3373,"+0.030",30,
429,1986,9,12,12,"12","27","michele-alboreto","ferrari","ferrari","goodyear","1:10.338",70338,,,,,,,"+3.377",3377,"+0.004",4,
429,1986,9,13,13,"13","18","thierry-boutsen","arrows","bmw","goodyear","1:10.941",70941,,,,,,,"+3.980",3980,"+0.603",603,
429,1986,9,14,14,"14","15","alan-jones","lola","ford","goodyear","1:11.121",71121,,,,,,,"+4.160",4160,"+0.180",180,
429,1986,9,15,15,"15","7","riccardo-patrese","brabham","bmw","pirelli","1:11.267",71267,,,,,,,"+4.306",4306,"+0.146",146,
429,1986,9,16,16,"16","4","philippe-streiff","tyrrell","renault","goodyear","1:11.450",71450,,,,,,,"+4.489",4489,"+0.183",183,
429,1986,9,17,17,"17","16","patrick-tambay","lola","ford","goodyear","1:11.458",71458,,,,,,,"+4.497",4497,"+0.008",8,
429,1986,9,18,18,"18","28","stefan-johansson","ferrari","ferrari","goodyear","1:11.500",71500,,,,,,,"+4.539",4539,"+0.042",42,
429,1986,9,19,19,"19","26","jacques-laffite","ligier","renault","pirelli","1:12.281",72281,,,,,,,"+5.320",5320,"+0.781",781,
429,1986,9,20,20,"20","24","alessandro-nannini","minardi","motori-moderni","pirelli","1:12.848",72848,,,,,,,"+5.887",5887,"+0.567",567,
429,1986,9,21,21,"21","23","andrea-de-cesaris","minardi","motori-moderni","pirelli","1:12.980",72980,,,,,,,"+6.019",6019,"+0.132",132,
429,1986,9,22,22,"22","14","jonathan-palmer","zakspeed","zakspeed","goodyear","1:13.009",73009,,,,,,,"+6.048",6048,"+0.029",29,
429,1986,9,23,23,"23","17","christian-danner","arrows","bmw","goodyear","1:13.261",73261,,,,,,,"+6.300",6300,"+0.252",252,
429,1986,9,24,24,"24","21","piercarlo-ghinzani","osella","alfa-romeo","pirelli","1:16.134",76134,,,,,,,"+9.173",9173,"+2.873",2873,
429,1986,9,25,25,"25","29","huub-rothengatter","zakspeed","zakspeed","goodyear","1:16.854",76854,,,,,,,"+9.893",9893,"+0.720",720,
429,1986,9,26,26,"26","22","allen-berg","osella","alfa-romeo","pirelli","1:18.319",78319,,,,,,,"+11.358",11358,"+1.465",1465,
430,1986,10,1,1,"1","2","keke-rosberg","mclaren","tag","goodyear","1:42.013",102013,,,,,,,,,,,
430,1986,10,2,2,"2","1","alain-prost","mclaren","tag","goodyear","1:42.166",102166,,,,,,,"+0.153",153,"+0.153",153,
430,1986,10,3,3,"3","12","ayrton-senna","lotus","renault","goodyear","1:42.329",102329,,,,,,,"+0.316",316,"+0.163",163,
430,1986,10,4,4,"4","20","gerhard-berger","benetton","bmw","pirelli","1:42.541",102541,,,,,,,"+0.528",528,"+0.212",212,
430,1986,10,5,5,"5","6","nelson-piquet","williams","honda","goodyear","1:42.545",102545,,,,,,,"+0.532",532,"+0.004",4,
430,1986,10,6,6,"6","5","nigel-mansell","williams","honda","goodyear","1:42.696",102696,,,,,,,"+0.683",683,"+0.151",151,
430,1986,10,7,7,"7","7","riccardo-patrese","brabham","bmw","pirelli","1:43.348",103348,,,,,,,"+1.335",1335,"+0.652",652,
430,1986,10,8,8,"8","25","rene-arnoux","ligier","renault","pirelli","1:43.693",103693,,,,,,,"+1.680",1680,"+0.345",345,
430,1986,10,9,9,"9","19","teo-fabi","benetton","bmw","pirelli","1:44.001",104001,,,,,,,"+1.988",1988,"+0.308",308,
430,1986,10,10,10,"10","27","michele-alboreto","ferrari","ferrari","goodyear","1:44.308",104308,,,,,,,"+2.295",2295,"+0.307",307,
430,1986,10,11,11,"11","28","stefan-johansson","ferrari","ferrari","goodyear","1:44.346",104346,,,,,,,"+2.333",2333,"+0.038",38,
430,1986,10,12,12,"12","11","johnny-dumfries","lotus","renault","goodyear","1:44.768",104768,,,,,,,"+2.755",2755,"+0.422",422,
430,1986,10,13,13,"13","16","patrick-tambay","lola","ford","goodyear","1:44.979",104979,,,,,,,"+2.966",2966,"+0.211",211,
430,1986,10,14,14,"14","26","philippe-alliot","ligier","renault","pirelli","1:45.047",105047,,,,,,,"+3.034",3034,"+0.068",68,
430,1986,10,15,15,"15","3","martin-brundle","tyrrell","renault","goodyear","1:45.432",105432,,,,,,,"+3.419",3419,"+0.385",385,
430,1986,10,16,16,"16","14","jonathan-palmer","zakspeed","zakspeed","goodyear","1:45.887",105887,,,,,,,"+3.874",3874,"+0.455",455,
430,1986,10,17,17,"17","17","christian-danner","arrows","bmw","goodyear","1:46.355",106355,,,,,,,"+4.342",4342,"+0.468",468,
430,1986,10,18,18,"18","4","philippe-streiff","tyrrell","renault","goodyear","1:47.371",107371,,,,,,,"+5.358",5358,"+1.016",1016,
430,1986,10,19,19,"19","15","alan-jones","lola","ford","goodyear","1:47.518",107518,,,,,,,"+5.505",5505,"+0.147",147,
430,1986,10,20,20,"20","8","derek-warwick","brabham","bmw","pirelli","1:48.206",108206,,,,,,,"+6.193",6193,"+0.688",688,
430,1986,10,21,21,"21","18","thierry-boutsen","arrows","bmw","goodyear","1:49.240",109240,,,,,,,"+7.227",7227,"+1.034",1034,
430,1986,10,22,22,"22","24","alessandro-nannini","minardi","motori-moderni","pirelli","1:49.369",109369,,,,,,,"+7.356",7356,"+0.129",129,
430,1986,10,23,23,"23","23","andrea-de-cesaris","minardi","motori-moderni","pirelli","1:50.066",110066,,,,,,,"+8.053",8053,"+0.697",697,
430,1986,10,24,24,"24","29","huub-rothengatter","zakspeed","zakspeed","goodyear","1:50.918",110918,,,,,,,"+8.905",8905,"+0.852",852,
430,1986,10,25,25,"25","21","piercarlo-ghinzani","osella","alfa-romeo","pirelli","1:56.468",116468,,,,,,,"+14.455",14455,"+5.550",5550,
430,1986,10,26,26,"26","22","allen-berg","osella","alfa-romeo","pirelli","1:56.959",116959,,,,,,,"+14.946",14946,"+0.491",491,
431,1986,11,1,1,"1","12","ayrton-senna","lotus","renault","goodyear","1:29.450",89450,,,,,,,,,,,
431,1986,11,2,2,"2","6","nelson-piquet","williams","honda","goodyear","1:29.785",89785,,,,,,,"+0.335",335,"+0.335",335,
431,1986,11,3,3,"3","1","alain-prost","mclaren","tag","goodyear","1:29.945",89945,,,,,,,"+0.495",495,"+0.160",160,
431,1986,11,4,4,"4","5","nigel-mansell","williams","honda","goodyear","1:30.072",90072,,,,,,,"+0.622",622,"+0.127",127,
431,1986,11,5,5,"5","2","keke-rosberg","mclaren","tag","goodyear","1:30.628",90628,,,,,,,"+1.178",1178,"+0.556",556,
431,1986,11,6,6,"6","16","patrick-tambay","lola","ford","goodyear","1:31.715",91715,,,,,,,"+2.265",2265,"+1.087",1087,
431,1986,11,7,7,"7","28","stefan-johansson","ferrari","ferrari","goodyear","1:31.850",91850,,,,,,,"+2.400",2400,"+0.135",135,
431,1986,11,8,8,"8","11","johnny-dumfries","lotus","renault","goodyear","1:31.886",91886,,,,,,,"+2.436",2436,"+0.036",36,
431,1986,11,9,9,"9","25","rene-arnoux","ligier","renault","pirelli","1:31.970",91970,,,,,,,"+2.520",2520,"+0.084",84,
431,1986,11,10,10,"10","15","alan-jones","lola","ford","goodyear","1:32.401",92401,,,,,,,"+2.951",2951,"+0.431",431,
431,1986,11,11,11,"11","20","gerhard-berger","benetton","bmw","pirelli","1:32.491",92491,,,,,,,"+3.041",3041,"+0.090",90,
431,1986,11,12,12,"12","26","philippe-alliot","ligier","renault","pirelli","1:32.575",92575,,,,,,,"+3.125",3125,"+0.084",84,
431,1986,11,13,13,"13","19","teo-fabi","benetton","bmw","pirelli","1:32.707",92707,,,,,,,"+3.257",3257,"+0.132",132,
431,1986,11,14,14,"14","7","riccardo-patrese","brabham","bmw","pirelli","1:32.956",92956,,,,,,,"+3.506",3506,"+0.249",249,
431,1986,11,15,15,"15","27","michele-alboreto","ferrari","ferrari","goodyear","1:33.063",93063,,,,,,,"+3.613",3613,"+0.107",107,
431,1986,11,16,16,"16","3","martin-brundle","tyrrell","renault","goodyear","1:33.368",93368,,,,,,,"+3.918",3918,"+0.305",305,
431,1986,11,17,17,"17","24","alessandro-nannini","minardi","motori-moderni","pirelli","1:33.656",93656,,,,,,,"+4.206",4206,"+0.288",288,
431,1986,11,18,18,"18","4","philippe-streiff","tyrrell","renault","goodyear","1:34.414",94414,,,,,,,"+4.964",4964,"+0.758",758,
431,1986,11,19,19,"19","8","derek-warwick","brabham","bmw","pirelli","1:34.502",94502,,,,,,,"+5.052",5052,"+0.088",88,
431,1986,11,20,20,"20","23","andrea-de-cesaris","minardi","motori-moderni","pirelli","1:34.670",94670,,,,,,,"+5.220",5220,"+0.168",168,
431,1986,11,21,21,"21","17","christian-danner","arrows","bmw","goodyear","1:35.294",95294,,,,,,,"+5.844",5844,"+0.624",624,
431,1986,11,22,22,"22","18","thierry-boutsen","arrows","bmw","goodyear","1:35.392",95392,,,,,,,"+5.942",5942,"+0.098",98,
431,1986,11,23,23,"23","21","piercarlo-ghinzani","osella","alfa-romeo","pirelli","1:36.232",96232,,,,,,,"+6.782",6782,"+0.840",840,
431,1986,11,24,24,"24","14","jonathan-palmer","zakspeed","zakspeed","goodyear","1:36.485",96485,,,,,,,"+7.035",7035,"+0.253",253,
431,1986,11,25,25,"25","29","huub-rothengatter","zakspeed","zakspeed","goodyear","1:38.527",98527,,,,,,,"+9.077",9077,"+2.042",2042,
431,1986,11,26,26,"26","22","allen-berg","osella","alfa-romeo","pirelli","1:40.984",100984,,,,,,,"+11.534",11534,"+2.457",2457,
432,1986,12,1,1,"1","19","teo-fabi","benetton","bmw","pirelli","1:23.549",83549,,,,,,,,,,,
432,1986,12,2,2,"2","20","gerhard-berger","benetton","bmw","pirelli","1:23.743",83743,,,,,,,"+0.194",194,"+0.194",194,
432,1986,12,3,3,"3","2","keke-rosberg","mclaren","tag","goodyear","1:23.903",83903,,,,,,,"+0.354",354,"+0.160",160,
432,1986,12,4,4,"4","7","riccardo-patrese","brabham","bmw","pirelli","1:24.044",84044,,,,,,,"+0.495",495,"+0.141",141,
432,1986,12,5,5,"5","1","alain-prost","mclaren","tag","goodyear","1:24.346",84346,,,,,,,"+0.797",797,"+0.302",302,
432,1986,12,6,6,"6","5","nigel-mansell","williams","honda","goodyear","1:24.635",84635,,,,,,,"+1.086",1086,"+0.289",289,
432,1986,12,7,7,"7","6","nelson-piquet","williams","honda","goodyear","1:24.697",84697,,,,,,,"+1.148",1148,"+0.062",62,
432,1986,12,8,8,"8","12","ayrton-senna","lotus","renault","goodyear","1:25.249",85249,,,,,,,"+1.700",1700,"+0.552",552,
432,1986,12,9,9,"9","27","michele-alboreto","ferrari","ferrari","goodyear","1:25.561",85561,,,,,,,"+2.012",2012,"+0.312",312,
432,1986,12,10,10,"10","8","derek-warwick","brabham","bmw","pirelli","1:25.726",85726,,,,,,,"+2.177",2177,"+0.165",165,
432,1986,12,11,11,"11","26","philippe-alliot","ligier","renault","pirelli","1:25.917",85917,,,,,,,"+2.368",2368,"+0.191",191,
432,1986,12,12,12,"12","25","rene-arnoux","ligier","renault","pirelli","1:26.312",86312,,,,,,,"+2.763",2763,"+0.395",395,
432,1986,12,13,13,"13","16","patrick-tambay","lola","ford","goodyear","1:26.489",86489,,,,,,,"+2.940",2940,"+0.177",177,
432,1986,12,14,14,"14","28","stefan-johansson","ferrari","ferrari","goodyear","1:26.646",86646,,,,,,,"+3.097",3097,"+0.157",157,
432,1986,12,15,15,"15","11","johnny-dumfries","lotus","renault","goodyear","1:27.212",87212,,,,,,,"+3.663",3663,"+0.566",566,
432,1986,12,16,16,"16","15","alan-jones","lola","ford","goodyear","1:27.420",87420,,,,,,,"+3.871",3871,"+0.208",208,
432,1986,12,17,17,"17","3","martin-brundle","tyrrell","renault","goodyear","1:28.018",88018,,,,,,,"+4.469",4469,"+0.598",598,
432,1986,12,18,18,"18","18","thierry-boutsen","arrows","bmw","goodyear","1:28.598",88598,,,,,,,"+5.049",5049,"+0.580",580,
432,1986,12,19,19,"19","24","alessandro-nannini","minardi","motori-moderni","pirelli","1:28.645",88645,,,,,,,"+5.096",5096,"+0.047",47,
432,1986,12,20,20,"20","4","philippe-streiff","tyrrell","renault","goodyear","1:28.951",88951,,,,,,,"+5.402",5402,"+0.306",306,
432,1986,12,21,21,"21","14","jonathan-palmer","zakspeed","zakspeed","goodyear","1:29.073",89073,,,,,,,"+5.524",5524,"+0.122",122,
432,1986,12,22,22,"22","17","christian-danner","arrows","bmw","goodyear","1:29.430",89430,,,,,,,"+5.881",5881,"+0.357",357,
432,1986,12,23,23,"23","23","andrea-de-cesaris","minardi","motori-moderni","pirelli","1:29.615",89615,,,,,,,"+6.066",6066,"+0.185",185,
432,1986,12,24,24,"24","29","huub-rothengatter","zakspeed","zakspeed","goodyear","1:32.512",92512,,,,,,,"+8.963",8963,"+2.897",2897,
432,1986,12,25,25,"25","21","piercarlo-ghinzani","osella","alfa-romeo","pirelli","1:33.988",93988,,,,,,,"+10.439",10439,"+1.476",1476,
432,1986,12,26,26,"26","22","allen-berg","osella","alfa-romeo","pirelli","1:36.150",96150,,,,,,,"+12.601",12601,"+2.162",2162,
433,1986,13,1,1,"1","19","teo-fabi","benetton","bmw","pirelli","1:24.078",84078,,,,,,,,,,,
433,1986,13,2,2,"2","1","alain-prost","mclaren","tag","goodyear","1:24.514",84514,,,,,,,"+0.436",436,"+0.436",436,
433,1986,13,3,3,"3","5","nigel-mansell","williams","honda","goodyear","1:24.882",84882,,,,,,,"+0.804",804,"+0.368",368,
433,1986,13,4,4,"4","20","gerhard-berger","benetton","bmw","pirelli","1:24.885",84885,,,,,,,"+0.807",807,"+0.003",3,
433,1986,13,5,5,"5","12","ayrton-senna","lotus","renault","goodyear","1:24.916",84916,,,,,,,"+0.838",838,"+0.031",31,
433,1986,13,6,6,"6","6","nelson-piquet","williams","honda","goodyear","1:25.137",85137,,,,,,,"+1.059",1059,"+0.221",221,
433,1986,13,7,7,"7","8","derek-warwick","brabham","bmw","pirelli","1:25.175",85175,,,,,,,"+1.097",1097,"+0.038",38,
433,1986,13,8,8,"8","2","keke-rosberg","mclaren","tag","goodyear","1:25.378",85378,,,,,,,"+1.300",1300,"+0.203",203,
433,1986,13,9,9,"9","27","michele-alboreto","ferrari","ferrari","goodyear","1:25.549",85549,,,,,,,"+1.471",1471,"+0.171",171,
433,1986,13,10,10,"10","7","riccardo-patrese","brabham","bmw","pirelli","1:26.111",86111,,,,,,,"+2.033",2033,"+0.562",562,
433,1986,13,11,11,"11","25","rene-arnoux","ligier","renault","pirelli","1:26.187",86187,,,,,,,"+2.109",2109,"+0.076",76,
433,1986,13,12,12,"12","28","stefan-johansson","ferrari","ferrari","goodyear","1:26.422",86422,,,,,,,"+2.344",2344,"+0.235",235,
433,1986,13,13,13,"13","18","thierry-boutsen","arrows","bmw","goodyear","1:26.754",86754,,,,,,,"+2.676",2676,"+0.332",332,
433,1986,13,14,14,"14","26","philippe-alliot","ligier","renault","pirelli","1:27.269",87269,,,,,,,"+3.191",3191,"+0.515",515,
433,1986,13,15,15,"15","16","patrick-tambay","lola","ford","goodyear","1:27.808",87808,,,,,,,"+3.730",3730,"+0.539",539,
433,1986,13,16,16,"16","17","christian-danner","arrows","bmw","goodyear","1:27.923",87923,,,,,,,"+3.845",3845,"+0.115",115,
433,1986,13,17,17,"17","11","johnny-dumfries","lotus","renault","goodyear","1:28.024",88024,,,,,,,"+3.946",3946,"+0.101",101,
433,1986,13,18,18,"18","15","alan-jones","lola","ford","goodyear","1:28.043",88043,,,,,,,"+3.965",3965,"+0.019",19,
433,1986,13,19,19,"19","24","alessandro-nannini","minardi","motori-moderni","pirelli","1:28.690",88690,,,,,,,"+4.612",4612,"+0.647",647,
433,1986,13,20,20,"20","3","martin-brundle","tyrrell","renault","goodyear","1:29.125",89125,,,,,,,"+5.047",5047,"+0.435",435,
433,1986,13,21,21,"21","23","andrea-de-cesaris","minardi","motori-moderni","pirelli","1:29.561",89561,,,,,,,"+5.483",5483,"+0.436",436,
433,1986,13,22,22,"22","14","jonathan-palmer","zakspeed","zakspeed","goodyear","1:29.659",89659,,,,,,,"+5.581",5581,"+0.098",98,
433,1986,13,23,23,"23","4","philippe-streiff","tyrrell","renault","goodyear","1:30.199",90199,,,,,,,"+6.121",6121,"+0.540",540,
433,1986,13,24,24,"24","29","huub-rothengatter","zakspeed","zakspeed","goodyear","1:30.904",90904,,,,,,,"+6.826",6826,"+0.705",705,
433,1986,13,25,25,"25","31","ivan-capelli","ags","motori-moderni","pirelli","1:33.844",93844,,,,,,,"+9.766",9766,"+2.940",2940,
433,1986,13,26,26,"26","21","piercarlo-ghinzani","osella","alfa-romeo","pirelli","1:36.128",96128,,,,,,,"+12.050",12050,"+2.284",2284,
433,1986,13,27,27,"27","22","alex-caffi","osella","alfa-romeo","pirelli","1:36.900",96900,,,,,,,"+12.822",12822,"+0.772",772,
434,1986,14,1,1,"1","12","ayrton-senna","lotus","renault","goodyear","1:16.673",76673,,,,,,,,,,,
434,1986,14,2,2,"2","5","nigel-mansell","williams","honda","goodyear","1:17.489",77489,,,,,,,"+0.816",816,"+0.816",816,
434,1986,14,3,3,"3","1","alain-prost","mclaren","tag","goodyear","1:17.710",77710,,,,,,,"+1.037",1037,"+0.221",221,
434,1986,14,4,4,"4","20","gerhard-berger","benetton","bmw","pirelli","1:17.742",77742,,,,,,,"+1.069",1069,"+0.032",32,
434,1986,14,5,5,"5","19","teo-fabi","benetton","bmw","pirelli","1:18.071",78071,,,,,,,"+1.398",1398,"+0.329",329,
434,1986,14,6,6,"6","6","nelson-piquet","williams","honda","goodyear","1:18.180",78180,,,,,,,"+1.507",1507,"+0.109",109,
434,1986,14,7,7,"7","2","keke-rosberg","mclaren","tag","goodyear","1:18.360",78360,,,,,,,"+1.687",1687,"+0.180",180,
434,1986,14,8,8,"8","28","stefan-johansson","ferrari","ferrari","goodyear","1:19.332",79332,,,,,,,"+2.659",2659,"+0.972",972,
434,1986,14,9,9,"9","7","riccardo-patrese","brabham","bmw","pirelli","1:19.637",79637,,,,,,,"+2.964",2964,"+0.305",305,
434,1986,14,10,10,"10","25","rene-arnoux","ligier","renault","pirelli","1:19.657",79657,,,,,,,"+2.984",2984,"+0.020",20,
434,1986,14,11,11,"11","26","philippe-alliot","ligier","renault","pirelli","1:19.769",79769,,,,,,,"+3.096",3096,"+0.112",112,
434,1986,14,12,12,"12","8","derek-warwick","brabham","bmw","pirelli","1:19.882",79882,,,,,,,"+3.209",3209,"+0.113",113,
434,1986,14,13,13,"13","27","michele-alboreto","ferrari","ferrari","goodyear","1:20.019",80019,,,,,,,"+3.346",3346,"+0.137",137,
434,1986,14,14,14,"14","16","patrick-tambay","lola","ford","goodyear","1:20.761",80761,,,,,,,"+4.088",4088,"+0.742",742,
434,1986,14,15,15,"15","11","johnny-dumfries","lotus","renault","goodyear","1:21.594",81594,,,,,,,"+4.921",4921,"+0.833",833,
434,1986,14,16,16,"16","23","andrea-de-cesaris","minardi","motori-moderni","pirelli","1:21.611",81611,,,,,,,"+4.938",4938,"+0.017",17,
434,1986,14,17,17,"17","15","alan-jones","lola","ford","goodyear","1:21.646",81646,,,,,,,"+4.973",4973,"+0.035",35,
434,1986,14,18,18,"18","24","alessandro-nannini","minardi","motori-moderni","pirelli","1:21.702",81702,,,,,,,"+5.029",5029,"+0.056",56,
434,1986,14,19,19,"19","3","martin-brundle","tyrrell","renault","goodyear","1:21.835",81835,,,,,,,"+5.162",5162,"+0.133",133,
434,1986,14,20,20,"20","14","jonathan-palmer","zakspeed","zakspeed","goodyear","1:21.929",81929,,,,,,,"+5.256",5256,"+0.094",94,
434,1986,14,21,21,"21","18","thierry-boutsen","arrows","bmw","goodyear","1:22.068",82068,,,,,,,"+5.395",5395,"+0.139",139,
434,1986,14,22,22,"22","17","christian-danner","arrows","bmw","goodyear","1:22.274",82274,,,,,,,"+5.601",5601,"+0.206",206,
434,1986,14,23,23,"23","4","philippe-streiff","tyrrell","renault","goodyear","1:22.388",82388,,,,,,,"+5.715",5715,"+0.114",114,
434,1986,14,24,24,"24","21","piercarlo-ghinzani","osella","alfa-romeo","pirelli","1:23.566",83566,,,,,,,"+6.893",6893,"+1.178",1178,
434,1986,14,25,25,"25","31","ivan-capelli","ags","motori-moderni","pirelli","1:23.987",83987,,,,,,,"+7.314",7314,"+0.421",421,
434,1986,14,26,26,"26","29","huub-rothengatter","zakspeed","zakspeed","goodyear","1:24.105",84105,,,,,,,"+7.432",7432,"+0.118",118,
434,1986,14,27,27,"27","22","allen-berg","osella","alfa-romeo","pirelli","1:26.861",86861,,,,,,,"+10.188",10188,"+2.756",2756,
435,1986,15,1,1,"1","12","ayrton-senna","lotus","renault","goodyear","1:16.990",76990,,,,,,,,,,,
435,1986,15,2,2,"2","6","nelson-piquet","williams","honda","goodyear","1:17.279",77279,,,,,,,"+0.289",289,"+0.289",289,
435,1986,15,3,3,"3","5","nigel-mansell","williams","honda","goodyear","1:17.514",77514,,,,,,,"+0.524",524,"+0.235",235,
435,1986,15,4,4,"4","20","gerhard-berger","benetton","bmw","pirelli","1:17.609",77609,,,,,,,"+0.619",619,"+0.095",95,
435,1986,15,5,5,"5","7","riccardo-patrese","brabham","bmw","pirelli","1:18.285",78285,,,,,,,"+1.295",1295,"+0.676",676,
435,1986,15,6,6,"6","1","alain-prost","mclaren","tag","goodyear","1:18.421",78421,,,,,,,"+1.431",1431,"+0.136",136,
435,1986,15,7,7,"7","8","derek-warwick","brabham","bmw","pirelli","1:18.527",78527,,,,,,,"+1.537",1537,"+0.106",106,
435,1986,15,8,8,"8","16","patrick-tambay","lola","ford","goodyear","1:18.839",78839,,,,,,,"+1.849",1849,"+0.312",312,
435,1986,15,9,9,"9","19","teo-fabi","benetton","bmw","pirelli","1:18.893",78893,,,,,,,"+1.903",1903,"+0.054",54,
435,1986,15,10,10,"10","26","philippe-alliot","ligier","renault","pirelli","1:19.257",79257,,,,,,,"+2.267",2267,"+0.364",364,
435,1986,15,11,11,"11","2","keke-rosberg","mclaren","tag","goodyear","1:19.342",79342,,,,,,,"+2.352",2352,"+0.085",85,
435,1986,15,12,12,"12","27","michele-alboreto","ferrari","ferrari","goodyear","1:19.388",79388,,,,,,,"+2.398",2398,"+0.046",46,
435,1986,15,13,13,"13","25","rene-arnoux","ligier","renault","pirelli","1:19.624",79624,,,,,,,"+2.634",2634,"+0.236",236,
435,1986,15,14,14,"14","28","stefan-johansson","ferrari","ferrari","goodyear","1:19.769",79769,,,,,,,"+2.779",2779,"+0.145",145,
435,1986,15,15,15,"15","15","alan-jones","lola","ford","goodyear","1:20.090",80090,,,,,,,"+3.100",3100,"+0.321",321,
435,1986,15,16,16,"16","3","martin-brundle","tyrrell","renault","goodyear","1:20.198",80198,,,,,,,"+3.208",3208,"+0.108",108,
435,1986,15,17,17,"17","11","johnny-dumfries","lotus","renault","goodyear","1:20.479",80479,,,,,,,"+3.489",3489,"+0.281",281,
435,1986,15,18,18,"18","14","jonathan-palmer","zakspeed","zakspeed","goodyear","1:20.668",80668,,,,,,,"+3.678",3678,"+0.189",189,
435,1986,15,19,19,"19","4","philippe-streiff","tyrrell","renault","goodyear","1:20.946",80946,,,,,,,"+3.956",3956,"+0.278",278,
435,1986,15,20,20,"20","17","christian-danner","arrows","bmw","goodyear","1:21.069",81069,,,,,,,"+4.079",4079,"+0.123",123,
435,1986,15,21,21,"21","18","thierry-boutsen","arrows","bmw","goodyear","1:21.171",81171,,,,,,,"+4.181",4181,"+0.102",102,
435,1986,15,22,22,"22","23","andrea-de-cesaris","minardi","motori-moderni","pirelli","1:22.470",82470,,,,,,,"+5.480",5480,"+1.299",1299,
435,1986,15,23,23,"23","29","huub-rothengatter","zakspeed","zakspeed","goodyear","1:22.524",82524,,,,,,,"+5.534",5534,"+0.054",54,
435,1986,15,24,24,"24","24","alessandro-nannini","minardi","motori-moderni","pirelli","1:23.457",83457,,,,,,,"+6.467",6467,"+0.933",933,
435,1986,15,25,25,"25","21","piercarlo-ghinzani","osella","alfa-romeo","pirelli","1:24.176",84176,,,,,,,"+7.186",7186,"+0.719",719,
435,1986,15,26,26,"26","22","allen-berg","osella","alfa-romeo","pirelli","1:26.573",86573,,,,,,,"+9.583",9583,"+2.397",2397,
436,1986,16,1,1,"1","5","nigel-mansell","williams","honda","goodyear","1:18.403",78403,,,,,,,,,,,
436,1986,16,2,2,"2","6","nelson-piquet","williams","honda","goodyear","1:18.714",78714,,,,,,,"+0.311",311,"+0.311",311,
436,1986,16,3,3,"3","12","ayrton-senna","lotus","renault","goodyear","1:18.906",78906,,,,,,,"+0.503",503,"+0.192",192,
436,1986,16,4,4,"4","1","alain-prost","mclaren","tag","goodyear","1:19.654",79654,,,,,,,"+1.251",1251,"+0.748",748,
436,1986,16,5,5,"5","25","rene-arnoux","ligier","renault","pirelli","1:19.976",79976,,,,,,,"+1.573",1573,"+0.322",322,
436,1986,16,6,6,"6","20","gerhard-berger","benetton","bmw","pirelli","1:20.554",80554,,,,,,,"+2.151",2151,"+0.578",578,
436,1986,16,7,7,"7","2","keke-rosberg","mclaren","tag","goodyear","1:20.778",80778,,,,,,,"+2.375",2375,"+0.224",224,
436,1986,16,8,8,"8","26","philippe-alliot","ligier","renault","pirelli","1:20.981",80981,,,,,,,"+2.578",2578,"+0.203",203,
436,1986,16,9,9,"9","27","michele-alboreto","ferrari","ferrari","goodyear","1:21.709",81709,,,,,,,"+3.306",3306,"+0.728",728,
436,1986,16,10,10,"10","4","philippe-streiff","tyrrell","renault","goodyear","1:21.720",81720,,,,,,,"+3.317",3317,"+0.011",11,
436,1986,16,11,11,"11","23","andrea-de-cesaris","minardi","motori-moderni","pirelli","1:22.012",82012,,,,,,,"+3.609",3609,"+0.292",292,
436,1986,16,12,12,"12","28","stefan-johansson","ferrari","ferrari","goodyear","1:22.050",82050,,,,,,,"+3.647",3647,"+0.038",38,
436,1986,16,13,13,"13","19","teo-fabi","benetton","bmw","pirelli","1:22.129",82129,,,,,,,"+3.726",3726,"+0.079",79,
436,1986,16,14,14,"14","11","johnny-dumfries","lotus","renault","goodyear","1:22.664",82664,,,,,,,"+4.261",4261,"+0.535",535,
436,1986,16,15,15,"15","15","alan-jones","lola","ford","goodyear","1:22.796",82796,,,,,,,"+4.393",4393,"+0.132",132,
436,1986,16,16,16,"16","3","martin-brundle","tyrrell","renault","goodyear","1:23.004",83004,,,,,,,"+4.601",4601,"+0.208",208,
436,1986,16,17,17,"17","16","patrick-tambay","lola","ford","goodyear","1:23.008",83008,,,,,,,"+4.605",4605,"+0.004",4,
436,1986,16,18,18,"18","24","alessandro-nannini","minardi","motori-moderni","pirelli","1:23.052",83052,,,,,,,"+4.649",4649,"+0.044",44,
436,1986,16,19,19,"19","7","riccardo-patrese","brabham","bmw","pirelli","1:23.230",83230,,,,,,,"+4.827",4827,"+0.178",178,
436,1986,16,20,20,"20","8","derek-warwick","brabham","bmw","pirelli","1:23.313",83313,,,,,,,"+4.910",4910,"+0.083",83,
436,1986,16,21,21,"21","14","jonathan-palmer","zakspeed","zakspeed","goodyear","1:23.476",83476,,,,,,,"+5.073",5073,"+0.163",163,
436,1986,16,22,22,"22","18","thierry-boutsen","arrows","bmw","goodyear","1:24.295",84295,,,,,,,"+5.892",5892,"+0.819",819,
436,1986,16,23,23,"23","29","huub-rothengatter","zakspeed","zakspeed","goodyear","1:25.181",85181,,,,,,,"+6.778",6778,"+0.886",886,
436,1986,16,24,24,"24","17","christian-danner","arrows","bmw","goodyear","1:25.233",85233,,,,,,,"+6.830",6830,"+0.052",52,
436,1986,16,25,25,"25","21","piercarlo-ghinzani","osella","alfa-romeo","pirelli","1:25.257",85257,,,,,,,"+6.854",6854,"+0.024",24,
436,1986,16,26,26,"26","22","allen-berg","osella","alfa-romeo","pirelli","1:27.208",87208,,,,,,,"+8.805",8805,"+1.951",1951,
437,1987,1,1,1,"1","5","nigel-mansell","williams","honda","goodyear","1:26.128",86128,,,,,,,,,,,
437,1987,1,2,2,"2","6","nelson-piquet","williams","honda","goodyear","1:26.567",86567,,,,,,,"+0.439",439,"+0.439",439,
437,1987,1,3,3,"3","12","ayrton-senna","lotus","honda","goodyear","1:28.408",88408,,,,,,,"+2.280",2280,"+1.841",1841,
437,1987,1,4,4,"4","19","teo-fabi","benetton","ford","goodyear","1:28.417",88417,,,,,,,"+2.289",2289,"+0.009",9,
437,1987,1,5,5,"5","1","alain-prost","mclaren","tag","goodyear","1:29.175",89175,,,,,,,"+3.047",3047,"+0.758",758,
437,1987,1,6,6,"6","20","thierry-boutsen","benetton","ford","goodyear","1:29.450",89450,,,,,,,"+3.322",3322,"+0.275",275,
437,1987,1,7,7,"7","28","gerhard-berger","ferrari","ferrari","goodyear","1:30.357",90357,,,,,,,"+4.229",4229,"+0.907",907,
437,1987,1,8,8,"8","17","derek-warwick","arrows","megatron","goodyear","1:30.467",90467,,,,,,,"+4.339",4339,"+0.110",110,
437,1987,1,9,9,"9","27","michele-alboreto","ferrari","ferrari","goodyear","1:30.468",90468,,,,,,,"+4.340",4340,"+0.001",1,
437,1987,1,10,10,"10","2","stefan-johansson","mclaren","tag","goodyear","1:30.476",90476,,,,,,,"+4.348",4348,"+0.008",8,
437,1987,1,11,11,"11","7","riccardo-patrese","brabham","bmw","goodyear","1:31.179",91179,,,,,,,"+5.051",5051,"+0.703",703,
437,1987,1,12,12,"12","11","satoru-nakajima","lotus","honda","goodyear","1:32.276",92276,,,,,,,"+6.148",6148,"+1.097",1097,
437,1987,1,13,13,"13","8","andrea-de-cesaris","brabham","bmw","goodyear","1:32.402",92402,,,,,,,"+6.274",6274,"+0.126",126,
437,1987,1,14,14,"14","18","eddie-cheever","arrows","megatron","goodyear","1:32.769",92769,,,,,,,"+6.641",6641,"+0.367",367,
437,1987,1,15,15,"15","24","alessandro-nannini","minardi","motori-moderni","goodyear","1:33.729",93729,,,,,,,"+7.601",7601,"+0.960",960,
437,1987,1,16,16,"16","23","adrian-campos","minardi","motori-moderni","goodyear","1:33.825",93825,,,,,,,"+7.697",7697,"+0.096",96,
437,1987,1,17,17,"17","10","christian-danner","zakspeed","zakspeed","goodyear","1:35.212",95212,,,,,,,"+9.084",9084,"+1.387",1387,
437,1987,1,18,18,"18","3","jonathan-palmer","tyrrell","ford","goodyear","1:36.091",96091,,,,,,,"+9.963",9963,"+0.879",879,
437,1987,1,19,19,"19","9","martin-brundle","zakspeed","zakspeed","goodyear","1:36.160",96160,,,,,,,"+10.032",10032,"+0.069",69,
437,1987,1,20,20,"20","4","philippe-streiff","tyrrell","ford","goodyear","1:36.274",96274,,,,,,,"+10.146",10146,"+0.114",114,
437,1987,1,21,21,"21","21","alex-caffi","osella","alfa-romeo","goodyear","1:38.770",98770,,,,,,,"+12.642",12642,"+2.496",2496,
437,1987,1,22,22,"22","14","pascal-fabre","ags","ford","goodyear","1:39.816",99816,,,,,,,"+13.688",13688,"+1.046",1046,
437,1987,1,23,23,"23","16","ivan-capelli","march","ford","goodyear","1:43.580",103580,,,,,,,"+17.452",17452,"+3.764",3764,
438,1987,2,1,1,"1","12","ayrton-senna","lotus","honda","goodyear","1:25.826",85826,,,,,,,,,,,
438,1987,2,2,2,"2","5","nigel-mansell","williams","honda","goodyear","1:25.946",85946,,,,,,,"+0.120",120,"+0.120",120,
438,1987,2,3,3,"3","6","nelson-piquet","williams","honda","goodyear","1:25.997",85997,,,,,,,"+0.171",171,"+0.051",51,
438,1987,2,4,4,"4","1","alain-prost","mclaren","tag","goodyear","1:26.135",86135,,,,,,,"+0.309",309,"+0.138",138,
438,1987,2,5,5,"5","19","teo-fabi","benetton","ford","goodyear","1:27.270",87270,,,,,,,"+1.444",1444,"+1.135",1135,
438,1987,2,6,6,"6","28","gerhard-berger","ferrari","ferrari","goodyear","1:27.280",87280,,,,,,,"+1.454",1454,"+0.010",10,
438,1987,2,7,7,"7","27","michele-alboreto","ferrari","ferrari","goodyear","1:28.074",88074,,,,,,,"+2.248",2248,"+0.794",794,
438,1987,2,8,8,"8","7","riccardo-patrese","brabham","bmw","goodyear","1:28.421",88421,,,,,,,"+2.595",2595,"+0.347",347,
438,1987,2,9,9,"9","2","stefan-johansson","mclaren","tag","goodyear","1:28.708",88708,,,,,,,"+2.882",2882,"+0.287",287,
438,1987,2,10,10,"10","18","eddie-cheever","arrows","megatron","goodyear","1:28.848",88848,,,,,,,"+3.022",3022,"+0.140",140,
438,1987,2,11,11,"11","17","derek-warwick","arrows","megatron","goodyear","1:28.887",88887,,,,,,,"+3.061",3061,"+0.039",39,
438,1987,2,12,12,"12","20","thierry-boutsen","benetton","ford","goodyear","1:28.908",88908,,,,,,,"+3.082",3082,"+0.021",21,
438,1987,2,13,13,"13","11","satoru-nakajima","lotus","honda","goodyear","1:29.579",89579,,,,,,,"+3.753",3753,"+0.671",671,
438,1987,2,14,14,"14","25","rene-arnoux","ligier","megatron","goodyear","1:29.861",89861,,,,,,,"+4.035",4035,"+0.282",282,
438,1987,2,15,15,"15","8","andrea-de-cesaris","brabham","bmw","goodyear","1:30.382",90382,,,,,,,"+4.556",4556,"+0.521",521,
438,1987,2,16,16,"16","9","martin-brundle","zakspeed","zakspeed","goodyear","1:31.094",91094,,,,,,,"+5.268",5268,"+0.712",712,
438,1987,2,17,17,"17","24","alessandro-nannini","minardi","motori-moderni","goodyear","1:31.789",91789,,,,,,,"+5.963",5963,"+0.695",695,
438,1987,2,18,18,"18","23","adrian-campos","minardi","motori-moderni","goodyear","1:31.818",91818,,,,,,,"+5.992",5992,"+0.029",29,
438,1987,2,19,19,"19","10","christian-danner","zakspeed","zakspeed","goodyear","1:31.903",91903,,,,,,,"+6.077",6077,"+0.085",85,
438,1987,2,20,20,"20","26","piercarlo-ghinzani","ligier","megatron","goodyear","1:32.248",92248,,,,,,,"+6.422",6422,"+0.345",345,
438,1987,2,21,21,"21","21","alex-caffi","osella","alfa-romeo","goodyear","1:32.308",92308,,,,,,,"+6.482",6482,"+0.060",60,
438,1987,2,22,22,"22","4","philippe-streiff","tyrrell","ford","goodyear","1:33.155",93155,,,,,,,"+7.329",7329,"+0.847",847,
438,1987,2,23,23,"23","30","philippe-alliot","lola","ford","goodyear","1:33.846",93846,,,,,,,"+8.020",8020,"+0.691",691,
438,1987,2,24,24,"24","16","ivan-capelli","march","ford","goodyear","1:33.872",93872,,,,,,,"+8.046",8046,"+0.026",26,
438,1987,2,25,25,"25","3","jonathan-palmer","tyrrell","ford","goodyear","1:34.632",94632,,,,,,,"+8.806",8806,"+0.760",760,
438,1987,2,26,26,"26","14","pascal-fabre","ags","ford","goodyear","1:36.159",96159,,,,,,,"+10.333",10333,"+1.527",1527,
438,1987,2,27,27,"27","22","gabriele-tarquini","osella","alfa-romeo","goodyear","1:43.446",103446,,,,,,,"+17.620",17620,"+7.287",7287,
439,1987,3,1,1,"1","5","nigel-mansell","williams","honda","goodyear","1:52.026",112026,,,,,,,,,,,
439,1987,3,2,2,"2","6","nelson-piquet","williams","honda","goodyear","1:53.416",113416,,,,,,,"+1.390",1390,"+1.390",1390,
439,1987,3,3,3,"3","12","ayrton-senna","lotus","honda","goodyear","1:53.426",113426,,,,,,,"+1.400",1400,"+0.010",10,
439,1987,3,4,4,"4","28","gerhard-berger","ferrari","ferrari","goodyear","1:53.451",113451,,,,,,,"+1.425",1425,"+0.025",25,
439,1987,3,5,5,"5","27","michele-alboreto","ferrari","ferrari","goodyear","1:53.511",113511,,,,,,,"+1.485",1485,"+0.060",60,
439,1987,3,6,6,"6","1","alain-prost","mclaren","tag","goodyear","1:54.186",114186,,,,,,,"+2.160",2160,"+0.675",675,
439,1987,3,7,7,"7","20","thierry-boutsen","benetton","ford","goodyear","1:54.300",114300,,,,,,,"+2.274",2274,"+0.114",114,
439,1987,3,8,8,"8","7","riccardo-patrese","brabham","bmw","goodyear","1:55.064",115064,,,,,,,"+3.038",3038,"+0.764",764,
439,1987,3,9,9,"9","19","teo-fabi","benetton","ford","goodyear","1:55.339",115339,,,,,,,"+3.313",3313,"+0.275",275,
439,1987,3,10,10,"10","2","stefan-johansson","mclaren","tag","goodyear","1:55.781",115781,,,,,,,"+3.755",3755,"+0.442",442,
439,1987,3,11,11,"11","18","eddie-cheever","arrows","megatron","goodyear","1:55.899",115899,,,,,,,"+3.873",3873,"+0.118",118,
439,1987,3,12,12,"12","17","derek-warwick","arrows","megatron","goodyear","1:56.359",116359,,,,,,,"+4.333",4333,"+0.460",460,
439,1987,3,13,13,"13","8","andrea-de-cesaris","brabham","bmw","goodyear","1:57.101",117101,,,,,,,"+5.075",5075,"+0.742",742,
439,1987,3,14,14,"14","24","alessandro-nannini","minardi","motori-moderni","goodyear","1:58.132",118132,,,,,,,"+6.106",6106,"+1.031",1031,
439,1987,3,15,15,"15","11","satoru-nakajima","lotus","honda","goodyear","1:58.649",118649,,,,,,,"+6.623",6623,"+0.517",517,
439,1987,3,16,16,"16","25","rene-arnoux","ligier","megatron","goodyear","1:59.117",119117,,,,,,,"+7.091",7091,"+0.468",468,
439,1987,3,17,17,"17","26","piercarlo-ghinzani","ligier","megatron","goodyear","1:59.291",119291,,,,,,,"+7.265",7265,"+0.174",174,
439,1987,3,18,18,"18","9","martin-brundle","zakspeed","zakspeed","goodyear","2:00.433",120433,,,,,,,"+8.407",8407,"+1.142",1142,
439,1987,3,19,19,"19","23","adrian-campos","minardi","motori-moderni","goodyear","2:00.763",120763,,,,,,,"+8.737",8737,"+0.330",330,
439,1987,3,20,20,"20","10","christian-danner","zakspeed","zakspeed","goodyear","2:01.072",121072,,,,,,,"+9.046",9046,"+0.309",309,
439,1987,3,21,21,"21","16","ivan-capelli","march","ford","goodyear","2:02.036",122036,,,,,,,"+10.010",10010,"+0.964",964,
439,1987,3,22,22,"22","30","philippe-alliot","lola","ford","goodyear","2:02.347",122347,,,,,,,"+10.321",10321,"+0.311",311,
439,1987,3,23,23,"23","4","philippe-streiff","tyrrell","ford","goodyear","2:03.098",123098,,,,,,,"+11.072",11072,"+0.751",751,
439,1987,3,24,24,"24","3","jonathan-palmer","tyrrell","ford","goodyear","2:04.677",124677,,,,,,,"+12.651",12651,"+1.579",1579,
439,1987,3,25,25,"25","14","pascal-fabre","ags","ford","goodyear","2:07.361",127361,,,,,,,"+15.335",15335,"+2.684",2684,
439,1987,3,26,26,"26","21","alex-caffi","osella","alfa-romeo","goodyear","2:12.086",132086,,,,,,,"+20.060",20060,"+4.725",4725,
440,1987,4,1,1,"1","5","nigel-mansell","williams","honda","goodyear","1:23.039",83039,,,,,,,,,,,
440,1987,4,2,2,"2","12","ayrton-senna","lotus","honda","goodyear","1:23.711",83711,,,,,,,"+0.672",672,"+0.672",672,
440,1987,4,3,3,"3","6","nelson-piquet","williams","honda","goodyear","1:24.755",84755,,,,,,,"+1.716",1716,"+1.044",1044,
440,1987,4,4,4,"4","1","alain-prost","mclaren","tag","goodyear","1:25.083",85083,,,,,,,"+2.044",2044,"+0.328",328,
440,1987,4,5,5,"5","27","michele-alboreto","ferrari","ferrari","goodyear","1:26.102",86102,,,,,,,"+3.063",3063,"+1.019",1019,
440,1987,4,6,6,"6","18","eddie-cheever","arrows","megatron","goodyear","1:26.175",86175,,,,,,,"+3.136",3136,"+0.073",73,
440,1987,4,7,7,"7","2","stefan-johansson","mclaren","tag","goodyear","1:26.317",86317,,,,,,,"+3.278",3278,"+0.142",142,
440,1987,4,8,8,"8","28","gerhard-berger","ferrari","ferrari","goodyear","1:26.323",86323,,,,,,,"+3.284",3284,"+0.006",6,
440,1987,4,9,9,"9","20","thierry-boutsen","benetton","ford","goodyear","1:26.630",86630,,,,,,,"+3.591",3591,"+0.307",307,
440,1987,4,10,10,"10","7","riccardo-patrese","brabham","bmw","goodyear","1:26.763",86763,,,,,,,"+3.724",3724,"+0.133",133,
440,1987,4,11,11,"11","17","derek-warwick","arrows","megatron","goodyear","1:27.294",87294,,,,,,,"+4.255",4255,"+0.531",531,
440,1987,4,12,12,"12","19","teo-fabi","benetton","ford","goodyear","1:27.622",87622,,,,,,,"+4.583",4583,"+0.328",328,
440,1987,4,13,13,"13","24","alessandro-nannini","minardi","motori-moderni","goodyear","1:27.731",87731,,,,,,,"+4.692",4692,"+0.109",109,
440,1987,4,14,14,"14","9","martin-brundle","zakspeed","zakspeed","goodyear","1:27.894",87894,,,,,,,"+4.855",4855,"+0.163",163,
440,1987,4,15,15,"15","3","jonathan-palmer","tyrrell","ford","goodyear","1:28.088",88088,,,,,,,"+5.049",5049,"+0.194",194,
440,1987,4,16,16,"16","21","alex-caffi","osella","alfa-romeo","goodyear","1:28.233",88233,,,,,,,"+5.194",5194,"+0.145",145,
440,1987,4,17,17,"17","11","satoru-nakajima","lotus","honda","goodyear","1:28.890",88890,,,,,,,"+5.851",5851,"+0.657",657,
440,1987,4,18,18,"18","30","philippe-alliot","lola","ford","goodyear","1:29.114",89114,,,,,,,"+6.075",6075,"+0.224",224,
440,1987,4,19,19,"19","16","ivan-capelli","march","ford","goodyear","1:29.147",89147,,,,,,,"+6.108",6108,"+0.033",33,
440,1987,4,20,20,"20","26","piercarlo-ghinzani","ligier","megatron","goodyear","1:29.258",89258,,,,,,,"+6.219",6219,"+0.111",111,
440,1987,4,21,21,"21","8","andrea-de-cesaris","brabham","bmw","goodyear","1:29.827",89827,,,,,,,"+6.788",6788,"+0.569",569,
440,1987,4,22,22,"22","25","rene-arnoux","ligier","megatron","goodyear","1:30.000",90000,,,,,,,"+6.961",6961,"+0.173",173,
440,1987,4,23,23,"23","4","philippe-streiff","tyrrell","ford","goodyear","1:30.143",90143,,,,,,,"+7.104",7104,"+0.143",143,
440,1987,4,24,24,"24","23","adrian-campos","minardi","motori-moderni","goodyear","1:30.805",90805,,,,,,,"+7.766",7766,"+0.662",662,
440,1987,4,25,25,"25","14","pascal-fabre","ags","ford","goodyear","1:31.667",91667,,,,,,,"+8.628",8628,"+0.862",862,
441,1987,5,1,1,"1","5","nigel-mansell","williams","honda","goodyear","1:39.264",99264,,,,,,,,,,,
441,1987,5,2,2,"2","12","ayrton-senna","lotus","honda","goodyear","1:40.607",100607,,,,,,,"+1.343",1343,"+1.343",1343,
441,1987,5,3,3,"3","6","nelson-piquet","williams","honda","goodyear","1:40.942",100942,,,,,,,"+1.678",1678,"+0.335",335,
441,1987,5,4,4,"4","20","thierry-boutsen","benetton","ford","goodyear","1:42.050",102050,,,,,,,"+2.786",2786,"+1.108",1108,
441,1987,5,5,5,"5","1","alain-prost","mclaren","tag","goodyear","1:42.357",102357,,,,,,,"+3.093",3093,"+0.307",307,
441,1987,5,6,6,"6","18","eddie-cheever","arrows","megatron","goodyear","1:42.361",102361,,,,,,,"+3.097",3097,"+0.004",4,
441,1987,5,7,7,"7","27","michele-alboreto","ferrari","ferrari","goodyear","1:42.684",102684,,,,,,,"+3.420",3420,"+0.323",323,
441,1987,5,8,8,"8","19","teo-fabi","benetton","ford","goodyear","1:42.918",102918,,,,,,,"+3.654",3654,"+0.234",234,
441,1987,5,9,9,"9","7","riccardo-patrese","brabham","bmw","goodyear","1:43.479",103479,,,,,,,"+4.215",4215,"+0.561",561,
441,1987,5,10,10,"10","17","derek-warwick","arrows","megatron","goodyear","1:43.541",103541,,,,,,,"+4.277",4277,"+0.062",62,
441,1987,5,11,11,"11","2","stefan-johansson","mclaren","tag","goodyear","1:43.797",103797,,,,,,,"+4.533",4533,"+0.256",256,
441,1987,5,12,12,"12","28","gerhard-berger","ferrari","ferrari","goodyear","1:43.816",103816,,,,,,,"+4.552",4552,"+0.019",19,
441,1987,5,13,13,"13","3","jonathan-palmer","tyrrell","ford","goodyear","1:44.350",104350,,,,,,,"+5.086",5086,"+0.534",534,
441,1987,5,14,14,"14","4","philippe-streiff","tyrrell","ford","goodyear","1:45.037",105037,,,,,,,"+5.773",5773,"+0.687",687,
441,1987,5,15,15,"15","9","martin-brundle","zakspeed","zakspeed","goodyear","1:45.291",105291,,,,,,,"+6.027",6027,"+0.254",254,
441,1987,5,16,16,"16","10","christian-danner","zakspeed","zakspeed","goodyear","1:45.740",105740,,,,,,,"+6.476",6476,"+0.449",449,
441,1987,5,17,17,"17","8","andrea-de-cesaris","brabham","bmw","goodyear","1:46.046",106046,,,,,,,"+6.782",6782,"+0.306",306,
441,1987,5,18,18,"18","24","alessandro-nannini","minardi","motori-moderni","goodyear","1:46.083",106083,,,,,,,"+6.819",6819,"+0.037",37,
441,1987,5,19,19,"19","21","alex-caffi","osella","alfa-romeo","goodyear","1:46.124",106124,,,,,,,"+6.860",6860,"+0.041",41,
441,1987,5,20,20,"20","30","philippe-alliot","lola","ford","goodyear","1:46.194",106194,,,,,,,"+6.930",6930,"+0.070",70,
441,1987,5,21,21,"21","25","rene-arnoux","ligier","megatron","goodyear","1:46.211",106211,,,,,,,"+6.947",6947,"+0.017",17,
441,1987,5,22,22,"22","16","ivan-capelli","march","ford","goodyear","1:46.269",106269,,,,,,,"+7.005",7005,"+0.058",58,
441,1987,5,23,23,"23","26","piercarlo-ghinzani","ligier","megatron","goodyear","1:47.471",107471,,,,,,,"+8.207",8207,"+1.202",1202,
441,1987,5,24,24,"24","11","satoru-nakajima","lotus","honda","goodyear","1:48.801",108801,,,,,,,"+9.537",9537,"+1.330",1330,
441,1987,5,25,25,"25","23","adrian-campos","minardi","motori-moderni","goodyear","1:50.495",110495,,,,,,,"+11.231",11231,"+1.694",1694,
441,1987,5,26,26,"26","14","pascal-fabre","ags","ford","goodyear","1:53.644",113644,,,,,,,"+14.380",14380,"+3.149",3149,
442,1987,6,1,1,"1","5","nigel-mansell","williams","honda","goodyear","1:06.454",66454,,,,,,,,,,,
442,1987,6,2,2,"2","1","alain-prost","mclaren","tag","goodyear","1:06.877",66877,,,,,,,"+0.423",423,"+0.423",423,
442,1987,6,3,3,"3","12","ayrton-senna","lotus","honda","goodyear","1:07.024",67024,,,,,,,"+0.570",570,"+0.147",147,
442,1987,6,4,4,"4","6","nelson-piquet","williams","honda","goodyear","1:07.140",67140,,,,,,,"+0.686",686,"+0.116",116,
442,1987,6,5,5,"5","20","thierry-boutsen","benetton","ford","goodyear","1:08.077",68077,,,,,,,"+1.623",1623,"+0.937",937,
442,1987,6,6,6,"6","28","gerhard-berger","ferrari","ferrari","goodyear","1:08.198",68198,,,,,,,"+1.744",1744,"+0.121",121,
442,1987,6,7,7,"7","19","teo-fabi","benetton","ford","goodyear","1:08.293",68293,,,,,,,"+1.839",1839,"+0.095",95,
442,1987,6,8,8,"8","27","michele-alboreto","ferrari","ferrari","goodyear","1:08.390",68390,,,,,,,"+1.936",1936,"+0.097",97,
442,1987,6,9,9,"9","2","stefan-johansson","mclaren","tag","goodyear","1:08.577",68577,,,,,,,"+2.123",2123,"+0.187",187,
442,1987,6,10,10,"10","17","derek-warwick","arrows","megatron","goodyear","1:08.800",68800,,,,,,,"+2.346",2346,"+0.223",223,
442,1987,6,11,11,"11","8","andrea-de-cesaris","brabham","bmw","goodyear","1:08.949",68949,,,,,,,"+2.495",2495,"+0.149",149,
442,1987,6,12,12,"12","7","riccardo-patrese","brabham","bmw","goodyear","1:08.993",68993,,,,,,,"+2.539",2539,"+0.044",44,
442,1987,6,13,13,"13","25","rene-arnoux","ligier","megatron","goodyear","1:09.430",69430,,,,,,,"+2.976",2976,"+0.437",437,
442,1987,6,14,14,"14","18","eddie-cheever","arrows","megatron","goodyear","1:09.828",69828,,,,,,,"+3.374",3374,"+0.398",398,
442,1987,6,15,15,"15","24","alessandro-nannini","minardi","motori-moderni","goodyear","1:09.868",69868,,,,,,,"+3.414",3414,"+0.040",40,
442,1987,6,16,16,"16","11","satoru-nakajima","lotus","honda","goodyear","1:10.652",70652,,,,,,,"+4.198",4198,"+0.784",784,
442,1987,6,17,17,"17","26","piercarlo-ghinzani","ligier","megatron","goodyear","1:10.798",70798,,,,,,,"+4.344",4344,"+0.146",146,
442,1987,6,18,18,"18","9","martin-brundle","zakspeed","zakspeed","goodyear","1:11.170",71170,,,,,,,"+4.716",4716,"+0.372",372,
442,1987,6,19,19,"19","10","christian-danner","zakspeed","zakspeed","goodyear","1:11.389",71389,,,,,,,"+4.935",4935,"+0.219",219,
442,1987,6,20,20,"20","21","alex-caffi","osella","alfa-romeo","goodyear","1:12.167",72167,,,,,,,"+5.713",5713,"+0.778",778,
442,1987,6,21,21,"21","23","adrian-campos","minardi","motori-moderni","goodyear","1:12.551",72551,,,,,,,"+6.097",6097,"+0.384",384,
442,1987,6,22,22,"22","16","ivan-capelli","march","ford","goodyear","1:12.654",72654,,,,,,,"+6.200",6200,"+0.103",103,
442,1987,6,23,23,"23","30","philippe-alliot","lola","ford","goodyear","1:13.026",73026,,,,,,,"+6.572",6572,"+0.372",372,
442,1987,6,24,24,"24","3","jonathan-palmer","tyrrell","ford","goodyear","1:13.443",73443,,,,,,,"+6.989",6989,"+0.417",417,
442,1987,6,25,25,"25","4","philippe-streiff","tyrrell","ford","goodyear","1:13.525",73525,,,,,,,"+7.071",7071,"+0.082",82,
442,1987,6,26,26,"26","14","pascal-fabre","ags","ford","goodyear","1:14.699",74699,,,,,,,"+8.245",8245,"+1.174",1174,
443,1987,7,1,1,"1","6","nelson-piquet","williams","honda","goodyear","1:07.110",67110,,,,,,,,,,,
443,1987,7,2,2,"2","5","nigel-mansell","williams","honda","goodyear","1:07.180",67180,,,,,,,"+0.070",70,"+0.070",70,
443,1987,7,3,3,"3","12","ayrton-senna","lotus","honda","goodyear","1:08.181",68181,,,,,,,"+1.071",1071,"+1.001",1001,
443,1987,7,4,4,"4","1","alain-prost","mclaren","tag","goodyear","1:08.577",68577,,,,,,,"+1.467",1467,"+0.396",396,
443,1987,7,5,5,"5","20","thierry-boutsen","benetton","ford","goodyear","1:08.972",68972,,,,,,,"+1.862",1862,"+0.395",395,
443,1987,7,6,6,"6","19","teo-fabi","benetton","ford","goodyear","1:09.246",69246,,,,,,,"+2.136",2136,"+0.274",274,
443,1987,7,7,7,"7","27","michele-alboreto","ferrari","ferrari","goodyear","1:09.274",69274,,,,,,,"+2.164",2164,"+0.028",28,
443,1987,7,8,8,"8","28","gerhard-berger","ferrari","ferrari","goodyear","1:09.408",69408,,,,,,,"+2.298",2298,"+0.134",134,
443,1987,7,9,9,"9","8","andrea-de-cesaris","brabham","bmw","goodyear","1:09.475",69475,,,,,,,"+2.365",2365,"+0.067",67,
443,1987,7,10,10,"10","2","stefan-johansson","mclaren","tag","goodyear","1:09.541",69541,,,,,,,"+2.431",2431,"+0.066",66,
443,1987,7,11,11,"11","7","riccardo-patrese","brabham","bmw","goodyear","1:10.012",70012,,,,,,,"+2.902",2902,"+0.471",471,
443,1987,7,12,12,"12","11","satoru-nakajima","lotus","honda","goodyear","1:10.619",70619,,,,,,,"+3.509",3509,"+0.607",607,
443,1987,7,13,13,"13","17","derek-warwick","arrows","megatron","goodyear","1:10.654",70654,,,,,,,"+3.544",3544,"+0.035",35,
443,1987,7,14,14,"14","18","eddie-cheever","arrows","megatron","goodyear","1:11.053",71053,,,,,,,"+3.943",3943,"+0.399",399,
443,1987,7,15,15,"15","24","alessandro-nannini","minardi","motori-moderni","goodyear","1:12.293",72293,,,,,,,"+5.183",5183,"+1.240",1240,
443,1987,7,16,16,"16","25","rene-arnoux","ligier","megatron","goodyear","1:12.402",72402,,,,,,,"+5.292",5292,"+0.109",109,
443,1987,7,17,17,"17","9","martin-brundle","zakspeed","zakspeed","goodyear","1:12.632",72632,,,,,,,"+5.522",5522,"+0.230",230,
443,1987,7,18,18,"18","10","christian-danner","zakspeed","zakspeed","goodyear","1:13.337",73337,,,,,,,"+6.227",6227,"+0.705",705,
443,1987,7,19,19,"19","26","piercarlo-ghinzani","ligier","megatron","goodyear","1:13.381",73381,,,,,,,"+6.271",6271,"+0.044",44,
443,1987,7,20,20,"20","23","adrian-campos","minardi","motori-moderni","goodyear","1:13.793",73793,,,,,,,"+6.683",6683,"+0.412",412,
443,1987,7,21,21,"21","21","alex-caffi","osella","alfa-romeo","goodyear","1:15.558",75558,,,,,,,"+8.448",8448,"+1.765",1765,
443,1987,7,22,22,"22","30","philippe-alliot","lola","ford","goodyear","1:15.868",75868,,,,,,,"+8.758",8758,"+0.310",310,
443,1987,7,23,23,"23","4","philippe-streiff","tyrrell","ford","goodyear","1:16.524",76524,,,,,,,"+9.414",9414,"+0.656",656,
443,1987,7,24,24,"24","3","jonathan-palmer","tyrrell","ford","goodyear","1:16.644",76644,,,,,,,"+9.534",9534,"+0.120",120,
443,1987,7,25,25,"25","16","ivan-capelli","march","ford","goodyear","1:16.692",76692,,,,,,,"+9.582",9582,"+0.048",48,
443,1987,7,26,26,"26","14","pascal-fabre","ags","ford","goodyear","1:18.237",78237,,,,,,,"+11.127",11127,"+1.545",1545,
444,1987,8,1,1,"1","5","nigel-mansell","williams","honda","goodyear","1:42.616",102616,,,,,,,,,,,
444,1987,8,2,2,"2","12","ayrton-senna","lotus","honda","goodyear","1:42.873",102873,,,,,,,"+0.257",257,"+0.257",257,
444,1987,8,3,3,"3","1","alain-prost","mclaren","tag","goodyear","1:43.202",103202,,,,,,,"+0.586",586,"+0.329",329,
444,1987,8,4,4,"4","6","nelson-piquet","williams","honda","goodyear","1:43.705",103705,,,,,,,"+1.089",1089,"+0.503",503,
444,1987,8,5,5,"5","27","michele-alboreto","ferrari","ferrari","goodyear","1:43.921",103921,,,,,,,"+1.305",1305,"+0.216",216,
444,1987,8,6,6,"6","20","thierry-boutsen","benetton","ford","goodyear","1:45.066",105066,,,,,,,"+2.450",2450,"+1.145",1145,
444,1987,8,7,7,"7","8","andrea-de-cesaris","brabham","bmw","goodyear","1:45.411",105411,,,,,,,"+2.795",2795,"+0.345",345,
444,1987,8,8,8,"8","2","stefan-johansson","mclaren","tag","goodyear","1:45.428",105428,,,,,,,"+2.812",2812,"+0.017",17,
444,1987,8,9,9,"9","19","teo-fabi","benetton","ford","goodyear","1:45.497",105497,,,,,,,"+2.881",2881,"+0.069",69,
444,1987,8,10,10,"10","28","gerhard-berger","ferrari","ferrari","goodyear","1:45.902",105902,,,,,,,"+3.286",3286,"+0.405",405,
444,1987,8,11,11,"11","7","riccardo-patrese","brabham","bmw","goodyear","1:46.096",106096,,,,,,,"+3.480",3480,"+0.194",194,
444,1987,8,12,12,"12","25","rene-arnoux","ligier","megatron","goodyear","1:46.323",106323,,,,,,,"+3.707",3707,"+0.227",227,
444,1987,8,13,13,"13","17","derek-warwick","arrows","megatron","goodyear","1:46.525",106525,,,,,,,"+3.909",3909,"+0.202",202,
444,1987,8,14,14,"14","11","satoru-nakajima","lotus","honda","goodyear","1:46.760",106760,,,,,,,"+4.144",4144,"+0.235",235,
444,1987,8,15,15,"15","18","eddie-cheever","arrows","megatron","goodyear","1:47.780",107780,,,,,,,"+5.164",5164,"+1.020",1020,
444,1987,8,16,16,"16","24","alessandro-nannini","minardi","motori-moderni","goodyear","1:47.887",107887,,,,,,,"+5.271",5271,"+0.107",107,
444,1987,8,17,17,"17","26","piercarlo-ghinzani","ligier","megatron","goodyear","1:49.236",109236,,,,,,,"+6.620",6620,"+1.349",1349,
444,1987,8,18,18,"18","23","adrian-campos","minardi","motori-moderni","goodyear","1:49.668",109668,,,,,,,"+7.052",7052,"+0.432",432,
444,1987,8,19,19,"19","9","martin-brundle","zakspeed","zakspeed","goodyear","1:51.062",111062,,,,,,,"+8.446",8446,"+1.394",1394,
444,1987,8,20,20,"20","10","christian-danner","zakspeed","zakspeed","goodyear","1:51.448",111448,,,,,,,"+8.832",8832,"+0.386",386,
444,1987,8,21,21,"21","30","philippe-alliot","lola","ford","goodyear","1:52.760",112760,,,,,,,"+10.144",10144,"+1.312",1312,
444,1987,8,22,22,"22","4","philippe-streiff","tyrrell","ford","goodyear","1:53.528",113528,,,,,,,"+10.912",10912,"+0.768",768,
444,1987,8,23,23,"23","3","jonathan-palmer","tyrrell","ford","goodyear","1:54.491",114491,,,,,,,"+11.875",11875,"+0.963",963,
444,1987,8,24,24,"24","16","ivan-capelli","march","ford","goodyear","1:54.616",114616,,,,,,,"+12.000",12000,"+0.125",125,
444,1987,8,25,25,"25","14","pascal-fabre","ags","ford","goodyear","1:54.997",114997,,,,,,,"+12.381",12381,"+0.381",381,
444,1987,8,26,26,"26","21","alex-caffi","osella","alfa-romeo","goodyear","2:07.753",127753,,,,,,,"+25.137",25137,"+12.756",12756,
445,1987,9,1,1,"1","5","nigel-mansell","williams","honda","goodyear","1:28.047",88047,,,,,,,,,,,
445,1987,9,2,2,"2","28","gerhard-berger","ferrari","ferrari","goodyear","1:28.549",88549,,,,,,,"+0.502",502,"+0.502",502,
445,1987,9,3,3,"3","6","nelson-piquet","williams","honda","goodyear","1:29.724",89724,,,,,,,"+1.677",1677,"+1.175",1175,
445,1987,9,4,4,"4","1","alain-prost","mclaren","tag","goodyear","1:30.156",90156,,,,,,,"+2.109",2109,"+0.432",432,
445,1987,9,5,5,"5","27","michele-alboreto","ferrari","ferrari","goodyear","1:30.310",90310,,,,,,,"+2.263",2263,"+0.154",154,
445,1987,9,6,6,"6","12","ayrton-senna","lotus","honda","goodyear","1:30.387",90387,,,,,,,"+2.340",2340,"+0.077",77,
445,1987,9,7,7,"7","20","thierry-boutsen","benetton","ford","goodyear","1:30.748",90748,,,,,,,"+2.701",2701,"+0.361",361,
445,1987,9,8,8,"8","2","stefan-johansson","mclaren","tag","goodyear","1:31.228",91228,,,,,,,"+3.181",3181,"+0.480",480,
445,1987,9,9,9,"9","17","derek-warwick","arrows","megatron","goodyear","1:31.416",91416,,,,,,,"+3.369",3369,"+0.188",188,
445,1987,9,10,10,"10","7","riccardo-patrese","brabham","bmw","goodyear","1:31.586",91586,,,,,,,"+3.539",3539,"+0.170",170,
445,1987,9,11,11,"11","18","eddie-cheever","arrows","megatron","goodyear","1:32.336",92336,,,,,,,"+4.289",4289,"+0.750",750,
445,1987,9,12,12,"12","19","teo-fabi","benetton","ford","goodyear","1:32.452",92452,,,,,,,"+4.405",4405,"+0.116",116,
445,1987,9,13,13,"13","8","andrea-de-cesaris","brabham","bmw","goodyear","1:32.628",92628,,,,,,,"+4.581",4581,"+0.176",176,
445,1987,9,14,14,"14","4","philippe-streiff","tyrrell","ford","goodyear","1:33.644",93644,,,,,,,"+5.597",5597,"+1.016",1016,
445,1987,9,15,15,"15","30","philippe-alliot","lola","ford","goodyear","1:33.777",93777,,,,,,,"+5.730",5730,"+0.133",133,
445,1987,9,16,16,"16","3","jonathan-palmer","tyrrell","ford","goodyear","1:33.895",93895,,,,,,,"+5.848",5848,"+0.118",118,
445,1987,9,17,17,"17","11","satoru-nakajima","lotus","honda","goodyear","1:34.297",94297,,,,,,,"+6.250",6250,"+0.402",402,
445,1987,9,18,18,"18","16","ivan-capelli","march","ford","goodyear","1:34.426",94426,,,,,,,"+6.379",6379,"+0.129",129,
445,1987,9,19,19,"19","25","rene-arnoux","ligier","megatron","goodyear","1:34.518",94518,,,,,,,"+6.471",6471,"+0.092",92,
445,1987,9,20,20,"20","24","alessandro-nannini","minardi","motori-moderni","goodyear","1:34.770",94770,,,,,,,"+6.723",6723,"+0.252",252,
445,1987,9,21,21,"21","21","alex-caffi","osella","alfa-romeo","goodyear","1:35.594",95594,,,,,,,"+7.547",7547,"+0.824",824,
445,1987,9,22,22,"22","9","martin-brundle","zakspeed","zakspeed","goodyear","1:35.754",95754,,,,,,,"+7.707",7707,"+0.160",160,
445,1987,9,23,23,"23","10","christian-danner","zakspeed","zakspeed","goodyear","1:35.930",95930,,,,,,,"+7.883",7883,"+0.176",176,
445,1987,9,24,24,"24","23","adrian-campos","minardi","motori-moderni","goodyear","1:36.067",96067,,,,,,,"+8.020",8020,"+0.137",137,
445,1987,9,25,25,"25","26","piercarlo-ghinzani","ligier","megatron","goodyear","1:36.109",96109,,,,,,,"+8.062",8062,"+0.042",42,
445,1987,9,26,26,"26","14","pascal-fabre","ags","ford","goodyear","1:37.730",97730,,,,,,,"+9.683",9683,"+1.621",1621,
446,1987,10,1,1,"1","6","nelson-piquet","williams","honda","goodyear","1:23.357",83357,,,,,,,,,,,
446,1987,10,2,2,"2","5","nigel-mansell","williams","honda","goodyear","1:23.459",83459,,,,,,,"+0.102",102,"+0.102",102,
446,1987,10,3,3,"3","28","gerhard-berger","ferrari","ferrari","goodyear","1:24.213",84213,,,,,,,"+0.856",856,"+0.754",754,
446,1987,10,4,4,"4","20","thierry-boutsen","benetton","ford","goodyear","1:24.348",84348,,,,,,,"+0.991",991,"+0.135",135,
446,1987,10,5,5,"5","19","teo-fabi","benetton","ford","goodyear","1:25.054",85054,,,,,,,"+1.697",1697,"+0.706",706,
446,1987,10,6,6,"6","27","michele-alboreto","ferrari","ferrari","goodyear","1:25.077",85077,,,,,,,"+1.720",1720,"+0.023",23,
446,1987,10,7,7,"7","12","ayrton-senna","lotus","honda","goodyear","1:25.492",85492,,,,,,,"+2.135",2135,"+0.415",415,
446,1987,10,8,8,"8","7","riccardo-patrese","brabham","bmw","goodyear","1:25.766",85766,,,,,,,"+2.409",2409,"+0.274",274,
446,1987,10,9,9,"9","1","alain-prost","mclaren","tag","goodyear","1:26.170",86170,,,,,,,"+2.813",2813,"+0.404",404,
446,1987,10,10,10,"10","8","andrea-de-cesaris","brabham","bmw","goodyear","1:27.672",87672,,,,,,,"+4.315",4315,"+1.502",1502,
446,1987,10,11,11,"11","17","derek-warwick","arrows","megatron","goodyear","1:27.762",87762,,,,,,,"+4.405",4405,"+0.090",90,
446,1987,10,12,12,"12","18","eddie-cheever","arrows","megatron","goodyear","1:28.370",88370,,,,,,,"+5.013",5013,"+0.608",608,
446,1987,10,13,13,"13","11","satoru-nakajima","lotus","honda","goodyear","1:28.786",88786,,,,,,,"+5.429",5429,"+0.416",416,
446,1987,10,14,14,"14","2","stefan-johansson","mclaren","tag","goodyear","1:29.003",89003,,,,,,,"+5.646",5646,"+0.217",217,
446,1987,10,15,15,"15","24","alessandro-nannini","minardi","motori-moderni","goodyear","1:29.435",89435,,,,,,,"+6.078",6078,"+0.432",432,
446,1987,10,16,16,"16","25","rene-arnoux","ligier","megatron","goodyear","1:29.733",89733,,,,,,,"+6.376",6376,"+0.298",298,
446,1987,10,17,17,"17","9","martin-brundle","zakspeed","zakspeed","goodyear","1:29.893",89893,,,,,,,"+6.536",6536,"+0.160",160,
446,1987,10,18,18,"18","26","piercarlo-ghinzani","ligier","megatron","goodyear","1:30.682",90682,,,,,,,"+7.325",7325,"+0.789",789,
446,1987,10,19,19,"19","23","adrian-campos","minardi","motori-moderni","goodyear","1:30.797",90797,,,,,,,"+7.440",7440,"+0.115",115,
446,1987,10,20,20,"20","10","christian-danner","zakspeed","zakspeed","goodyear","1:31.015",91015,,,,,,,"+7.658",7658,"+0.218",218,
446,1987,10,21,21,"21","21","alex-caffi","osella","alfa-romeo","goodyear","1:32.313",92313,,,,,,,"+8.956",8956,"+1.298",1298,
446,1987,10,22,22,"22","30","philippe-alliot","lola","ford","goodyear","1:33.741",93741,,,,,,,"+10.384",10384,"+1.428",1428,
446,1987,10,23,23,"23","16","ivan-capelli","march","ford","goodyear","1:34.199",94199,,,,,,,"+10.842",10842,"+0.458",458,
446,1987,10,24,24,"24","3","jonathan-palmer","tyrrell","ford","goodyear","1:34.619",94619,,,,,,,"+11.262",11262,"+0.420",420,
446,1987,10,25,25,"25","4","philippe-streiff","tyrrell","ford","goodyear","1:35.338",95338,,,,,,,"+11.981",11981,"+0.719",719,
446,1987,10,26,26,"26","14","pascal-fabre","ags","ford","goodyear","1:40.633",100633,,,,,,,"+17.276",17276,"+5.295",5295,
447,1987,11,1,1,"1","6","nelson-piquet","williams","honda","goodyear","1:23.460",83460,,,,,,,,,,,
447,1987,11,2,2,"2","5","nigel-mansell","williams","honda","goodyear","1:23.559",83559,,,,,,,"+0.099",99,"+0.099",99,
447,1987,11,3,3,"3","28","gerhard-berger","ferrari","ferrari","goodyear","1:23.933",83933,,,,,,,"+0.473",473,"+0.374",374,
447,1987,11,4,4,"4","12","ayrton-senna","lotus","honda","goodyear","1:24.907",84907,,,,,,,"+1.447",1447,"+0.974",974,
447,1987,11,5,5,"5","1","alain-prost","mclaren","tag","goodyear","1:24.946",84946,,,,,,,"+1.486",1486,"+0.039",39,
447,1987,11,6,6,"6","20","thierry-boutsen","benetton","ford","goodyear","1:25.004",85004,,,,,,,"+1.544",1544,"+0.058",58,
447,1987,11,7,7,"7","19","teo-fabi","benetton","ford","goodyear","1:25.020",85020,,,,,,,"+1.560",1560,"+0.016",16,
447,1987,11,8,8,"8","27","michele-alboreto","ferrari","ferrari","goodyear","1:25.247",85247,,,,,,,"+1.787",1787,"+0.227",227,
447,1987,11,9,9,"9","7","riccardo-patrese","brabham","bmw","goodyear","1:25.525",85525,,,,,,,"+2.065",2065,"+0.278",278,
447,1987,11,10,10,"10","8","andrea-de-cesaris","brabham","bmw","goodyear","1:26.802",86802,,,,,,,"+3.342",3342,"+1.277",1277,
447,1987,11,11,11,"11","2","stefan-johansson","mclaren","tag","goodyear","1:27.031",87031,,,,,,,"+3.571",3571,"+0.229",229,
447,1987,11,12,12,"12","17","derek-warwick","arrows","megatron","goodyear","1:27.543",87543,,,,,,,"+4.083",4083,"+0.512",512,
447,1987,11,13,13,"13","18","eddie-cheever","arrows","megatron","goodyear","1:28.022",88022,,,,,,,"+4.562",4562,"+0.479",479,
447,1987,11,14,14,"14","11","satoru-nakajima","lotus","honda","goodyear","1:28.160",88160,,,,,,,"+4.700",4700,"+0.138",138,
447,1987,11,15,15,"15","25","rene-arnoux","ligier","megatron","goodyear","1:28.946",88946,,,,,,,"+5.486",5486,"+0.786",786,
447,1987,11,16,16,"16","10","christian-danner","zakspeed","zakspeed","goodyear","1:29.465",89465,,,,,,,"+6.005",6005,"+0.519",519,
447,1987,11,17,17,"17","9","martin-brundle","zakspeed","zakspeed","goodyear","1:29.725",89725,,,,,,,"+6.265",6265,"+0.260",260,
447,1987,11,18,18,"18","24","alessandro-nannini","minardi","motori-moderni","goodyear","1:29.738",89738,,,,,,,"+6.278",6278,"+0.013",13,
447,1987,11,19,19,"19","26","piercarlo-ghinzani","ligier","megatron","goodyear","1:29.898",89898,,,,,,,"+6.438",6438,"+0.160",160,
447,1987,11,20,20,"20","23","adrian-campos","minardi","motori-moderni","goodyear","1:30.782",90782,,,,,,,"+7.322",7322,"+0.884",884,
447,1987,11,21,21,"21","21","alex-caffi","osella","alfa-romeo","goodyear","1:31.029",91029,,,,,,,"+7.569",7569,"+0.247",247,
447,1987,11,22,22,"22","3","jonathan-palmer","tyrrell","ford","goodyear","1:33.028",93028,,,,,,,"+9.568",9568,"+1.999",1999,
447,1987,11,23,23,"23","30","philippe-alliot","lola","ford","goodyear","1:33.170",93170,,,,,,,"+9.710",9710,"+0.142",142,
447,1987,11,24,24,"24","4","philippe-streiff","tyrrell","ford","goodyear","1:33.264",93264,,,,,,,"+9.804",9804,"+0.094",94,
447,1987,11,25,25,"25","16","ivan-capelli","march","ford","goodyear","1:33.311",93311,,,,,,,"+9.851",9851,"+0.047",47,
447,1987,11,26,26,"26","22","franco-forini","osella","alfa-romeo","goodyear","1:33.816",93816,,,,,,,"+10.356",10356,"+0.505",505,
447,1987,11,27,27,"27","32","nicola-larini","coloni","ford","goodyear","1:35.721",95721,,,,,,,"+12.261",12261,"+1.905",1905,
447,1987,11,28,28,"28","14","pascal-fabre","ags","ford","goodyear","1:36.679",96679,,,,,,,"+13.219",13219,"+0.958",958,
448,1987,12,1,1,"1","28","gerhard-berger","ferrari","ferrari","goodyear","1:17.620",77620,,,,,,,,,,,
448,1987,12,2,2,"2","5","nigel-mansell","williams","honda","goodyear","1:17.951",77951,,,,,,,"+0.331",331,"+0.331",331,
448,1987,12,3,3,"3","1","alain-prost","mclaren","tag","goodyear","1:17.994",77994,,,,,,,"+0.374",374,"+0.043",43,
448,1987,12,4,4,"4","6","nelson-piquet","williams","honda","goodyear","1:18.164",78164,,,,,,,"+0.544",544,"+0.170",170,
448,1987,12,5,5,"5","12","ayrton-senna","lotus","honda","goodyear","1:18.354",78354,,,,,,,"+0.734",734,"+0.190",190,
448,1987,12,6,6,"6","27","michele-alboreto","ferrari","ferrari","goodyear","1:18.540",78540,,,,,,,"+0.920",920,"+0.186",186,
448,1987,12,7,7,"7","7","riccardo-patrese","brabham","bmw","goodyear","1:19.965",79965,,,,,,,"+2.345",2345,"+1.425",1425,
448,1987,12,8,8,"8","2","stefan-johansson","mclaren","tag","goodyear","1:20.134",80134,,,,,,,"+2.514",2514,"+0.169",169,
448,1987,12,9,9,"9","20","thierry-boutsen","benetton","ford","goodyear","1:20.305",80305,,,,,,,"+2.685",2685,"+0.171",171,
448,1987,12,10,10,"10","19","teo-fabi","benetton","ford","goodyear","1:20.483",80483,,,,,,,"+2.863",2863,"+0.178",178,
448,1987,12,11,11,"11","18","eddie-cheever","arrows","megatron","goodyear","1:21.207",81207,,,,,,,"+3.587",3587,"+0.724",724,
448,1987,12,12,12,"12","17","derek-warwick","arrows","megatron","goodyear","1:21.397",81397,,,,,,,"+3.777",3777,"+0.190",190,
448,1987,12,13,13,"13","8","andrea-de-cesaris","brabham","bmw","goodyear","1:21.725",81725,,,,,,,"+4.105",4105,"+0.328",328,
448,1987,12,14,14,"14","24","alessandro-nannini","minardi","motori-moderni","goodyear","1:21.784",81784,,,,,,,"+4.164",4164,"+0.059",59,
448,1987,12,15,15,"15","11","satoru-nakajima","lotus","honda","goodyear","1:22.222",82222,,,,,,,"+4.602",4602,"+0.438",438,
448,1987,12,16,16,"16","10","christian-danner","zakspeed","zakspeed","goodyear","1:22.358",82358,,,,,,,"+4.738",4738,"+0.136",136,
448,1987,12,17,17,"17","9","martin-brundle","zakspeed","zakspeed","goodyear","1:22.400",82400,,,,,,,"+4.780",4780,"+0.042",42,
448,1987,12,18,18,"18","25","rene-arnoux","ligier","megatron","goodyear","1:23.237",83237,,,,,,,"+5.617",5617,"+0.837",837,
448,1987,12,19,19,"19","30","philippe-alliot","lola","ford","goodyear","1:23.580",83580,,,,,,,"+5.960",5960,"+0.343",343,
448,1987,12,20,20,"20","23","adrian-campos","minardi","motori-moderni","goodyear","1:23.591",83591,,,,,,,"+5.971",5971,"+0.011",11,
448,1987,12,21,21,"21","4","philippe-streiff","tyrrell","ford","goodyear","1:23.810",83810,,,,,,,"+6.190",6190,"+0.219",219,
448,1987,12,22,22,"22","16","ivan-capelli","march","ford","goodyear","1:23.905",83905,,,,,,,"+6.285",6285,"+0.095",95,
448,1987,12,23,23,"23","26","piercarlo-ghinzani","ligier","megatron","goodyear","1:24.105",84105,,,,,,,"+6.485",6485,"+0.200",200,
448,1987,12,24,24,"24","3","jonathan-palmer","tyrrell","ford","goodyear","1:24.217",84217,,,,,,,"+6.597",6597,"+0.112",112,
448,1987,12,25,25,"25","21","alex-caffi","osella","alfa-romeo","goodyear","1:24.792",84792,,,,,,,"+7.172",7172,"+0.575",575,
448,1987,12,26,26,"26","22","franco-forini","osella","alfa-romeo","goodyear","1:26.635",86635,,,,,,,"+9.015",9015,"+1.843",1843,
448,1987,12,27,27,"27","14","pascal-fabre","ags","ford","goodyear","1:26.946",86946,,,,,,,"+9.326",9326,"+0.311",311,
449,1987,13,1,1,"1","6","nelson-piquet","williams","honda","goodyear","1:22.461",82461,,,,,,,,,,,
449,1987,13,2,2,"2","5","nigel-mansell","williams","honda","goodyear","1:23.081",83081,,,,,,,"+0.620",620,"+0.620",620,
449,1987,13,3,3,"3","28","gerhard-berger","ferrari","ferrari","goodyear","1:23.164",83164,,,,,,,"+0.703",703,"+0.083",83,
449,1987,13,4,4,"4","27","michele-alboreto","ferrari","ferrari","goodyear","1:24.192",84192,,,,,,,"+1.731",1731,"+1.028",1028,
449,1987,13,5,5,"5","12","ayrton-senna","lotus","honda","goodyear","1:24.320",84320,,,,,,,"+1.859",1859,"+0.128",128,
449,1987,13,6,6,"6","19","teo-fabi","benetton","ford","goodyear","1:24.523",84523,,,,,,,"+2.062",2062,"+0.203",203,
449,1987,13,7,7,"7","1","alain-prost","mclaren","tag","goodyear","1:24.596",84596,,,,,,,"+2.135",2135,"+0.073",73,
449,1987,13,8,8,"8","20","thierry-boutsen","benetton","ford","goodyear","1:25.295",85295,,,,,,,"+2.834",2834,"+0.699",699,
449,1987,13,9,9,"9","7","riccardo-patrese","brabham","bmw","goodyear","1:25.335",85335,,,,,,,"+2.874",2874,"+0.040",40,
449,1987,13,10,10,"10","8","andrea-de-cesaris","brabham","bmw","goodyear","1:25.811",85811,,,,,,,"+3.350",3350,"+0.476",476,
449,1987,13,11,11,"11","2","stefan-johansson","mclaren","tag","goodyear","1:26.147",86147,,,,,,,"+3.686",3686,"+0.336",336,
449,1987,13,12,12,"12","17","derek-warwick","arrows","megatron","goodyear","1:26.728",86728,,,,,,,"+4.267",4267,"+0.581",581,
449,1987,13,13,13,"13","18","eddie-cheever","arrows","megatron","goodyear","1:27.062",87062,,,,,,,"+4.601",4601,"+0.334",334,
449,1987,13,14,14,"14","25","rene-arnoux","ligier","megatron","goodyear","1:28.241",88241,,,,,,,"+5.780",5780,"+1.179",1179,
449,1987,13,15,15,"15","4","philippe-streiff","tyrrell","ford","goodyear","1:28.330",88330,,,,,,,"+5.869",5869,"+0.089",89,
449,1987,13,16,16,"16","3","jonathan-palmer","tyrrell","ford","goodyear","1:28.353",88353,,,,,,,"+5.892",5892,"+0.023",23,
449,1987,13,17,17,"17","30","philippe-alliot","lola","ford","goodyear","1:28.361",88361,,,,,,,"+5.900",5900,"+0.008",8,
449,1987,13,18,18,"18","11","satoru-nakajima","lotus","honda","goodyear","1:28.367",88367,,,,,,,"+5.906",5906,"+0.006",6,
449,1987,13,19,19,"19","16","ivan-capelli","march","ford","goodyear","1:28.477",88477,,,,,,,"+6.016",6016,"+0.110",110,
449,1987,13,20,20,"20","9","martin-brundle","zakspeed","zakspeed","goodyear","1:28.597",88597,,,,,,,"+6.136",6136,"+0.120",120,
449,1987,13,21,21,"21","24","alessandro-nannini","minardi","motori-moderni","goodyear","1:28.602",88602,,,,,,,"+6.141",6141,"+0.005",5,
449,1987,13,22,22,"22","10","christian-danner","zakspeed","zakspeed","goodyear","1:28.667",88667,,,,,,,"+6.206",6206,"+0.065",65,
449,1987,13,23,23,"23","26","piercarlo-ghinzani","ligier","megatron","goodyear","1:29.066",89066,,,,,,,"+6.605",6605,"+0.399",399,
449,1987,13,24,24,"24","23","adrian-campos","minardi","motori-moderni","goodyear","1:29.538",89538,,,,,,,"+7.077",7077,"+0.472",472,
449,1987,13,25,25,"25","14","pascal-fabre","ags","ford","goodyear","1:30.694",90694,,,,,,,"+8.233",8233,"+1.156",1156,
449,1987,13,26,26,"26","32","nicola-larini","coloni","ford","goodyear","1:30.982",90982,,,,,,,"+8.521",8521,"+0.288",288,
449,1987,13,27,27,"27","21","alex-caffi","osella","alfa-romeo","goodyear","1:31.069",91069,,,,,,,"+8.608",8608,"+0.087",87,
449,1987,13,28,28,"28","22","franco-forini","osella","alfa-romeo","goodyear","1:34.723",94723,,,,,,,"+12.262",12262,"+3.654",3654,
450,1987,14,1,1,"1","5","nigel-mansell","williams","honda","goodyear","1:18.383",78383,,,,,,,,,,,
450,1987,14,2,2,"2","28","gerhard-berger","ferrari","ferrari","goodyear","1:18.426",78426,,,,,,,"+0.043",43,"+0.043",43,
450,1987,14,3,3,"3","6","nelson-piquet","williams","honda","goodyear","1:18.463",78463,,,,,,,"+0.080",80,"+0.037",37,
450,1987,14,4,4,"4","20","thierry-boutsen","benetton","ford","goodyear","1:18.691",78691,,,,,,,"+0.308",308,"+0.228",228,
450,1987,14,5,5,"5","1","alain-prost","mclaren","tag","goodyear","1:18.742",78742,,,,,,,"+0.359",359,"+0.051",51,
450,1987,14,6,6,"6","19","teo-fabi","benetton","ford","goodyear","1:18.992",78992,,,,,,,"+0.609",609,"+0.250",250,
450,1987,14,7,7,"7","12","ayrton-senna","lotus","honda","goodyear","1:19.089",79089,,,,,,,"+0.706",706,"+0.097",97,
450,1987,14,8,8,"8","7","riccardo-patrese","brabham","bmw","goodyear","1:19.889",79889,,,,,,,"+1.506",1506,"+0.800",800,
450,1987,14,9,9,"9","27","michele-alboreto","ferrari","ferrari","goodyear","1:19.967",79967,,,,,,,"+1.584",1584,"+0.078",78,
450,1987,14,10,10,"10","8","andrea-de-cesaris","brabham","bmw","goodyear","1:20.141",80141,,,,,,,"+1.758",1758,"+0.174",174,
450,1987,14,11,11,"11","17","derek-warwick","arrows","megatron","goodyear","1:21.664",81664,,,,,,,"+3.281",3281,"+1.523",1523,
450,1987,14,12,12,"12","18","eddie-cheever","arrows","megatron","goodyear","1:21.705",81705,,,,,,,"+3.322",3322,"+0.041",41,
450,1987,14,13,13,"13","9","martin-brundle","zakspeed","zakspeed","goodyear","1:21.711",81711,,,,,,,"+3.328",3328,"+0.006",6,
450,1987,14,14,14,"14","24","alessandro-nannini","minardi","motori-moderni","goodyear","1:22.035",82035,,,,,,,"+3.652",3652,"+0.324",324,
450,1987,14,15,15,"15","2","stefan-johansson","mclaren","tag","goodyear","1:22.185",82185,,,,,,,"+3.802",3802,"+0.150",150,
450,1987,14,16,16,"16","11","satoru-nakajima","lotus","honda","goodyear","1:22.214",82214,,,,,,,"+3.831",3831,"+0.029",29,
450,1987,14,17,17,"17","10","christian-danner","zakspeed","zakspeed","goodyear","1:22.593",82593,,,,,,,"+4.210",4210,"+0.379",379,
450,1987,14,18,18,"18","25","rene-arnoux","ligier","megatron","goodyear","1:23.053",83053,,,,,,,"+4.670",4670,"+0.460",460,
450,1987,14,19,19,"19","23","adrian-campos","minardi","motori-moderni","goodyear","1:23.955",83955,,,,,,,"+5.572",5572,"+0.902",902,
450,1987,14,20,20,"20","16","ivan-capelli","march","ford","goodyear","1:24.404",84404,,,,,,,"+6.021",6021,"+0.449",449,
450,1987,14,21,21,"21","26","piercarlo-ghinzani","ligier","megatron","goodyear","1:24.553",84553,,,,,,,"+6.170",6170,"+0.149",149,
450,1987,14,22,22,"22","3","jonathan-palmer","tyrrell","ford","goodyear","1:24.723",84723,,,,,,,"+6.340",6340,"+0.170",170,
450,1987,14,23,23,"23","29","yannick-dalmas","lola","ford","goodyear","1:24.745",84745,,,,,,,"+6.362",6362,"+0.022",22,
450,1987,14,24,24,"24","30","philippe-alliot","lola","ford","goodyear","1:25.096",85096,,,,,,,"+6.713",6713,"+0.351",351,
450,1987,14,25,25,"25","4","philippe-streiff","tyrrell","ford","goodyear","1:26.305",86305,,,,,,,"+7.922",7922,"+1.209",1209,
450,1987,14,26,26,"26","21","alex-caffi","osella","alfa-romeo","goodyear","1:27.670",87670,,,,,,,"+9.287",9287,"+1.365",1365,
450,1987,14,27,27,"27","14","pascal-fabre","ags","ford","goodyear","1:28.655",88655,,,,,,,"+10.272",10272,"+0.985",985,
451,1987,15,1,1,"1","28","gerhard-berger","ferrari","ferrari","goodyear","1:40.042",100042,,,,,,,,,,,
451,1987,15,2,2,"2","1","alain-prost","mclaren","tag","goodyear","1:40.652",100652,,,,,,,"+0.610",610,"+0.610",610,
451,1987,15,3,3,"3","20","thierry-boutsen","benetton","ford","goodyear","1:40.850",100850,,,,,,,"+0.808",808,"+0.198",198,
451,1987,15,4,4,"4","27","michele-alboreto","ferrari","ferrari","goodyear","1:40.984",100984,,,,,,,"+0.942",942,"+0.134",134,
451,1987,15,5,5,"5","6","nelson-piquet","williams","honda","goodyear","1:41.144",101144,,,,,,,"+1.102",1102,"+0.160",160,
451,1987,15,6,6,"6","19","teo-fabi","benetton","ford","goodyear","1:41.679",101679,,,,,,,"+1.637",1637,"+0.535",535,
451,1987,15,7,7,"7","5","nigel-mansell","williams","honda","goodyear","1:42.616",102616,,,,,,,"+2.574",2574,"+0.937",937,
451,1987,15,8,8,"8","12","ayrton-senna","lotus","honda","goodyear","1:42.723",102723,,,,,,,"+2.681",2681,"+0.107",107,
451,1987,15,9,9,"9","7","riccardo-patrese","brabham","bmw","goodyear","1:43.304",103304,,,,,,,"+3.262",3262,"+0.581",581,
451,1987,15,10,10,"10","2","stefan-johansson","mclaren","tag","goodyear","1:43.371",103371,,,,,,,"+3.329",3329,"+0.067",67,
451,1987,15,11,11,"11","8","andrea-de-cesaris","brabham","bmw","goodyear","1:43.618",103618,,,,,,,"+3.576",3576,"+0.247",247,
451,1987,15,12,12,"12","11","satoru-nakajima","lotus","honda","goodyear","1:43.685",103685,,,,,,,"+3.643",3643,"+0.067",67,
451,1987,15,13,13,"13","18","eddie-cheever","arrows","megatron","goodyear","1:44.277",104277,,,,,,,"+4.235",4235,"+0.592",592,
451,1987,15,14,14,"14","17","derek-warwick","arrows","megatron","goodyear","1:44.626",104626,,,,,,,"+4.584",4584,"+0.349",349,
451,1987,15,15,15,"15","24","alessandro-nannini","minardi","motori-moderni","goodyear","1:45.612",105612,,,,,,,"+5.570",5570,"+0.986",986,
451,1987,15,16,16,"16","9","martin-brundle","zakspeed","zakspeed","goodyear","1:46.023",106023,,,,,,,"+5.981",5981,"+0.411",411,
451,1987,15,17,17,"17","10","christian-danner","zakspeed","zakspeed","goodyear","1:46.116",106116,,,,,,,"+6.074",6074,"+0.093",93,
451,1987,15,18,18,"18","25","rene-arnoux","ligier","megatron","goodyear","1:46.200",106200,,,,,,,"+6.158",6158,"+0.084",84,
451,1987,15,19,19,"19","30","philippe-alliot","lola","ford","goodyear","1:47.395",107395,,,,,,,"+7.353",7353,"+1.195",1195,
451,1987,15,20,20,"20","3","jonathan-palmer","tyrrell","ford","goodyear","1:47.775",107775,,,,,,,"+7.733",7733,"+0.380",380,
451,1987,15,21,21,"21","16","ivan-capelli","march","ford","goodyear","1:48.212",108212,,,,,,,"+8.170",8170,"+0.437",437,
451,1987,15,22,22,"22","23","adrian-campos","minardi","motori-moderni","goodyear","1:48.337",108337,,,,,,,"+8.295",8295,"+0.125",125,
451,1987,15,23,23,"23","29","yannick-dalmas","lola","ford","goodyear","1:48.887",108887,,,,,,,"+8.845",8845,"+0.550",550,
451,1987,15,24,24,"24","21","alex-caffi","osella","alfa-romeo","goodyear","1:49.017",109017,,,,,,,"+8.975",8975,"+0.130",130,
451,1987,15,25,25,"25","26","piercarlo-ghinzani","ligier","megatron","goodyear","1:49.641",109641,,,,,,,"+9.599",9599,"+0.624",624,
451,1987,15,26,26,"26","4","philippe-streiff","tyrrell","ford","goodyear","1:49.741",109741,,,,,,,"+9.699",9699,"+0.100",100,
451,1987,15,27,27,"27","14","roberto-moreno","ags","ford","goodyear","1:50.212",110212,,,,,,,"+10.170",10170,"+0.471",471,
452,1987,16,1,1,"1","28","gerhard-berger","ferrari","ferrari","goodyear","1:17.267",77267,,,,,,,,,,,
452,1987,16,2,2,"2","1","alain-prost","mclaren","tag","goodyear","1:17.967",77967,,,,,,,"+0.700",700,"+0.700",700,
452,1987,16,3,3,"3","6","nelson-piquet","williams","honda","goodyear","1:18.017",78017,,,,,,,"+0.750",750,"+0.050",50,
452,1987,16,4,4,"4","12","ayrton-senna","lotus","honda","goodyear","1:18.488",78488,,,,,,,"+1.221",1221,"+0.471",471,
452,1987,16,5,5,"5","20","thierry-boutsen","benetton","ford","goodyear","1:18.523",78523,,,,,,,"+1.256",1256,"+0.035",35,
452,1987,16,6,6,"6","27","michele-alboreto","ferrari","ferrari","goodyear","1:18.578",78578,,,,,,,"+1.311",1311,"+0.055",55,
452,1987,16,7,7,"7","5","riccardo-patrese","williams","honda","goodyear","1:18.813",78813,,,,,,,"+1.546",1546,"+0.235",235,
452,1987,16,8,8,"8","2","stefan-johansson","mclaren","tag","goodyear","1:18.826",78826,,,,,,,"+1.559",1559,"+0.013",13,
452,1987,16,9,9,"9","19","teo-fabi","benetton","ford","goodyear","1:19.461",79461,,,,,,,"+2.194",2194,"+0.635",635,
452,1987,16,10,10,"10","8","andrea-de-cesaris","brabham","bmw","goodyear","1:19.590",79590,,,,,,,"+2.323",2323,"+0.129",129,
452,1987,16,11,11,"11","18","eddie-cheever","arrows","megatron","goodyear","1:20.187",80187,,,,,,,"+2.920",2920,"+0.597",597,
452,1987,16,12,12,"12","17","derek-warwick","arrows","megatron","goodyear","1:20.638",80638,,,,,,,"+3.371",3371,"+0.451",451,
452,1987,16,13,13,"13","24","alessandro-nannini","minardi","motori-moderni","goodyear","1:20.701",80701,,,,,,,"+3.434",3434,"+0.063",63,
452,1987,16,14,14,"14","11","satoru-nakajima","lotus","honda","goodyear","1:20.891",80891,,,,,,,"+3.624",3624,"+0.190",190,
452,1987,16,15,15,"15","7","stefano-modena","brabham","bmw","goodyear","1:21.014",81014,,,,,,,"+3.747",3747,"+0.123",123,
452,1987,16,16,16,"16","9","martin-brundle","zakspeed","zakspeed","goodyear","1:21.483",81483,,,,,,,"+4.216",4216,"+0.469",469,
452,1987,16,17,17,"17","30","philippe-alliot","lola","ford","goodyear","1:21.888",81888,,,,,,,"+4.621",4621,"+0.405",405,
452,1987,16,18,18,"18","4","philippe-streiff","tyrrell","ford","goodyear","1:21.971",81971,,,,,,,"+4.704",4704,"+0.083",83,
452,1987,16,19,19,"19","3","jonathan-palmer","tyrrell","ford","goodyear","1:22.087",82087,,,,,,,"+4.820",4820,"+0.116",116,
452,1987,16,20,20,"20","25","rene-arnoux","ligier","megatron","goodyear","1:22.303",82303,,,,,,,"+5.036",5036,"+0.216",216,
452,1987,16,21,21,"21","29","yannick-dalmas","lola","ford","goodyear","1:22.650",82650,,,,,,,"+5.383",5383,"+0.347",347,
452,1987,16,22,22,"22","26","piercarlo-ghinzani","ligier","megatron","goodyear","1:22.689",82689,,,,,,,"+5.422",5422,"+0.039",39,
452,1987,16,23,23,"23","16","ivan-capelli","march","ford","goodyear","1:22.698",82698,,,,,,,"+5.431",5431,"+0.009",9,
452,1987,16,24,24,"24","10","christian-danner","zakspeed","zakspeed","goodyear","1:22.736",82736,,,,,,,"+5.469",5469,"+0.038",38,
452,1987,16,25,25,"25","14","roberto-moreno","ags","ford","goodyear","1:23.659",83659,,,,,,,"+6.392",6392,"+0.923",923,
452,1987,16,26,26,"26","23","adrian-campos","minardi","motori-moderni","goodyear","1:24.121",84121,,,,,,,"+6.854",6854,"+0.462",462,
452,1987,16,27,27,"27","21","alex-caffi","osella","alfa-romeo","goodyear","1:25.872",85872,,,,,,,"+8.605",8605,"+1.751",1751,
453,1988,1,1,1,"1","12","ayrton-senna","mclaren","honda","goodyear","1:28.096",88096,,,,,,,,,,,
453,1988,1,2,2,"2","5","nigel-mansell","williams","judd","goodyear","1:28.632",88632,,,,,,,"+0.536",536,"+0.536",536,
453,1988,1,3,3,"3","11","alain-prost","mclaren","honda","goodyear","1:28.782",88782,,,,,,,"+0.686",686,"+0.150",150,
453,1988,1,4,4,"4","28","gerhard-berger","ferrari","ferrari","goodyear","1:29.026",89026,,,,,,,"+0.930",930,"+0.244",244,
453,1988,1,5,5,"5","1","nelson-piquet","lotus","honda","goodyear","1:30.087",90087,,,,,,,"+1.991",1991,"+1.061",1061,
453,1988,1,6,6,"6","27","michele-alboreto","ferrari","ferrari","goodyear","1:30.114",90114,,,,,,,"+2.018",2018,"+0.027",27,
453,1988,1,7,7,"7","20","thierry-boutsen","benetton","ford","goodyear","1:30.140",90140,,,,,,,"+2.044",2044,"+0.026",26,
453,1988,1,8,8,"8","6","riccardo-patrese","williams","judd","goodyear","1:30.439",90439,,,,,,,"+2.343",2343,"+0.299",299,
453,1988,1,9,9,"9","16","ivan-capelli","march","judd","goodyear","1:30.929",90929,,,,,,,"+2.833",2833,"+0.490",490,
453,1988,1,10,10,"10","2","satoru-nakajima","lotus","honda","goodyear","1:31.280",91280,,,,,,,"+3.184",3184,"+0.351",351,
453,1988,1,11,11,"11","17","derek-warwick","arrows","megatron","goodyear","1:31.723",91723,,,,,,,"+3.627",3627,"+0.443",443,
453,1988,1,12,12,"12","19","alessandro-nannini","benetton","ford","goodyear","1:31.772",91772,,,,,,,"+3.676",3676,"+0.049",49,
453,1988,1,13,13,"13","15","mauricio-gugelmin","march","judd","goodyear","1:31.833",91833,,,,,,,"+3.737",3737,"+0.061",61,
453,1988,1,14,14,"14","22","andrea-de-cesaris","rial","ford","goodyear","1:32.275",92275,,,,,,,"+4.179",4179,"+0.442",442,
453,1988,1,15,15,"15","18","eddie-cheever","arrows","megatron","goodyear","1:32.843",92843,,,,,,,"+4.747",4747,"+0.568",568,
453,1988,1,16,16,"16","30","philippe-alliot","lola","ford","goodyear","1:32.933",92933,,,,,,,"+4.837",4837,"+0.090",90,
453,1988,1,17,17,"17","29","yannick-dalmas","lola","ford","goodyear","1:33.408",93408,,,,,,,"+5.312",5312,"+0.475",475,
453,1988,1,18,18,"18","25","rene-arnoux","ligier","judd","goodyear","1:34.474",94474,,,,,,,"+6.378",6378,"+1.066",1066,
453,1988,1,19,19,"19","14","philippe-streiff","ags","ford","goodyear","1:34.481",94481,,,,,,,"+6.385",6385,"+0.007",7,
453,1988,1,20,20,"20","24","luis-perez-sala","minardi","ford","goodyear","1:34.532",94532,,,,,,,"+6.436",6436,"+0.051",51,
453,1988,1,21,21,"21","26","stefan-johansson","ligier","judd","goodyear","1:34.579",94579,,,,,,,"+6.483",6483,"+0.047",47,
453,1988,1,22,22,"22","3","jonathan-palmer","tyrrell","ford","goodyear","1:34.686",94686,,,,,,,"+6.590",6590,"+0.107",107,
453,1988,1,23,23,"23","23","adrian-campos","minardi","ford","goodyear","1:34.886",94886,,,,,,,"+6.790",6790,"+0.200",200,
453,1988,1,24,24,"24","33","stefano-modena","eurobrun","ford","goodyear","1:34.910",94910,,,,,,,"+6.814",6814,"+0.024",24,
453,1988,1,25,25,"25","31","gabriele-tarquini","coloni","ford","goodyear","1:35.407",95407,,,,,,,"+7.311",7311,"+0.497",497,
453,1988,1,26,26,"26","32","oscar-larrauri","eurobrun","ford","goodyear","1:35.711",95711,,,,,,,"+7.615",7615,"+0.304",304,
453,1988,1,27,27,"27","4","julian-bailey","tyrrell","ford","goodyear","1:36.137",96137,,,,,,,"+8.041",8041,"+0.426",426,
453,1988,1,28,28,"28","9","piercarlo-ghinzani","zakspeed","zakspeed","goodyear","1:37.621",97621,,,,,,,"+9.525",9525,"+1.484",1484,
453,1988,1,29,29,"29","21","nicola-larini","osella","osella","goodyear","1:38.371",98371,,,,,,,"+10.275",10275,"+0.750",750,
453,1988,1,30,30,"30","10","bernd-schneider","zakspeed","zakspeed","goodyear","1:38.614",98614,,,,,,,"+10.518",10518,"+0.243",243,
454,1988,2,1,1,"1","12","ayrton-senna","mclaren","honda","goodyear","1:27.148",87148,,,,,,,,,,,
454,1988,2,2,2,"2","11","alain-prost","mclaren","honda","goodyear","1:27.919",87919,,,,,,,"+0.771",771,"+0.771",771,
454,1988,2,3,3,"3","1","nelson-piquet","lotus","honda","goodyear","1:30.500",90500,,,,,,,"+3.352",3352,"+2.581",2581,
454,1988,2,4,4,"4","19","alessandro-nannini","benetton","ford","goodyear","1:30.590",90590,,,,,,,"+3.442",3442,"+0.090",90,
454,1988,2,5,5,"5","28","gerhard-berger","ferrari","ferrari","goodyear","1:30.683",90683,,,,,,,"+3.535",3535,"+0.093",93,
454,1988,2,6,6,"6","6","riccardo-patrese","williams","judd","goodyear","1:30.952",90952,,,,,,,"+3.804",3804,"+0.269",269,
454,1988,2,7,7,"7","18","eddie-cheever","arrows","megatron","goodyear","1:31.300",91300,,,,,,,"+4.152",4152,"+0.348",348,
454,1988,2,8,8,"8","20","thierry-boutsen","benetton","ford","goodyear","1:31.414",91414,,,,,,,"+4.266",4266,"+0.114",114,
454,1988,2,9,9,"9","16","ivan-capelli","march","judd","goodyear","1:31.519",91519,,,,,,,"+4.371",4371,"+0.105",105,
454,1988,2,10,10,"10","27","michele-alboreto","ferrari","ferrari","goodyear","1:31.520",91520,,,,,,,"+4.372",4372,"+0.001",1,
454,1988,2,11,11,"11","5","nigel-mansell","williams","judd","goodyear","1:31.635",91635,,,,,,,"+4.487",4487,"+0.115",115,
454,1988,2,12,12,"12","2","satoru-nakajima","lotus","honda","goodyear","1:31.647",91647,,,,,,,"+4.499",4499,"+0.012",12,
454,1988,2,13,13,"13","14","philippe-streiff","ags","ford","goodyear","1:32.013",92013,,,,,,,"+4.865",4865,"+0.366",366,
454,1988,2,14,14,"14","17","derek-warwick","arrows","megatron","goodyear","1:32.483",92483,,,,,,,"+5.335",5335,"+0.470",470,
454,1988,2,15,15,"15","30","philippe-alliot","lola","ford","goodyear","1:32.712",92712,,,,,,,"+5.564",5564,"+0.229",229,
454,1988,2,16,16,"16","22","andrea-de-cesaris","rial","ford","goodyear","1:33.037",93037,,,,,,,"+5.889",5889,"+0.325",325,
454,1988,2,17,17,"17","31","gabriele-tarquini","coloni","ford","goodyear","1:33.236",93236,,,,,,,"+6.088",6088,"+0.199",199,
454,1988,2,18,18,"18","24","luis-perez-sala","minardi","ford","goodyear","1:33.239",93239,,,,,,,"+6.091",6091,"+0.003",3,
454,1988,2,19,19,"19","29","yannick-dalmas","lola","ford","goodyear","1:33.374",93374,,,,,,,"+6.226",6226,"+0.135",135,
454,1988,2,20,20,"20","15","mauricio-gugelmin","march","judd","goodyear","1:33.448",93448,,,,,,,"+6.300",6300,"+0.074",74,
454,1988,2,21,21,"21","4","julian-bailey","tyrrell","ford","goodyear","1:33.874",93874,,,,,,,"+6.726",6726,"+0.426",426,
454,1988,2,22,22,"22","23","adrian-campos","minardi","ford","goodyear","1:33.903",93903,,,,,,,"+6.755",6755,"+0.029",29,
454,1988,2,23,23,"23","3","jonathan-palmer","tyrrell","ford","goodyear","1:33.972",93972,,,,,,,"+6.824",6824,"+0.069",69,
454,1988,2,24,24,"24","36","alex-caffi","dallara","ford","goodyear","1:34.204",94204,,,,,,,"+7.056",7056,"+0.232",232,
454,1988,2,25,25,"25","9","piercarlo-ghinzani","zakspeed","zakspeed","goodyear","1:34.567",94567,,,,,,,"+7.419",7419,"+0.363",363,
454,1988,2,26,26,"26","33","stefano-modena","eurobrun","ford","goodyear","1:34.782",94782,,,,,,,"+7.634",7634,"+0.215",215,
454,1988,2,27,27,"27","32","oscar-larrauri","eurobrun","ford","goodyear","1:35.077",95077,,,,,,,"+7.929",7929,"+0.295",295,
454,1988,2,28,28,"28","26","stefan-johansson","ligier","judd","goodyear","1:35.654",95654,,,,,,,"+8.506",8506,"+0.577",577,
454,1988,2,29,29,"29","25","rene-arnoux","ligier","judd","goodyear","1:36.123",96123,,,,,,,"+8.975",8975,"+0.469",469,
454,1988,2,30,30,"30","10","bernd-schneider","zakspeed","zakspeed","goodyear","1:36.218",96218,,,,,,,"+9.070",9070,"+0.095",95,
455,1988,3,1,1,"1","12","ayrton-senna","mclaren","honda","goodyear","1:23.998",83998,,,,,,,,,,,
455,1988,3,2,2,"2","11","alain-prost","mclaren","honda","goodyear","1:25.425",85425,,,,,,,"+1.427",1427,"+1.427",1427,
455,1988,3,3,3,"3","28","gerhard-berger","ferrari","ferrari","goodyear","1:26.685",86685,,,,,,,"+2.687",2687,"+1.260",1260,
455,1988,3,4,4,"4","27","michele-alboreto","ferrari","ferrari","goodyear","1:27.297",87297,,,,,,,"+3.299",3299,"+0.612",612,
455,1988,3,5,5,"5","5","nigel-mansell","williams","judd","goodyear","1:27.665",87665,,,,,,,"+3.667",3667,"+0.368",368,
455,1988,3,6,6,"6","19","alessandro-nannini","benetton","ford","goodyear","1:27.869",87869,,,,,,,"+3.871",3871,"+0.204",204,
455,1988,3,7,7,"7","17","derek-warwick","arrows","megatron","goodyear","1:27.872",87872,,,,,,,"+3.874",3874,"+0.003",3,
455,1988,3,8,8,"8","6","riccardo-patrese","williams","judd","goodyear","1:28.016",88016,,,,,,,"+4.018",4018,"+0.144",144,
455,1988,3,9,9,"9","18","eddie-cheever","arrows","megatron","goodyear","1:28.227",88227,,,,,,,"+4.229",4229,"+0.211",211,
455,1988,3,10,10,"10","3","jonathan-palmer","tyrrell","ford","goodyear","1:28.358",88358,,,,,,,"+4.360",4360,"+0.131",131,
455,1988,3,11,11,"11","1","nelson-piquet","lotus","honda","goodyear","1:28.403",88403,,,,,,,"+4.405",4405,"+0.045",45,
455,1988,3,12,12,"12","14","philippe-streiff","ags","ford","goodyear","1:28.527",88527,,,,,,,"+4.529",4529,"+0.124",124,
455,1988,3,13,13,"13","30","philippe-alliot","lola","ford","goodyear","1:28.536",88536,,,,,,,"+4.538",4538,"+0.009",9,
455,1988,3,14,14,"14","15","mauricio-gugelmin","march","judd","goodyear","1:28.610",88610,,,,,,,"+4.612",4612,"+0.074",74,
455,1988,3,15,15,"15","24","luis-perez-sala","minardi","ford","goodyear","1:28.625",88625,,,,,,,"+4.627",4627,"+0.015",15,
455,1988,3,16,16,"16","20","thierry-boutsen","benetton","ford","goodyear","1:28.640",88640,,,,,,,"+4.642",4642,"+0.015",15,
455,1988,3,17,17,"17","36","alex-caffi","dallara","ford","goodyear","1:29.075",89075,,,,,,,"+5.077",5077,"+0.435",435,
455,1988,3,18,18,"18","32","oscar-larrauri","eurobrun","ford","goodyear","1:29.093",89093,,,,,,,"+5.095",5095,"+0.018",18,
455,1988,3,19,19,"19","22","andrea-de-cesaris","rial","ford","goodyear","1:29.298",89298,,,,,,,"+5.300",5300,"+0.205",205,
455,1988,3,20,20,"20","25","rene-arnoux","ligier","judd","goodyear","1:29.480",89480,,,,,,,"+5.482",5482,"+0.182",182,
455,1988,3,21,21,"21","29","yannick-dalmas","lola","ford","goodyear","1:29.601",89601,,,,,,,"+5.603",5603,"+0.121",121,
455,1988,3,22,22,"22","16","ivan-capelli","march","judd","goodyear","1:29.603",89603,,,,,,,"+5.605",5605,"+0.002",2,
455,1988,3,23,23,"23","9","piercarlo-ghinzani","zakspeed","zakspeed","goodyear","1:30.121",90121,,,,,,,"+6.123",6123,"+0.518",518,
455,1988,3,24,24,"24","31","gabriele-tarquini","coloni","ford","goodyear","1:30.252",90252,,,,,,,"+6.254",6254,"+0.131",131,
455,1988,3,25,25,"25","21","nicola-larini","osella","osella","goodyear","1:30.335",90335,,,,,,,"+6.337",6337,"+0.083",83,
455,1988,3,26,26,"26","26","stefan-johansson","ligier","judd","goodyear","1:30.505",90505,,,,,,,"+6.507",6507,"+0.170",170,
455,1988,3,27,27,"27","2","satoru-nakajima","lotus","honda","goodyear","1:30.611",90611,,,,,,,"+6.613",6613,"+0.106",106,
455,1988,3,28,28,"28","10","bernd-schneider","zakspeed","zakspeed","goodyear","1:30.613",90613,,,,,,,"+6.615",6615,"+0.002",2,
455,1988,3,29,29,"29","23","adrian-campos","minardi","ford","goodyear","1:30.793",90793,,,,,,,"+6.795",6795,"+0.180",180,
455,1988,3,30,30,"30","4","julian-bailey","tyrrell","ford","goodyear","1:30.816",90816,,,,,,,"+6.818",6818,"+0.023",23,
456,1988,4,1,1,"1","12","ayrton-senna","mclaren","honda","goodyear","1:17.468",77468,,,,,,,,,,,
456,1988,4,2,2,"2","11","alain-prost","mclaren","honda","goodyear","1:18.097",78097,,,,,,,"+0.629",629,"+0.629",629,
456,1988,4,3,3,"3","28","gerhard-berger","ferrari","ferrari","goodyear","1:18.120",78120,,,,,,,"+0.652",652,"+0.023",23,
456,1988,4,4,4,"4","1","nelson-piquet","lotus","honda","goodyear","1:18.946",78946,,,,,,,"+1.478",1478,"+0.826",826,
456,1988,4,5,5,"5","27","michele-alboreto","ferrari","ferrari","goodyear","1:19.626",79626,,,,,,,"+2.158",2158,"+0.680",680,
456,1988,4,6,6,"6","2","satoru-nakajima","lotus","honda","goodyear","1:20.275",80275,,,,,,,"+2.807",2807,"+0.649",649,
456,1988,4,7,7,"7","18","eddie-cheever","arrows","megatron","goodyear","1:20.451",80451,,,,,,,"+2.983",2983,"+0.176",176,
456,1988,4,8,8,"8","19","alessandro-nannini","benetton","ford","goodyear","1:20.740",80740,,,,,,,"+3.272",3272,"+0.289",289,
456,1988,4,9,9,"9","17","derek-warwick","arrows","megatron","goodyear","1:20.775",80775,,,,,,,"+3.307",3307,"+0.035",35,
456,1988,4,10,10,"10","16","ivan-capelli","march","judd","goodyear","1:21.952",81952,,,,,,,"+4.484",4484,"+1.177",1177,
456,1988,4,11,11,"11","20","thierry-boutsen","benetton","ford","goodyear","1:22.029",82029,,,,,,,"+4.561",4561,"+0.077",77,
456,1988,4,12,12,"12","22","andrea-de-cesaris","rial","ford","goodyear","1:22.245",82245,,,,,,,"+4.777",4777,"+0.216",216,
456,1988,4,13,13,"13","30","philippe-alliot","lola","ford","goodyear","1:22.348",82348,,,,,,,"+4.880",4880,"+0.103",103,
456,1988,4,14,14,"14","5","nigel-mansell","williams","judd","goodyear","1:22.363",82363,,,,,,,"+4.895",4895,"+0.015",15,
456,1988,4,15,15,"15","10","bernd-schneider","zakspeed","zakspeed","goodyear","1:22.642",82642,,,,,,,"+5.174",5174,"+0.279",279,
456,1988,4,16,16,"16","15","mauricio-gugelmin","march","judd","goodyear","1:22.801",82801,,,,,,,"+5.333",5333,"+0.159",159,
456,1988,4,17,17,"17","6","riccardo-patrese","williams","judd","goodyear","1:22.972",82972,,,,,,,"+5.504",5504,"+0.171",171,
456,1988,4,18,18,"18","9","piercarlo-ghinzani","zakspeed","zakspeed","goodyear","1:23.078",83078,,,,,,,"+5.610",5610,"+0.106",106,
456,1988,4,19,19,"19","14","philippe-streiff","ags","ford","goodyear","1:23.191",83191,,,,,,,"+5.723",5723,"+0.113",113,
456,1988,4,20,20,"20","25","rene-arnoux","ligier","judd","goodyear","1:23.287",83287,,,,,,,"+5.819",5819,"+0.096",96,
456,1988,4,21,21,"21","31","gabriele-tarquini","coloni","ford","goodyear","1:23.603",83603,,,,,,,"+6.135",6135,"+0.316",316,
456,1988,4,22,22,"22","29","yannick-dalmas","lola","ford","goodyear","1:23.606",83606,,,,,,,"+6.138",6138,"+0.003",3,
456,1988,4,23,23,"23","36","alex-caffi","dallara","ford","goodyear","1:23.716",83716,,,,,,,"+6.248",6248,"+0.110",110,
456,1988,4,24,24,"24","26","stefan-johansson","ligier","judd","goodyear","1:23.721",83721,,,,,,,"+6.253",6253,"+0.005",5,
456,1988,4,25,25,"25","24","luis-perez-sala","minardi","ford","goodyear","1:23.857",83857,,,,,,,"+6.389",6389,"+0.136",136,
456,1988,4,26,26,"26","32","oscar-larrauri","eurobrun","ford","goodyear","1:24.032",84032,,,,,,,"+6.564",6564,"+0.175",175,
456,1988,4,27,27,"27","3","jonathan-palmer","tyrrell","ford","goodyear","1:24.390",84390,,,,,,,"+6.922",6922,"+0.358",358,
456,1988,4,28,28,"28","21","nicola-larini","osella","osella","goodyear","1:24.405",84405,,,,,,,"+6.937",6937,"+0.015",15,
456,1988,4,29,29,"29","4","julian-bailey","tyrrell","ford","goodyear","1:25.231",85231,,,,,,,"+7.763",7763,"+0.826",826,
456,1988,4,30,30,"30","23","adrian-campos","minardi","ford","goodyear","1:26.058",86058,,,,,,,"+8.590",8590,"+0.827",827,
456,1988,4,31,,"EX","33","stefano-modena","eurobrun","ford","goodyear",,,,,,,,,,,,,
457,1988,5,1,1,"1","12","ayrton-senna","mclaren","honda","goodyear","1:21.681",81681,,,,,,,,,,,
457,1988,5,2,2,"2","11","alain-prost","mclaren","honda","goodyear","1:21.863",81863,,,,,,,"+0.182",182,"+0.182",182,
457,1988,5,3,3,"3","28","gerhard-berger","ferrari","ferrari","goodyear","1:22.719",82719,,,,,,,"+1.038",1038,"+0.856",856,
457,1988,5,4,4,"4","27","michele-alboreto","ferrari","ferrari","goodyear","1:23.296",83296,,,,,,,"+1.615",1615,"+0.577",577,
457,1988,5,5,5,"5","19","alessandro-nannini","benetton","ford","goodyear","1:23.968",83968,,,,,,,"+2.287",2287,"+0.672",672,
457,1988,5,6,6,"6","1","nelson-piquet","lotus","honda","goodyear","1:23.995",83995,,,,,,,"+2.314",2314,"+0.027",27,
457,1988,5,7,7,"7","20","thierry-boutsen","benetton","ford","goodyear","1:24.115",84115,,,,,,,"+2.434",2434,"+0.120",120,
457,1988,5,8,8,"8","18","eddie-cheever","arrows","megatron","goodyear","1:24.679",84679,,,,,,,"+2.998",2998,"+0.564",564,
457,1988,5,9,9,"9","5","nigel-mansell","williams","judd","goodyear","1:24.844",84844,,,,,,,"+3.163",3163,"+0.165",165,
457,1988,5,10,10,"10","14","philippe-streiff","ags","ford","goodyear","1:24.968",84968,,,,,,,"+3.287",3287,"+0.124",124,
457,1988,5,11,11,"11","6","riccardo-patrese","williams","judd","goodyear","1:24.971",84971,,,,,,,"+3.290",3290,"+0.003",3,
457,1988,5,12,12,"12","22","andrea-de-cesaris","rial","ford","goodyear","1:24.988",84988,,,,,,,"+3.307",3307,"+0.017",17,
457,1988,5,13,13,"13","2","satoru-nakajima","lotus","honda","goodyear","1:25.373",85373,,,,,,,"+3.692",3692,"+0.385",385,
457,1988,5,14,14,"14","16","ivan-capelli","march","judd","goodyear","1:25.609",85609,,,,,,,"+3.928",3928,"+0.236",236,
457,1988,5,15,15,"15","33","stefano-modena","eurobrun","ford","goodyear","1:25.713",85713,,,,,,,"+4.032",4032,"+0.104",104,
457,1988,5,16,16,"16","17","derek-warwick","arrows","megatron","goodyear","1:25.740",85740,,,,,,,"+4.059",4059,"+0.027",27,
457,1988,5,17,17,"17","30","philippe-alliot","lola","ford","goodyear","1:25.765",85765,,,,,,,"+4.084",4084,"+0.025",25,
457,1988,5,18,18,"18","15","mauricio-gugelmin","march","judd","goodyear","1:25.910",85910,,,,,,,"+4.229",4229,"+0.145",145,
457,1988,5,19,19,"19","3","jonathan-palmer","tyrrell","ford","goodyear","1:26.092",86092,,,,,,,"+4.411",4411,"+0.182",182,
457,1988,5,20,20,"20","25","rene-arnoux","ligier","judd","goodyear","1:26.327",86327,,,,,,,"+4.646",4646,"+0.235",235,
457,1988,5,21,21,"21","24","luis-perez-sala","minardi","ford","goodyear","1:26.437",86437,,,,,,,"+4.756",4756,"+0.110",110,
457,1988,5,22,22,"22","9","piercarlo-ghinzani","zakspeed","zakspeed","goodyear","1:26.784",86784,,,,,,,"+5.103",5103,"+0.347",347,
457,1988,5,23,23,"23","4","julian-bailey","tyrrell","ford","goodyear","1:27.139",87139,,,,,,,"+5.458",5458,"+0.355",355,
457,1988,5,24,24,"24","32","oscar-larrauri","eurobrun","ford","goodyear","1:27.321",87321,,,,,,,"+5.640",5640,"+0.182",182,
457,1988,5,25,25,"25","26","stefan-johansson","ligier","judd","goodyear","1:27.637",87637,,,,,,,"+5.956",5956,"+0.316",316,
457,1988,5,26,26,"26","31","gabriele-tarquini","coloni","ford","goodyear","1:27.665",87665,,,,,,,"+5.984",5984,"+0.028",28,
457,1988,5,27,27,"27","23","adrian-campos","minardi","ford","goodyear","1:27.885",87885,,,,,,,"+6.204",6204,"+0.220",220,
457,1988,5,28,28,"28","21","nicola-larini","osella","osella","goodyear","1:27.981",87981,,,,,,,"+6.300",6300,"+0.096",96,
457,1988,5,29,29,"29","29","yannick-dalmas","lola","ford","goodyear","1:28.012",88012,,,,,,,"+6.331",6331,"+0.031",31,
457,1988,5,30,30,"30","10","bernd-schneider","zakspeed","zakspeed","goodyear","1:28.215",88215,,,,,,,"+6.534",6534,"+0.203",203,
458,1988,6,1,1,"1","12","ayrton-senna","mclaren","honda","goodyear","1:40.606",100606,,,,,,,,,,,
458,1988,6,2,2,"2","28","gerhard-berger","ferrari","ferrari","goodyear","1:41.464",101464,,,,,,,"+0.858",858,"+0.858",858,
458,1988,6,3,3,"3","27","michele-alboreto","ferrari","ferrari","goodyear","1:41.700",101700,,,,,,,"+1.094",1094,"+0.236",236,
458,1988,6,4,4,"4","11","alain-prost","mclaren","honda","goodyear","1:42.019",102019,,,,,,,"+1.413",1413,"+0.319",319,
458,1988,6,5,5,"5","20","thierry-boutsen","benetton","ford","goodyear","1:42.690",102690,,,,,,,"+2.084",2084,"+0.671",671,
458,1988,6,6,6,"6","5","nigel-mansell","williams","judd","goodyear","1:42.897",102897,,,,,,,"+2.291",2291,"+0.207",207,
458,1988,6,7,7,"7","19","alessandro-nannini","benetton","ford","goodyear","1:43.117",103117,,,,,,,"+2.511",2511,"+0.220",220,
458,1988,6,8,8,"8","1","nelson-piquet","lotus","honda","goodyear","1:43.314",103314,,,,,,,"+2.708",2708,"+0.197",197,
458,1988,6,9,9,"9","17","derek-warwick","arrows","megatron","goodyear","1:43.799",103799,,,,,,,"+3.193",3193,"+0.485",485,
458,1988,6,10,10,"10","6","riccardo-patrese","williams","judd","goodyear","1:43.810",103810,,,,,,,"+3.204",3204,"+0.011",11,
458,1988,6,11,11,"11","14","philippe-streiff","ags","ford","goodyear","1:44.204",104204,,,,,,,"+3.598",3598,"+0.394",394,
458,1988,6,12,12,"12","22","andrea-de-cesaris","rial","ford","goodyear","1:44.216",104216,,,,,,,"+3.610",3610,"+0.012",12,
458,1988,6,13,13,"13","15","mauricio-gugelmin","march","judd","goodyear","1:44.474",104474,,,,,,,"+3.868",3868,"+0.258",258,
458,1988,6,14,14,"14","30","philippe-alliot","lola","ford","goodyear","1:44.590",104590,,,,,,,"+3.984",3984,"+0.116",116,
458,1988,6,15,15,"15","18","eddie-cheever","arrows","megatron","goodyear","1:44.948",104948,,,,,,,"+4.342",4342,"+0.358",358,
458,1988,6,16,16,"16","23","pierluigi-martini","minardi","ford","goodyear","1:45.048",105048,,,,,,,"+4.442",4442,"+0.100",100,
458,1988,6,17,17,"17","3","jonathan-palmer","tyrrell","ford","goodyear","1:45.268",105268,,,,,,,"+4.662",4662,"+0.220",220,
458,1988,6,18,18,"18","26","stefan-johansson","ligier","judd","goodyear","1:45.275",105275,,,,,,,"+4.669",4669,"+0.007",7,
458,1988,6,19,19,"19","33","stefano-modena","eurobrun","ford","goodyear","1:45.304",105304,,,,,,,"+4.698",4698,"+0.029",29,
458,1988,6,20,20,"20","25","rene-arnoux","ligier","judd","goodyear","1:45.437",105437,,,,,,,"+4.831",4831,"+0.133",133,
458,1988,6,21,21,"21","16","ivan-capelli","march","judd","goodyear","1:45.544",105544,,,,,,,"+4.938",4938,"+0.107",107,
458,1988,6,22,22,"22","36","alex-caffi","dallara","ford","goodyear","1:45.750",105750,,,,,,,"+5.144",5144,"+0.206",206,
458,1988,6,23,23,"23","4","julian-bailey","tyrrell","ford","goodyear","1:46.286",106286,,,,,,,"+5.680",5680,"+0.536",536,
458,1988,6,24,24,"24","32","oscar-larrauri","eurobrun","ford","goodyear","1:46.390",106390,,,,,,,"+5.784",5784,"+0.104",104,
458,1988,6,25,25,"25","29","yannick-dalmas","lola","ford","goodyear","1:46.422",106422,,,,,,,"+5.816",5816,"+0.032",32,
458,1988,6,26,26,"26","24","luis-perez-sala","minardi","ford","goodyear","1:46.593",106593,,,,,,,"+5.987",5987,"+0.171",171,
458,1988,6,27,27,"27","21","nicola-larini","osella","osella","goodyear","1:46.623",106623,,,,,,,"+6.017",6017,"+0.030",30,
458,1988,6,28,28,"28","2","satoru-nakajima","lotus","honda","goodyear","1:47.243",107243,,,,,,,"+6.637",6637,"+0.620",620,
458,1988,6,29,29,"29","10","bernd-schneider","zakspeed","zakspeed","goodyear","1:48.249",108249,,,,,,,"+7.643",7643,"+1.006",1006,
458,1988,6,30,30,"30","9","piercarlo-ghinzani","zakspeed","zakspeed","goodyear","1:48.925",108925,,,,,,,"+8.319",8319,"+0.676",676,
459,1988,7,1,1,"1","11","alain-prost","mclaren","honda","goodyear","1:07.589",67589,,,,,,,,,,,
459,1988,7,2,2,"2","12","ayrton-senna","mclaren","honda","goodyear","1:08.067",68067,,,,,,,"+0.478",478,"+0.478",478,
459,1988,7,3,3,"3","28","gerhard-berger","ferrari","ferrari","goodyear","1:08.282",68282,,,,,,,"+0.693",693,"+0.215",215,
459,1988,7,4,4,"4","27","michele-alboreto","ferrari","ferrari","goodyear","1:09.422",69422,,,,,,,"+1.833",1833,"+1.140",1140,
459,1988,7,5,5,"5","20","thierry-boutsen","benetton","ford","goodyear","1:09.587",69587,,,,,,,"+1.998",1998,"+0.165",165,
459,1988,7,6,6,"6","19","alessandro-nannini","benetton","ford","goodyear","1:09.718",69718,,,,,,,"+2.129",2129,"+0.131",131,
459,1988,7,7,7,"7","1","nelson-piquet","lotus","honda","goodyear","1:09.734",69734,,,,,,,"+2.145",2145,"+0.016",16,
459,1988,7,8,8,"8","2","satoru-nakajima","lotus","honda","goodyear","1:10.250",70250,,,,,,,"+2.661",2661,"+0.516",516,
459,1988,7,9,9,"9","5","nigel-mansell","williams","judd","goodyear","1:10.337",70337,,,,,,,"+2.748",2748,"+0.087",87,
459,1988,7,10,10,"10","16","ivan-capelli","march","judd","goodyear","1:10.496",70496,,,,,,,"+2.907",2907,"+0.159",159,
459,1988,7,11,11,"11","17","derek-warwick","arrows","megatron","goodyear","1:10.634",70634,,,,,,,"+3.045",3045,"+0.138",138,
459,1988,7,12,12,"12","22","andrea-de-cesaris","rial","ford","goodyear","1:10.861",70861,,,,,,,"+3.272",3272,"+0.227",227,
459,1988,7,13,13,"13","18","eddie-cheever","arrows","megatron","goodyear","1:10.979",70979,,,,,,,"+3.390",3390,"+0.118",118,
459,1988,7,14,14,"14","36","alex-caffi","dallara","ford","goodyear","1:11.211",71211,,,,,,,"+3.622",3622,"+0.232",232,
459,1988,7,15,15,"15","6","riccardo-patrese","williams","judd","goodyear","1:11.286",71286,,,,,,,"+3.697",3697,"+0.075",75,
459,1988,7,16,16,"16","15","mauricio-gugelmin","march","judd","goodyear","1:11.315",71315,,,,,,,"+3.726",3726,"+0.029",29,
459,1988,7,17,17,"17","14","philippe-streiff","ags","ford","goodyear","1:11.466",71466,,,,,,,"+3.877",3877,"+0.151",151,
459,1988,7,18,18,"18","30","philippe-alliot","lola","ford","goodyear","1:11.511",71511,,,,,,,"+3.922",3922,"+0.045",45,
459,1988,7,19,19,"19","29","yannick-dalmas","lola","ford","goodyear","1:11.747",71747,,,,,,,"+4.158",4158,"+0.236",236,
459,1988,7,20,20,"20","33","stefano-modena","eurobrun","ford","goodyear","1:12.007",72007,,,,,,,"+4.418",4418,"+0.260",260,
459,1988,7,21,21,"21","10","bernd-schneider","zakspeed","zakspeed","goodyear","1:12.026",72026,,,,,,,"+4.437",4437,"+0.019",19,
459,1988,7,22,22,"22","23","pierluigi-martini","minardi","ford","goodyear","1:12.268",72268,,,,,,,"+4.679",4679,"+0.242",242,
459,1988,7,23,23,"23","3","jonathan-palmer","tyrrell","ford","goodyear","1:12.316",72316,,,,,,,"+4.727",4727,"+0.048",48,
459,1988,7,24,24,"24","21","nicola-larini","osella","osella","goodyear","1:12.406",72406,,,,,,,"+4.817",4817,"+0.090",90,
459,1988,7,25,25,"25","24","luis-perez-sala","minardi","ford","goodyear","1:12.525",72525,,,,,,,"+4.936",4936,"+0.119",119,
459,1988,7,26,26,"26","32","oscar-larrauri","eurobrun","ford","goodyear","1:12.538",72538,,,,,,,"+4.949",4949,"+0.013",13,
459,1988,7,27,27,"27","25","rene-arnoux","ligier","judd","goodyear","1:12.654",72654,,,,,,,"+5.065",5065,"+0.116",116,
459,1988,7,28,28,"28","4","julian-bailey","tyrrell","ford","goodyear","1:12.697",72697,,,,,,,"+5.108",5108,"+0.043",43,
459,1988,7,29,29,"29","26","stefan-johansson","ligier","judd","goodyear","1:12.801",72801,,,,,,,"+5.212",5212,"+0.104",104,
459,1988,7,30,,"EX","9","piercarlo-ghinzani","zakspeed","zakspeed","goodyear","1:12.121",72121,,,,,,,"+4.532",4532,,,
460,1988,8,1,1,"1","28","gerhard-berger","ferrari","ferrari","goodyear","1:10.133",70133,,,,,,,,,,,
460,1988,8,2,2,"2","27","michele-alboreto","ferrari","ferrari","goodyear","1:10.332",70332,,,,,,,"+0.199",199,"+0.199",199,
460,1988,8,3,3,"3","12","ayrton-senna","mclaren","honda","goodyear","1:10.616",70616,,,,,,,"+0.483",483,"+0.284",284,
460,1988,8,4,4,"4","11","alain-prost","mclaren","honda","goodyear","1:10.736",70736,,,,,,,"+0.603",603,"+0.120",120,
460,1988,8,5,5,"5","15","mauricio-gugelmin","march","judd","goodyear","1:11.745",71745,,,,,,,"+1.612",1612,"+1.009",1009,
460,1988,8,6,6,"6","16","ivan-capelli","march","judd","goodyear","1:12.006",72006,,,,,,,"+1.873",1873,"+0.261",261,
460,1988,8,7,7,"7","1","nelson-piquet","lotus","honda","goodyear","1:12.040",72040,,,,,,,"+1.907",1907,"+0.034",34,
460,1988,8,8,8,"8","19","alessandro-nannini","benetton","ford","goodyear","1:12.737",72737,,,,,,,"+2.604",2604,"+0.697",697,
460,1988,8,9,9,"9","17","derek-warwick","arrows","megatron","goodyear","1:12.843",72843,,,,,,,"+2.710",2710,"+0.106",106,
460,1988,8,10,10,"10","2","satoru-nakajima","lotus","honda","goodyear","1:12.862",72862,,,,,,,"+2.729",2729,"+0.019",19,
460,1988,8,11,11,"11","5","nigel-mansell","williams","judd","goodyear","1:12.885",72885,,,,,,,"+2.752",2752,"+0.023",23,
460,1988,8,12,12,"12","20","thierry-boutsen","benetton","ford","goodyear","1:12.960",72960,,,,,,,"+2.827",2827,"+0.075",75,
460,1988,8,13,13,"13","18","eddie-cheever","arrows","megatron","goodyear","1:12.984",72984,,,,,,,"+2.851",2851,"+0.024",24,
460,1988,8,14,14,"14","22","andrea-de-cesaris","rial","ford","goodyear","1:13.438",73438,,,,,,,"+3.305",3305,"+0.454",454,
460,1988,8,15,15,"15","6","riccardo-patrese","williams","judd","goodyear","1:13.677",73677,,,,,,,"+3.544",3544,"+0.239",239,
460,1988,8,16,16,"16","14","philippe-streiff","ags","ford","goodyear","1:14.260",74260,,,,,,,"+4.127",4127,"+0.583",583,
460,1988,8,17,17,"17","3","jonathan-palmer","tyrrell","ford","goodyear","1:14.451",74451,,,,,,,"+4.318",4318,"+0.191",191,
460,1988,8,18,18,"18","24","luis-perez-sala","minardi","ford","goodyear","1:14.643",74643,,,,,,,"+4.510",4510,"+0.192",192,
460,1988,8,19,19,"19","23","pierluigi-martini","minardi","ford","goodyear","1:14.732",74732,,,,,,,"+4.599",4599,"+0.089",89,
460,1988,8,20,20,"20","33","stefano-modena","eurobrun","ford","goodyear","1:14.888",74888,,,,,,,"+4.755",4755,"+0.156",156,
460,1988,8,21,21,"21","36","alex-caffi","dallara","ford","goodyear","1:14.924",74924,,,,,,,"+4.791",4791,"+0.036",36,
460,1988,8,22,22,"22","30","philippe-alliot","lola","ford","goodyear","1:14.992",74992,,,,,,,"+4.859",4859,"+0.068",68,
460,1988,8,23,23,"23","29","yannick-dalmas","lola","ford","goodyear","1:15.004",75004,,,,,,,"+4.871",4871,"+0.012",12,
460,1988,8,24,24,"24","4","julian-bailey","tyrrell","ford","goodyear","1:15.135",75135,,,,,,,"+5.002",5002,"+0.131",131,
460,1988,8,25,25,"25","25","rene-arnoux","ligier","judd","goodyear","1:15.374",75374,,,,,,,"+5.241",5241,"+0.239",239,
460,1988,8,26,26,"26","21","nicola-larini","osella","osella","goodyear","1:15.527",75527,,,,,,,"+5.394",5394,"+0.153",153,
460,1988,8,27,27,"27","32","oscar-larrauri","eurobrun","ford","goodyear","1:16.026",76026,,,,,,,"+5.893",5893,"+0.499",499,
460,1988,8,28,28,"28","9","piercarlo-ghinzani","zakspeed","zakspeed","goodyear","1:16.043",76043,,,,,,,"+5.910",5910,"+0.017",17,
460,1988,8,29,29,"29","26","stefan-johansson","ligier","judd","goodyear","1:16.110",76110,,,,,,,"+5.977",5977,"+0.067",67,
460,1988,8,30,30,"30","10","bernd-schneider","zakspeed","zakspeed","goodyear","1:18.010",78010,,,,,,,"+7.877",7877,"+1.900",1900,
461,1988,9,1,1,"1","12","ayrton-senna","mclaren","honda","goodyear","1:44.596",104596,,,,,,,,,,,
461,1988,9,2,2,"2","11","alain-prost","mclaren","honda","goodyear","1:44.873",104873,,,,,,,"+0.277",277,"+0.277",277,
461,1988,9,3,3,"3","28","gerhard-berger","ferrari","ferrari","goodyear","1:46.115",106115,,,,,,,"+1.519",1519,"+1.242",1242,
461,1988,9,4,4,"4","27","michele-alboreto","ferrari","ferrari","goodyear","1:47.154",107154,,,,,,,"+2.558",2558,"+1.039",1039,
461,1988,9,5,5,"5","1","nelson-piquet","lotus","honda","goodyear","1:47.681",107681,,,,,,,"+3.085",3085,"+0.527",527,
461,1988,9,6,6,"6","19","alessandro-nannini","benetton","ford","goodyear","1:48.208",108208,,,,,,,"+3.612",3612,"+0.527",527,
461,1988,9,7,7,"7","16","ivan-capelli","march","judd","goodyear","1:48.703",108703,,,,,,,"+4.107",4107,"+0.495",495,
461,1988,9,8,8,"8","2","satoru-nakajima","lotus","honda","goodyear","1:48.781",108781,,,,,,,"+4.185",4185,"+0.078",78,
461,1988,9,9,9,"9","20","thierry-boutsen","benetton","ford","goodyear","1:48.837",108837,,,,,,,"+4.241",4241,"+0.056",56,
461,1988,9,10,10,"10","15","mauricio-gugelmin","march","judd","goodyear","1:49.511",109511,,,,,,,"+4.915",4915,"+0.674",674,
461,1988,9,11,11,"11","5","nigel-mansell","williams","judd","goodyear","1:49.880",109880,,,,,,,"+5.284",5284,"+0.369",369,
461,1988,9,12,12,"12","17","derek-warwick","arrows","megatron","goodyear","1:50.459",110459,,,,,,,"+5.863",5863,"+0.579",579,
461,1988,9,13,13,"13","6","riccardo-patrese","williams","judd","goodyear","1:50.719",110719,,,,,,,"+6.123",6123,"+0.260",260,
461,1988,9,14,14,"14","22","andrea-de-cesaris","rial","ford","goodyear","1:51.004",111004,,,,,,,"+6.408",6408,"+0.285",285,
461,1988,9,15,15,"15","18","eddie-cheever","arrows","megatron","goodyear","1:51.171",111171,,,,,,,"+6.575",6575,"+0.167",167,
461,1988,9,16,16,"16","14","philippe-streiff","ags","ford","goodyear","1:51.642",111642,,,,,,,"+7.046",7046,"+0.471",471,
461,1988,9,17,17,"17","25","rene-arnoux","ligier","judd","goodyear","1:52.080",112080,,,,,,,"+7.484",7484,"+0.438",438,
461,1988,9,18,18,"18","21","nicola-larini","osella","osella","goodyear","1:52.168",112168,,,,,,,"+7.572",7572,"+0.088",88,
461,1988,9,19,19,"19","36","alex-caffi","dallara","ford","goodyear","1:52.277",112277,,,,,,,"+7.681",7681,"+0.109",109,
461,1988,9,20,20,"20","30","philippe-alliot","lola","ford","goodyear","1:52.293",112293,,,,,,,"+7.697",7697,"+0.016",16,
461,1988,9,21,21,"21","29","yannick-dalmas","lola","ford","goodyear","1:52.436",112436,,,,,,,"+7.840",7840,"+0.143",143,
461,1988,9,22,22,"22","10","bernd-schneider","zakspeed","zakspeed","goodyear","1:52.664",112664,,,,,,,"+8.068",8068,"+0.228",228,
461,1988,9,23,23,"23","9","piercarlo-ghinzani","zakspeed","zakspeed","goodyear","1:52.674",112674,,,,,,,"+8.078",8078,"+0.010",10,
461,1988,9,24,24,"24","3","jonathan-palmer","tyrrell","ford","goodyear","1:52.908",112908,,,,,,,"+8.312",8312,"+0.234",234,
461,1988,9,25,25,"25","33","stefano-modena","eurobrun","ford","goodyear","1:52.998",112998,,,,,,,"+8.402",8402,"+0.090",90,
461,1988,9,26,26,"26","32","oscar-larrauri","eurobrun","ford","goodyear","1:53.043",113043,,,,,,,"+8.447",8447,"+0.045",45,
461,1988,9,27,27,"27","24","luis-perez-sala","minardi","ford","goodyear","1:53.356",113356,,,,,,,"+8.760",8760,"+0.313",313,
461,1988,9,28,28,"28","26","stefan-johansson","ligier","judd","goodyear","1:53.507",113507,,,,,,,"+8.911",8911,"+0.151",151,
461,1988,9,29,29,"29","4","julian-bailey","tyrrell","ford","goodyear","1:53.576",113576,,,,,,,"+8.980",8980,"+0.069",69,
461,1988,9,30,30,"30","23","pierluigi-martini","minardi","ford","goodyear","1:53.596",113596,,,,,,,"+9.000",9000,"+0.020",20,
462,1988,10,1,1,"1","12","ayrton-senna","mclaren","honda","goodyear","1:27.635",87635,,,,,,,,,,,
462,1988,10,2,2,"2","5","nigel-mansell","williams","judd","goodyear","1:27.743",87743,,,,,,,"+0.108",108,"+0.108",108,
462,1988,10,3,3,"3","20","thierry-boutsen","benetton","ford","goodyear","1:27.970",87970,,,,,,,"+0.335",335,"+0.227",227,
462,1988,10,4,4,"4","16","ivan-capelli","march","judd","goodyear","1:28.350",88350,,,,,,,"+0.715",715,"+0.380",380,
462,1988,10,5,5,"5","19","alessandro-nannini","benetton","ford","goodyear","1:28.493",88493,,,,,,,"+0.858",858,"+0.143",143,
462,1988,10,6,6,"6","6","riccardo-patrese","williams","judd","goodyear","1:28.569",88569,,,,,,,"+0.934",934,"+0.076",76,
462,1988,10,7,7,"7","11","alain-prost","mclaren","honda","goodyear","1:28.778",88778,,,,,,,"+1.143",1143,"+0.209",209,
462,1988,10,8,8,"8","15","mauricio-gugelmin","march","judd","goodyear","1:29.099",89099,,,,,,,"+1.464",1464,"+0.321",321,
462,1988,10,9,9,"9","28","gerhard-berger","ferrari","ferrari","goodyear","1:29.244",89244,,,,,,,"+1.609",1609,"+0.145",145,
462,1988,10,10,10,"10","36","alex-caffi","dallara","ford","goodyear","1:29.891",89891,,,,,,,"+2.256",2256,"+0.647",647,
462,1988,10,11,11,"11","24","luis-perez-sala","minardi","ford","goodyear","1:30.103",90103,,,,,,,"+2.468",2468,"+0.212",212,
462,1988,10,12,12,"12","17","derek-warwick","arrows","megatron","goodyear","1:30.185",90185,,,,,,,"+2.550",2550,"+0.082",82,
462,1988,10,13,13,"13","1","nelson-piquet","lotus","honda","goodyear","1:30.405",90405,,,,,,,"+2.770",2770,"+0.220",220,
462,1988,10,14,14,"14","18","eddie-cheever","arrows","megatron","goodyear","1:30.908",90908,,,,,,,"+3.273",3273,"+0.503",503,
462,1988,10,15,15,"15","27","michele-alboreto","ferrari","ferrari","goodyear","1:31.052",91052,,,,,,,"+3.417",3417,"+0.144",144,
462,1988,10,16,16,"16","23","pierluigi-martini","minardi","ford","goodyear","1:31.123",91123,,,,,,,"+3.488",3488,"+0.071",71,
462,1988,10,17,17,"17","29","yannick-dalmas","lola","ford","goodyear","1:31.200",91200,,,,,,,"+3.565",3565,"+0.077",77,
462,1988,10,18,18,"18","22","andrea-de-cesaris","rial","ford","goodyear","1:31.523",91523,,,,,,,"+3.888",3888,"+0.323",323,
462,1988,10,19,19,"19","2","satoru-nakajima","lotus","honda","goodyear","1:31.646",91646,,,,,,,"+4.011",4011,"+0.123",123,
462,1988,10,20,20,"20","30","philippe-alliot","lola","ford","goodyear","1:31.719",91719,,,,,,,"+4.084",4084,"+0.073",73,
462,1988,10,21,21,"21","3","jonathan-palmer","tyrrell","ford","goodyear","1:31.741",91741,,,,,,,"+4.106",4106,"+0.022",22,
462,1988,10,22,22,"22","31","gabriele-tarquini","coloni","ford","goodyear","1:32.160",92160,,,,,,,"+4.525",4525,"+0.419",419,
462,1988,10,23,23,"23","14","philippe-streiff","ags","ford","goodyear","1:32.265",92265,,,,,,,"+4.630",4630,"+0.105",105,
462,1988,10,24,24,"24","26","stefan-johansson","ligier","judd","goodyear","1:32.342",92342,,,,,,,"+4.707",4707,"+0.077",77,
462,1988,10,25,25,"25","25","rene-arnoux","ligier","judd","goodyear","1:32.477",92477,,,,,,,"+4.842",4842,"+0.135",135,
462,1988,10,26,26,"26","33","stefano-modena","eurobrun","ford","goodyear","1:32.614",92614,,,,,,,"+4.979",4979,"+0.137",137,
462,1988,10,27,27,"27","32","oscar-larrauri","eurobrun","ford","goodyear","1:32.987",92987,,,,,,,"+5.352",5352,"+0.373",373,
462,1988,10,28,28,"28","10","bernd-schneider","zakspeed","zakspeed","goodyear","1:33.357",93357,,,,,,,"+5.722",5722,"+0.370",370,
462,1988,10,29,29,"29","4","julian-bailey","tyrrell","ford","goodyear","1:33.694",93694,,,,,,,"+6.059",6059,"+0.337",337,
462,1988,10,30,30,"30","9","piercarlo-ghinzani","zakspeed","zakspeed","goodyear","1:34.701",94701,,,,,,,"+7.066",7066,"+1.007",1007,
463,1988,11,1,1,"1","12","ayrton-senna","mclaren","honda","goodyear","1:53.718",113718,,,,,,,,,,,
463,1988,11,2,2,"2","11","alain-prost","mclaren","honda","goodyear","1:54.128",114128,,,,,,,"+0.410",410,"+0.410",410,
463,1988,11,3,3,"3","28","gerhard-berger","ferrari","ferrari","goodyear","1:54.581",114581,,,,,,,"+0.863",863,"+0.453",453,
463,1988,11,4,4,"4","27","michele-alboreto","ferrari","ferrari","goodyear","1:55.665",115665,,,,,,,"+1.947",1947,"+1.084",1084,
463,1988,11,5,5,"5","6","riccardo-patrese","williams","judd","goodyear","1:57.138",117138,,,,,,,"+3.420",3420,"+1.473",1473,
463,1988,11,6,6,"6","20","thierry-boutsen","benetton","ford","goodyear","1:57.455",117455,,,,,,,"+3.737",3737,"+0.317",317,
463,1988,11,7,7,"7","19","alessandro-nannini","benetton","ford","goodyear","1:57.535",117535,,,,,,,"+3.817",3817,"+0.080",80,
463,1988,11,8,8,"8","2","satoru-nakajima","lotus","honda","goodyear","1:57.616",117616,,,,,,,"+3.898",3898,"+0.081",81,
463,1988,11,9,9,"9","1","nelson-piquet","lotus","honda","goodyear","1:57.821",117821,,,,,,,"+4.103",4103,"+0.205",205,
463,1988,11,10,10,"10","17","derek-warwick","arrows","megatron","goodyear","1:57.925",117925,,,,,,,"+4.207",4207,"+0.104",104,
463,1988,11,11,11,"11","18","eddie-cheever","arrows","megatron","goodyear","1:57.980",117980,,,,,,,"+4.262",4262,"+0.055",55,
463,1988,11,12,12,"12","5","martin-brundle","williams","judd","goodyear","1:58.206",118206,,,,,,,"+4.488",4488,"+0.226",226,
463,1988,11,13,13,"13","15","mauricio-gugelmin","march","judd","goodyear","1:58.361",118361,,,,,,,"+4.643",4643,"+0.155",155,
463,1988,11,14,14,"14","16","ivan-capelli","march","judd","goodyear","1:59.439",119439,,,,,,,"+5.721",5721,"+1.078",1078,
463,1988,11,15,15,"15","36","alex-caffi","dallara","ford","goodyear","1:59.776",119776,,,,,,,"+6.058",6058,"+0.337",337,
463,1988,11,16,16,"16","30","philippe-alliot","lola","ford","goodyear","1:59.906",119906,,,,,,,"+6.188",6188,"+0.130",130,
463,1988,11,17,17,"17","25","rene-arnoux","ligier","judd","goodyear","2:00.037",120037,,,,,,,"+6.319",6319,"+0.131",131,
463,1988,11,18,18,"18","14","philippe-streiff","ags","ford","goodyear","2:00.410",120410,,,,,,,"+6.692",6692,"+0.373",373,
463,1988,11,19,19,"19","22","andrea-de-cesaris","rial","ford","goodyear","2:00.521",120521,,,,,,,"+6.803",6803,"+0.111",111,
463,1988,11,20,20,"20","26","stefan-johansson","ligier","judd","goodyear","2:00.857",120857,,,,,,,"+7.139",7139,"+0.336",336,
463,1988,11,21,21,"21","3","jonathan-palmer","tyrrell","ford","goodyear","2:01.078",121078,,,,,,,"+7.360",7360,"+0.221",221,
463,1988,11,22,22,"22","31","gabriele-tarquini","coloni","ford","goodyear","2:01.359",121359,,,,,,,"+7.641",7641,"+0.281",281,
463,1988,11,23,23,"23","29","yannick-dalmas","lola","ford","goodyear","2:01.467",121467,,,,,,,"+7.749",7749,"+0.108",108,
463,1988,11,24,24,"24","9","piercarlo-ghinzani","zakspeed","zakspeed","goodyear","2:01.899",121899,,,,,,,"+8.181",8181,"+0.432",432,
463,1988,11,25,25,"25","10","bernd-schneider","zakspeed","zakspeed","goodyear","2:01.938",121938,,,,,,,"+8.220",8220,"+0.039",39,
463,1988,11,26,26,"26","21","nicola-larini","osella","osella","goodyear","2:02.029",122029,,,,,,,"+8.311",8311,"+0.091",91,
463,1988,11,27,27,"27","24","luis-perez-sala","minardi","ford","goodyear","2:02.129",122129,,,,,,,"+8.411",8411,"+0.100",100,
463,1988,11,28,28,"28","23","pierluigi-martini","minardi","ford","goodyear","2:02.314",122314,,,,,,,"+8.596",8596,"+0.185",185,
463,1988,11,29,29,"29","33","stefano-modena","eurobrun","ford","goodyear","2:02.322",122322,,,,,,,"+8.604",8604,"+0.008",8,
463,1988,11,30,30,"30","4","julian-bailey","tyrrell","ford","goodyear","2:02.519",122519,,,,,,,"+8.801",8801,"+0.197",197,
464,1988,12,1,1,"1","12","ayrton-senna","mclaren","honda","goodyear","1:25.974",85974,,,,,,,,,,,
464,1988,12,2,2,"2","11","alain-prost","mclaren","honda","goodyear","1:26.277",86277,,,,,,,"+0.303",303,"+0.303",303,
464,1988,12,3,3,"3","28","gerhard-berger","ferrari","ferrari","goodyear","1:26.654",86654,,,,,,,"+0.680",680,"+0.377",377,
464,1988,12,4,4,"4","27","michele-alboreto","ferrari","ferrari","goodyear","1:26.988",86988,,,,,,,"+1.014",1014,"+0.334",334,
464,1988,12,5,5,"5","18","eddie-cheever","arrows","megatron","goodyear","1:27.660",87660,,,,,,,"+1.686",1686,"+0.672",672,
464,1988,12,6,6,"6","17","derek-warwick","arrows","megatron","goodyear","1:27.815",87815,,,,,,,"+1.841",1841,"+0.155",155,
464,1988,12,7,7,"7","1","nelson-piquet","lotus","honda","goodyear","1:28.044",88044,,,,,,,"+2.070",2070,"+0.229",229,
464,1988,12,8,8,"8","20","thierry-boutsen","benetton","ford","goodyear","1:28.870",88870,,,,,,,"+2.896",2896,"+0.826",826,
464,1988,12,9,9,"9","19","alessandro-nannini","benetton","ford","goodyear","1:28.958",88958,,,,,,,"+2.984",2984,"+0.088",88,
464,1988,12,10,10,"10","6","riccardo-patrese","williams","judd","goodyear","1:29.435",89435,,,,,,,"+3.461",3461,"+0.477",477,
464,1988,12,11,11,"11","16","ivan-capelli","march","judd","goodyear","1:29.513",89513,,,,,,,"+3.539",3539,"+0.078",78,
464,1988,12,12,12,"12","2","satoru-nakajima","lotus","honda","goodyear","1:29.541",89541,,,,,,,"+3.567",3567,"+0.028",28,
464,1988,12,13,13,"13","15","mauricio-gugelmin","march","judd","goodyear","1:30.035",90035,,,,,,,"+4.061",4061,"+0.494",494,
464,1988,12,14,14,"14","23","pierluigi-martini","minardi","ford","goodyear","1:30.125",90125,,,,,,,"+4.151",4151,"+0.090",90,
464,1988,12,15,15,"15","10","bernd-schneider","zakspeed","zakspeed","goodyear","1:30.161",90161,,,,,,,"+4.187",4187,"+0.036",36,
464,1988,12,16,16,"16","9","piercarlo-ghinzani","zakspeed","zakspeed","goodyear","1:30.476",90476,,,,,,,"+4.502",4502,"+0.315",315,
464,1988,12,17,17,"17","21","nicola-larini","osella","osella","goodyear","1:30.481",90481,,,,,,,"+4.507",4507,"+0.005",5,
464,1988,12,18,18,"18","22","andrea-de-cesaris","rial","ford","goodyear","1:30.560",90560,,,,,,,"+4.586",4586,"+0.079",79,
464,1988,12,19,19,"19","24","luis-perez-sala","minardi","ford","goodyear","1:30.698",90698,,,,,,,"+4.724",4724,"+0.138",138,
464,1988,12,20,20,"20","30","philippe-alliot","lola","ford","goodyear","1:30.962",90962,,,,,,,"+4.988",4988,"+0.264",264,
464,1988,12,21,21,"21","36","alex-caffi","dallara","ford","goodyear","1:30.989",90989,,,,,,,"+5.015",5015,"+0.027",27,
464,1988,12,22,22,"22","5","jean-louis-schlesser","williams","judd","goodyear","1:31.548",91548,,,,,,,"+5.574",5574,"+0.559",559,
464,1988,12,23,23,"23","14","philippe-streiff","ags","ford","goodyear","1:31.676",91676,,,,,,,"+5.702",5702,"+0.128",128,
464,1988,12,24,24,"24","25","rene-arnoux","ligier","judd","goodyear","1:32.049",92049,,,,,,,"+6.075",6075,"+0.373",373,
464,1988,12,25,25,"25","29","yannick-dalmas","lola","ford","goodyear","1:32.164",92164,,,,,,,"+6.190",6190,"+0.115",115,
464,1988,12,26,26,"26","4","julian-bailey","tyrrell","ford","goodyear","1:32.290",92290,,,,,,,"+6.316",6316,"+0.126",126,
464,1988,12,27,27,"27","3","jonathan-palmer","tyrrell","ford","goodyear","1:32.405",92405,,,,,,,"+6.431",6431,"+0.115",115,
464,1988,12,28,28,"28","26","stefan-johansson","ligier","judd","goodyear","1:32.438",92438,,,,,,,"+6.464",6464,"+0.033",33,
464,1988,12,29,29,"29","31","gabriele-tarquini","coloni","ford","goodyear","1:32.829",92829,,,,,,,"+6.855",6855,"+0.391",391,
464,1988,12,30,30,"30","33","stefano-modena","eurobrun","ford","goodyear","1:33.226",93226,,,,,,,"+7.252",7252,"+0.397",397,
465,1988,13,1,1,"1","11","alain-prost","mclaren","honda","goodyear","1:17.411",77411,,,,,,,,,,,
465,1988,13,2,2,"2","12","ayrton-senna","mclaren","honda","goodyear","1:17.869",77869,,,,,,,"+0.458",458,"+0.458",458,
465,1988,13,3,3,"3","16","ivan-capelli","march","judd","goodyear","1:18.812",78812,,,,,,,"+1.401",1401,"+0.943",943,
465,1988,13,4,4,"4","28","gerhard-berger","ferrari","ferrari","goodyear","1:18.903",78903,,,,,,,"+1.492",1492,"+0.091",91,
465,1988,13,5,5,"5","15","mauricio-gugelmin","march","judd","goodyear","1:19.045",79045,,,,,,,"+1.634",1634,"+0.142",142,
465,1988,13,6,6,"6","5","nigel-mansell","williams","judd","goodyear","1:19.131",79131,,,,,,,"+1.720",1720,"+0.086",86,
465,1988,13,7,7,"7","27","michele-alboreto","ferrari","ferrari","goodyear","1:19.372",79372,,,,,,,"+1.961",1961,"+0.241",241,
465,1988,13,8,8,"8","1","nelson-piquet","lotus","honda","goodyear","1:19.551",79551,,,,,,,"+2.140",2140,"+0.179",179,
465,1988,13,9,9,"9","19","alessandro-nannini","benetton","ford","goodyear","1:19.572",79572,,,,,,,"+2.161",2161,"+0.021",21,
465,1988,13,10,10,"10","17","derek-warwick","arrows","megatron","goodyear","1:19.603",79603,,,,,,,"+2.192",2192,"+0.031",31,
465,1988,13,11,11,"11","6","riccardo-patrese","williams","judd","goodyear","1:19.797",79797,,,,,,,"+2.386",2386,"+0.194",194,
465,1988,13,12,12,"12","22","andrea-de-cesaris","rial","ford","goodyear","1:19.940",79940,,,,,,,"+2.529",2529,"+0.143",143,
465,1988,13,13,13,"13","20","thierry-boutsen","benetton","ford","goodyear","1:20.314",80314,,,,,,,"+2.903",2903,"+0.374",374,
465,1988,13,14,14,"14","23","pierluigi-martini","minardi","ford","goodyear","1:20.741",80741,,,,,,,"+3.330",3330,"+0.427",427,
465,1988,13,15,15,"15","29","yannick-dalmas","lola","ford","goodyear","1:20.748",80748,,,,,,,"+3.337",3337,"+0.007",7,
465,1988,13,16,16,"16","2","satoru-nakajima","lotus","honda","goodyear","1:20.783",80783,,,,,,,"+3.372",3372,"+0.035",35,
465,1988,13,17,17,"17","36","alex-caffi","dallara","ford","goodyear","1:20.922",80922,,,,,,,"+3.511",3511,"+0.139",139,
465,1988,13,18,18,"18","18","eddie-cheever","arrows","megatron","goodyear","1:20.965",80965,,,,,,,"+3.554",3554,"+0.043",43,
465,1988,13,19,19,"19","24","luis-perez-sala","minardi","ford","goodyear","1:21.094",81094,,,,,,,"+3.683",3683,"+0.129",129,
465,1988,13,20,20,"20","30","philippe-alliot","lola","ford","goodyear","1:21.096",81096,,,,,,,"+3.685",3685,"+0.002",2,
465,1988,13,21,21,"21","14","philippe-streiff","ags","ford","goodyear","1:21.418",81418,,,,,,,"+4.007",4007,"+0.322",322,
465,1988,13,22,22,"22","3","jonathan-palmer","tyrrell","ford","goodyear","1:21.788",81788,,,,,,,"+4.377",4377,"+0.370",370,
465,1988,13,23,23,"23","25","rene-arnoux","ligier","judd","goodyear","1:21.790",81790,,,,,,,"+4.379",4379,"+0.002",2,
465,1988,13,24,24,"24","26","stefan-johansson","ligier","judd","goodyear","1:22.035",82035,,,,,,,"+4.624",4624,"+0.245",245,
465,1988,13,25,25,"25","21","nicola-larini","osella","osella","goodyear","1:22.119",82119,,,,,,,"+4.708",4708,"+0.084",84,
465,1988,13,26,26,"26","31","gabriele-tarquini","coloni","ford","goodyear","1:22.170",82170,,,,,,,"+4.759",4759,"+0.051",51,
465,1988,13,27,27,"27","4","julian-bailey","tyrrell","ford","goodyear","1:22.296",82296,,,,,,,"+4.885",4885,"+0.126",126,
465,1988,13,28,28,"28","9","piercarlo-ghinzani","zakspeed","zakspeed","goodyear","1:22.549",82549,,,,,,,"+5.138",5138,"+0.253",253,
465,1988,13,29,29,"29","33","stefano-modena","eurobrun","ford","goodyear","1:23.075",83075,,,,,,,"+5.664",5664,"+0.526",526,
465,1988,13,30,30,"30","10","bernd-schneider","zakspeed","zakspeed","goodyear","1:23.300",83300,,,,,,,"+5.889",5889,"+0.225",225,
466,1988,14,1,1,"1","12","ayrton-senna","mclaren","honda","goodyear","1:24.067",84067,,,,,,,,,,,
466,1988,14,2,2,"2","11","alain-prost","mclaren","honda","goodyear","1:24.134",84134,,,,,,,"+0.067",67,"+0.067",67,
466,1988,14,3,3,"3","5","nigel-mansell","williams","judd","goodyear","1:24.269",84269,,,,,,,"+0.202",202,"+0.135",135,
466,1988,14,4,4,"4","20","thierry-boutsen","benetton","ford","goodyear","1:24.904",84904,,,,,,,"+0.837",837,"+0.635",635,
466,1988,14,5,5,"5","19","alessandro-nannini","benetton","ford","goodyear","1:25.032",85032,,,,,,,"+0.965",965,"+0.128",128,
466,1988,14,6,6,"6","16","ivan-capelli","march","judd","goodyear","1:25.115",85115,,,,,,,"+1.048",1048,"+0.083",83,
466,1988,14,7,7,"7","6","riccardo-patrese","williams","judd","goodyear","1:25.217",85217,,,,,,,"+1.150",1150,"+0.102",102,
466,1988,14,8,8,"8","28","gerhard-berger","ferrari","ferrari","goodyear","1:25.466",85466,,,,,,,"+1.399",1399,"+0.249",249,
466,1988,14,9,9,"9","1","nelson-piquet","lotus","honda","goodyear","1:25.648",85648,,,,,,,"+1.581",1581,"+0.182",182,
466,1988,14,10,10,"10","27","michele-alboreto","ferrari","ferrari","goodyear","1:26.447",86447,,,,,,,"+2.380",2380,"+0.799",799,
466,1988,14,11,11,"11","15","mauricio-gugelmin","march","judd","goodyear","1:26.578",86578,,,,,,,"+2.511",2511,"+0.131",131,
466,1988,14,12,12,"12","30","philippe-alliot","lola","ford","goodyear","1:26.832",86832,,,,,,,"+2.765",2765,"+0.254",254,
466,1988,14,13,13,"13","14","philippe-streiff","ags","ford","goodyear","1:26.971",86971,,,,,,,"+2.904",2904,"+0.139",139,
466,1988,14,14,14,"14","21","nicola-larini","osella","osella","goodyear","1:27.012",87012,,,,,,,"+2.945",2945,"+0.041",41,
466,1988,14,15,15,"15","2","satoru-nakajima","lotus","honda","goodyear","1:27.171",87171,,,,,,,"+3.104",3104,"+0.159",159,
466,1988,14,16,16,"16","29","yannick-dalmas","lola","ford","goodyear","1:27.187",87187,,,,,,,"+3.120",3120,"+0.016",16,
466,1988,14,17,17,"17","17","derek-warwick","arrows","megatron","goodyear","1:27.240",87240,,,,,,,"+3.173",3173,"+0.053",53,
466,1988,14,18,18,"18","36","alex-caffi","dallara","ford","goodyear","1:27.350",87350,,,,,,,"+3.283",3283,"+0.110",110,
466,1988,14,19,19,"19","25","rene-arnoux","ligier","judd","goodyear","1:27.351",87351,,,,,,,"+3.284",3284,"+0.001",1,
466,1988,14,20,20,"20","23","pierluigi-martini","minardi","ford","goodyear","1:27.407",87407,,,,,,,"+3.340",3340,"+0.056",56,
466,1988,14,21,21,"21","26","stefan-johansson","ligier","judd","goodyear","1:27.474",87474,,,,,,,"+3.407",3407,"+0.067",67,
466,1988,14,22,22,"22","3","jonathan-palmer","tyrrell","ford","goodyear","1:27.548",87548,,,,,,,"+3.481",3481,"+0.074",74,
466,1988,14,23,23,"23","22","andrea-de-cesaris","rial","ford","goodyear","1:27.798",87798,,,,,,,"+3.731",3731,"+0.250",250,
466,1988,14,24,24,"24","24","luis-perez-sala","minardi","ford","goodyear","1:27.833",87833,,,,,,,"+3.766",3766,"+0.035",35,
466,1988,14,25,25,"25","18","eddie-cheever","arrows","megatron","goodyear","1:27.859",87859,,,,,,,"+3.792",3792,"+0.026",26,
466,1988,14,26,26,"26","33","stefano-modena","eurobrun","ford","goodyear","1:27.977",87977,,,,,,,"+3.910",3910,"+0.118",118,
466,1988,14,27,27,"27","10","bernd-schneider","zakspeed","zakspeed","goodyear","1:28.194",88194,,,,,,,"+4.127",4127,"+0.217",217,
466,1988,14,28,28,"28","32","oscar-larrauri","eurobrun","ford","goodyear","1:28.664",88664,,,,,,,"+4.597",4597,"+0.470",470,
466,1988,14,29,29,"29","4","julian-bailey","tyrrell","ford","goodyear","1:29.066",89066,,,,,,,"+4.999",4999,"+0.402",402,
466,1988,14,30,30,"30","9","piercarlo-ghinzani","zakspeed","zakspeed","goodyear","1:29.503",89503,,,,,,,"+5.436",5436,"+0.437",437,
467,1988,15,1,1,"1","12","ayrton-senna","mclaren","honda","goodyear","1:41.853",101853,,,,,,,,,,,
467,1988,15,2,2,"2","11","alain-prost","mclaren","honda","goodyear","1:42.177",102177,,,,,,,"+0.324",324,"+0.324",324,
467,1988,15,3,3,"3","28","gerhard-berger","ferrari","ferrari","goodyear","1:43.353",103353,,,,,,,"+1.500",1500,"+1.176",1176,
467,1988,15,4,4,"4","16","ivan-capelli","march","judd","goodyear","1:43.605",103605,,,,,,,"+1.752",1752,"+0.252",252,
467,1988,15,5,5,"5","1","nelson-piquet","lotus","honda","goodyear","1:43.693",103693,,,,,,,"+1.840",1840,"+0.088",88,
467,1988,15,6,6,"6","2","satoru-nakajima","lotus","honda","goodyear","1:43.693",103693,,,,,,,"+1.840",1840,"+0.000",0,
467,1988,15,7,7,"7","17","derek-warwick","arrows","megatron","goodyear","1:43.816",103816,,,,,,,"+1.963",1963,"+0.123",123,
467,1988,15,8,8,"8","5","nigel-mansell","williams","judd","goodyear","1:43.893",103893,,,,,,,"+2.040",2040,"+0.077",77,
467,1988,15,9,9,"9","27","michele-alboreto","ferrari","ferrari","goodyear","1:43.972",103972,,,,,,,"+2.119",2119,"+0.079",79,
467,1988,15,10,10,"10","20","thierry-boutsen","benetton","ford","goodyear","1:44.499",104499,,,,,,,"+2.646",2646,"+0.527",527,
467,1988,15,11,11,"11","6","riccardo-patrese","williams","judd","goodyear","1:44.555",104555,,,,,,,"+2.702",2702,"+0.056",56,
467,1988,15,12,12,"12","19","alessandro-nannini","benetton","ford","goodyear","1:44.611",104611,,,,,,,"+2.758",2758,"+0.056",56,
467,1988,15,13,13,"13","15","mauricio-gugelmin","march","judd","goodyear","1:45.138",105138,,,,,,,"+3.285",3285,"+0.527",527,
467,1988,15,14,14,"14","22","andrea-de-cesaris","rial","ford","goodyear","1:45.558",105558,,,,,,,"+3.705",3705,"+0.420",420,
467,1988,15,15,15,"15","18","eddie-cheever","arrows","megatron","goodyear","1:45.845",105845,,,,,,,"+3.992",3992,"+0.287",287,
467,1988,15,16,16,"16","3","jonathan-palmer","tyrrell","ford","goodyear","1:45.916",105916,,,,,,,"+4.063",4063,"+0.071",71,
467,1988,15,17,17,"17","23","pierluigi-martini","minardi","ford","goodyear","1:46.449",106449,,,,,,,"+4.596",4596,"+0.533",533,
467,1988,15,18,18,"18","14","philippe-streiff","ags","ford","goodyear","1:46.486",106486,,,,,,,"+4.633",4633,"+0.037",37,
467,1988,15,19,19,"19","30","philippe-alliot","lola","ford","goodyear","1:46.521",106521,,,,,,,"+4.668",4668,"+0.035",35,
467,1988,15,20,20,"20","29","aguri-suzuki","lola","ford","goodyear","1:46.920",106920,,,,,,,"+5.067",5067,"+0.399",399,
467,1988,15,21,21,"21","36","alex-caffi","dallara","ford","goodyear","1:46.982",106982,,,,,,,"+5.129",5129,"+0.062",62,
467,1988,15,22,22,"22","24","luis-perez-sala","minardi","ford","goodyear","1:47.134",107134,,,,,,,"+5.281",5281,"+0.152",152,
467,1988,15,23,23,"23","25","rene-arnoux","ligier","judd","goodyear","1:47.193",107193,,,,,,,"+5.340",5340,"+0.059",59,
467,1988,15,24,24,"24","21","nicola-larini","osella","osella","goodyear","1:47.547",107547,,,,,,,"+5.694",5694,"+0.354",354,
467,1988,15,25,25,"25","10","bernd-schneider","zakspeed","zakspeed","goodyear","1:47.599",107599,,,,,,,"+5.746",5746,"+0.052",52,
467,1988,15,26,26,"26","4","julian-bailey","tyrrell","ford","goodyear","1:48.589",108589,,,,,,,"+6.736",6736,"+0.990",990,
467,1988,15,27,27,"27","26","stefan-johansson","ligier","judd","goodyear","1:48.716",108716,,,,,,,"+6.863",6863,"+0.127",127,
467,1988,15,28,28,"28","32","oscar-larrauri","eurobrun","ford","goodyear","1:49.265",109265,,,,,,,"+7.412",7412,"+0.549",549,
467,1988,15,29,29,"29","9","piercarlo-ghinzani","zakspeed","zakspeed","goodyear","1:49.706",109706,,,,,,,"+7.853",7853,"+0.441",441,
467,1988,15,30,30,"30","33","stefano-modena","eurobrun","ford","goodyear","1:49.810",109810,,,,,,,"+7.957",7957,"+0.104",104,
468,1988,16,1,1,"1","12","ayrton-senna","mclaren","honda","goodyear","1:17.748",77748,,,,,,,,,,,
468,1988,16,2,2,"2","11","alain-prost","mclaren","honda","goodyear","1:17.880",77880,,,,,,,"+0.132",132,"+0.132",132,
468,1988,16,3,3,"3","5","nigel-mansell","williams","judd","goodyear","1:19.427",79427,,,,,,,"+1.679",1679,"+1.547",1547,
468,1988,16,4,4,"4","28","gerhard-berger","ferrari","ferrari","goodyear","1:19.517",79517,,,,,,,"+1.769",1769,"+0.090",90,
468,1988,16,5,5,"5","1","nelson-piquet","lotus","honda","goodyear","1:19.535",79535,,,,,,,"+1.787",1787,"+0.018",18,
468,1988,16,6,6,"6","6","riccardo-patrese","williams","judd","goodyear","1:19.925",79925,,,,,,,"+2.177",2177,"+0.390",390,
468,1988,16,7,7,"7","17","derek-warwick","arrows","megatron","goodyear","1:20.086",80086,,,,,,,"+2.338",2338,"+0.161",161,
468,1988,16,8,8,"8","19","alessandro-nannini","benetton","ford","goodyear","1:20.182",80182,,,,,,,"+2.434",2434,"+0.096",96,
468,1988,16,9,9,"9","16","ivan-capelli","march","judd","goodyear","1:20.459",80459,,,,,,,"+2.711",2711,"+0.277",277,
468,1988,16,10,10,"10","20","thierry-boutsen","benetton","ford","goodyear","1:20.486",80486,,,,,,,"+2.738",2738,"+0.027",27,
468,1988,16,11,11,"11","36","alex-caffi","dallara","ford","goodyear","1:20.781",80781,,,,,,,"+3.033",3033,"+0.295",295,
468,1988,16,12,12,"12","27","michele-alboreto","ferrari","ferrari","goodyear","1:20.844",80844,,,,,,,"+3.096",3096,"+0.063",63,
468,1988,16,13,13,"13","2","satoru-nakajima","lotus","honda","goodyear","1:20.852",80852,,,,,,,"+3.104",3104,"+0.008",8,
468,1988,16,14,14,"14","23","pierluigi-martini","minardi","ford","goodyear","1:21.133",81133,,,,,,,"+3.385",3385,"+0.281",281,
468,1988,16,15,15,"15","22","andrea-de-cesaris","rial","ford","goodyear","1:21.164",81164,,,,,,,"+3.416",3416,"+0.031",31,
468,1988,16,16,16,"16","14","philippe-streiff","ags","ford","goodyear","1:21.262",81262,,,,,,,"+3.514",3514,"+0.098",98,
468,1988,16,17,17,"17","3","jonathan-palmer","tyrrell","ford","goodyear","1:21.307",81307,,,,,,,"+3.559",3559,"+0.045",45,
468,1988,16,18,18,"18","18","eddie-cheever","arrows","megatron","goodyear","1:21.393",81393,,,,,,,"+3.645",3645,"+0.086",86,
468,1988,16,19,19,"19","15","mauricio-gugelmin","march","judd","goodyear","1:21.554",81554,,,,,,,"+3.806",3806,"+0.161",161,
468,1988,16,20,20,"20","33","stefano-modena","eurobrun","ford","goodyear","1:21.856",81856,,,,,,,"+4.108",4108,"+0.302",302,
468,1988,16,21,21,"21","24","luis-perez-sala","minardi","ford","goodyear","1:21.893",81893,,,,,,,"+4.145",4145,"+0.037",37,
468,1988,16,22,22,"22","26","stefan-johansson","ligier","judd","goodyear","1:21.988",81988,,,,,,,"+4.240",4240,"+0.095",95,
468,1988,16,23,23,"23","25","rene-arnoux","ligier","judd","goodyear","1:22.028",82028,,,,,,,"+4.280",4280,"+0.040",40,
468,1988,16,24,24,"24","30","philippe-alliot","lola","ford","goodyear","1:22.211",82211,,,,,,,"+4.463",4463,"+0.183",183,
468,1988,16,25,25,"25","32","oscar-larrauri","eurobrun","ford","goodyear","1:22.213",82213,,,,,,,"+4.465",4465,"+0.002",2,
468,1988,16,26,26,"26","9","piercarlo-ghinzani","zakspeed","zakspeed","goodyear","1:22.348",82348,,,,,,,"+4.600",4600,"+0.135",135,
468,1988,16,27,27,"27","31","gabriele-tarquini","coloni","ford","goodyear","1:22.393",82393,,,,,,,"+4.645",4645,"+0.045",45,
468,1988,16,28,28,"28","4","julian-bailey","tyrrell","ford","goodyear","1:22.529",82529,,,,,,,"+4.781",4781,"+0.136",136,
468,1988,16,29,29,"29","29","pierre-henri-raphanel","lola","ford","goodyear","1:22.733",82733,,,,,,,"+4.985",4985,"+0.204",204,
468,1988,16,30,30,"30","10","bernd-schneider","zakspeed","zakspeed","goodyear","1:23.025",83025,,,,,,,"+5.277",5277,"+0.292",292,
469,1989,1,1,1,"1","1","ayrton-senna","mclaren","honda","goodyear","1:25.302",85302,,,,,,,,,,,
469,1989,1,2,2,"2","6","riccardo-patrese","williams","renault","goodyear","1:26.172",86172,,,,,,,"+0.870",870,"+0.870",870,
469,1989,1,3,3,"3","28","gerhard-berger","ferrari","ferrari","goodyear","1:26.271",86271,,,,,,,"+0.969",969,"+0.099",99,
469,1989,1,4,4,"4","5","thierry-boutsen","williams","renault","goodyear","1:26.459",86459,,,,,,,"+1.157",1157,"+0.188",188,
469,1989,1,5,5,"5","2","alain-prost","mclaren","honda","goodyear","1:26.620",86620,,,,,,,"+1.318",1318,"+0.161",161,
469,1989,1,6,6,"6","27","nigel-mansell","ferrari","ferrari","goodyear","1:26.772",86772,,,,,,,"+1.470",1470,"+0.152",152,
469,1989,1,7,7,"7","16","ivan-capelli","march","judd","goodyear","1:27.035",87035,,,,,,,"+1.733",1733,"+0.263",263,
469,1989,1,8,8,"8","9","derek-warwick","arrows","ford","goodyear","1:27.408",87408,,,,,,,"+2.106",2106,"+0.373",373,
469,1989,1,9,9,"9","11","nelson-piquet","lotus","judd","goodyear","1:27.437",87437,,,,,,,"+2.135",2135,"+0.029",29,
469,1989,1,10,10,"10","20","johnny-herbert","benetton","ford","goodyear","1:27.626",87626,,,,,,,"+2.324",2324,"+0.189",189,
469,1989,1,11,11,"11","19","alessandro-nannini","benetton","ford","goodyear","1:27.865",87865,,,,,,,"+2.563",2563,"+0.239",239,
469,1989,1,12,12,"12","15","mauricio-gugelmin","march","judd","goodyear","1:27.956",87956,,,,,,,"+2.654",2654,"+0.091",91,
469,1989,1,13,13,"13","7","martin-brundle","brabham","judd","pirelli","1:28.274",88274,,,,,,,"+2.972",2972,"+0.318",318,
469,1989,1,14,14,"14","8","stefano-modena","brabham","judd","pirelli","1:28.621",88621,,,,,,,"+3.319",3319,"+0.347",347,
469,1989,1,15,15,"15","22","andrea-de-cesaris","dallara","ford","pirelli","1:29.005",89005,,,,,,,"+3.703",3703,"+0.384",384,
469,1989,1,16,16,"16","23","pierluigi-martini","minardi","ford","pirelli","1:29.435",89435,,,,,,,"+4.133",4133,"+0.430",430,
469,1989,1,17,17,"17","38","christian-danner","rial","ford","goodyear","1:29.455",89455,,,,,,,"+4.153",4153,"+0.020",20,
469,1989,1,18,18,"18","3","jonathan-palmer","tyrrell","ford","goodyear","1:29.573",89573,,,,,,,"+4.271",4271,"+0.118",118,
469,1989,1,19,19,"19","17","nicola-larini","osella","ford","pirelli","1:30.146",90146,,,,,,,"+4.844",4844,"+0.573",573,
469,1989,1,20,20,"20","4","michele-alboreto","tyrrell","ford","goodyear","1:30.255",90255,,,,,,,"+4.953",4953,"+0.109",109,
469,1989,1,21,21,"21","12","satoru-nakajima","lotus","judd","goodyear","1:30.375",90375,,,,,,,"+5.073",5073,"+0.120",120,
469,1989,1,22,22,"22","26","olivier-grouillard","ligier","ford","goodyear","1:30.410",90410,,,,,,,"+5.108",5108,"+0.035",35,
469,1989,1,23,23,"23","24","luis-perez-sala","minardi","ford","pirelli","1:30.643",90643,,,,,,,"+5.341",5341,"+0.233",233,
469,1989,1,24,24,"24","10","eddie-cheever","arrows","ford","goodyear","1:30.657",90657,,,,,,,"+5.355",5355,"+0.014",14,
469,1989,1,25,25,"25","34","bernd-schneider","zakspeed","yamaha","pirelli","1:30.861",90861,,,,,,,"+5.559",5559,"+0.204",204,
469,1989,1,26,26,"26","30","philippe-alliot","lola","lamborghini","goodyear","1:31.009",91009,,,,,,,"+5.707",5707,"+0.148",148,
469,1989,1,27,27,"27","29","yannick-dalmas","lola","lamborghini","goodyear","1:31.260",91260,,,,,,,"+5.958",5958,"+0.251",251,
469,1989,1,28,28,"28","25","rene-arnoux","ligier","ford","goodyear","1:31.376",91376,,,,,,,"+6.074",6074,"+0.116",116,
469,1989,1,29,29,"29","33","gregor-foitek","eurobrun","judd","pirelli","1:31.791",91791,,,,,,,"+6.489",6489,"+0.415",415,
469,1989,1,30,30,"30","31","roberto-moreno","coloni","ford","pirelli","1:32.561",92561,,,,,,,"+7.259",7259,"+0.770",770,
470,1989,2,1,1,"1","1","ayrton-senna","mclaren","honda","goodyear","1:26.010",86010,,,,,,,,,,,
470,1989,2,2,2,"2","2","alain-prost","mclaren","honda","goodyear","1:26.235",86235,,,,,,,"+0.225",225,"+0.225",225,
470,1989,2,3,3,"3","27","nigel-mansell","ferrari","ferrari","goodyear","1:27.652",87652,,,,,,,"+1.642",1642,"+1.417",1417,
470,1989,2,4,4,"4","6","riccardo-patrese","williams","renault","goodyear","1:27.920",87920,,,,,,,"+1.910",1910,"+0.268",268,
470,1989,2,5,5,"5","28","gerhard-berger","ferrari","ferrari","goodyear","1:28.089",88089,,,,,,,"+2.079",2079,"+0.169",169,
470,1989,2,6,6,"6","5","thierry-boutsen","williams","renault","goodyear","1:28.308",88308,,,,,,,"+2.298",2298,"+0.219",219,
470,1989,2,7,7,"7","19","alessandro-nannini","benetton","ford","goodyear","1:28.854",88854,,,,,,,"+2.844",2844,"+0.546",546,
470,1989,2,8,8,"8","11","nelson-piquet","lotus","judd","goodyear","1:29.057",89057,,,,,,,"+3.047",3047,"+0.203",203,
470,1989,2,9,9,"9","21","alex-caffi","dallara","ford","pirelli","1:29.069",89069,,,,,,,"+3.059",3059,"+0.012",12,
470,1989,2,10,10,"10","26","olivier-grouillard","ligier","ford","goodyear","1:29.104",89104,,,,,,,"+3.094",3094,"+0.035",35,
470,1989,2,11,11,"11","23","pierluigi-martini","minardi","ford","pirelli","1:29.152",89152,,,,,,,"+3.142",3142,"+0.048",48,
470,1989,2,12,12,"12","9","derek-warwick","arrows","ford","goodyear","1:29.281",89281,,,,,,,"+3.271",3271,"+0.129",129,
470,1989,2,13,13,"13","16","ivan-capelli","march","judd","goodyear","1:29.385",89385,,,,,,,"+3.375",3375,"+0.104",104,
470,1989,2,14,14,"14","17","nicola-larini","osella","ford","pirelli","1:29.488",89488,,,,,,,"+3.478",3478,"+0.103",103,
470,1989,2,15,15,"15","24","luis-perez-sala","minardi","ford","pirelli","1:29.503",89503,,,,,,,"+3.493",3493,"+0.015",15,
470,1989,2,16,16,"16","22","andrea-de-cesaris","dallara","ford","pirelli","1:29.669",89669,,,,,,,"+3.659",3659,"+0.166",166,
470,1989,2,17,17,"17","8","stefano-modena","brabham","judd","pirelli","1:29.761",89761,,,,,,,"+3.751",3751,"+0.092",92,
470,1989,2,18,18,"18","40","gabriele-tarquini","ags","ford","goodyear","1:29.913",89913,,,,,,,"+3.903",3903,"+0.152",152,
470,1989,2,19,19,"19","15","mauricio-gugelmin","march","judd","goodyear","1:30.163",90163,,,,,,,"+4.153",4153,"+0.250",250,
470,1989,2,20,20,"20","30","philippe-alliot","lola","lamborghini","goodyear","1:30.168",90168,,,,,,,"+4.158",4158,"+0.005",5,
470,1989,2,21,21,"21","10","eddie-cheever","arrows","ford","goodyear","1:30.233",90233,,,,,,,"+4.223",4223,"+0.065",65,
470,1989,2,22,22,"22","7","martin-brundle","brabham","judd","pirelli","1:30.271",90271,,,,,,,"+4.261",4261,"+0.038",38,
470,1989,2,23,23,"23","20","johnny-herbert","benetton","ford","goodyear","1:30.347",90347,,,,,,,"+4.337",4337,"+0.076",76,
470,1989,2,24,24,"24","12","satoru-nakajima","lotus","judd","goodyear","1:30.697",90697,,,,,,,"+4.687",4687,"+0.350",350,
470,1989,2,25,25,"25","3","jonathan-palmer","tyrrell","ford","goodyear","1:30.928",90928,,,,,,,"+4.918",4918,"+0.231",231,
470,1989,2,26,26,"26","29","yannick-dalmas","lola","lamborghini","goodyear","1:31.137",91137,,,,,,,"+5.127",5127,"+0.209",209,
470,1989,2,27,27,"27","4","michele-alboreto","tyrrell","ford","goodyear","1:31.206",91206,,,,,,,"+5.196",5196,"+0.069",69,
470,1989,2,28,28,"28","25","rene-arnoux","ligier","ford","goodyear","1:31.268",91268,,,,,,,"+5.258",5258,"+0.062",62,
470,1989,2,29,29,"29","38","christian-danner","rial","ford","goodyear","1:31.342",91342,,,,,,,"+5.332",5332,"+0.074",74,
470,1989,2,30,30,"30","31","roberto-moreno","coloni","ford","pirelli","1:31.775",91775,,,,,,,"+5.765",5765,"+0.433",433,
471,1989,3,1,1,"1","1","ayrton-senna","mclaren","honda","goodyear","1:22.308",82308,,,,,,,,,,,
471,1989,3,2,2,"2","2","alain-prost","mclaren","honda","goodyear","1:23.456",83456,,,,,,,"+1.148",1148,"+1.148",1148,
471,1989,3,3,3,"3","5","thierry-boutsen","williams","renault","goodyear","1:24.332",84332,,,,,,,"+2.024",2024,"+0.876",876,
471,1989,3,4,4,"4","7","martin-brundle","brabham","judd","pirelli","1:24.580",84580,,,,,,,"+2.272",2272,"+0.248",248,
471,1989,3,5,5,"5","27","nigel-mansell","ferrari","ferrari","goodyear","1:24.735",84735,,,,,,,"+2.427",2427,"+0.155",155,
471,1989,3,6,6,"6","9","derek-warwick","arrows","ford","goodyear","1:24.791",84791,,,,,,,"+2.483",2483,"+0.056",56,
471,1989,3,7,7,"7","6","riccardo-patrese","williams","renault","goodyear","1:25.021",85021,,,,,,,"+2.713",2713,"+0.230",230,
471,1989,3,8,8,"8","8","stefano-modena","brabham","judd","pirelli","1:25.086",85086,,,,,,,"+2.778",2778,"+0.065",65,
471,1989,3,9,9,"9","21","alex-caffi","dallara","ford","pirelli","1:25.481",85481,,,,,,,"+3.173",3173,"+0.395",395,
471,1989,3,10,10,"10","22","andrea-de-cesaris","dallara","ford","pirelli","1:25.515",85515,,,,,,,"+3.207",3207,"+0.034",34,
471,1989,3,11,11,"11","23","pierluigi-martini","minardi","ford","pirelli","1:26.288",86288,,,,,,,"+3.980",3980,"+0.773",773,
471,1989,3,12,12,"12","4","michele-alboreto","tyrrell","ford","goodyear","1:26.388",86388,,,,,,,"+4.080",4080,"+0.100",100,
471,1989,3,13,13,"13","40","gabriele-tarquini","ags","ford","goodyear","1:26.422",86422,,,,,,,"+4.114",4114,"+0.034",34,
471,1989,3,14,14,"14","15","mauricio-gugelmin","march","judd","goodyear","1:26.522",86522,,,,,,,"+4.214",4214,"+0.100",100,
471,1989,3,15,15,"15","19","alessandro-nannini","benetton","ford","goodyear","1:26.599",86599,,,,,,,"+4.291",4291,"+0.077",77,
471,1989,3,16,16,"16","26","olivier-grouillard","ligier","ford","goodyear","1:26.792",86792,,,,,,,"+4.484",4484,"+0.193",193,
471,1989,3,17,17,"17","30","philippe-alliot","lola","lamborghini","goodyear","1:26.857",86857,,,,,,,"+4.549",4549,"+0.065",65,
471,1989,3,18,18,"18","32","pierre-henri-raphanel","coloni","ford","pirelli","1:27.011",87011,,,,,,,"+4.703",4703,"+0.154",154,
471,1989,3,19,19,"19","11","nelson-piquet","lotus","judd","goodyear","1:27.046",87046,,,,,,,"+4.738",4738,"+0.035",35,
471,1989,3,20,20,"20","10","eddie-cheever","arrows","ford","goodyear","1:27.117",87117,,,,,,,"+4.809",4809,"+0.071",71,
471,1989,3,21,21,"21","25","rene-arnoux","ligier","ford","goodyear","1:27.182",87182,,,,,,,"+4.874",4874,"+0.065",65,
471,1989,3,22,22,"22","16","ivan-capelli","march","judd","goodyear","1:27.302",87302,,,,,,,"+4.994",4994,"+0.120",120,
471,1989,3,23,23,"23","3","jonathan-palmer","tyrrell","ford","goodyear","1:27.452",87452,,,,,,,"+5.144",5144,"+0.150",150,
471,1989,3,24,24,"24","20","johnny-herbert","benetton","ford","goodyear","1:27.706",87706,,,,,,,"+5.398",5398,"+0.254",254,
471,1989,3,25,25,"25","31","roberto-moreno","coloni","ford","pirelli","1:27.721",87721,,,,,,,"+5.413",5413,"+0.015",15,
471,1989,3,26,26,"26","24","luis-perez-sala","minardi","ford","pirelli","1:27.786",87786,,,,,,,"+5.478",5478,"+0.065",65,
471,1989,3,27,27,"27","38","christian-danner","rial","ford","goodyear","1:27.910",87910,,,,,,,"+5.602",5602,"+0.124",124,
471,1989,3,28,28,"28","29","yannick-dalmas","lola","lamborghini","goodyear","1:27.946",87946,,,,,,,"+5.638",5638,"+0.036",36,
471,1989,3,29,29,"29","12","satoru-nakajima","lotus","judd","goodyear","1:28.419",88419,,,,,,,"+6.111",6111,"+0.473",473,
472,1989,4,1,1,"1","1","ayrton-senna","mclaren","honda","goodyear","1:17.876",77876,,,,,,,,,,,
472,1989,4,2,2,"2","2","alain-prost","mclaren","honda","goodyear","1:18.773",78773,,,,,,,"+0.897",897,"+0.897",897,
472,1989,4,3,3,"3","27","nigel-mansell","ferrari","ferrari","goodyear","1:19.137",79137,,,,,,,"+1.261",1261,"+0.364",364,
472,1989,4,4,4,"4","16","ivan-capelli","march","judd","goodyear","1:19.337",79337,,,,,,,"+1.461",1461,"+0.200",200,
472,1989,4,5,5,"5","6","riccardo-patrese","williams","renault","goodyear","1:19.656",79656,,,,,,,"+1.780",1780,"+0.319",319,
472,1989,4,6,6,"6","28","gerhard-berger","ferrari","ferrari","goodyear","1:19.835",79835,,,,,,,"+1.959",1959,"+0.179",179,
472,1989,4,7,7,"7","4","michele-alboreto","tyrrell","ford","goodyear","1:20.066",80066,,,,,,,"+2.190",2190,"+0.231",231,
472,1989,4,8,8,"8","5","thierry-boutsen","williams","renault","goodyear","1:20.234",80234,,,,,,,"+2.358",2358,"+0.168",168,
472,1989,4,9,9,"9","8","stefano-modena","brabham","judd","pirelli","1:20.505",80505,,,,,,,"+2.629",2629,"+0.271",271,
472,1989,4,10,10,"10","9","derek-warwick","arrows","ford","goodyear","1:20.601",80601,,,,,,,"+2.725",2725,"+0.096",96,
472,1989,4,11,11,"11","26","olivier-grouillard","ligier","ford","goodyear","1:20.859",80859,,,,,,,"+2.983",2983,"+0.258",258,
472,1989,4,12,12,"12","22","andrea-de-cesaris","dallara","ford","pirelli","1:20.873",80873,,,,,,,"+2.997",2997,"+0.014",14,
472,1989,4,13,13,"13","19","alessandro-nannini","benetton","ford","goodyear","1:20.888",80888,,,,,,,"+3.012",3012,"+0.015",15,
472,1989,4,14,14,"14","3","jonathan-palmer","tyrrell","ford","goodyear","1:20.888",80888,,,,,,,"+3.012",3012,"+0.000",0,
472,1989,4,15,15,"15","12","satoru-nakajima","lotus","judd","goodyear","1:20.943",80943,,,,,,,"+3.067",3067,"+0.055",55,
472,1989,4,16,16,"16","30","philippe-alliot","lola","lamborghini","goodyear","1:21.031",81031,,,,,,,"+3.155",3155,"+0.088",88,
472,1989,4,17,17,"17","40","gabriele-tarquini","ags","ford","goodyear","1:21.031",81031,,,,,,,"+3.155",3155,"+0.000",0,
472,1989,4,18,18,"18","20","johnny-herbert","benetton","ford","goodyear","1:21.105",81105,,,,,,,"+3.229",3229,"+0.074",74,
472,1989,4,19,19,"19","21","alex-caffi","dallara","ford","pirelli","1:21.139",81139,,,,,,,"+3.263",3263,"+0.034",34,
472,1989,4,20,20,"20","7","martin-brundle","brabham","judd","pirelli","1:21.217",81217,,,,,,,"+3.341",3341,"+0.078",78,
472,1989,4,21,21,"21","36","stefan-johansson","onyx","ford","goodyear","1:21.358",81358,,,,,,,"+3.482",3482,"+0.141",141,
472,1989,4,22,22,"22","23","pierluigi-martini","minardi","ford","pirelli","1:21.471",81471,,,,,,,"+3.595",3595,"+0.113",113,
472,1989,4,23,23,"23","38","christian-danner","rial","ford","goodyear","1:21.696",81696,,,,,,,"+3.820",3820,"+0.225",225,
472,1989,4,24,24,"24","10","eddie-cheever","arrows","ford","goodyear","1:21.716",81716,,,,,,,"+3.840",3840,"+0.020",20,
472,1989,4,25,25,"25","25","rene-arnoux","ligier","ford","goodyear","1:21.830",81830,,,,,,,"+3.954",3954,"+0.114",114,
472,1989,4,26,26,"26","11","nelson-piquet","lotus","judd","goodyear","1:21.831",81831,,,,,,,"+3.955",3955,"+0.001",1,
472,1989,4,27,27,"27","24","luis-perez-sala","minardi","ford","pirelli","1:21.935",81935,,,,,,,"+4.059",4059,"+0.104",104,
472,1989,4,28,28,"28","15","mauricio-gugelmin","march","judd","goodyear","1:22.081",82081,,,,,,,"+4.205",4205,"+0.146",146,
472,1989,4,29,29,"29","29","yannick-dalmas","lola","lamborghini","goodyear","1:25.651",85651,,,,,,,"+7.775",7775,"+3.570",3570,
472,1989,4,30,30,"30","31","roberto-moreno","coloni","ford","pirelli","3:34.095",214095,,,,,,,"+2:16.219",136219,"+2:08.444",128444,
473,1989,5,1,1,"1","1","ayrton-senna","mclaren","honda","goodyear","1:30.108",90108,,,,,,,,,,,
473,1989,5,2,2,"2","2","alain-prost","mclaren","honda","goodyear","1:31.517",91517,,,,,,,"+1.409",1409,"+1.409",1409,
473,1989,5,3,3,"3","19","alessandro-nannini","benetton","ford","goodyear","1:31.799",91799,,,,,,,"+1.691",1691,"+0.282",282,
473,1989,5,4,4,"4","27","nigel-mansell","ferrari","ferrari","goodyear","1:31.927",91927,,,,,,,"+1.819",1819,"+0.128",128,
473,1989,5,5,5,"5","7","martin-brundle","brabham","judd","pirelli","1:31.960",91960,,,,,,,"+1.852",1852,"+0.033",33,
473,1989,5,6,6,"6","21","alex-caffi","dallara","ford","pirelli","1:32.160",92160,,,,,,,"+2.052",2052,"+0.200",200,
473,1989,5,7,7,"7","8","stefano-modena","brabham","judd","pirelli","1:32.286",92286,,,,,,,"+2.178",2178,"+0.126",126,
473,1989,5,8,8,"8","28","gerhard-berger","ferrari","ferrari","goodyear","1:32.364",92364,,,,,,,"+2.256",2256,"+0.078",78,
473,1989,5,9,9,"9","4","michele-alboreto","tyrrell","ford","goodyear","1:32.491",92491,,,,,,,"+2.383",2383,"+0.127",127,
473,1989,5,10,10,"10","9","derek-warwick","arrows","ford","goodyear","1:32.492",92492,,,,,,,"+2.384",2384,"+0.001",1,
473,1989,5,11,11,"11","16","ivan-capelli","march","judd","goodyear","1:32.493",92493,,,,,,,"+2.385",2385,"+0.001",1,
473,1989,5,12,12,"12","30","philippe-alliot","lola","lamborghini","goodyear","1:32.562",92562,,,,,,,"+2.454",2454,"+0.069",69,
473,1989,5,13,13,"13","22","andrea-de-cesaris","dallara","ford","pirelli","1:32.649",92649,,,,,,,"+2.541",2541,"+0.087",87,
473,1989,5,14,14,"14","6","riccardo-patrese","williams","renault","goodyear","1:32.795",92795,,,,,,,"+2.687",2687,"+0.146",146,
473,1989,5,15,15,"15","23","pierluigi-martini","minardi","ford","pirelli","1:33.031",93031,,,,,,,"+2.923",2923,"+0.236",236,
473,1989,5,16,16,"16","5","thierry-boutsen","williams","renault","goodyear","1:33.044",93044,,,,,,,"+2.936",2936,"+0.013",13,
473,1989,5,17,17,"17","10","eddie-cheever","arrows","ford","goodyear","1:33.214",93214,,,,,,,"+3.106",3106,"+0.170",170,
473,1989,5,18,18,"18","15","mauricio-gugelmin","march","judd","goodyear","1:33.324",93324,,,,,,,"+3.216",3216,"+0.110",110,
473,1989,5,19,19,"19","36","stefan-johansson","onyx","ford","goodyear","1:33.370",93370,,,,,,,"+3.262",3262,"+0.046",46,
473,1989,5,20,20,"20","24","luis-perez-sala","minardi","ford","pirelli","1:33.724",93724,,,,,,,"+3.616",3616,"+0.354",354,
473,1989,5,21,21,"21","3","jonathan-palmer","tyrrell","ford","goodyear","1:33.741",93741,,,,,,,"+3.633",3633,"+0.017",17,
473,1989,5,22,22,"22","11","nelson-piquet","lotus","judd","goodyear","1:33.745",93745,,,,,,,"+3.637",3637,"+0.004",4,
473,1989,5,23,23,"23","12","satoru-nakajima","lotus","judd","goodyear","1:33.782",93782,,,,,,,"+3.674",3674,"+0.037",37,
473,1989,5,24,24,"24","40","gabriele-tarquini","ags","ford","goodyear","1:33.790",93790,,,,,,,"+3.682",3682,"+0.008",8,
473,1989,5,25,25,"25","20","johnny-herbert","benetton","ford","goodyear","1:33.806",93806,,,,,,,"+3.698",3698,"+0.016",16,
473,1989,5,26,26,"26","38","christian-danner","rial","ford","goodyear","1:33.848",93848,,,,,,,"+3.740",3740,"+0.042",42,
473,1989,5,27,27,"27","26","olivier-grouillard","ligier","ford","goodyear","1:34.153",94153,,,,,,,"+4.045",4045,"+0.305",305,
473,1989,5,28,28,"28","31","roberto-moreno","coloni","ford","pirelli","1:34.352",94352,,,,,,,"+4.244",4244,"+0.199",199,
473,1989,5,29,29,"29","25","rene-arnoux","ligier","ford","goodyear","1:34.798",94798,,,,,,,"+4.690",4690,"+0.446",446,
473,1989,5,30,30,"30","29","yannick-dalmas","lola","lamborghini","goodyear","1:35.496",95496,,,,,,,"+5.388",5388,"+0.698",698,
474,1989,6,1,1,"1","2","alain-prost","mclaren","honda","goodyear","1:20.973",80973,,,,,,,,,,,
474,1989,6,2,2,"2","1","ayrton-senna","mclaren","honda","goodyear","1:21.049",81049,,,,,,,"+0.076",76,"+0.076",76,
474,1989,6,3,3,"3","6","riccardo-patrese","williams","renault","goodyear","1:21.783",81783,,,,,,,"+0.810",810,"+0.734",734,
474,1989,6,4,4,"4","28","gerhard-berger","ferrari","ferrari","goodyear","1:21.946",81946,,,,,,,"+0.973",973,"+0.163",163,
474,1989,6,5,5,"5","27","nigel-mansell","ferrari","ferrari","goodyear","1:22.165",82165,,,,,,,"+1.192",1192,"+0.219",219,
474,1989,6,6,6,"6","5","thierry-boutsen","williams","renault","goodyear","1:22.311",82311,,,,,,,"+1.338",1338,"+0.146",146,
474,1989,6,7,7,"7","8","stefano-modena","brabham","judd","pirelli","1:22.612",82612,,,,,,,"+1.639",1639,"+0.301",301,
474,1989,6,8,8,"8","21","alex-caffi","dallara","ford","pirelli","1:22.901",82901,,,,,,,"+1.928",1928,"+0.289",289,
474,1989,6,9,9,"9","22","andrea-de-cesaris","dallara","ford","pirelli","1:23.050",83050,,,,,,,"+2.077",2077,"+0.149",149,
474,1989,6,10,10,"10","30","philippe-alliot","lola","lamborghini","goodyear","1:23.059",83059,,,,,,,"+2.086",2086,"+0.009",9,
474,1989,6,11,11,"11","23","pierluigi-martini","minardi","ford","pirelli","1:23.252",83252,,,,,,,"+2.279",2279,"+0.193",193,
474,1989,6,12,12,"12","9","derek-warwick","arrows","ford","goodyear","1:23.348",83348,,,,,,,"+2.375",2375,"+0.096",96,
474,1989,6,13,13,"13","19","alessandro-nannini","benetton","ford","goodyear","1:23.542",83542,,,,,,,"+2.569",2569,"+0.194",194,
474,1989,6,14,14,"14","3","jonathan-palmer","tyrrell","ford","goodyear","1:23.665",83665,,,,,,,"+2.692",2692,"+0.123",123,
474,1989,6,15,15,"15","17","nicola-larini","osella","ford","pirelli","1:23.799",83799,,,,,,,"+2.826",2826,"+0.134",134,
474,1989,6,16,16,"16","10","eddie-cheever","arrows","ford","goodyear","1:23.828",83828,,,,,,,"+2.855",2855,"+0.029",29,
474,1989,6,17,17,"17","15","mauricio-gugelmin","march","judd","goodyear","1:23.863",83863,,,,,,,"+2.890",2890,"+0.035",35,
474,1989,6,18,18,"18","36","stefan-johansson","onyx","ford","goodyear","1:23.979",83979,,,,,,,"+3.006",3006,"+0.116",116,
474,1989,6,19,19,"19","11","nelson-piquet","lotus","judd","goodyear","1:24.029",84029,,,,,,,"+3.056",3056,"+0.050",50,
474,1989,6,20,20,"20","4","michele-alboreto","tyrrell","ford","goodyear","1:24.296",84296,,,,,,,"+3.323",3323,"+0.267",267,
474,1989,6,21,21,"21","16","ivan-capelli","march","judd","goodyear","1:24.406",84406,,,,,,,"+3.433",3433,"+0.110",110,
474,1989,6,22,22,"22","25","rene-arnoux","ligier","ford","goodyear","1:24.558",84558,,,,,,,"+3.585",3585,"+0.152",152,
474,1989,6,23,23,"23","38","christian-danner","rial","ford","goodyear","1:24.727",84727,,,,,,,"+3.754",3754,"+0.169",169,
474,1989,6,24,24,"24","24","luis-perez-sala","minardi","ford","pirelli","1:24.786",84786,,,,,,,"+3.813",3813,"+0.059",59,
474,1989,6,25,25,"25","40","gabriele-tarquini","ags","ford","goodyear","1:24.793",84793,,,,,,,"+3.820",3820,"+0.007",7,
474,1989,6,26,26,"26","31","roberto-moreno","coloni","ford","pirelli","1:25.037",85037,,,,,,,"+4.064",4064,"+0.244",244,
474,1989,6,27,27,"27","12","satoru-nakajima","lotus","judd","goodyear","1:25.051",85051,,,,,,,"+4.078",4078,"+0.014",14,
474,1989,6,28,28,"28","29","yannick-dalmas","lola","lamborghini","goodyear","1:25.161",85161,,,,,,,"+4.188",4188,"+0.110",110,
474,1989,6,29,29,"29","20","johnny-herbert","benetton","ford","goodyear","1:25.282",85282,,,,,,,"+4.309",4309,"+0.121",121,
474,1989,6,30,30,"30","26","olivier-grouillard","ligier","ford","goodyear","1:25.289",85289,,,,,,,"+4.316",4316,"+0.007",7,
475,1989,7,1,1,"1","2","alain-prost","mclaren","honda","goodyear","1:07.203",67203,,,,,,,,,,,
475,1989,7,2,2,"2","1","ayrton-senna","mclaren","honda","goodyear","1:07.228",67228,,,,,,,"+0.025",25,"+0.025",25,
475,1989,7,3,3,"3","27","nigel-mansell","ferrari","ferrari","goodyear","1:07.455",67455,,,,,,,"+0.252",252,"+0.227",227,
475,1989,7,4,4,"4","19","alessandro-nannini","benetton","ford","goodyear","1:08.137",68137,,,,,,,"+0.934",934,"+0.682",682,
475,1989,7,5,5,"5","5","thierry-boutsen","williams","renault","goodyear","1:08.211",68211,,,,,,,"+1.008",1008,"+0.074",74,
475,1989,7,6,6,"6","28","gerhard-berger","ferrari","ferrari","goodyear","1:08.233",68233,,,,,,,"+1.030",1030,"+0.022",22,
475,1989,7,7,7,"7","30","philippe-alliot","lola","lamborghini","goodyear","1:08.561",68561,,,,,,,"+1.358",1358,"+0.328",328,
475,1989,7,8,8,"8","6","riccardo-patrese","williams","renault","goodyear","1:08.993",68993,,,,,,,"+1.790",1790,"+0.432",432,
475,1989,7,9,9,"9","3","jonathan-palmer","tyrrell","ford","goodyear","1:09.026",69026,,,,,,,"+1.823",1823,"+0.033",33,
475,1989,7,10,10,"10","15","mauricio-gugelmin","march","judd","goodyear","1:09.036",69036,,,,,,,"+1.833",1833,"+0.010",10,
475,1989,7,11,11,"11","37","bertrand-gachot","onyx","ford","goodyear","1:09.122",69122,,,,,,,"+1.919",1919,"+0.086",86,
475,1989,7,12,12,"12","16","ivan-capelli","march","judd","goodyear","1:09.283",69283,,,,,,,"+2.080",2080,"+0.161",161,
475,1989,7,13,13,"13","36","stefan-johansson","onyx","ford","goodyear","1:09.299",69299,,,,,,,"+2.096",2096,"+0.016",16,
475,1989,7,14,14,"14","9","martin-donnelly","arrows","ford","goodyear","1:09.524",69524,,,,,,,"+2.321",2321,"+0.225",225,
475,1989,7,15,15,"15","29","eric-bernard","lola","lamborghini","goodyear","1:09.596",69596,,,,,,,"+2.393",2393,"+0.072",72,
475,1989,7,16,16,"16","4","jean-alesi","tyrrell","ford","goodyear","1:09.668",69668,,,,,,,"+2.465",2465,"+0.072",72,
475,1989,7,17,17,"17","26","olivier-grouillard","ligier","ford","goodyear","1:09.717",69717,,,,,,,"+2.514",2514,"+0.049",49,
475,1989,7,18,18,"18","25","rene-arnoux","ligier","ford","goodyear","1:10.077",70077,,,,,,,"+2.874",2874,"+0.360",360,
475,1989,7,19,19,"19","12","satoru-nakajima","lotus","judd","goodyear","1:10.119",70119,,,,,,,"+2.916",2916,"+0.042",42,
475,1989,7,20,20,"20","11","nelson-piquet","lotus","judd","goodyear","1:10.135",70135,,,,,,,"+2.932",2932,"+0.016",16,
475,1989,7,21,21,"21","40","gabriele-tarquini","ags","ford","goodyear","1:10.216",70216,,,,,,,"+3.013",3013,"+0.081",81,
475,1989,7,22,22,"22","8","stefano-modena","brabham","judd","pirelli","1:10.254",70254,,,,,,,"+3.051",3051,"+0.038",38,
475,1989,7,23,23,"23","23","pierluigi-martini","minardi","ford","pirelli","1:10.267",70267,,,,,,,"+3.064",3064,"+0.013",13,
475,1989,7,24,24,"24","20","emanuele-pirro","benetton","ford","goodyear","1:10.292",70292,,,,,,,"+3.089",3089,"+0.025",25,
475,1989,7,25,25,"25","10","eddie-cheever","arrows","ford","goodyear","1:10.372",70372,,,,,,,"+3.169",3169,"+0.080",80,
475,1989,7,26,26,"26","21","alex-caffi","dallara","ford","pirelli","1:10.468",70468,,,,,,,"+3.265",3265,"+0.096",96,
475,1989,7,27,27,"27","22","andrea-de-cesaris","dallara","ford","pirelli","1:10.591",70591,,,,,,,"+3.388",3388,"+0.123",123,
475,1989,7,28,28,"28","24","luis-perez-sala","minardi","ford","pirelli","1:11.079",71079,,,,,,,"+3.876",3876,"+0.488",488,
475,1989,7,29,29,"29","38","christian-danner","rial","ford","goodyear","1:11.178",71178,,,,,,,"+3.975",3975,"+0.099",99,
475,1989,7,30,30,"30","31","roberto-moreno","coloni","ford","pirelli","1:11.372",71372,,,,,,,"+4.169",4169,"+0.194",194,
476,1989,8,1,1,"1","1","ayrton-senna","mclaren","honda","goodyear","1:09.099",69099,,,,,,,,,,,
476,1989,8,2,2,"2","2","alain-prost","mclaren","honda","goodyear","1:09.266",69266,,,,,,,"+0.167",167,"+0.167",167,
476,1989,8,3,3,"3","27","nigel-mansell","ferrari","ferrari","goodyear","1:09.488",69488,,,,,,,"+0.389",389,"+0.222",222,
476,1989,8,4,4,"4","28","gerhard-berger","ferrari","ferrari","goodyear","1:09.855",69855,,,,,,,"+0.756",756,"+0.367",367,
476,1989,8,5,5,"5","6","riccardo-patrese","williams","renault","goodyear","1:09.865",69865,,,,,,,"+0.766",766,"+0.010",10,
476,1989,8,6,6,"6","15","mauricio-gugelmin","march","judd","goodyear","1:10.336",70336,,,,,,,"+1.237",1237,"+0.471",471,
476,1989,8,7,7,"7","5","thierry-boutsen","williams","renault","goodyear","1:10.376",70376,,,,,,,"+1.277",1277,"+0.040",40,
476,1989,8,8,8,"8","16","ivan-capelli","march","judd","goodyear","1:10.650",70650,,,,,,,"+1.551",1551,"+0.274",274,
476,1989,8,9,9,"9","19","alessandro-nannini","benetton","ford","goodyear","1:10.798",70798,,,,,,,"+1.699",1699,"+0.148",148,
476,1989,8,10,10,"10","11","nelson-piquet","lotus","judd","goodyear","1:10.925",70925,,,,,,,"+1.826",1826,"+0.127",127,
476,1989,8,11,11,"11","23","pierluigi-martini","minardi","ford","pirelli","1:11.368",71368,,,,,,,"+2.269",2269,"+0.443",443,
476,1989,8,12,12,"12","30","philippe-alliot","lola","lamborghini","goodyear","1:11.541",71541,,,,,,,"+2.442",2442,"+0.173",173,
476,1989,8,13,13,"13","29","eric-bernard","lola","lamborghini","goodyear","1:11.687",71687,,,,,,,"+2.588",2588,"+0.146",146,
476,1989,8,14,14,"14","8","stefano-modena","brabham","judd","pirelli","1:11.755",71755,,,,,,,"+2.656",2656,"+0.068",68,
476,1989,8,15,15,"15","24","luis-perez-sala","minardi","ford","pirelli","1:11.826",71826,,,,,,,"+2.727",2727,"+0.071",71,
476,1989,8,16,16,"16","12","satoru-nakajima","lotus","judd","goodyear","1:11.960",71960,,,,,,,"+2.861",2861,"+0.134",134,
476,1989,8,17,17,"17","17","nicola-larini","osella","ford","pirelli","1:12.061",72061,,,,,,,"+2.962",2962,"+0.101",101,
476,1989,8,18,18,"18","3","jonathan-palmer","tyrrell","ford","goodyear","1:12.070",72070,,,,,,,"+2.971",2971,"+0.009",9,
476,1989,8,19,19,"19","9","derek-warwick","arrows","ford","goodyear","1:12.208",72208,,,,,,,"+3.109",3109,"+0.138",138,
476,1989,8,20,20,"20","7","martin-brundle","brabham","judd","pirelli","1:12.327",72327,,,,,,,"+3.228",3228,"+0.119",119,
476,1989,8,21,21,"21","37","bertrand-gachot","onyx","ford","goodyear","1:12.329",72329,,,,,,,"+3.230",3230,"+0.002",2,
476,1989,8,22,22,"22","4","jean-alesi","tyrrell","ford","goodyear","1:12.341",72341,,,,,,,"+3.242",3242,"+0.012",12,
476,1989,8,23,23,"23","31","roberto-moreno","coloni","ford","pirelli","1:12.412",72412,,,,,,,"+3.313",3313,"+0.071",71,
476,1989,8,24,24,"24","26","olivier-grouillard","ligier","ford","goodyear","1:12.605",72605,,,,,,,"+3.506",3506,"+0.193",193,
476,1989,8,25,25,"25","22","andrea-de-cesaris","dallara","ford","pirelli","1:12.904",72904,,,,,,,"+3.805",3805,"+0.299",299,
476,1989,8,26,26,"26","20","emanuele-pirro","benetton","ford","goodyear","1:13.148",73148,,,,,,,"+4.049",4049,"+0.244",244,
476,1989,8,27,27,"27","25","rene-arnoux","ligier","ford","goodyear","1:13.240",73240,,,,,,,"+4.141",4141,"+0.092",92,
476,1989,8,28,28,"28","10","eddie-cheever","arrows","ford","goodyear","1:13.386",73386,,,,,,,"+4.287",4287,"+0.146",146,
476,1989,8,29,29,"29","40","gabriele-tarquini","ags","ford","goodyear","1:13.496",73496,,,,,,,"+4.397",4397,"+0.110",110,
476,1989,8,30,30,"30","38","christian-danner","rial","ford","goodyear","1:15.387",75387,,,,,,,"+6.288",6288,"+1.891",1891,
477,1989,9,1,1,"1","1","ayrton-senna","mclaren","honda","goodyear","1:42.300",102300,,,,,,,,,,,
477,1989,9,2,2,"2","2","alain-prost","mclaren","honda","goodyear","1:43.295",103295,,,,,,,"+0.995",995,"+0.995",995,
477,1989,9,3,3,"3","27","nigel-mansell","ferrari","ferrari","goodyear","1:44.020",104020,,,,,,,"+1.720",1720,"+0.725",725,
477,1989,9,4,4,"4","28","gerhard-berger","ferrari","ferrari","goodyear","1:44.467",104467,,,,,,,"+2.167",2167,"+0.447",447,
477,1989,9,5,5,"5","6","riccardo-patrese","williams","renault","goodyear","1:44.511",104511,,,,,,,"+2.211",2211,"+0.044",44,
477,1989,9,6,6,"6","5","thierry-boutsen","williams","renault","goodyear","1:44.702",104702,,,,,,,"+2.402",2402,"+0.191",191,
477,1989,9,7,7,"7","19","alessandro-nannini","benetton","ford","goodyear","1:45.033",105033,,,,,,,"+2.733",2733,"+0.331",331,
477,1989,9,8,8,"8","11","nelson-piquet","lotus","judd","goodyear","1:45.475",105475,,,,,,,"+3.175",3175,"+0.442",442,
477,1989,9,9,9,"9","20","emanuele-pirro","benetton","ford","goodyear","1:45.845",105845,,,,,,,"+3.545",3545,"+0.370",370,
477,1989,9,10,10,"10","4","jean-alesi","tyrrell","ford","goodyear","1:46.888",106888,,,,,,,"+4.588",4588,"+1.043",1043,
477,1989,9,11,11,"11","26","olivier-grouillard","ligier","ford","goodyear","1:46.893",106893,,,,,,,"+4.593",4593,"+0.005",5,
477,1989,9,12,12,"12","7","martin-brundle","brabham","judd","pirelli","1:47.216",107216,,,,,,,"+4.916",4916,"+0.323",323,
477,1989,9,13,13,"13","23","pierluigi-martini","minardi","ford","pirelli","1:47.380",107380,,,,,,,"+5.080",5080,"+0.164",164,
477,1989,9,14,14,"14","15","mauricio-gugelmin","march","judd","goodyear","1:47.387",107387,,,,,,,"+5.087",5087,"+0.007",7,
477,1989,9,15,15,"15","30","philippe-alliot","lola","lamborghini","goodyear","1:47.486",107486,,,,,,,"+5.186",5186,"+0.099",99,
477,1989,9,16,16,"16","8","stefano-modena","brabham","judd","pirelli","1:47.511",107511,,,,,,,"+5.211",5211,"+0.025",25,
477,1989,9,17,17,"17","9","derek-warwick","arrows","ford","goodyear","1:47.533",107533,,,,,,,"+5.233",5233,"+0.022",22,
477,1989,9,18,18,"18","12","satoru-nakajima","lotus","judd","goodyear","1:47.663",107663,,,,,,,"+5.363",5363,"+0.130",130,
477,1989,9,19,19,"19","3","jonathan-palmer","tyrrell","ford","goodyear","1:47.676",107676,,,,,,,"+5.376",5376,"+0.013",13,
477,1989,9,20,20,"20","21","alex-caffi","dallara","ford","pirelli","1:47.679",107679,,,,,,,"+5.379",5379,"+0.003",3,
477,1989,9,21,21,"21","22","andrea-de-cesaris","dallara","ford","pirelli","1:47.879",107879,,,,,,,"+5.579",5579,"+0.200",200,
477,1989,9,22,22,"22","16","ivan-capelli","march","judd","goodyear","1:48.078",108078,,,,,,,"+5.778",5778,"+0.199",199,
477,1989,9,23,23,"23","25","rene-arnoux","ligier","ford","goodyear","1:48.266",108266,,,,,,,"+5.966",5966,"+0.188",188,
477,1989,9,24,24,"24","36","stefan-johansson","onyx","ford","goodyear","1:48.348",108348,,,,,,,"+6.048",6048,"+0.082",82,
477,1989,9,25,25,"25","10","eddie-cheever","arrows","ford","goodyear","1:48.396",108396,,,,,,,"+6.096",6096,"+0.048",48,
477,1989,9,26,26,"26","29","michele-alboreto","lola","lamborghini","goodyear","1:48.670",108670,,,,,,,"+6.370",6370,"+0.274",274,
477,1989,9,27,27,"27","24","luis-perez-sala","minardi","ford","pirelli","1:48.686",108686,,,,,,,"+6.386",6386,"+0.016",16,
477,1989,9,28,28,"28","37","bertrand-gachot","onyx","ford","goodyear","1:49.004",109004,,,,,,,"+6.704",6704,"+0.318",318,
477,1989,9,29,29,"29","38","christian-danner","rial","ford","goodyear","1:49.767",109767,,,,,,,"+7.467",7467,"+0.763",763,
477,1989,9,30,30,"30","39","volker-weidler","rial","ford","goodyear","1:49.770",109770,,,,,,,"+7.470",7470,"+0.003",3,
478,1989,10,1,1,"1","6","riccardo-patrese","williams","renault","goodyear","1:19.726",79726,,,,,,,,,,,
478,1989,10,2,2,"2","1","ayrton-senna","mclaren","honda","goodyear","1:20.039",80039,,,,,,,"+0.313",313,"+0.313",313,
478,1989,10,3,3,"3","21","alex-caffi","dallara","ford","pirelli","1:20.704",80704,,,,,,,"+0.978",978,"+0.665",665,
478,1989,10,4,4,"4","5","thierry-boutsen","williams","renault","goodyear","1:21.001",81001,,,,,,,"+1.275",1275,"+0.297",297,
478,1989,10,5,5,"5","2","alain-prost","mclaren","honda","goodyear","1:21.076",81076,,,,,,,"+1.350",1350,"+0.075",75,
478,1989,10,6,6,"6","28","gerhard-berger","ferrari","ferrari","goodyear","1:21.270",81270,,,,,,,"+1.544",1544,"+0.194",194,
478,1989,10,7,7,"7","19","alessandro-nannini","benetton","ford","goodyear","1:21.301",81301,,,,,,,"+1.575",1575,"+0.031",31,
478,1989,10,8,8,"8","8","stefano-modena","brabham","judd","pirelli","1:21.472",81472,,,,,,,"+1.746",1746,"+0.171",171,
478,1989,10,9,9,"9","9","derek-warwick","arrows","ford","goodyear","1:21.617",81617,,,,,,,"+1.891",1891,"+0.145",145,
478,1989,10,10,10,"10","23","pierluigi-martini","minardi","ford","pirelli","1:21.746",81746,,,,,,,"+2.020",2020,"+0.129",129,
478,1989,10,11,11,"11","4","jean-alesi","tyrrell","ford","goodyear","1:21.799",81799,,,,,,,"+2.073",2073,"+0.053",53,
478,1989,10,12,12,"12","27","nigel-mansell","ferrari","ferrari","goodyear","1:21.951",81951,,,,,,,"+2.225",2225,"+0.152",152,
478,1989,10,13,13,"13","15","mauricio-gugelmin","march","judd","goodyear","1:22.083",82083,,,,,,,"+2.357",2357,"+0.132",132,
478,1989,10,14,14,"14","16","ivan-capelli","march","judd","goodyear","1:22.088",82088,,,,,,,"+2.362",2362,"+0.005",5,
478,1989,10,15,15,"15","7","martin-brundle","brabham","judd","pirelli","1:22.296",82296,,,,,,,"+2.570",2570,"+0.208",208,
478,1989,10,16,16,"16","10","eddie-cheever","arrows","ford","goodyear","1:22.374",82374,,,,,,,"+2.648",2648,"+0.078",78,
478,1989,10,17,17,"17","11","nelson-piquet","lotus","judd","goodyear","1:22.406",82406,,,,,,,"+2.680",2680,"+0.032",32,
478,1989,10,18,18,"18","22","andrea-de-cesaris","dallara","ford","pirelli","1:22.410",82410,,,,,,,"+2.684",2684,"+0.004",4,
478,1989,10,19,19,"19","3","jonathan-palmer","tyrrell","ford","goodyear","1:22.578",82578,,,,,,,"+2.852",2852,"+0.168",168,
478,1989,10,20,20,"20","12","satoru-nakajima","lotus","judd","goodyear","1:22.630",82630,,,,,,,"+2.904",2904,"+0.052",52,
478,1989,10,21,21,"21","37","bertrand-gachot","onyx","ford","goodyear","1:22.634",82634,,,,,,,"+2.908",2908,"+0.004",4,
478,1989,10,22,22,"22","18","piercarlo-ghinzani","osella","ford","pirelli","1:22.763",82763,,,,,,,"+3.037",3037,"+0.129",129,
478,1989,10,23,23,"23","24","luis-perez-sala","minardi","ford","pirelli","1:23.017",83017,,,,,,,"+3.291",3291,"+0.254",254,
478,1989,10,24,24,"24","36","stefan-johansson","onyx","ford","goodyear","1:23.148",83148,,,,,,,"+3.422",3422,"+0.131",131,
478,1989,10,25,25,"25","20","emanuele-pirro","benetton","ford","goodyear","1:23.399",83399,,,,,,,"+3.673",3673,"+0.251",251,
478,1989,10,26,26,"26","29","michele-alboreto","lola","lamborghini","goodyear","1:23.733",83733,,,,,,,"+4.007",4007,"+0.334",334,
478,1989,10,27,27,"27","25","rene-arnoux","ligier","ford","goodyear","1:24.003",84003,,,,,,,"+4.277",4277,"+0.270",270,
478,1989,10,28,28,"28","26","olivier-grouillard","ligier","ford","goodyear","1:24.702",84702,,,,,,,"+4.976",4976,"+0.699",699,
478,1989,10,29,29,"29","38","christian-danner","rial","ford","goodyear","1:25.017",85017,,,,,,,"+5.291",5291,"+0.315",315,
478,1989,10,30,30,"30","39","volker-weidler","rial","ford","goodyear","1:26.320",86320,,,,,,,"+6.594",6594,"+1.303",1303,
479,1989,11,1,1,"1","1","ayrton-senna","mclaren","honda","goodyear","1:50.867",110867,,,,,,,,,,,
479,1989,11,2,2,"2","2","alain-prost","mclaren","honda","goodyear","1:51.463",111463,,,,,,,"+0.596",596,"+0.596",596,
479,1989,11,3,3,"3","28","gerhard-berger","ferrari","ferrari","goodyear","1:52.391",112391,,,,,,,"+1.524",1524,"+0.928",928,
479,1989,11,4,4,"4","5","thierry-boutsen","williams","renault","goodyear","1:52.786",112786,,,,,,,"+1.919",1919,"+0.395",395,
479,1989,11,5,5,"5","6","riccardo-patrese","williams","renault","goodyear","1:52.875",112875,,,,,,,"+2.008",2008,"+0.089",89,
479,1989,11,6,6,"6","27","nigel-mansell","ferrari","ferrari","goodyear","1:52.898",112898,,,,,,,"+2.031",2031,"+0.023",23,
479,1989,11,7,7,"7","19","alessandro-nannini","benetton","ford","goodyear","1:55.075",115075,,,,,,,"+4.208",4208,"+2.177",2177,
479,1989,11,8,8,"8","8","stefano-modena","brabham","judd","pirelli","1:55.642",115642,,,,,,,"+4.775",4775,"+0.567",567,
479,1989,11,9,9,"9","15","mauricio-gugelmin","march","judd","goodyear","1:55.729",115729,,,,,,,"+4.862",4862,"+0.087",87,
479,1989,11,10,10,"10","9","derek-warwick","arrows","ford","goodyear","1:55.864",115864,,,,,,,"+4.997",4997,"+0.135",135,
479,1989,11,11,11,"11","30","philippe-alliot","lola","lamborghini","goodyear","1:55.890",115890,,,,,,,"+5.023",5023,"+0.026",26,
479,1989,11,12,12,"12","21","alex-caffi","dallara","ford","pirelli","1:55.892",115892,,,,,,,"+5.025",5025,"+0.002",2,
479,1989,11,13,13,"13","20","emanuele-pirro","benetton","ford","goodyear","1:55.902",115902,,,,,,,"+5.035",5035,"+0.010",10,
479,1989,11,14,14,"14","23","pierluigi-martini","minardi","ford","pirelli","1:56.115",116115,,,,,,,"+5.248",5248,"+0.213",213,
479,1989,11,15,15,"15","36","stefan-johansson","onyx","ford","goodyear","1:56.129",116129,,,,,,,"+5.262",5262,"+0.014",14,
479,1989,11,16,16,"16","4","johnny-herbert","tyrrell","ford","goodyear","1:56.248",116248,,,,,,,"+5.381",5381,"+0.119",119,
479,1989,11,17,17,"17","25","rene-arnoux","ligier","ford","goodyear","1:56.251",116251,,,,,,,"+5.384",5384,"+0.003",3,
479,1989,11,18,18,"18","22","andrea-de-cesaris","dallara","ford","pirelli","1:56.257",116257,,,,,,,"+5.390",5390,"+0.006",6,
479,1989,11,19,19,"19","16","ivan-capelli","march","judd","goodyear","1:56.291",116291,,,,,,,"+5.424",5424,"+0.034",34,
479,1989,11,20,20,"20","7","martin-brundle","brabham","judd","pirelli","1:56.327",116327,,,,,,,"+5.460",5460,"+0.036",36,
479,1989,11,21,21,"21","3","jonathan-palmer","tyrrell","ford","goodyear","1:56.600",116600,,,,,,,"+5.733",5733,"+0.273",273,
479,1989,11,22,22,"22","29","michele-alboreto","lola","lamborghini","goodyear","1:56.616",116616,,,,,,,"+5.749",5749,"+0.016",16,
479,1989,11,23,23,"23","37","bertrand-gachot","onyx","ford","goodyear","1:56.716",116716,,,,,,,"+5.849",5849,"+0.100",100,
479,1989,11,24,24,"24","10","eddie-cheever","arrows","ford","goodyear","1:56.748",116748,,,,,,,"+5.881",5881,"+0.032",32,
479,1989,11,25,25,"25","24","luis-perez-sala","minardi","ford","pirelli","1:56.957",116957,,,,,,,"+6.090",6090,"+0.209",209,
479,1989,11,26,26,"26","26","olivier-grouillard","ligier","ford","goodyear","1:57.027",117027,,,,,,,"+6.160",6160,"+0.070",70,
479,1989,11,27,27,"27","12","satoru-nakajima","lotus","judd","goodyear","1:57.251",117251,,,,,,,"+6.384",6384,"+0.224",224,
479,1989,11,28,28,"28","11","nelson-piquet","lotus","judd","goodyear","1:57.771",117771,,,,,,,"+6.904",6904,"+0.520",520,
479,1989,11,29,29,"29","38","christian-danner","rial","ford","goodyear","2:00.247",120247,,,,,,,"+9.380",9380,"+2.476",2476,
479,1989,11,30,30,"30","39","pierre-henri-raphanel","rial","ford","goodyear","2:02.937",122937,,,,,,,"+12.070",12070,"+2.690",2690,
480,1989,12,1,1,"1","1","ayrton-senna","mclaren","honda","goodyear","1:23.720",83720,,,,,,,,,,,
480,1989,12,2,2,"2","28","gerhard-berger","ferrari","ferrari","goodyear","1:24.734",84734,,,,,,,"+1.014",1014,"+1.014",1014,
480,1989,12,3,3,"3","27","nigel-mansell","ferrari","ferrari","goodyear","1:24.739",84739,,,,,,,"+1.019",1019,"+0.005",5,
480,1989,12,4,4,"4","2","alain-prost","mclaren","honda","goodyear","1:25.510",85510,,,,,,,"+1.790",1790,"+0.771",771,
480,1989,12,5,5,"5","6","riccardo-patrese","williams","renault","goodyear","1:25.545",85545,,,,,,,"+1.825",1825,"+0.035",35,
480,1989,12,6,6,"6","5","thierry-boutsen","williams","renault","goodyear","1:26.155",86155,,,,,,,"+2.435",2435,"+0.610",610,
480,1989,12,7,7,"7","30","philippe-alliot","lola","lamborghini","goodyear","1:26.985",86985,,,,,,,"+3.265",3265,"+0.830",830,
480,1989,12,8,8,"8","19","alessandro-nannini","benetton","ford","goodyear","1:27.052",87052,,,,,,,"+3.332",3332,"+0.067",67,
480,1989,12,9,9,"9","20","emanuele-pirro","benetton","ford","goodyear","1:27.397",87397,,,,,,,"+3.677",3677,"+0.345",345,
480,1989,12,10,10,"10","4","jean-alesi","tyrrell","ford","goodyear","1:27.399",87399,,,,,,,"+3.679",3679,"+0.002",2,
480,1989,12,11,11,"11","11","nelson-piquet","lotus","judd","goodyear","1:27.508",87508,,,,,,,"+3.788",3788,"+0.109",109,
480,1989,12,12,12,"12","7","martin-brundle","brabham","judd","pirelli","1:27.627",87627,,,,,,,"+3.907",3907,"+0.119",119,
480,1989,12,13,13,"13","29","michele-alboreto","lola","lamborghini","goodyear","1:27.803",87803,,,,,,,"+4.083",4083,"+0.176",176,
480,1989,12,14,14,"14","3","jonathan-palmer","tyrrell","ford","goodyear","1:27.822",87822,,,,,,,"+4.102",4102,"+0.019",19,
480,1989,12,15,15,"15","23","pierluigi-martini","minardi","ford","pirelli","1:27.923",87923,,,,,,,"+4.203",4203,"+0.101",101,
480,1989,12,16,16,"16","9","derek-warwick","arrows","ford","goodyear","1:28.092",88092,,,,,,,"+4.372",4372,"+0.169",169,
480,1989,12,17,17,"17","22","andrea-de-cesaris","dallara","ford","pirelli","1:28.129",88129,,,,,,,"+4.409",4409,"+0.037",37,
480,1989,12,18,18,"18","16","ivan-capelli","march","judd","goodyear","1:28.430",88430,,,,,,,"+4.710",4710,"+0.301",301,
480,1989,12,19,19,"19","12","satoru-nakajima","lotus","judd","goodyear","1:28.441",88441,,,,,,,"+4.721",4721,"+0.011",11,
480,1989,12,20,20,"20","21","alex-caffi","dallara","ford","pirelli","1:28.596",88596,,,,,,,"+4.876",4876,"+0.155",155,
480,1989,12,21,21,"21","26","olivier-grouillard","ligier","ford","goodyear","1:28.669",88669,,,,,,,"+4.949",4949,"+0.073",73,
480,1989,12,22,22,"22","37","bertrand-gachot","onyx","ford","goodyear","1:28.684",88684,,,,,,,"+4.964",4964,"+0.015",15,
480,1989,12,23,23,"23","25","rene-arnoux","ligier","ford","goodyear","1:28.685",88685,,,,,,,"+4.965",4965,"+0.001",1,
480,1989,12,24,24,"24","17","nicola-larini","osella","ford","pirelli","1:28.773",88773,,,,,,,"+5.053",5053,"+0.088",88,
480,1989,12,25,25,"25","15","mauricio-gugelmin","march","judd","goodyear","1:28.923",88923,,,,,,,"+5.203",5203,"+0.150",150,
480,1989,12,26,26,"26","24","luis-perez-sala","minardi","ford","pirelli","1:29.293",89293,,,,,,,"+5.573",5573,"+0.370",370,
480,1989,12,27,27,"27","10","eddie-cheever","arrows","ford","goodyear","1:29.554",89554,,,,,,,"+5.834",5834,"+0.261",261,
480,1989,12,28,28,"28","38","christian-danner","rial","ford","goodyear","1:31.830",91830,,,,,,,"+8.110",8110,"+2.276",2276,
480,1989,12,29,29,"29","39","pierre-henri-raphanel","rial","ford","goodyear","1:36.295",96295,,,,,,,"+12.575",12575,"+4.465",4465,
480,1989,12,30,,"EX","8","stefano-modena","brabham","judd","pirelli",,,,,,,,,,,,,
481,1989,13,1,1,"1","1","ayrton-senna","mclaren","honda","goodyear","1:15.468",75468,,,,,,,,,,,
481,1989,13,2,2,"2","28","gerhard-berger","ferrari","ferrari","goodyear","1:16.059",76059,,,,,,,"+0.591",591,"+0.591",591,
481,1989,13,3,3,"3","27","nigel-mansell","ferrari","ferrari","goodyear","1:16.193",76193,,,,,,,"+0.725",725,"+0.134",134,
481,1989,13,4,4,"4","2","alain-prost","mclaren","honda","goodyear","1:16.204",76204,,,,,,,"+0.736",736,"+0.011",11,
481,1989,13,5,5,"5","23","pierluigi-martini","minardi","ford","pirelli","1:16.938",76938,,,,,,,"+1.470",1470,"+0.734",734,
481,1989,13,6,6,"6","6","riccardo-patrese","williams","renault","goodyear","1:17.281",77281,,,,,,,"+1.813",1813,"+0.343",343,
481,1989,13,7,7,"7","21","alex-caffi","dallara","ford","pirelli","1:17.661",77661,,,,,,,"+2.193",2193,"+0.380",380,
481,1989,13,8,8,"8","5","thierry-boutsen","williams","renault","goodyear","1:17.801",77801,,,,,,,"+2.333",2333,"+0.140",140,
481,1989,13,9,9,"9","24","luis-perez-sala","minardi","ford","pirelli","1:17.844",77844,,,,,,,"+2.376",2376,"+0.043",43,
481,1989,13,10,10,"10","7","martin-brundle","brabham","judd","pirelli","1:17.874",77874,,,,,,,"+2.406",2406,"+0.030",30,
481,1989,13,11,11,"11","8","stefano-modena","brabham","judd","pirelli","1:18.093",78093,,,,,,,"+2.625",2625,"+0.219",219,
481,1989,13,12,12,"12","36","stefan-johansson","onyx","ford","goodyear","1:18.105",78105,,,,,,,"+2.637",2637,"+0.012",12,
481,1989,13,13,13,"13","19","alessandro-nannini","benetton","ford","goodyear","1:18.115",78115,,,,,,,"+2.647",2647,"+0.010",10,
481,1989,13,14,14,"14","15","mauricio-gugelmin","march","judd","goodyear","1:18.124",78124,,,,,,,"+2.656",2656,"+0.009",9,
481,1989,13,15,15,"15","31","roberto-moreno","coloni","ford","pirelli","1:18.196",78196,,,,,,,"+2.728",2728,"+0.072",72,
481,1989,13,16,16,"16","20","emanuele-pirro","benetton","ford","goodyear","1:18.328",78328,,,,,,,"+2.860",2860,"+0.132",132,
481,1989,13,17,17,"17","30","philippe-alliot","lola","lamborghini","goodyear","1:18.386",78386,,,,,,,"+2.918",2918,"+0.058",58,
481,1989,13,18,18,"18","3","jonathan-palmer","tyrrell","ford","goodyear","1:18.404",78404,,,,,,,"+2.936",2936,"+0.018",18,
481,1989,13,19,19,"19","22","andrea-de-cesaris","dallara","ford","pirelli","1:18.442",78442,,,,,,,"+2.974",2974,"+0.038",38,
481,1989,13,20,20,"20","11","nelson-piquet","lotus","judd","goodyear","1:18.482",78482,,,,,,,"+3.014",3014,"+0.040",40,
481,1989,13,21,21,"21","29","michele-alboreto","lola","lamborghini","goodyear","1:18.563",78563,,,,,,,"+3.095",3095,"+0.081",81,
481,1989,13,22,22,"22","9","derek-warwick","arrows","ford","goodyear","1:18.711",78711,,,,,,,"+3.243",3243,"+0.148",148,
481,1989,13,23,23,"23","25","rene-arnoux","ligier","ford","goodyear","1:18.767",78767,,,,,,,"+3.299",3299,"+0.056",56,
481,1989,13,24,24,"24","16","ivan-capelli","march","judd","goodyear","1:18.785",78785,,,,,,,"+3.317",3317,"+0.018",18,
481,1989,13,25,25,"25","12","satoru-nakajima","lotus","judd","goodyear","1:19.165",79165,,,,,,,"+3.697",3697,"+0.380",380,
481,1989,13,26,26,"26","10","eddie-cheever","arrows","ford","goodyear","1:19.247",79247,,,,,,,"+3.779",3779,"+0.082",82,
481,1989,13,27,27,"27","4","johnny-herbert","tyrrell","ford","goodyear","1:19.264",79264,,,,,,,"+3.796",3796,"+0.017",17,
481,1989,13,28,28,"28","26","olivier-grouillard","ligier","ford","goodyear","1:19.436",79436,,,,,,,"+3.968",3968,"+0.172",172,
481,1989,13,29,29,"29","39","pierre-henri-raphanel","rial","ford","goodyear","1:21.435",81435,,,,,,,"+5.967",5967,"+1.999",1999,
481,1989,13,30,30,"30","38","christian-danner","rial","ford","goodyear","1:21.678",81678,,,,,,,"+6.210",6210,"+0.243",243,
482,1989,14,1,1,"1","1","ayrton-senna","mclaren","honda","goodyear","1:20.291",80291,,,,,,,,,,,
482,1989,14,2,2,"2","28","gerhard-berger","ferrari","ferrari","goodyear","1:20.565",80565,,,,,,,"+0.274",274,"+0.274",274,
482,1989,14,3,3,"3","2","alain-prost","mclaren","honda","goodyear","1:21.368",81368,,,,,,,"+1.077",1077,"+0.803",803,
482,1989,14,4,4,"4","23","pierluigi-martini","minardi","ford","pirelli","1:21.479",81479,,,,,,,"+1.188",1188,"+0.111",111,
482,1989,14,5,5,"5","30","philippe-alliot","lola","lamborghini","goodyear","1:21.708",81708,,,,,,,"+1.417",1417,"+0.229",229,
482,1989,14,6,6,"6","6","riccardo-patrese","williams","renault","goodyear","1:21.777",81777,,,,,,,"+1.486",1486,"+0.069",69,
482,1989,14,7,7,"7","11","nelson-piquet","lotus","judd","goodyear","1:21.922",81922,,,,,,,"+1.631",1631,"+0.145",145,
482,1989,14,8,8,"8","7","martin-brundle","brabham","judd","pirelli","1:22.133",82133,,,,,,,"+1.842",1842,"+0.211",211,
482,1989,14,9,9,"9","4","jean-alesi","tyrrell","ford","goodyear","1:22.363",82363,,,,,,,"+2.072",2072,"+0.230",230,
482,1989,14,10,10,"10","20","emanuele-pirro","benetton","ford","goodyear","1:22.567",82567,,,,,,,"+2.276",2276,"+0.204",204,
482,1989,14,11,11,"11","17","nicola-larini","osella","ford","pirelli","1:22.620",82620,,,,,,,"+2.329",2329,"+0.053",53,
482,1989,14,12,12,"12","8","stefano-modena","brabham","judd","pirelli","1:22.826",82826,,,,,,,"+2.535",2535,"+0.206",206,
482,1989,14,13,13,"13","3","jonathan-palmer","tyrrell","ford","goodyear","1:23.052",83052,,,,,,,"+2.761",2761,"+0.226",226,
482,1989,14,14,14,"14","19","alessandro-nannini","benetton","ford","goodyear","1:23.105",83105,,,,,,,"+2.814",2814,"+0.053",53,
482,1989,14,15,15,"15","22","andrea-de-cesaris","dallara","ford","pirelli","1:23.186",83186,,,,,,,"+2.895",2895,"+0.081",81,
482,1989,14,16,16,"16","9","derek-warwick","arrows","ford","goodyear","1:23.222",83222,,,,,,,"+2.931",2931,"+0.036",36,
482,1989,14,17,17,"17","37","jj-lehto","onyx","ford","goodyear","1:23.243",83243,,,,,,,"+2.952",2952,"+0.021",21,
482,1989,14,18,18,"18","12","satoru-nakajima","lotus","judd","goodyear","1:23.309",83309,,,,,,,"+3.018",3018,"+0.066",66,
482,1989,14,19,19,"19","16","ivan-capelli","march","judd","goodyear","1:23.401",83401,,,,,,,"+3.110",3110,"+0.092",92,
482,1989,14,20,20,"20","24","luis-perez-sala","minardi","ford","pirelli","1:23.443",83443,,,,,,,"+3.152",3152,"+0.042",42,
482,1989,14,21,21,"21","5","thierry-boutsen","williams","renault","goodyear","1:23.657",83657,,,,,,,"+3.366",3366,"+0.214",214,
482,1989,14,22,22,"22","10","eddie-cheever","arrows","ford","goodyear","1:23.729",83729,,,,,,,"+3.438",3438,"+0.072",72,
482,1989,14,23,23,"23","21","alex-caffi","dallara","ford","pirelli","1:23.763",83763,,,,,,,"+3.472",3472,"+0.034",34,
482,1989,14,24,24,"24","26","olivier-grouillard","ligier","ford","goodyear","1:23.931",83931,,,,,,,"+3.640",3640,"+0.168",168,
482,1989,14,25,25,"25","18","piercarlo-ghinzani","osella","ford","pirelli","1:24.003",84003,,,,,,,"+3.712",3712,"+0.072",72,
482,1989,14,26,26,"26","15","mauricio-gugelmin","march","judd","goodyear","1:24.707",84707,,,,,,,"+4.416",4416,"+0.704",704,
482,1989,14,27,27,"27","25","rene-arnoux","ligier","ford","goodyear","1:25.190",85190,,,,,,,"+4.899",4899,"+0.483",483,
482,1989,14,28,28,"28","39","pierre-henri-raphanel","rial","ford","goodyear","1:25.443",85443,,,,,,,"+5.152",5152,"+0.253",253,
482,1989,14,29,29,"29","38","gregor-foitek","rial","ford","goodyear","1:29.226",89226,,,,,,,"+8.935",8935,"+3.783",3783,
483,1989,15,1,1,"1","1","ayrton-senna","mclaren","honda","goodyear","1:38.041",98041,,,,,,,,,,,
483,1989,15,2,2,"2","2","alain-prost","mclaren","honda","goodyear","1:39.771",99771,,,,,,,"+1.730",1730,"+1.730",1730,
483,1989,15,3,3,"3","28","gerhard-berger","ferrari","ferrari","goodyear","1:40.187",100187,,,,,,,"+2.146",2146,"+0.416",416,
483,1989,15,4,4,"4","27","nigel-mansell","ferrari","ferrari","goodyear","1:40.406",100406,,,,,,,"+2.365",2365,"+0.219",219,
483,1989,15,5,5,"5","6","riccardo-patrese","williams","renault","goodyear","1:40.936",100936,,,,,,,"+2.895",2895,"+0.530",530,
483,1989,15,6,6,"6","19","alessandro-nannini","benetton","ford","goodyear","1:41.103",101103,,,,,,,"+3.062",3062,"+0.167",167,
483,1989,15,7,7,"7","5","thierry-boutsen","williams","renault","goodyear","1:41.324",101324,,,,,,,"+3.283",3283,"+0.221",221,
483,1989,15,8,8,"8","30","philippe-alliot","lola","lamborghini","goodyear","1:41.336",101336,,,,,,,"+3.295",3295,"+0.012",12,
483,1989,15,9,9,"9","8","stefano-modena","brabham","judd","pirelli","1:41.458",101458,,,,,,,"+3.417",3417,"+0.122",122,
483,1989,15,10,10,"10","17","nicola-larini","osella","ford","pirelli","1:41.519",101519,,,,,,,"+3.478",3478,"+0.061",61,
483,1989,15,11,11,"11","11","nelson-piquet","lotus","judd","goodyear","1:41.802",101802,,,,,,,"+3.761",3761,"+0.283",283,
483,1989,15,12,12,"12","12","satoru-nakajima","lotus","judd","goodyear","1:41.988",101988,,,,,,,"+3.947",3947,"+0.186",186,
483,1989,15,13,13,"13","7","martin-brundle","brabham","judd","pirelli","1:42.182",102182,,,,,,,"+4.141",4141,"+0.194",194,
483,1989,15,14,14,"14","24","luis-perez-sala","minardi","ford","pirelli","1:42.283",102283,,,,,,,"+4.242",4242,"+0.101",101,
483,1989,15,15,15,"15","21","alex-caffi","dallara","ford","pirelli","1:42.488",102488,,,,,,,"+4.447",4447,"+0.205",205,
483,1989,15,16,16,"16","22","andrea-de-cesaris","dallara","ford","pirelli","1:42.581",102581,,,,,,,"+4.540",4540,"+0.093",93,
483,1989,15,17,17,"17","16","ivan-capelli","march","judd","goodyear","1:42.672",102672,,,,,,,"+4.631",4631,"+0.091",91,
483,1989,15,18,18,"18","4","jean-alesi","tyrrell","ford","goodyear","1:42.709",102709,,,,,,,"+4.668",4668,"+0.037",37,
483,1989,15,19,19,"19","23","paolo-barilla","minardi","ford","pirelli","1:42.780",102780,,,,,,,"+4.739",4739,"+0.071",71,
483,1989,15,20,20,"20","15","mauricio-gugelmin","march","judd","goodyear","1:42.880",102880,,,,,,,"+4.839",4839,"+0.100",100,
483,1989,15,21,21,"21","34","bernd-schneider","zakspeed","yamaha","pirelli","1:42.892",102892,,,,,,,"+4.851",4851,"+0.012",12,
483,1989,15,22,22,"22","20","emanuele-pirro","benetton","ford","goodyear","1:43.063",103063,,,,,,,"+5.022",5022,"+0.171",171,
483,1989,15,23,23,"23","26","olivier-grouillard","ligier","ford","goodyear","1:43.379",103379,,,,,,,"+5.338",5338,"+0.316",316,
483,1989,15,24,24,"24","10","eddie-cheever","arrows","ford","goodyear","1:43.511",103511,,,,,,,"+5.470",5470,"+0.132",132,
483,1989,15,25,25,"25","9","derek-warwick","arrows","ford","goodyear","1:43.599",103599,,,,,,,"+5.558",5558,"+0.088",88,
483,1989,15,26,26,"26","3","jonathan-palmer","tyrrell","ford","goodyear","1:43.757",103757,,,,,,,"+5.716",5716,"+0.158",158,
483,1989,15,27,27,"27","25","rene-arnoux","ligier","ford","goodyear","1:44.030",104030,,,,,,,"+5.989",5989,"+0.273",273,
483,1989,15,28,28,"28","29","michele-alboreto","lola","lamborghini","goodyear","1:44.063",104063,,,,,,,"+6.022",6022,"+0.033",33,
483,1989,15,29,29,"29","38","pierre-henri-raphanel","rial","ford","goodyear","1:47.160",107160,,,,,,,"+9.119",9119,"+3.097",3097,
483,1989,15,30,30,"30","39","bertrand-gachot","rial","ford","goodyear","1:47.295",107295,,,,,,,"+9.254",9254,"+0.135",135,
484,1989,16,1,1,"1","1","ayrton-senna","mclaren","honda","goodyear","1:16.665",76665,,,,,,,,,,,
484,1989,16,2,2,"2","2","alain-prost","mclaren","honda","goodyear","1:17.403",77403,,,,,,,"+0.738",738,"+0.738",738,
484,1989,16,3,3,"3","23","pierluigi-martini","minardi","ford","pirelli","1:17.623",77623,,,,,,,"+0.958",958,"+0.220",220,
484,1989,16,4,4,"4","19","alessandro-nannini","benetton","ford","goodyear","1:17.762",77762,,,,,,,"+1.097",1097,"+0.139",139,
484,1989,16,5,5,"5","5","thierry-boutsen","williams","renault","goodyear","1:17.791",77791,,,,,,,"+1.126",1126,"+0.029",29,
484,1989,16,6,6,"6","6","riccardo-patrese","williams","renault","goodyear","1:17.827",77827,,,,,,,"+1.162",1162,"+0.036",36,
484,1989,16,7,7,"7","27","nigel-mansell","ferrari","ferrari","goodyear","1:18.313",78313,,,,,,,"+1.648",1648,"+0.486",486,
484,1989,16,8,8,"8","8","stefano-modena","brabham","judd","pirelli","1:18.750",78750,,,,,,,"+2.085",2085,"+0.437",437,
484,1989,16,9,9,"9","22","andrea-de-cesaris","dallara","ford","pirelli","1:18.828",78828,,,,,,,"+2.163",2163,"+0.078",78,
484,1989,16,10,10,"10","21","alex-caffi","dallara","ford","pirelli","1:18.857",78857,,,,,,,"+2.192",2192,"+0.029",29,
484,1989,16,11,11,"11","17","nicola-larini","osella","ford","pirelli","1:19.110",79110,,,,,,,"+2.445",2445,"+0.253",253,
484,1989,16,12,12,"12","7","martin-brundle","brabham","judd","pirelli","1:19.136",79136,,,,,,,"+2.471",2471,"+0.026",26,
484,1989,16,13,13,"13","20","emanuele-pirro","benetton","ford","goodyear","1:19.217",79217,,,,,,,"+2.552",2552,"+0.081",81,
484,1989,16,14,14,"14","28","gerhard-berger","ferrari","ferrari","goodyear","1:19.238",79238,,,,,,,"+2.573",2573,"+0.021",21,
484,1989,16,15,15,"15","4","jean-alesi","tyrrell","ford","goodyear","1:19.259",79259,,,,,,,"+2.594",2594,"+0.021",21,
484,1989,16,16,16,"16","16","ivan-capelli","march","judd","goodyear","1:19.269",79269,,,,,,,"+2.604",2604,"+0.010",10,
484,1989,16,17,17,"17","37","jj-lehto","onyx","ford","goodyear","1:19.309",79309,,,,,,,"+2.644",2644,"+0.040",40,
484,1989,16,18,18,"18","11","nelson-piquet","lotus","judd","goodyear","1:19.392",79392,,,,,,,"+2.727",2727,"+0.083",83,
484,1989,16,19,19,"19","30","philippe-alliot","lola","lamborghini","goodyear","1:19.568",79568,,,,,,,"+2.903",2903,"+0.176",176,
484,1989,16,20,20,"20","9","derek-warwick","arrows","ford","goodyear","1:19.599",79599,,,,,,,"+2.934",2934,"+0.031",31,
484,1989,16,21,21,"21","18","piercarlo-ghinzani","osella","ford","pirelli","1:19.691",79691,,,,,,,"+3.026",3026,"+0.092",92,
484,1989,16,22,22,"22","10","eddie-cheever","arrows","ford","goodyear","1:19.922",79922,,,,,,,"+3.257",3257,"+0.231",231,
484,1989,16,23,23,"23","12","satoru-nakajima","lotus","judd","goodyear","1:20.066",80066,,,,,,,"+3.401",3401,"+0.144",144,
484,1989,16,24,24,"24","26","olivier-grouillard","ligier","ford","goodyear","1:20.073",80073,,,,,,,"+3.408",3408,"+0.007",7,
484,1989,16,25,25,"25","15","mauricio-gugelmin","march","judd","goodyear","1:20.191",80191,,,,,,,"+3.526",3526,"+0.118",118,
484,1989,16,26,26,"26","25","rene-arnoux","ligier","ford","goodyear","1:20.391",80391,,,,,,,"+3.726",3726,"+0.200",200,
484,1989,16,27,27,"27","3","jonathan-palmer","tyrrell","ford","goodyear","1:20.428",80428,,,,,,,"+3.763",3763,"+0.037",37,
484,1989,16,28,28,"28","24","luis-perez-sala","minardi","ford","pirelli","1:20.633",80633,,,,,,,"+3.968",3968,"+0.205",205,
484,1989,16,29,29,"29","39","bertrand-gachot","rial","ford","goodyear","1:22.267",82267,,,,,,,"+5.602",5602,"+1.634",1634,
484,1989,16,30,30,"30","38","pierre-henri-raphanel","rial","ford","goodyear","1:22.305",82305,,,,,,,"+5.640",5640,"+0.038",38,
485,1990,1,1,1,"1","28","gerhard-berger","mclaren","honda","goodyear","1:28.664",88664,,,,,,,,,,,
485,1990,1,2,2,"2","23","pierluigi-martini","minardi","ford","pirelli","1:28.731",88731,,,,,,,"+0.067",67,"+0.067",67,
485,1990,1,3,3,"3","22","andrea-de-cesaris","dallara","ford","pirelli","1:29.019",89019,,,,,,,"+0.355",355,"+0.288",288,
485,1990,1,4,4,"4","4","jean-alesi","tyrrell","ford","pirelli","1:29.408",89408,,,,,,,"+0.744",744,"+0.389",389,
485,1990,1,5,5,"5","27","ayrton-senna","mclaren","honda","goodyear","1:29.431",89431,,,,,,,"+0.767",767,"+0.023",23,
485,1990,1,6,6,"6","20","nelson-piquet","benetton","ford","goodyear","1:29.862",89862,,,,,,,"+1.198",1198,"+0.431",431,
485,1990,1,7,7,"7","1","alain-prost","ferrari","ferrari","goodyear","1:29.910",89910,,,,,,,"+1.246",1246,"+0.048",48,
485,1990,1,8,8,"8","14","olivier-grouillard","osella","ford","pirelli","1:29.947",89947,,,,,,,"+1.283",1283,"+0.037",37,
485,1990,1,9,9,"9","5","thierry-boutsen","williams","renault","goodyear","1:30.059",90059,,,,,,,"+1.395",1395,"+0.112",112,
485,1990,1,10,10,"10","8","stefano-modena","brabham","judd","pirelli","1:30.127",90127,,,,,,,"+1.463",1463,"+0.068",68,
485,1990,1,11,11,"11","3","satoru-nakajima","tyrrell","ford","pirelli","1:30.130",90130,,,,,,,"+1.466",1466,"+0.003",3,
485,1990,1,12,12,"12","6","riccardo-patrese","williams","renault","goodyear","1:30.213",90213,,,,,,,"+1.549",1549,"+0.083",83,
485,1990,1,13,13,"13","25","nicola-larini","ligier","ford","goodyear","1:30.424",90424,,,,,,,"+1.760",1760,"+0.211",211,
485,1990,1,14,14,"14","24","paolo-barilla","minardi","ford","pirelli","1:31.194",91194,,,,,,,"+2.530",2530,"+0.770",770,
485,1990,1,15,15,"15","29","eric-bernard","lola","lamborghini","goodyear","1:31.226",91226,,,,,,,"+2.562",2562,"+0.032",32,
485,1990,1,16,16,"16","33","roberto-moreno","eurobrun","judd","pirelli","1:31.247",91247,,,,,,,"+2.583",2583,"+0.021",21,
485,1990,1,17,17,"17","2","nigel-mansell","ferrari","ferrari","goodyear","1:31.363",91363,,,,,,,"+2.699",2699,"+0.116",116,
485,1990,1,18,18,"18","30","aguri-suzuki","lola","lamborghini","goodyear","1:31.414",91414,,,,,,,"+2.750",2750,"+0.051",51,
485,1990,1,19,19,"19","12","martin-donnelly","lotus","lamborghini","goodyear","1:31.650",91650,,,,,,,"+2.986",2986,"+0.236",236,
485,1990,1,20,20,"20","10","bernd-schneider","arrows","ford","goodyear","1:31.892",91892,,,,,,,"+3.228",3228,"+0.242",242,
485,1990,1,21,21,"21","9","michele-alboreto","arrows","ford","goodyear","1:31.948",91948,,,,,,,"+3.284",3284,"+0.056",56,
485,1990,1,22,22,"22","19","alessandro-nannini","benetton","ford","goodyear","1:31.984",91984,,,,,,,"+3.320",3320,"+0.036",36,
485,1990,1,23,23,"23","7","gregor-foitek","brabham","judd","pirelli","1:32.398",92398,,,,,,,"+3.734",3734,"+0.414",414,
485,1990,1,24,24,"24","11","derek-warwick","lotus","lamborghini","goodyear","1:32.400",92400,,,,,,,"+3.736",3736,"+0.002",2,
485,1990,1,25,25,"25","15","mauricio-gugelmin","leyton-house","judd","goodyear","1:32.904",92904,,,,,,,"+4.240",4240,"+0.504",504,
485,1990,1,26,26,"26","16","ivan-capelli","leyton-house","judd","goodyear","1:33.044",93044,,,,,,,"+4.380",4380,"+0.140",140,
485,1990,1,27,27,"27","35","stefan-johansson","onyx","ford","goodyear","1:33.468",93468,,,,,,,"+4.804",4804,"+0.424",424,
485,1990,1,28,28,"28","21","gianni-morbidelli","dallara","ford","pirelli","1:34.292",94292,,,,,,,"+5.628",5628,"+0.824",824,
486,1990,2,1,1,"1","27","ayrton-senna","mclaren","honda","goodyear","1:17.277",77277,,,,,,,,,,,
486,1990,2,2,2,"2","28","gerhard-berger","mclaren","honda","goodyear","1:17.888",77888,,,,,,,"+0.611",611,"+0.611",611,
486,1990,2,3,3,"3","5","thierry-boutsen","williams","renault","goodyear","1:18.150",78150,,,,,,,"+0.873",873,"+0.262",262,
486,1990,2,4,4,"4","6","riccardo-patrese","williams","renault","goodyear","1:18.288",78288,,,,,,,"+1.011",1011,"+0.138",138,
486,1990,2,5,5,"5","2","nigel-mansell","ferrari","ferrari","goodyear","1:18.509",78509,,,,,,,"+1.232",1232,"+0.221",221,
486,1990,2,6,6,"6","1","alain-prost","ferrari","ferrari","goodyear","1:18.631",78631,,,,,,,"+1.354",1354,"+0.122",122,
486,1990,2,7,7,"7","4","jean-alesi","tyrrell","ford","pirelli","1:18.923",78923,,,,,,,"+1.646",1646,"+0.292",292,
486,1990,2,8,8,"8","23","pierluigi-martini","minardi","ford","pirelli","1:19.039",79039,,,,,,,"+1.762",1762,"+0.116",116,
486,1990,2,9,9,"9","22","andrea-de-cesaris","dallara","ford","pirelli","1:19.125",79125,,,,,,,"+1.848",1848,"+0.086",86,
486,1990,2,10,10,"10","26","philippe-alliot","ligier","ford","goodyear","1:19.309",79309,,,,,,,"+2.032",2032,"+0.184",184,
486,1990,2,11,11,"11","29","eric-bernard","lola","lamborghini","goodyear","1:19.406",79406,,,,,,,"+2.129",2129,"+0.097",97,
486,1990,2,12,12,"12","8","stefano-modena","brabham","judd","pirelli","1:19.425",79425,,,,,,,"+2.148",2148,"+0.019",19,
486,1990,2,13,13,"13","20","nelson-piquet","benetton","ford","goodyear","1:19.629",79629,,,,,,,"+2.352",2352,"+0.204",204,
486,1990,2,14,14,"14","12","martin-donnelly","lotus","lamborghini","goodyear","1:20.032",80032,,,,,,,"+2.755",2755,"+0.403",403,
486,1990,2,15,15,"15","19","alessandro-nannini","benetton","ford","goodyear","1:20.055",80055,,,,,,,"+2.778",2778,"+0.023",23,
486,1990,2,16,16,"16","21","gianni-morbidelli","dallara","ford","pirelli","1:20.164",80164,,,,,,,"+2.887",2887,"+0.109",109,
486,1990,2,17,17,"17","24","paolo-barilla","minardi","ford","pirelli","1:20.282",80282,,,,,,,"+3.005",3005,"+0.118",118,
486,1990,2,18,18,"18","30","aguri-suzuki","lola","lamborghini","goodyear","1:20.557",80557,,,,,,,"+3.280",3280,"+0.275",275,
486,1990,2,19,19,"19","3","satoru-nakajima","tyrrell","ford","pirelli","1:20.568",80568,,,,,,,"+3.291",3291,"+0.011",11,
486,1990,2,20,20,"20","25","nicola-larini","ligier","ford","goodyear","1:20.650",80650,,,,,,,"+3.373",3373,"+0.082",82,
486,1990,2,21,21,"21","14","olivier-grouillard","osella","ford","pirelli","1:20.884",80884,,,,,,,"+3.607",3607,"+0.234",234,
486,1990,2,22,22,"22","7","gregor-foitek","brabham","judd","pirelli","1:20.902",80902,,,,,,,"+3.625",3625,"+0.018",18,
486,1990,2,23,23,"23","9","michele-alboreto","arrows","ford","goodyear","1:20.920",80920,,,,,,,"+3.643",3643,"+0.018",18,
486,1990,2,24,24,"24","11","derek-warwick","lotus","lamborghini","goodyear","1:20.998",80998,,,,,,,"+3.721",3721,"+0.078",78,
486,1990,2,25,25,"25","10","alex-caffi","arrows","ford","goodyear","1:21.065",81065,,,,,,,"+3.788",3788,"+0.067",67,
486,1990,2,26,26,"26","18","yannick-dalmas","ags","ford","goodyear","1:21.087",81087,,,,,,,"+3.810",3810,"+0.022",22,
486,1990,2,27,27,"27","35","stefan-johansson","onyx","ford","goodyear","1:21.241",81241,,,,,,,"+3.964",3964,"+0.154",154,
486,1990,2,28,28,"28","36","jj-lehto","onyx","ford","goodyear","1:21.323",81323,,,,,,,"+4.046",4046,"+0.082",82,
486,1990,2,29,29,"29","16","ivan-capelli","leyton-house","judd","goodyear","1:21.383",81383,,,,,,,"+4.106",4106,"+0.060",60,
486,1990,2,30,30,"30","15","mauricio-gugelmin","leyton-house","judd","goodyear","1:21.616",81616,,,,,,,"+4.339",4339,"+0.233",233,
487,1990,3,1,1,"1","27","ayrton-senna","mclaren","honda","goodyear","1:23.220",83220,,,,,,,,,,,
487,1990,3,2,2,"2","28","gerhard-berger","mclaren","honda","goodyear","1:23.781",83781,,,,,,,"+0.561",561,"+0.561",561,
487,1990,3,3,3,"3","6","riccardo-patrese","williams","renault","goodyear","1:24.444",84444,,,,,,,"+1.224",1224,"+0.663",663,
487,1990,3,4,4,"4","5","thierry-boutsen","williams","renault","goodyear","1:25.039",85039,,,,,,,"+1.819",1819,"+0.595",595,
487,1990,3,5,5,"5","2","nigel-mansell","ferrari","ferrari","goodyear","1:25.095",85095,,,,,,,"+1.875",1875,"+0.056",56,
487,1990,3,6,6,"6","1","alain-prost","ferrari","ferrari","goodyear","1:25.179",85179,,,,,,,"+1.959",1959,"+0.084",84,
487,1990,3,7,7,"7","4","jean-alesi","tyrrell","ford","pirelli","1:25.230",85230,,,,,,,"+2.010",2010,"+0.051",51,
487,1990,3,8,8,"8","20","nelson-piquet","benetton","ford","goodyear","1:25.761",85761,,,,,,,"+2.541",2541,"+0.531",531,
487,1990,3,9,9,"9","19","alessandro-nannini","benetton","ford","goodyear","1:26.042",86042,,,,,,,"+2.822",2822,"+0.281",281,
487,1990,3,10,10,"10","11","derek-warwick","lotus","lamborghini","goodyear","1:26.682",86682,,,,,,,"+3.462",3462,"+0.640",640,
487,1990,3,11,11,"11","12","martin-donnelly","lotus","lamborghini","goodyear","1:26.714",86714,,,,,,,"+3.494",3494,"+0.032",32,
487,1990,3,12,12,"12","15","mauricio-gugelmin","leyton-house","judd","goodyear","1:26.836",86836,,,,,,,"+3.616",3616,"+0.122",122,
487,1990,3,13,13,"13","29","eric-bernard","lola","lamborghini","goodyear","1:26.838",86838,,,,,,,"+3.618",3618,"+0.002",2,
487,1990,3,14,14,"14","8","stefano-modena","brabham","judd","pirelli","1:27.008",87008,,,,,,,"+3.788",3788,"+0.170",170,
487,1990,3,15,15,"15","30","aguri-suzuki","lola","lamborghini","goodyear","1:27.068",87068,,,,,,,"+3.848",3848,"+0.060",60,
487,1990,3,16,16,"16","26","philippe-alliot","ligier","ford","goodyear","1:27.214",87214,,,,,,,"+3.994",3994,"+0.146",146,
487,1990,3,17,17,"17","22","andrea-de-cesaris","dallara","ford","pirelli","1:27.217",87217,,,,,,,"+3.997",3997,"+0.003",3,
487,1990,3,18,18,"18","16","ivan-capelli","leyton-house","judd","goodyear","1:27.521",87521,,,,,,,"+4.301",4301,"+0.304",304,
487,1990,3,19,19,"19","3","satoru-nakajima","tyrrell","ford","pirelli","1:27.532",87532,,,,,,,"+4.312",4312,"+0.011",11,
487,1990,3,20,20,"20","25","nicola-larini","ligier","ford","goodyear","1:27.564",87564,,,,,,,"+4.344",4344,"+0.032",32,
487,1990,3,21,21,"21","21","emanuele-pirro","dallara","ford","pirelli","1:27.613",87613,,,,,,,"+4.393",4393,"+0.049",49,
487,1990,3,22,22,"22","14","olivier-grouillard","osella","ford","pirelli","1:28.009",88009,,,,,,,"+4.789",4789,"+0.396",396,
487,1990,3,23,23,"23","35","gregor-foitek","onyx","ford","goodyear","1:28.111",88111,,,,,,,"+4.891",4891,"+0.102",102,
487,1990,3,24,24,"24","33","roberto-moreno","eurobrun","judd","pirelli","1:28.603",88603,,,,,,,"+5.383",5383,"+0.492",492,
487,1990,3,25,25,"25","36","jj-lehto","onyx","ford","goodyear","1:28.625",88625,,,,,,,"+5.405",5405,"+0.022",22,
487,1990,3,26,26,"26","24","paolo-barilla","minardi","ford","pirelli","1:28.667",88667,,,,,,,"+5.447",5447,"+0.042",42,
487,1990,3,27,27,"27","10","alex-caffi","arrows","ford","goodyear","1:28.699",88699,,,,,,,"+5.479",5479,"+0.032",32,
487,1990,3,28,28,"28","9","michele-alboreto","arrows","ford","goodyear","1:28.797",88797,,,,,,,"+5.577",5577,"+0.098",98,
487,1990,3,29,29,"29","7","david-brabham","brabham","judd","pirelli","1:28.927",88927,,,,,,,"+5.707",5707,"+0.130",130,
488,1990,4,1,1,"1","27","ayrton-senna","mclaren","honda","goodyear","1:21.314",81314,,,,,,,,,,,
488,1990,4,2,2,"2","1","alain-prost","ferrari","ferrari","goodyear","1:21.776",81776,,,,,,,"+0.462",462,"+0.462",462,
488,1990,4,3,3,"3","4","jean-alesi","tyrrell","ford","pirelli","1:21.801",81801,,,,,,,"+0.487",487,"+0.025",25,
488,1990,4,4,4,"4","6","riccardo-patrese","williams","renault","goodyear","1:22.026",82026,,,,,,,"+0.712",712,"+0.225",225,
488,1990,4,5,5,"5","28","gerhard-berger","mclaren","honda","goodyear","1:22.682",82682,,,,,,,"+1.368",1368,"+0.656",656,
488,1990,4,6,6,"6","5","thierry-boutsen","williams","renault","goodyear","1:22.691",82691,,,,,,,"+1.377",1377,"+0.009",9,
488,1990,4,7,7,"7","2","nigel-mansell","ferrari","ferrari","goodyear","1:22.733",82733,,,,,,,"+1.419",1419,"+0.042",42,
488,1990,4,8,8,"8","23","pierluigi-martini","minardi","ford","pirelli","1:23.149",83149,,,,,,,"+1.835",1835,"+0.416",416,
488,1990,4,9,9,"9","21","emanuele-pirro","dallara","ford","pirelli","1:23.494",83494,,,,,,,"+2.180",2180,"+0.345",345,
488,1990,4,10,10,"10","20","nelson-piquet","benetton","ford","goodyear","1:23.566",83566,,,,,,,"+2.252",2252,"+0.072",72,
488,1990,4,11,11,"11","12","martin-donnelly","lotus","lamborghini","goodyear","1:23.600",83600,,,,,,,"+2.286",2286,"+0.034",34,
488,1990,4,12,12,"12","22","andrea-de-cesaris","dallara","ford","pirelli","1:23.613",83613,,,,,,,"+2.299",2299,"+0.013",13,
488,1990,4,13,13,"13","11","derek-warwick","lotus","lamborghini","goodyear","1:23.656",83656,,,,,,,"+2.342",2342,"+0.043",43,
488,1990,4,14,14,"14","8","stefano-modena","brabham","judd","pirelli","1:23.920",83920,,,,,,,"+2.606",2606,"+0.264",264,
488,1990,4,15,15,"15","30","aguri-suzuki","lola","lamborghini","goodyear","1:24.023",84023,,,,,,,"+2.709",2709,"+0.103",103,
488,1990,4,16,16,"16","19","alessandro-nannini","benetton","ford","goodyear","1:24.139",84139,,,,,,,"+2.825",2825,"+0.116",116,
488,1990,4,17,17,"17","25","nicola-larini","ligier","ford","goodyear","1:24.206",84206,,,,,,,"+2.892",2892,"+0.067",67,
488,1990,4,18,18,"18","26","philippe-alliot","ligier","ford","goodyear","1:24.294",84294,,,,,,,"+2.980",2980,"+0.088",88,
488,1990,4,19,19,"19","24","paolo-barilla","minardi","ford","pirelli","1:24.334",84334,,,,,,,"+3.020",3020,"+0.040",40,
488,1990,4,20,20,"20","35","gregor-foitek","onyx","ford","goodyear","1:24.367",84367,,,,,,,"+3.053",3053,"+0.033",33,
488,1990,4,21,21,"21","3","satoru-nakajima","tyrrell","ford","pirelli","1:24.371",84371,,,,,,,"+3.057",3057,"+0.004",4,
488,1990,4,22,22,"22","10","alex-caffi","arrows","ford","goodyear","1:25.000",85000,,,,,,,"+3.686",3686,"+0.629",629,
488,1990,4,23,23,"23","16","ivan-capelli","leyton-house","judd","goodyear","1:25.020",85020,,,,,,,"+3.706",3706,"+0.020",20,
488,1990,4,24,24,"24","29","eric-bernard","lola","lamborghini","goodyear","1:25.398",85398,,,,,,,"+4.084",4084,"+0.378",378,
488,1990,4,25,25,"25","7","david-brabham","brabham","judd","pirelli","1:25.420",85420,,,,,,,"+4.106",4106,"+0.022",22,
488,1990,4,26,26,"26","36","jj-lehto","onyx","ford","goodyear","1:25.508",85508,,,,,,,"+4.194",4194,"+0.088",88,
488,1990,4,27,27,"27","9","michele-alboreto","arrows","ford","goodyear","1:25.622",85622,,,,,,,"+4.308",4308,"+0.114",114,
488,1990,4,28,28,"28","14","olivier-grouillard","osella","ford","pirelli","1:25.785",85785,,,,,,,"+4.471",4471,"+0.163",163,
488,1990,4,29,29,"29","15","mauricio-gugelmin","leyton-house","judd","goodyear","1:26.192",86192,,,,,,,"+4.878",4878,"+0.407",407,
488,1990,4,30,30,"30","33","roberto-moreno","eurobrun","judd","pirelli","1:26.604",86604,,,,,,,"+5.290",5290,"+0.412",412,
489,1990,5,1,1,"1","27","ayrton-senna","mclaren","honda","goodyear","1:20.399",80399,,,,,,,,,,,
489,1990,5,2,2,"2","28","gerhard-berger","mclaren","honda","goodyear","1:20.465",80465,,,,,,,"+0.066",66,"+0.066",66,
489,1990,5,3,3,"3","1","alain-prost","ferrari","ferrari","goodyear","1:20.826",80826,,,,,,,"+0.427",427,"+0.361",361,
489,1990,5,4,4,"4","19","alessandro-nannini","benetton","ford","goodyear","1:21.302",81302,,,,,,,"+0.903",903,"+0.476",476,
489,1990,5,5,5,"5","20","nelson-piquet","benetton","ford","goodyear","1:21.568",81568,,,,,,,"+1.169",1169,"+0.266",266,
489,1990,5,6,6,"6","5","thierry-boutsen","williams","renault","goodyear","1:21.599",81599,,,,,,,"+1.200",1200,"+0.031",31,
489,1990,5,7,7,"7","2","nigel-mansell","ferrari","ferrari","goodyear","1:21.641",81641,,,,,,,"+1.242",1242,"+0.042",42,
489,1990,5,8,8,"8","4","jean-alesi","tyrrell","ford","pirelli","1:21.748",81748,,,,,,,"+1.349",1349,"+0.107",107,
489,1990,5,9,9,"9","6","riccardo-patrese","williams","renault","goodyear","1:22.018",82018,,,,,,,"+1.619",1619,"+0.270",270,
489,1990,5,10,10,"10","8","stefano-modena","brabham","judd","pirelli","1:22.660",82660,,,,,,,"+2.261",2261,"+0.642",642,
489,1990,5,11,11,"11","11","derek-warwick","lotus","lamborghini","goodyear","1:22.673",82673,,,,,,,"+2.274",2274,"+0.013",13,
489,1990,5,12,12,"12","12","martin-donnelly","lotus","lamborghini","goodyear","1:22.703",82703,,,,,,,"+2.304",2304,"+0.030",30,
489,1990,5,13,13,"13","3","satoru-nakajima","tyrrell","ford","pirelli","1:23.605",83605,,,,,,,"+3.206",3206,"+0.902",902,
489,1990,5,14,14,"14","9","michele-alboreto","arrows","ford","goodyear","1:23.744",83744,,,,,,,"+3.345",3345,"+0.139",139,
489,1990,5,15,15,"15","14","olivier-grouillard","osella","ford","pirelli","1:23.779",83779,,,,,,,"+3.380",3380,"+0.035",35,
489,1990,5,16,16,"16","23","pierluigi-martini","minardi","ford","pirelli","1:23.795",83795,,,,,,,"+3.396",3396,"+0.016",16,
489,1990,5,17,17,"17","26","philippe-alliot","ligier","ford","goodyear","1:23.899",83899,,,,,,,"+3.500",3500,"+0.104",104,
489,1990,5,18,18,"18","30","aguri-suzuki","lola","lamborghini","goodyear","1:23.915",83915,,,,,,,"+3.516",3516,"+0.016",16,
489,1990,5,19,19,"19","21","emanuele-pirro","dallara","ford","pirelli","1:24.269",84269,,,,,,,"+3.870",3870,"+0.354",354,
489,1990,5,20,20,"20","25","nicola-larini","ligier","ford","goodyear","1:24.285",84285,,,,,,,"+3.886",3886,"+0.016",16,
489,1990,5,21,21,"21","35","gregor-foitek","onyx","ford","goodyear","1:24.397",84397,,,,,,,"+3.998",3998,"+0.112",112,
489,1990,5,22,22,"22","36","jj-lehto","onyx","ford","goodyear","1:24.425",84425,,,,,,,"+4.026",4026,"+0.028",28,
489,1990,5,23,23,"23","29","eric-bernard","lola","lamborghini","goodyear","1:24.451",84451,,,,,,,"+4.052",4052,"+0.026",26,
489,1990,5,24,24,"24","16","ivan-capelli","leyton-house","judd","goodyear","1:24.554",84554,,,,,,,"+4.155",4155,"+0.103",103,
489,1990,5,25,25,"25","22","andrea-de-cesaris","dallara","ford","pirelli","1:24.621",84621,,,,,,,"+4.222",4222,"+0.067",67,
489,1990,5,26,26,"26","10","alex-caffi","arrows","ford","goodyear","1:25.113",85113,,,,,,,"+4.714",4714,"+0.492",492,
489,1990,5,27,27,"27","33","roberto-moreno","eurobrun","judd","pirelli","1:25.172",85172,,,,,,,"+4.773",4773,"+0.059",59,
489,1990,5,28,28,"28","15","mauricio-gugelmin","leyton-house","judd","goodyear","1:25.712",85712,,,,,,,"+5.313",5313,"+0.540",540,
489,1990,5,29,29,"29","24","paolo-barilla","minardi","ford","pirelli","1:25.951",85951,,,,,,,"+5.552",5552,"+0.239",239,
489,1990,5,30,30,"30","7","david-brabham","brabham","judd","pirelli","1:26.771",86771,,,,,,,"+6.372",6372,"+0.820",820,
490,1990,6,1,1,"1","28","gerhard-berger","mclaren","honda","goodyear","1:17.227",77227,,,,,,,,,,,
490,1990,6,2,2,"2","6","riccardo-patrese","williams","renault","goodyear","1:17.498",77498,,,,,,,"+0.271",271,"+0.271",271,
490,1990,6,3,3,"3","27","ayrton-senna","mclaren","honda","goodyear","1:17.670",77670,,,,,,,"+0.443",443,"+0.172",172,
490,1990,6,4,4,"4","2","nigel-mansell","ferrari","ferrari","goodyear","1:17.732",77732,,,,,,,"+0.505",505,"+0.062",62,
490,1990,6,5,5,"5","5","thierry-boutsen","williams","renault","goodyear","1:17.883",77883,,,,,,,"+0.656",656,"+0.151",151,
490,1990,6,6,6,"6","4","jean-alesi","tyrrell","ford","pirelli","1:18.282",78282,,,,,,,"+1.055",1055,"+0.399",399,
490,1990,6,7,7,"7","23","pierluigi-martini","minardi","ford","pirelli","1:18.526",78526,,,,,,,"+1.299",1299,"+0.244",244,
490,1990,6,8,8,"8","20","nelson-piquet","benetton","ford","goodyear","1:18.561",78561,,,,,,,"+1.334",1334,"+0.035",35,
490,1990,6,9,9,"9","3","satoru-nakajima","tyrrell","ford","pirelli","1:18.575",78575,,,,,,,"+1.348",1348,"+0.014",14,
490,1990,6,10,10,"10","8","stefano-modena","brabham","judd","pirelli","1:18.592",78592,,,,,,,"+1.365",1365,"+0.017",17,
490,1990,6,11,11,"11","11","derek-warwick","lotus","lamborghini","goodyear","1:18.951",78951,,,,,,,"+1.724",1724,"+0.359",359,
490,1990,6,12,12,"12","12","martin-donnelly","lotus","lamborghini","goodyear","1:18.994",78994,,,,,,,"+1.767",1767,"+0.043",43,
490,1990,6,13,13,"13","1","alain-prost","ferrari","ferrari","goodyear","1:19.026",79026,,,,,,,"+1.799",1799,"+0.032",32,
490,1990,6,14,14,"14","19","alessandro-nannini","benetton","ford","goodyear","1:19.227",79227,,,,,,,"+2.000",2000,"+0.201",201,
490,1990,6,15,15,"15","22","andrea-de-cesaris","dallara","ford","pirelli","1:19.865",79865,,,,,,,"+2.638",2638,"+0.638",638,
490,1990,6,16,16,"16","24","paolo-barilla","minardi","ford","pirelli","1:19.897",79897,,,,,,,"+2.670",2670,"+0.032",32,
490,1990,6,17,17,"17","9","michele-alboreto","arrows","ford","goodyear","1:19.941",79941,,,,,,,"+2.714",2714,"+0.044",44,
490,1990,6,18,18,"18","21","emanuele-pirro","dallara","ford","pirelli","1:20.044",80044,,,,,,,"+2.817",2817,"+0.103",103,
490,1990,6,19,19,"19","30","aguri-suzuki","lola","lamborghini","goodyear","1:20.268",80268,,,,,,,"+3.041",3041,"+0.224",224,
490,1990,6,20,20,"20","14","olivier-grouillard","osella","ford","pirelli","1:20.274",80274,,,,,,,"+3.047",3047,"+0.006",6,
490,1990,6,21,21,"21","7","david-brabham","brabham","judd","pirelli","1:20.447",80447,,,,,,,"+3.220",3220,"+0.173",173,
490,1990,6,22,22,"22","26","philippe-alliot","ligier","ford","goodyear","1:20.657",80657,,,,,,,"+3.430",3430,"+0.210",210,
490,1990,6,23,23,"23","35","gregor-foitek","onyx","ford","goodyear","1:21.012",81012,,,,,,,"+3.785",3785,"+0.355",355,
490,1990,6,24,24,"24","25","nicola-larini","ligier","ford","goodyear","1:21.116",81116,,,,,,,"+3.889",3889,"+0.104",104,
490,1990,6,25,25,"25","29","eric-bernard","lola","lamborghini","goodyear","1:21.273",81273,,,,,,,"+4.046",4046,"+0.157",157,
490,1990,6,26,26,"26","36","jj-lehto","onyx","ford","goodyear","1:21.519",81519,,,,,,,"+4.292",4292,"+0.246",246,
490,1990,6,27,27,"27","16","ivan-capelli","leyton-house","judd","goodyear","1:21.544",81544,,,,,,,"+4.317",4317,"+0.025",25,
490,1990,6,28,28,"28","15","mauricio-gugelmin","leyton-house","judd","goodyear","1:21.665",81665,,,,,,,"+4.438",4438,"+0.121",121,
490,1990,6,29,29,"29","10","alex-caffi","arrows","ford","goodyear","1:22.154",82154,,,,,,,"+4.927",4927,"+0.489",489,
491,1990,7,1,1,"1","2","nigel-mansell","ferrari","ferrari","goodyear","1:04.402",64402,,,,,,,,,,,
491,1990,7,2,2,"2","28","gerhard-berger","mclaren","honda","goodyear","1:04.512",64512,,,,,,,"+0.110",110,"+0.110",110,
491,1990,7,3,3,"3","27","ayrton-senna","mclaren","honda","goodyear","1:04.549",64549,,,,,,,"+0.147",147,"+0.037",37,
491,1990,7,4,4,"4","1","alain-prost","ferrari","ferrari","goodyear","1:04.781",64781,,,,,,,"+0.379",379,"+0.232",232,
491,1990,7,5,5,"5","19","alessandro-nannini","benetton","ford","goodyear","1:05.009",65009,,,,,,,"+0.607",607,"+0.228",228,
491,1990,7,6,6,"6","6","riccardo-patrese","williams","renault","goodyear","1:05.059",65059,,,,,,,"+0.657",657,"+0.050",50,
491,1990,7,7,7,"7","16","ivan-capelli","leyton-house","judd","goodyear","1:05.369",65369,,,,,,,"+0.967",967,"+0.310",310,
491,1990,7,8,8,"8","5","thierry-boutsen","williams","renault","goodyear","1:05.446",65446,,,,,,,"+1.044",1044,"+0.077",77,
491,1990,7,9,9,"9","20","nelson-piquet","benetton","ford","goodyear","1:05.640",65640,,,,,,,"+1.238",1238,"+0.194",194,
491,1990,7,10,10,"10","15","mauricio-gugelmin","leyton-house","judd","goodyear","1:05.818",65818,,,,,,,"+1.416",1416,"+0.178",178,
491,1990,7,11,11,"11","29","eric-bernard","lola","lamborghini","goodyear","1:05.852",65852,,,,,,,"+1.450",1450,"+0.034",34,
491,1990,7,12,12,"12","26","philippe-alliot","ligier","ford","goodyear","1:05.986",65986,,,,,,,"+1.584",1584,"+0.134",134,
491,1990,7,13,13,"13","4","jean-alesi","tyrrell","ford","pirelli","1:06.084",66084,,,,,,,"+1.682",1682,"+0.098",98,
491,1990,7,14,14,"14","30","aguri-suzuki","lola","lamborghini","goodyear","1:06.100",66100,,,,,,,"+1.698",1698,"+0.016",16,
491,1990,7,15,15,"15","3","satoru-nakajima","tyrrell","ford","pirelli","1:06.563",66563,,,,,,,"+2.161",2161,"+0.463",463,
491,1990,7,16,16,"16","11","derek-warwick","lotus","lamborghini","goodyear","1:06.624",66624,,,,,,,"+2.222",2222,"+0.061",61,
491,1990,7,17,17,"17","12","martin-donnelly","lotus","lamborghini","goodyear","1:06.647",66647,,,,,,,"+2.245",2245,"+0.023",23,
491,1990,7,18,18,"18","9","michele-alboreto","arrows","ford","goodyear","1:06.847",66847,,,,,,,"+2.445",2445,"+0.200",200,
491,1990,7,19,19,"19","25","nicola-larini","ligier","ford","goodyear","1:06.856",66856,,,,,,,"+2.454",2454,"+0.009",9,
491,1990,7,20,20,"20","8","stefano-modena","brabham","judd","pirelli","1:06.937",66937,,,,,,,"+2.535",2535,"+0.081",81,
491,1990,7,21,21,"21","22","andrea-de-cesaris","dallara","ford","pirelli","1:07.137",67137,,,,,,,"+2.735",2735,"+0.200",200,
491,1990,7,22,22,"22","10","alex-caffi","arrows","ford","goodyear","1:07.207",67207,,,,,,,"+2.805",2805,"+0.070",70,
491,1990,7,23,23,"23","23","pierluigi-martini","minardi","ford","pirelli","1:07.315",67315,,,,,,,"+2.913",2913,"+0.108",108,
491,1990,7,24,24,"24","21","emanuele-pirro","dallara","ford","pirelli","1:07.687",67687,,,,,,,"+3.285",3285,"+0.372",372,
491,1990,7,25,25,"25","7","david-brabham","brabham","judd","pirelli","1:07.733",67733,,,,,,,"+3.331",3331,"+0.046",46,
491,1990,7,26,26,"26","18","yannick-dalmas","ags","ford","goodyear","1:07.926",67926,,,,,,,"+3.524",3524,"+0.193",193,
491,1990,7,27,27,"27","24","paolo-barilla","minardi","ford","pirelli","1:08.008",68008,,,,,,,"+3.606",3606,"+0.082",82,
491,1990,7,28,28,"28","17","gabriele-tarquini","ags","ford","goodyear","1:08.147",68147,,,,,,,"+3.745",3745,"+0.139",139,
491,1990,7,29,29,"29","35","gregor-foitek","onyx","ford","goodyear","1:08.232",68232,,,,,,,"+3.830",3830,"+0.085",85,
491,1990,7,30,30,"30","36","jj-lehto","onyx","ford","goodyear","1:08.487",68487,,,,,,,"+4.085",4085,"+0.255",255,
492,1990,8,1,1,"1","2","nigel-mansell","ferrari","ferrari","goodyear","1:07.428",67428,,,,,,,,,,,
492,1990,8,2,2,"2","27","ayrton-senna","mclaren","honda","goodyear","1:08.071",68071,,,,,,,"+0.643",643,"+0.643",643,
492,1990,8,3,3,"3","28","gerhard-berger","mclaren","honda","goodyear","1:08.246",68246,,,,,,,"+0.818",818,"+0.175",175,
492,1990,8,4,4,"4","5","thierry-boutsen","williams","renault","goodyear","1:08.291",68291,,,,,,,"+0.863",863,"+0.045",45,
492,1990,8,5,5,"5","1","alain-prost","ferrari","ferrari","goodyear","1:08.336",68336,,,,,,,"+0.908",908,"+0.045",45,
492,1990,8,6,6,"6","4","jean-alesi","tyrrell","ford","pirelli","1:08.370",68370,,,,,,,"+0.942",942,"+0.034",34,
492,1990,8,7,7,"7","6","riccardo-patrese","williams","renault","goodyear","1:08.677",68677,,,,,,,"+1.249",1249,"+0.307",307,
492,1990,8,8,8,"8","29","eric-bernard","lola","lamborghini","goodyear","1:09.003",69003,,,,,,,"+1.575",1575,"+0.326",326,
492,1990,8,9,9,"9","30","aguri-suzuki","lola","lamborghini","goodyear","1:09.243",69243,,,,,,,"+1.815",1815,"+0.240",240,
492,1990,8,10,10,"10","16","ivan-capelli","leyton-house","judd","goodyear","1:09.308",69308,,,,,,,"+1.880",1880,"+0.065",65,
492,1990,8,11,11,"11","20","nelson-piquet","benetton","ford","goodyear","1:09.407",69407,,,,,,,"+1.979",1979,"+0.099",99,
492,1990,8,12,12,"12","3","satoru-nakajima","tyrrell","ford","pirelli","1:09.608",69608,,,,,,,"+2.180",2180,"+0.201",201,
492,1990,8,13,13,"13","19","alessandro-nannini","benetton","ford","goodyear","1:09.641",69641,,,,,,,"+2.213",2213,"+0.033",33,
492,1990,8,14,14,"14","12","martin-donnelly","lotus","lamborghini","goodyear","1:09.741",69741,,,,,,,"+2.313",2313,"+0.100",100,
492,1990,8,15,15,"15","15","mauricio-gugelmin","leyton-house","judd","goodyear","1:10.044",70044,,,,,,,"+2.616",2616,"+0.303",303,
492,1990,8,16,16,"16","11","derek-warwick","lotus","lamborghini","goodyear","1:10.092",70092,,,,,,,"+2.664",2664,"+0.048",48,
492,1990,8,17,17,"17","10","alex-caffi","arrows","ford","goodyear","1:10.110",70110,,,,,,,"+2.682",2682,"+0.018",18,
492,1990,8,18,18,"18","23","pierluigi-martini","minardi","ford","pirelli","1:10.303",70303,,,,,,,"+2.875",2875,"+0.193",193,
492,1990,8,19,19,"19","21","emanuele-pirro","dallara","ford","pirelli","1:10.847",70847,,,,,,,"+3.419",3419,"+0.544",544,
492,1990,8,20,20,"20","8","stefano-modena","brabham","judd","pirelli","1:11.070",71070,,,,,,,"+3.642",3642,"+0.223",223,
492,1990,8,21,21,"21","25","nicola-larini","ligier","ford","goodyear","1:11.180",71180,,,,,,,"+3.752",3752,"+0.110",110,
492,1990,8,22,22,"22","26","philippe-alliot","ligier","ford","goodyear","1:11.215",71215,,,,,,,"+3.787",3787,"+0.035",35,
492,1990,8,23,23,"23","22","andrea-de-cesaris","dallara","ford","pirelli","1:11.234",71234,,,,,,,"+3.806",3806,"+0.019",19,
492,1990,8,24,24,"24","24","paolo-barilla","minardi","ford","pirelli","1:11.387",71387,,,,,,,"+3.959",3959,"+0.153",153,
492,1990,8,25,25,"25","9","michele-alboreto","arrows","ford","goodyear","1:11.562",71562,,,,,,,"+4.134",4134,"+0.175",175,
492,1990,8,26,26,"26","17","gabriele-tarquini","ags","ford","goodyear","1:11.681",71681,,,,,,,"+4.253",4253,"+0.119",119,
492,1990,8,27,27,"27","14","olivier-grouillard","osella","ford","pirelli","1:11.710",71710,,,,,,,"+4.282",4282,"+0.029",29,
492,1990,8,28,28,"28","7","david-brabham","brabham","judd","pirelli","1:11.741",71741,,,,,,,"+4.313",4313,"+0.031",31,
492,1990,8,29,29,"29","36","jj-lehto","onyx","ford","goodyear","1:12.631",72631,,,,,,,"+5.203",5203,"+0.890",890,
492,1990,8,30,30,"30","35","gregor-foitek","onyx","ford","goodyear","1:13.271",73271,,,,,,,"+5.843",5843,"+0.640",640,
493,1990,9,1,1,"1","27","ayrton-senna","mclaren","honda","goodyear","1:40.198",100198,,,,,,,,,,,
493,1990,9,2,2,"2","28","gerhard-berger","mclaren","honda","goodyear","1:40.434",100434,,,,,,,"+0.236",236,"+0.236",236,
493,1990,9,3,3,"3","1","alain-prost","ferrari","ferrari","goodyear","1:41.732",101732,,,,,,,"+1.534",1534,"+1.298",1298,
493,1990,9,4,4,"4","2","nigel-mansell","ferrari","ferrari","goodyear","1:42.057",102057,,,,,,,"+1.859",1859,"+0.325",325,
493,1990,9,5,5,"5","6","riccardo-patrese","williams","renault","goodyear","1:42.195",102195,,,,,,,"+1.997",1997,"+0.138",138,
493,1990,9,6,6,"6","5","thierry-boutsen","williams","renault","goodyear","1:42.380",102380,,,,,,,"+2.182",2182,"+0.185",185,
493,1990,9,7,7,"7","20","nelson-piquet","benetton","ford","goodyear","1:42.872",102872,,,,,,,"+2.674",2674,"+0.492",492,
493,1990,9,8,8,"8","4","jean-alesi","tyrrell","ford","pirelli","1:43.255",103255,,,,,,,"+3.057",3057,"+0.383",383,
493,1990,9,9,9,"9","19","alessandro-nannini","benetton","ford","goodyear","1:43.594",103594,,,,,,,"+3.396",3396,"+0.339",339,
493,1990,9,10,10,"10","16","ivan-capelli","leyton-house","judd","goodyear","1:44.349",104349,,,,,,,"+4.151",4151,"+0.755",755,
493,1990,9,11,11,"11","30","aguri-suzuki","lola","lamborghini","goodyear","1:44.363",104363,,,,,,,"+4.165",4165,"+0.014",14,
493,1990,9,12,12,"12","29","eric-bernard","lola","lamborghini","goodyear","1:44.496",104496,,,,,,,"+4.298",4298,"+0.133",133,
493,1990,9,13,13,"13","3","satoru-nakajima","tyrrell","ford","pirelli","1:44.650",104650,,,,,,,"+4.452",4452,"+0.154",154,
493,1990,9,14,14,"14","15","mauricio-gugelmin","leyton-house","judd","goodyear","1:45.193",105193,,,,,,,"+4.995",4995,"+0.543",543,
493,1990,9,15,15,"15","23","pierluigi-martini","minardi","ford","pirelli","1:45.237",105237,,,,,,,"+5.039",5039,"+0.044",44,
493,1990,9,16,16,"16","11","derek-warwick","lotus","lamborghini","goodyear","1:45.244",105244,,,,,,,"+5.046",5046,"+0.007",7,
493,1990,9,17,17,"17","8","stefano-modena","brabham","judd","pirelli","1:45.547",105547,,,,,,,"+5.349",5349,"+0.303",303,
493,1990,9,18,18,"18","10","alex-caffi","arrows","ford","goodyear","1:45.604",105604,,,,,,,"+5.406",5406,"+0.057",57,
493,1990,9,19,19,"19","9","michele-alboreto","arrows","ford","goodyear","1:45.755",105755,,,,,,,"+5.557",5557,"+0.151",151,
493,1990,9,20,20,"20","12","martin-donnelly","lotus","lamborghini","goodyear","1:45.790",105790,,,,,,,"+5.592",5592,"+0.035",35,
493,1990,9,21,21,"21","7","david-brabham","brabham","judd","pirelli","1:46.110",106110,,,,,,,"+5.912",5912,"+0.320",320,
493,1990,9,22,22,"22","25","nicola-larini","ligier","ford","goodyear","1:46.187",106187,,,,,,,"+5.989",5989,"+0.077",77,
493,1990,9,23,23,"23","21","emanuele-pirro","dallara","ford","pirelli","1:46.506",106506,,,,,,,"+6.308",6308,"+0.319",319,
493,1990,9,24,24,"24","26","philippe-alliot","ligier","ford","goodyear","1:46.596",106596,,,,,,,"+6.398",6398,"+0.090",90,
493,1990,9,25,25,"25","36","jj-lehto","onyx","ford","goodyear","1:46.857",106857,,,,,,,"+6.659",6659,"+0.261",261,
493,1990,9,26,26,"26","35","gregor-foitek","onyx","ford","goodyear","1:47.209",107209,,,,,,,"+7.011",7011,"+0.352",352,
493,1990,9,27,27,"27","14","olivier-grouillard","osella","ford","pirelli","1:47.429",107429,,,,,,,"+7.231",7231,"+0.220",220,
493,1990,9,28,28,"28","24","paolo-barilla","minardi","ford","pirelli","1:47.747",107747,,,,,,,"+7.549",7549,"+0.318",318,
493,1990,9,29,29,"29","18","yannick-dalmas","ags","ford","goodyear","1:47.789",107789,,,,,,,"+7.591",7591,"+0.042",42,
493,1990,9,30,30,"30","22","andrea-de-cesaris","dallara","ford","pirelli","1:48.032",108032,,,,,,,"+7.834",7834,"+0.243",243,
494,1990,10,1,1,"1","5","thierry-boutsen","williams","renault","goodyear","1:17.919",77919,,,,,,,,,,,
494,1990,10,2,2,"2","6","riccardo-patrese","williams","renault","goodyear","1:17.955",77955,,,,,,,"+0.036",36,"+0.036",36,
494,1990,10,3,3,"3","28","gerhard-berger","mclaren","honda","goodyear","1:18.127",78127,,,,,,,"+0.208",208,"+0.172",172,
494,1990,10,4,4,"4","27","ayrton-senna","mclaren","honda","goodyear","1:18.162",78162,,,,,,,"+0.243",243,"+0.035",35,
494,1990,10,5,5,"5","2","nigel-mansell","ferrari","ferrari","goodyear","1:18.719",78719,,,,,,,"+0.800",800,"+0.557",557,
494,1990,10,6,6,"6","4","jean-alesi","tyrrell","ford","pirelli","1:18.726",78726,,,,,,,"+0.807",807,"+0.007",7,
494,1990,10,7,7,"7","19","alessandro-nannini","benetton","ford","goodyear","1:18.901",78901,,,,,,,"+0.982",982,"+0.175",175,
494,1990,10,8,8,"8","1","alain-prost","ferrari","ferrari","goodyear","1:19.029",79029,,,,,,,"+1.110",1110,"+0.128",128,
494,1990,10,9,9,"9","20","nelson-piquet","benetton","ford","goodyear","1:19.453",79453,,,,,,,"+1.534",1534,"+0.424",424,
494,1990,10,10,10,"10","22","andrea-de-cesaris","dallara","ford","pirelli","1:19.675",79675,,,,,,,"+1.756",1756,"+0.222",222,
494,1990,10,11,11,"11","11","derek-warwick","lotus","lamborghini","goodyear","1:19.839",79839,,,,,,,"+1.920",1920,"+0.164",164,
494,1990,10,12,12,"12","29","eric-bernard","lola","lamborghini","goodyear","1:19.963",79963,,,,,,,"+2.044",2044,"+0.124",124,
494,1990,10,13,13,"13","21","emanuele-pirro","dallara","ford","pirelli","1:19.970",79970,,,,,,,"+2.051",2051,"+0.007",7,
494,1990,10,14,14,"14","23","pierluigi-martini","minardi","ford","pirelli","1:20.197",80197,,,,,,,"+2.278",2278,"+0.227",227,
494,1990,10,15,15,"15","3","satoru-nakajima","tyrrell","ford","pirelli","1:20.202",80202,,,,,,,"+2.283",2283,"+0.005",5,
494,1990,10,16,16,"16","16","ivan-capelli","leyton-house","judd","goodyear","1:20.385",80385,,,,,,,"+2.466",2466,"+0.183",183,
494,1990,10,17,17,"17","15","mauricio-gugelmin","leyton-house","judd","goodyear","1:20.397",80397,,,,,,,"+2.478",2478,"+0.012",12,
494,1990,10,18,18,"18","12","martin-donnelly","lotus","lamborghini","goodyear","1:20.602",80602,,,,,,,"+2.683",2683,"+0.205",205,
494,1990,10,19,19,"19","30","aguri-suzuki","lola","lamborghini","goodyear","1:20.619",80619,,,,,,,"+2.700",2700,"+0.017",17,
494,1990,10,20,20,"20","8","stefano-modena","brabham","judd","pirelli","1:20.715",80715,,,,,,,"+2.796",2796,"+0.096",96,
494,1990,10,21,21,"21","26","philippe-alliot","ligier","ford","goodyear","1:21.003",81003,,,,,,,"+3.084",3084,"+0.288",288,
494,1990,10,22,22,"22","9","michele-alboreto","arrows","ford","goodyear","1:21.758",81758,,,,,,,"+3.839",3839,"+0.755",755,
494,1990,10,23,23,"23","24","paolo-barilla","minardi","ford","pirelli","1:21.849",81849,,,,,,,"+3.930",3930,"+0.091",91,
494,1990,10,24,24,"24","17","gabriele-tarquini","ags","ford","goodyear","1:21.964",81964,,,,,,,"+4.045",4045,"+0.115",115,
494,1990,10,25,25,"25","25","nicola-larini","ligier","ford","goodyear","1:22.078",82078,,,,,,,"+4.159",4159,"+0.114",114,
494,1990,10,26,26,"26","10","alex-caffi","arrows","ford","goodyear","1:22.126",82126,,,,,,,"+4.207",4207,"+0.048",48,
494,1990,10,27,27,"27","18","yannick-dalmas","ags","ford","goodyear","1:22.263",82263,,,,,,,"+4.344",4344,"+0.137",137,
494,1990,10,28,28,"28","7","david-brabham","brabham","judd","pirelli","1:22.488",82488,,,,,,,"+4.569",4569,"+0.225",225,
494,1990,10,29,29,"29","36","jj-lehto","onyx","ford","goodyear","1:22.647",82647,,,,,,,"+4.728",4728,"+0.159",159,
494,1990,10,30,30,"30","35","gregor-foitek","onyx","ford","goodyear","1:24.361",84361,,,,,,,"+6.442",6442,"+1.714",1714,
495,1990,11,1,1,"1","27","ayrton-senna","mclaren","honda","goodyear","1:50.365",110365,,,,,,,,,,,
495,1990,11,2,2,"2","28","gerhard-berger","mclaren","honda","goodyear","1:50.948",110948,,,,,,,"+0.583",583,"+0.583",583,
495,1990,11,3,3,"3","1","alain-prost","ferrari","ferrari","goodyear","1:51.043",111043,,,,,,,"+0.678",678,"+0.095",95,
495,1990,11,4,4,"4","5","thierry-boutsen","williams","renault","goodyear","1:51.902",111902,,,,,,,"+1.537",1537,"+0.859",859,
495,1990,11,5,5,"5","2","nigel-mansell","ferrari","ferrari","goodyear","1:52.267",112267,,,,,,,"+1.902",1902,"+0.365",365,
495,1990,11,6,6,"6","19","alessandro-nannini","benetton","ford","goodyear","1:52.648",112648,,,,,,,"+2.283",2283,"+0.381",381,
495,1990,11,7,7,"7","6","riccardo-patrese","williams","renault","goodyear","1:52.703",112703,,,,,,,"+2.338",2338,"+0.055",55,
495,1990,11,8,8,"8","20","nelson-piquet","benetton","ford","goodyear","1:52.853",112853,,,,,,,"+2.488",2488,"+0.150",150,
495,1990,11,9,9,"9","4","jean-alesi","tyrrell","ford","pirelli","1:52.885",112885,,,,,,,"+2.520",2520,"+0.032",32,
495,1990,11,10,10,"10","3","satoru-nakajima","tyrrell","ford","pirelli","1:53.468",113468,,,,,,,"+3.103",3103,"+0.583",583,
495,1990,11,11,11,"11","30","aguri-suzuki","lola","lamborghini","goodyear","1:53.523",113523,,,,,,,"+3.158",3158,"+0.055",55,
495,1990,11,12,12,"12","16","ivan-capelli","leyton-house","judd","goodyear","1:53.783",113783,,,,,,,"+3.418",3418,"+0.260",260,
495,1990,11,13,13,"13","8","stefano-modena","brabham","judd","pirelli","1:53.916",113916,,,,,,,"+3.551",3551,"+0.133",133,
495,1990,11,14,14,"14","15","mauricio-gugelmin","leyton-house","judd","goodyear","1:54.120",114120,,,,,,,"+3.755",3755,"+0.204",204,
495,1990,11,15,15,"15","29","eric-bernard","lola","lamborghini","goodyear","1:54.251",114251,,,,,,,"+3.886",3886,"+0.131",131,
495,1990,11,16,16,"16","23","pierluigi-martini","minardi","ford","pirelli","1:54.312",114312,,,,,,,"+3.947",3947,"+0.061",61,
495,1990,11,17,17,"17","21","emanuele-pirro","dallara","ford","pirelli","1:54.595",114595,,,,,,,"+4.230",4230,"+0.283",283,
495,1990,11,18,18,"18","11","derek-warwick","lotus","lamborghini","goodyear","1:55.068",115068,,,,,,,"+4.703",4703,"+0.473",473,
495,1990,11,19,19,"19","10","alex-caffi","arrows","ford","goodyear","1:55.199",115199,,,,,,,"+4.834",4834,"+0.131",131,
495,1990,11,20,20,"20","22","andrea-de-cesaris","dallara","ford","pirelli","1:55.261",115261,,,,,,,"+4.896",4896,"+0.062",62,
495,1990,11,21,21,"21","25","nicola-larini","ligier","ford","goodyear","1:55.278",115278,,,,,,,"+4.913",4913,"+0.017",17,
495,1990,11,22,22,"22","12","martin-donnelly","lotus","lamborghini","goodyear","1:55.304",115304,,,,,,,"+4.939",4939,"+0.026",26,
495,1990,11,23,23,"23","14","olivier-grouillard","osella","ford","pirelli","1:55.334",115334,,,,,,,"+4.969",4969,"+0.030",30,
495,1990,11,24,24,"24","7","david-brabham","brabham","judd","pirelli","1:55.668",115668,,,,,,,"+5.303",5303,"+0.334",334,
495,1990,11,25,25,"25","24","paolo-barilla","minardi","ford","pirelli","1:55.859",115859,,,,,,,"+5.494",5494,"+0.191",191,
495,1990,11,26,26,"26","9","michele-alboreto","arrows","ford","goodyear","1:56.055",116055,,,,,,,"+5.690",5690,"+0.196",196,
495,1990,11,27,27,"27","26","philippe-alliot","ligier","ford","goodyear","1:56.118",116118,,,,,,,"+5.753",5753,"+0.063",63,
495,1990,11,28,28,"28","17","gabriele-tarquini","ags","ford","goodyear","1:57.566",117566,,,,,,,"+7.201",7201,"+1.448",1448,
495,1990,11,29,29,"29","18","yannick-dalmas","ags","ford","goodyear","1:57.704",117704,,,,,,,"+7.339",7339,"+0.138",138,
495,1990,11,30,30,"30","31","bertrand-gachot","coloni","ford","goodyear","1:58.520",118520,,,,,,,"+8.155",8155,"+0.816",816,
496,1990,12,1,1,"1","27","ayrton-senna","mclaren","honda","goodyear","1:22.533",82533,,,,,,,,,,,
496,1990,12,2,2,"2","1","alain-prost","ferrari","ferrari","goodyear","1:22.935",82935,,,,,,,"+0.402",402,"+0.402",402,
496,1990,12,3,3,"3","28","gerhard-berger","mclaren","honda","goodyear","1:22.936",82936,,,,,,,"+0.403",403,"+0.001",1,
496,1990,12,4,4,"4","2","nigel-mansell","ferrari","ferrari","goodyear","1:23.141",83141,,,,,,,"+0.608",608,"+0.205",205,
496,1990,12,5,5,"5","4","jean-alesi","tyrrell","ford","pirelli","1:23.526",83526,,,,,,,"+0.993",993,"+0.385",385,
496,1990,12,6,6,"6","5","thierry-boutsen","williams","renault","goodyear","1:23.984",83984,,,,,,,"+1.451",1451,"+0.458",458,
496,1990,12,7,7,"7","6","riccardo-patrese","williams","renault","goodyear","1:24.253",84253,,,,,,,"+1.720",1720,"+0.269",269,
496,1990,12,8,8,"8","19","alessandro-nannini","benetton","ford","goodyear","1:24.583",84583,,,,,,,"+2.050",2050,"+0.330",330,
496,1990,12,9,9,"9","20","nelson-piquet","benetton","ford","goodyear","1:24.699",84699,,,,,,,"+2.166",2166,"+0.116",116,
496,1990,12,10,10,"10","15","mauricio-gugelmin","leyton-house","judd","goodyear","1:25.556",85556,,,,,,,"+3.023",3023,"+0.857",857,
496,1990,12,11,11,"11","12","martin-donnelly","lotus","lamborghini","goodyear","1:25.629",85629,,,,,,,"+3.096",3096,"+0.073",73,
496,1990,12,12,12,"12","11","derek-warwick","lotus","lamborghini","goodyear","1:25.677",85677,,,,,,,"+3.144",3144,"+0.048",48,
496,1990,12,13,13,"13","29","eric-bernard","lola","lamborghini","goodyear","1:25.927",85927,,,,,,,"+3.394",3394,"+0.250",250,
496,1990,12,14,14,"14","3","satoru-nakajima","tyrrell","ford","pirelli","1:26.081",86081,,,,,,,"+3.548",3548,"+0.154",154,
496,1990,12,15,15,"15","23","pierluigi-martini","minardi","ford","pirelli","1:26.330",86330,,,,,,,"+3.797",3797,"+0.249",249,
496,1990,12,16,16,"16","16","ivan-capelli","leyton-house","judd","goodyear","1:26.712",86712,,,,,,,"+4.179",4179,"+0.382",382,
496,1990,12,17,17,"17","8","stefano-modena","brabham","judd","pirelli","1:26.950",86950,,,,,,,"+4.417",4417,"+0.238",238,
496,1990,12,18,18,"18","30","aguri-suzuki","lola","lamborghini","goodyear","1:26.962",86962,,,,,,,"+4.429",4429,"+0.012",12,
496,1990,12,19,19,"19","21","emanuele-pirro","dallara","ford","pirelli","1:26.964",86964,,,,,,,"+4.431",4431,"+0.002",2,
496,1990,12,20,20,"20","26","philippe-alliot","ligier","ford","goodyear","1:27.043",87043,,,,,,,"+4.510",4510,"+0.079",79,
496,1990,12,21,21,"21","10","alex-caffi","arrows","ford","goodyear","1:27.410",87410,,,,,,,"+4.877",4877,"+0.367",367,
496,1990,12,22,22,"22","9","michele-alboreto","arrows","ford","goodyear","1:27.448",87448,,,,,,,"+4.915",4915,"+0.038",38,
496,1990,12,23,23,"23","14","olivier-grouillard","osella","ford","pirelli","1:27.541",87541,,,,,,,"+5.008",5008,"+0.093",93,
496,1990,12,24,24,"24","18","yannick-dalmas","ags","ford","goodyear","1:27.673",87673,,,,,,,"+5.140",5140,"+0.132",132,
496,1990,12,25,25,"25","22","andrea-de-cesaris","dallara","ford","pirelli","1:27.749",87749,,,,,,,"+5.216",5216,"+0.076",76,
496,1990,12,26,26,"26","25","nicola-larini","ligier","ford","goodyear","1:27.937",87937,,,,,,,"+5.404",5404,"+0.188",188,
496,1990,12,27,27,"27","17","gabriele-tarquini","ags","ford","goodyear","1:28.107",88107,,,,,,,"+5.574",5574,"+0.170",170,
496,1990,12,28,28,"28","24","paolo-barilla","minardi","ford","pirelli","1:28.258",88258,,,,,,,"+5.725",5725,"+0.151",151,
496,1990,12,29,29,"29","7","david-brabham","brabham","judd","pirelli","1:28.382",88382,,,,,,,"+5.849",5849,"+0.124",124,
496,1990,12,30,30,"30","31","bertrand-gachot","coloni","ford","goodyear","1:28.952",88952,,,,,,,"+6.419",6419,"+0.570",570,
497,1990,13,1,1,"1","2","nigel-mansell","ferrari","ferrari","goodyear","1:13.557",73557,,,,,,,,,,,
497,1990,13,2,2,"2","1","alain-prost","ferrari","ferrari","goodyear","1:13.595",73595,,,,,,,"+0.038",38,"+0.038",38,
497,1990,13,3,3,"3","27","ayrton-senna","mclaren","honda","goodyear","1:13.601",73601,,,,,,,"+0.044",44,"+0.006",6,
497,1990,13,4,4,"4","28","gerhard-berger","mclaren","honda","goodyear","1:14.292",74292,,,,,,,"+0.735",735,"+0.691",691,
497,1990,13,5,5,"5","6","riccardo-patrese","williams","renault","goodyear","1:14.723",74723,,,,,,,"+1.166",1166,"+0.431",431,
497,1990,13,6,6,"6","20","nelson-piquet","benetton","ford","goodyear","1:14.728",74728,,,,,,,"+1.171",1171,"+0.005",5,
497,1990,13,7,7,"7","5","thierry-boutsen","williams","renault","goodyear","1:14.934",74934,,,,,,,"+1.377",1377,"+0.206",206,
497,1990,13,8,8,"8","4","jean-alesi","tyrrell","ford","pirelli","1:15.122",75122,,,,,,,"+1.565",1565,"+0.188",188,
497,1990,13,9,9,"9","19","alessandro-nannini","benetton","ford","goodyear","1:15.411",75411,,,,,,,"+1.854",1854,"+0.289",289,
497,1990,13,10,10,"10","29","eric-bernard","lola","lamborghini","goodyear","1:15.673",75673,,,,,,,"+2.116",2116,"+0.262",262,
497,1990,13,11,11,"11","30","aguri-suzuki","lola","lamborghini","goodyear","1:16.012",76012,,,,,,,"+2.455",2455,"+0.339",339,
497,1990,13,12,12,"12","16","ivan-capelli","leyton-house","judd","goodyear","1:16.284",76284,,,,,,,"+2.727",2727,"+0.272",272,
497,1990,13,13,13,"13","21","emanuele-pirro","dallara","ford","pirelli","1:16.290",76290,,,,,,,"+2.733",2733,"+0.006",6,
497,1990,13,14,14,"14","15","mauricio-gugelmin","leyton-house","judd","goodyear","1:16.296",76296,,,,,,,"+2.739",2739,"+0.006",6,
497,1990,13,15,15,"15","12","martin-donnelly","lotus","lamborghini","goodyear","1:16.762",76762,,,,,,,"+3.205",3205,"+0.466",466,
497,1990,13,16,16,"16","23","pierluigi-martini","minardi","ford","pirelli","1:16.795",76795,,,,,,,"+3.238",3238,"+0.033",33,
497,1990,13,17,17,"17","10","alex-caffi","arrows","ford","goodyear","1:16.946",76946,,,,,,,"+3.389",3389,"+0.151",151,
497,1990,13,18,18,"18","22","andrea-de-cesaris","dallara","ford","pirelli","1:17.066",77066,,,,,,,"+3.509",3509,"+0.120",120,
497,1990,13,19,19,"19","9","michele-alboreto","arrows","ford","goodyear","1:17.081",77081,,,,,,,"+3.524",3524,"+0.015",15,
497,1990,13,20,20,"20","3","satoru-nakajima","tyrrell","ford","pirelli","1:17.097",77097,,,,,,,"+3.540",3540,"+0.016",16,
497,1990,13,21,21,"21","26","philippe-alliot","ligier","ford","goodyear","1:17.120",77120,,,,,,,"+3.563",3563,"+0.023",23,
497,1990,13,22,22,"22","11","derek-warwick","lotus","lamborghini","goodyear","1:17.259",77259,,,,,,,"+3.702",3702,"+0.139",139,
497,1990,13,23,23,"23","25","nicola-larini","ligier","ford","goodyear","1:17.269",77269,,,,,,,"+3.712",3712,"+0.010",10,
497,1990,13,24,24,"24","8","stefano-modena","brabham","judd","pirelli","1:17.341",77341,,,,,,,"+3.784",3784,"+0.072",72,
497,1990,13,25,25,"25","18","yannick-dalmas","ags","ford","goodyear","1:17.621",77621,,,,,,,"+4.064",4064,"+0.280",280,
497,1990,13,26,26,"26","7","david-brabham","brabham","judd","pirelli","1:17.715",77715,,,,,,,"+4.158",4158,"+0.094",94,
497,1990,13,27,27,"27","14","olivier-grouillard","osella","ford","pirelli","1:17.775",77775,,,,,,,"+4.218",4218,"+0.060",60,
497,1990,13,28,28,"28","24","paolo-barilla","minardi","ford","pirelli","1:18.280",78280,,,,,,,"+4.723",4723,"+0.505",505,
497,1990,13,29,29,"29","17","gabriele-tarquini","ags","ford","goodyear","1:18.815",78815,,,,,,,"+5.258",5258,"+0.535",535,
497,1990,13,30,30,"30","31","bertrand-gachot","coloni","ford","goodyear","1:20.516",80516,,,,,,,"+6.959",6959,"+1.701",1701,
498,1990,14,1,1,"1","27","ayrton-senna","mclaren","honda","goodyear","1:18.387",78387,,,,,,,,,,,
498,1990,14,2,2,"2","1","alain-prost","ferrari","ferrari","goodyear","1:18.824",78824,,,,,,,"+0.437",437,"+0.437",437,
498,1990,14,3,3,"3","2","nigel-mansell","ferrari","ferrari","goodyear","1:19.106",79106,,,,,,,"+0.719",719,"+0.282",282,
498,1990,14,4,4,"4","4","jean-alesi","tyrrell","ford","pirelli","1:19.604",79604,,,,,,,"+1.217",1217,"+0.498",498,
498,1990,14,5,5,"5","28","gerhard-berger","mclaren","honda","goodyear","1:19.618",79618,,,,,,,"+1.231",1231,"+0.014",14,
498,1990,14,6,6,"6","6","riccardo-patrese","williams","renault","goodyear","1:19.647",79647,,,,,,,"+1.260",1260,"+0.029",29,
498,1990,14,7,7,"7","5","thierry-boutsen","williams","renault","goodyear","1:19.689",79689,,,,,,,"+1.302",1302,"+0.042",42,
498,1990,14,8,8,"8","20","nelson-piquet","benetton","ford","goodyear","1:19.700",79700,,,,,,,"+1.313",1313,"+0.011",11,
498,1990,14,9,9,"9","19","alessandro-nannini","benetton","ford","goodyear","1:20.367",80367,,,,,,,"+1.980",1980,"+0.667",667,
498,1990,14,10,10,"10","11","derek-warwick","lotus","lamborghini","goodyear","1:20.610",80610,,,,,,,"+2.223",2223,"+0.243",243,
498,1990,14,11,11,"11","23","pierluigi-martini","minardi","ford","pirelli","1:21.060",81060,,,,,,,"+2.673",2673,"+0.450",450,
498,1990,14,12,12,"12","15","mauricio-gugelmin","leyton-house","judd","goodyear","1:21.167",81167,,,,,,,"+2.780",2780,"+0.107",107,
498,1990,14,13,13,"13","26","philippe-alliot","ligier","ford","goodyear","1:21.170",81170,,,,,,,"+2.783",2783,"+0.003",3,
498,1990,14,14,14,"14","3","satoru-nakajima","tyrrell","ford","pirelli","1:21.215",81215,,,,,,,"+2.828",2828,"+0.045",45,
498,1990,14,15,15,"15","30","aguri-suzuki","lola","lamborghini","goodyear","1:21.244",81244,,,,,,,"+2.857",2857,"+0.029",29,
498,1990,14,16,16,"16","21","emanuele-pirro","dallara","ford","pirelli","1:21.277",81277,,,,,,,"+2.890",2890,"+0.033",33,
498,1990,14,17,17,"17","22","andrea-de-cesaris","dallara","ford","pirelli","1:21.467",81467,,,,,,,"+3.080",3080,"+0.190",190,
498,1990,14,18,18,"18","29","eric-bernard","lola","lamborghini","goodyear","1:21.551",81551,,,,,,,"+3.164",3164,"+0.084",84,
498,1990,14,19,19,"19","16","ivan-capelli","leyton-house","judd","goodyear","1:21.910",81910,,,,,,,"+3.523",3523,"+0.359",359,
498,1990,14,20,20,"20","25","nicola-larini","ligier","ford","goodyear","1:21.996",81996,,,,,,,"+3.609",3609,"+0.086",86,
498,1990,14,21,21,"21","14","olivier-grouillard","osella","ford","pirelli","1:22.288",82288,,,,,,,"+3.901",3901,"+0.292",292,
498,1990,14,22,22,"22","17","gabriele-tarquini","ags","ford","goodyear","1:22.466",82466,,,,,,,"+4.079",4079,"+0.178",178,
498,1990,14,23,23,"23","12","martin-donnelly","lotus","lamborghini","goodyear","1:22.659",82659,,,,,,,"+4.272",4272,"+0.193",193,
498,1990,14,24,24,"24","18","yannick-dalmas","ags","ford","goodyear","1:22.716",82716,,,,,,,"+4.329",4329,"+0.057",57,
498,1990,14,25,25,"25","8","stefano-modena","brabham","judd","pirelli","1:23.133",83133,,,,,,,"+4.746",4746,"+0.417",417,
498,1990,14,26,26,"26","9","michele-alboreto","arrows","ford","goodyear","1:23.161",83161,,,,,,,"+4.774",4774,"+0.028",28,
498,1990,14,27,27,"27","7","david-brabham","brabham","judd","pirelli","1:23.163",83163,,,,,,,"+4.776",4776,"+0.002",2,
498,1990,14,28,28,"28","24","paolo-barilla","minardi","ford","pirelli","1:23.274",83274,,,,,,,"+4.887",4887,"+0.111",111,
498,1990,14,29,29,"29","10","bernd-schneider","arrows","ford","goodyear","1:23.924",83924,,,,,,,"+5.537",5537,"+0.650",650,
498,1990,14,30,30,"30","31","bertrand-gachot","coloni","ford","goodyear","1:25.114",85114,,,,,,,"+6.727",6727,"+1.190",1190,
499,1990,15,1,1,"1","27","ayrton-senna","mclaren","honda","goodyear","1:36.996",96996,,,,,,,,,,,
499,1990,15,2,2,"2","1","alain-prost","ferrari","ferrari","goodyear","1:37.228",97228,,,,,,,"+0.232",232,"+0.232",232,
499,1990,15,3,3,"3","2","nigel-mansell","ferrari","ferrari","goodyear","1:37.719",97719,,,,,,,"+0.723",723,"+0.491",491,
499,1990,15,4,4,"4","28","gerhard-berger","mclaren","honda","goodyear","1:38.118",98118,,,,,,,"+1.122",1122,"+0.399",399,
499,1990,15,5,5,"5","5","thierry-boutsen","williams","renault","goodyear","1:39.324",99324,,,,,,,"+2.328",2328,"+1.206",1206,
499,1990,15,6,6,"6","20","nelson-piquet","benetton","ford","goodyear","1:40.049",100049,,,,,,,"+3.053",3053,"+0.725",725,
499,1990,15,7,7,"7","4","jean-alesi","tyrrell","ford","pirelli","1:40.052",100052,,,,,,,"+3.056",3056,"+0.003",3,
499,1990,15,8,8,"8","6","riccardo-patrese","williams","renault","goodyear","1:40.355",100355,,,,,,,"+3.359",3359,"+0.303",303,
499,1990,15,9,9,"9","19","roberto-moreno","benetton","ford","goodyear","1:40.579",100579,,,,,,,"+3.583",3583,"+0.224",224,
499,1990,15,10,10,"10","30","aguri-suzuki","lola","lamborghini","goodyear","1:40.888",100888,,,,,,,"+3.892",3892,"+0.309",309,
499,1990,15,11,11,"11","23","pierluigi-martini","minardi","ford","pirelli","1:40.899",100899,,,,,,,"+3.903",3903,"+0.011",11,
499,1990,15,12,12,"12","11","derek-warwick","lotus","lamborghini","goodyear","1:41.024",101024,,,,,,,"+4.028",4028,"+0.125",125,
499,1990,15,13,13,"13","16","ivan-capelli","leyton-house","judd","goodyear","1:41.033",101033,,,,,,,"+4.037",4037,"+0.009",9,
499,1990,15,14,14,"14","3","satoru-nakajima","tyrrell","ford","pirelli","1:41.078",101078,,,,,,,"+4.082",4082,"+0.045",45,
499,1990,15,15,15,"15","12","johnny-herbert","lotus","lamborghini","goodyear","1:41.558",101558,,,,,,,"+4.562",4562,"+0.480",480,
499,1990,15,16,16,"16","15","mauricio-gugelmin","leyton-house","judd","goodyear","1:41.698",101698,,,,,,,"+4.702",4702,"+0.140",140,
499,1990,15,17,17,"17","29","eric-bernard","lola","lamborghini","goodyear","1:41.709",101709,,,,,,,"+4.713",4713,"+0.011",11,
499,1990,15,18,18,"18","25","nicola-larini","ligier","ford","goodyear","1:42.339",102339,,,,,,,"+5.343",5343,"+0.630",630,
499,1990,15,19,19,"19","21","emanuele-pirro","dallara","ford","pirelli","1:42.361",102361,,,,,,,"+5.365",5365,"+0.022",22,
499,1990,15,20,20,"20","24","gianni-morbidelli","minardi","ford","pirelli","1:42.364",102364,,,,,,,"+5.368",5368,"+0.003",3,
499,1990,15,21,21,"21","26","philippe-alliot","ligier","ford","goodyear","1:42.593",102593,,,,,,,"+5.597",5597,"+0.229",229,
499,1990,15,22,22,"22","8","stefano-modena","brabham","judd","pirelli","1:42.617",102617,,,,,,,"+5.621",5621,"+0.024",24,
499,1990,15,23,23,"23","7","david-brabham","brabham","judd","pirelli","1:43.156",103156,,,,,,,"+6.160",6160,"+0.539",539,
499,1990,15,24,24,"24","10","alex-caffi","arrows","ford","goodyear","1:43.270",103270,,,,,,,"+6.274",6274,"+0.114",114,
499,1990,15,25,25,"25","9","michele-alboreto","arrows","ford","goodyear","1:43.304",103304,,,,,,,"+6.308",6308,"+0.034",34,
499,1990,15,26,26,"26","22","andrea-de-cesaris","dallara","ford","pirelli","1:43.601",103601,,,,,,,"+6.605",6605,"+0.297",297,
499,1990,15,27,27,"27","14","olivier-grouillard","osella","ford","pirelli","1:43.782",103782,,,,,,,"+6.786",6786,"+0.181",181,
499,1990,15,28,28,"28","17","gabriele-tarquini","ags","ford","goodyear","1:44.281",104281,,,,,,,"+7.285",7285,"+0.499",499,
499,1990,15,29,29,"29","18","yannick-dalmas","ags","ford","goodyear","1:44.410",104410,,,,,,,"+7.414",7414,"+0.129",129,
499,1990,15,30,30,"30","31","bertrand-gachot","coloni","ford","goodyear","1:45.393",105393,,,,,,,"+8.397",8397,"+0.983",983,
500,1990,16,1,1,"1","27","ayrton-senna","mclaren","honda","goodyear","1:15.671",75671,,,,,,,,,,,
500,1990,16,2,2,"2","28","gerhard-berger","mclaren","honda","goodyear","1:16.244",76244,,,,,,,"+0.573",573,"+0.573",573,
500,1990,16,3,3,"3","2","nigel-mansell","ferrari","ferrari","goodyear","1:16.352",76352,,,,,,,"+0.681",681,"+0.108",108,
500,1990,16,4,4,"4","1","alain-prost","ferrari","ferrari","goodyear","1:16.365",76365,,,,,,,"+0.694",694,"+0.013",13,
500,1990,16,5,5,"5","4","jean-alesi","tyrrell","ford","pirelli","1:16.837",76837,,,,,,,"+1.166",1166,"+0.472",472,
500,1990,16,6,6,"6","6","riccardo-patrese","williams","renault","goodyear","1:17.156",77156,,,,,,,"+1.485",1485,"+0.319",319,
500,1990,16,7,7,"7","20","nelson-piquet","benetton","ford","goodyear","1:17.173",77173,,,,,,,"+1.502",1502,"+0.017",17,
500,1990,16,8,8,"8","19","roberto-moreno","benetton","ford","goodyear","1:17.437",77437,,,,,,,"+1.766",1766,"+0.264",264,
500,1990,16,9,9,"9","5","thierry-boutsen","williams","renault","goodyear","1:17.596",77596,,,,,,,"+1.925",1925,"+0.159",159,
500,1990,16,10,10,"10","23","pierluigi-martini","minardi","ford","pirelli","1:17.827",77827,,,,,,,"+2.156",2156,"+0.231",231,
500,1990,16,11,11,"11","11","derek-warwick","lotus","lamborghini","goodyear","1:18.351",78351,,,,,,,"+2.680",2680,"+0.524",524,
500,1990,16,12,12,"12","25","nicola-larini","ligier","ford","goodyear","1:18.730",78730,,,,,,,"+3.059",3059,"+0.379",379,
500,1990,16,13,13,"13","3","satoru-nakajima","tyrrell","ford","pirelli","1:18.738",78738,,,,,,,"+3.067",3067,"+0.008",8,
500,1990,16,14,14,"14","16","ivan-capelli","leyton-house","judd","goodyear","1:18.843",78843,,,,,,,"+3.172",3172,"+0.105",105,
500,1990,16,15,15,"15","22","andrea-de-cesaris","dallara","ford","pirelli","1:18.858",78858,,,,,,,"+3.187",3187,"+0.015",15,
500,1990,16,16,16,"16","15","mauricio-gugelmin","leyton-house","judd","goodyear","1:18.860",78860,,,,,,,"+3.189",3189,"+0.002",2,
500,1990,16,17,17,"17","8","stefano-modena","brabham","judd","pirelli","1:18.886",78886,,,,,,,"+3.215",3215,"+0.026",26,
500,1990,16,18,18,"18","12","johnny-herbert","lotus","lamborghini","goodyear","1:19.091",79091,,,,,,,"+3.420",3420,"+0.205",205,
500,1990,16,19,19,"19","26","philippe-alliot","ligier","ford","goodyear","1:19.202",79202,,,,,,,"+3.531",3531,"+0.111",111,
500,1990,16,20,20,"20","24","gianni-morbidelli","minardi","ford","pirelli","1:19.347",79347,,,,,,,"+3.676",3676,"+0.145",145,
500,1990,16,21,21,"21","21","emanuele-pirro","dallara","ford","pirelli","1:19.476",79476,,,,,,,"+3.805",3805,"+0.129",129,
500,1990,16,22,22,"22","14","olivier-grouillard","osella","ford","pirelli","1:19.722",79722,,,,,,,"+4.051",4051,"+0.246",246,
500,1990,16,23,23,"23","29","eric-bernard","lola","lamborghini","goodyear","1:19.858",79858,,,,,,,"+4.187",4187,"+0.136",136,
500,1990,16,24,24,"24","30","aguri-suzuki","lola","lamborghini","goodyear","1:19.970",79970,,,,,,,"+4.299",4299,"+0.112",112,
500,1990,16,25,25,"25","7","david-brabham","brabham","judd","pirelli","1:20.218",80218,,,,,,,"+4.547",4547,"+0.248",248,
500,1990,16,26,26,"26","17","gabriele-tarquini","ags","ford","goodyear","1:20.296",80296,,,,,,,"+4.625",4625,"+0.078",78,
500,1990,16,27,27,"27","9","michele-alboreto","arrows","ford","goodyear","1:20.545",80545,,,,,,,"+4.874",4874,"+0.249",249,
500,1990,16,28,28,"28","18","yannick-dalmas","ags","ford","goodyear","1:20.570",80570,,,,,,,"+4.899",4899,"+0.025",25,
500,1990,16,29,29,"29","10","alex-caffi","arrows","ford","goodyear","1:20.609",80609,,,,,,,"+4.938",4938,"+0.039",39,
500,1990,16,30,30,"30","31","bertrand-gachot","coloni","ford","goodyear","1:23.135",83135,,,,,,,"+7.464",7464,"+2.526",2526,
501,1991,1,1,1,"1","1","ayrton-senna","mclaren","honda","goodyear","1:21.434",81434,,,,,,,,,,,
501,1991,1,2,2,"2","27","alain-prost","ferrari","ferrari","goodyear","1:22.555",82555,,,,,,,"+1.121",1121,"+1.121",1121,
501,1991,1,3,3,"3","6","riccardo-patrese","williams","renault","goodyear","1:22.833",82833,,,,,,,"+1.399",1399,"+0.278",278,
501,1991,1,4,4,"4","5","nigel-mansell","williams","renault","goodyear","1:23.218",83218,,,,,,,"+1.784",1784,"+0.385",385,
501,1991,1,5,5,"5","20","nelson-piquet","benetton","ford","pirelli","1:23.384",83384,,,,,,,"+1.950",1950,"+0.166",166,
501,1991,1,6,6,"6","28","jean-alesi","ferrari","ferrari","goodyear","1:23.519",83519,,,,,,,"+2.085",2085,"+0.135",135,
501,1991,1,7,7,"7","2","gerhard-berger","mclaren","honda","goodyear","1:23.742",83742,,,,,,,"+2.308",2308,"+0.223",223,
501,1991,1,8,8,"8","19","roberto-moreno","benetton","ford","pirelli","1:23.881",83881,,,,,,,"+2.447",2447,"+0.139",139,
501,1991,1,9,9,"9","21","emanuele-pirro","dallara","judd","pirelli","1:24.792",84792,,,,,,,"+3.358",3358,"+0.911",911,
501,1991,1,10,10,"10","22","jj-lehto","dallara","judd","pirelli","1:24.891",84891,,,,,,,"+3.457",3457,"+0.099",99,
501,1991,1,11,11,"11","4","stefano-modena","tyrrell","honda","pirelli","1:25.065",85065,,,,,,,"+3.631",3631,"+0.174",174,
501,1991,1,12,12,"12","7","martin-brundle","brabham","yamaha","pirelli","1:25.385",85385,,,,,,,"+3.951",3951,"+0.320",320,
501,1991,1,13,13,"13","11","mika-hakkinen","lotus","judd","goodyear","1:25.448",85448,,,,,,,"+4.014",4014,"+0.063",63,
501,1991,1,14,14,"14","32","bertrand-gachot","jordan","ford","goodyear","1:25.701",85701,,,,,,,"+4.267",4267,"+0.253",253,
501,1991,1,15,15,"15","23","pierluigi-martini","minardi","ferrari","goodyear","1:25.715",85715,,,,,,,"+4.281",4281,"+0.014",14,
501,1991,1,16,16,"16","3","satoru-nakajima","tyrrell","honda","pirelli","1:25.752",85752,,,,,,,"+4.318",4318,"+0.037",37,
501,1991,1,17,17,"17","34","nicola-larini","modena","lamborghini","goodyear","1:25.791",85791,,,,,,,"+4.357",4357,"+0.039",39,
501,1991,1,18,18,"18","16","ivan-capelli","leyton-house","ilmor","goodyear","1:26.121",86121,,,,,,,"+4.687",4687,"+0.330",330,
501,1991,1,19,19,"19","29","eric-bernard","lola","ford","goodyear","1:26.425",86425,,,,,,,"+4.991",4991,"+0.304",304,
501,1991,1,20,20,"20","25","thierry-boutsen","ligier","lamborghini","goodyear","1:26.500",86500,,,,,,,"+5.066",5066,"+0.075",75,
501,1991,1,21,21,"21","30","aguri-suzuki","lola","ford","goodyear","1:26.548",86548,,,,,,,"+5.114",5114,"+0.048",48,
501,1991,1,22,22,"22","17","gabriele-tarquini","ags","ford","goodyear","1:26.851",86851,,,,,,,"+5.417",5417,"+0.303",303,
501,1991,1,23,23,"23","15","mauricio-gugelmin","leyton-house","ilmor","goodyear","1:26.865",86865,,,,,,,"+5.431",5431,"+0.014",14,
501,1991,1,24,24,"24","8","mark-blundell","brabham","yamaha","pirelli","1:26.915",86915,,,,,,,"+5.481",5481,"+0.050",50,
501,1991,1,25,25,"25","9","michele-alboreto","footwork","porsche","goodyear","1:27.015",87015,,,,,,,"+5.581",5581,"+0.100",100,
501,1991,1,26,26,"26","24","gianni-morbidelli","minardi","ferrari","goodyear","1:27.042",87042,,,,,,,"+5.608",5608,"+0.027",27,
501,1991,1,27,27,"27","26","erik-comas","ligier","lamborghini","goodyear","1:27.159",87159,,,,,,,"+5.725",5725,"+0.117",117,
501,1991,1,28,28,"28","10","alex-caffi","footwork","porsche","goodyear","1:27.519",87519,,,,,,,"+6.085",6085,"+0.360",360,
501,1991,1,29,29,"29","18","stefan-johansson","ags","ford","goodyear","1:27.753",87753,,,,,,,"+6.319",6319,"+0.234",234,
501,1991,1,30,30,"30","12","julian-bailey","lotus","judd","goodyear","1:28.570",88570,,,,,,,"+7.136",7136,"+0.817",817,
502,1991,2,1,1,"1","1","ayrton-senna","mclaren","honda","goodyear","1:16.392",76392,,,,,,,,,,,
502,1991,2,2,2,"2","6","riccardo-patrese","williams","renault","goodyear","1:16.775",76775,,,,,,,"+0.383",383,"+0.383",383,
502,1991,2,3,3,"3","5","nigel-mansell","williams","renault","goodyear","1:16.843",76843,,,,,,,"+0.451",451,"+0.068",68,
502,1991,2,4,4,"4","2","gerhard-berger","mclaren","honda","goodyear","1:17.471",77471,,,,,,,"+1.079",1079,"+0.628",628,
502,1991,2,5,5,"5","28","jean-alesi","ferrari","ferrari","goodyear","1:17.601",77601,,,,,,,"+1.209",1209,"+0.130",130,
502,1991,2,6,6,"6","27","alain-prost","ferrari","ferrari","goodyear","1:17.739",77739,,,,,,,"+1.347",1347,"+0.138",138,
502,1991,2,7,7,"7","20","nelson-piquet","benetton","ford","pirelli","1:18.577",78577,,,,,,,"+2.185",2185,"+0.838",838,
502,1991,2,8,8,"8","15","mauricio-gugelmin","leyton-house","ilmor","goodyear","1:18.664",78664,,,,,,,"+2.272",2272,"+0.087",87,
502,1991,2,9,9,"9","4","stefano-modena","tyrrell","honda","pirelli","1:18.847",78847,,,,,,,"+2.455",2455,"+0.183",183,
502,1991,2,10,10,"10","32","bertrand-gachot","jordan","ford","goodyear","1:18.882",78882,,,,,,,"+2.490",2490,"+0.035",35,
502,1991,2,11,11,"11","29","eric-bernard","lola","ford","goodyear","1:19.291",79291,,,,,,,"+2.899",2899,"+0.409",409,
502,1991,2,12,12,"12","21","emanuele-pirro","dallara","judd","pirelli","1:19.305",79305,,,,,,,"+2.913",2913,"+0.014",14,
502,1991,2,13,13,"13","33","andrea-de-cesaris","jordan","ford","goodyear","1:19.339",79339,,,,,,,"+2.947",2947,"+0.034",34,
502,1991,2,14,14,"14","19","roberto-moreno","benetton","ford","pirelli","1:19.360",79360,,,,,,,"+2.968",2968,"+0.021",21,
502,1991,2,15,15,"15","16","ivan-capelli","leyton-house","ilmor","goodyear","1:19.517",79517,,,,,,,"+3.125",3125,"+0.157",157,
502,1991,2,16,16,"16","3","satoru-nakajima","tyrrell","honda","pirelli","1:19.546",79546,,,,,,,"+3.154",3154,"+0.029",29,
502,1991,2,17,17,"17","30","aguri-suzuki","lola","ford","goodyear","1:19.832",79832,,,,,,,"+3.440",3440,"+0.286",286,
502,1991,2,18,18,"18","25","thierry-boutsen","ligier","lamborghini","goodyear","1:19.868",79868,,,,,,,"+3.476",3476,"+0.036",36,
502,1991,2,19,19,"19","22","jj-lehto","dallara","judd","pirelli","1:19.954",79954,,,,,,,"+3.562",3562,"+0.086",86,
502,1991,2,20,20,"20","23","pierluigi-martini","minardi","ferrari","goodyear","1:20.175",80175,,,,,,,"+3.783",3783,"+0.221",221,
502,1991,2,21,21,"21","24","gianni-morbidelli","minardi","ferrari","goodyear","1:20.502",80502,,,,,,,"+4.110",4110,"+0.327",327,
502,1991,2,22,22,"22","11","mika-hakkinen","lotus","judd","goodyear","1:20.611",80611,,,,,,,"+4.219",4219,"+0.109",109,
502,1991,2,23,23,"23","26","erik-comas","ligier","lamborghini","goodyear","1:21.168",81168,,,,,,,"+4.776",4776,"+0.557",557,
502,1991,2,24,24,"24","17","gabriele-tarquini","ags","ford","goodyear","1:21.219",81219,,,,,,,"+4.827",4827,"+0.051",51,
502,1991,2,25,25,"25","8","mark-blundell","brabham","yamaha","pirelli","1:21.230",81230,,,,,,,"+4.838",4838,"+0.011",11,
502,1991,2,26,26,"26","7","martin-brundle","brabham","yamaha","pirelli","1:21.280",81280,,,,,,,"+4.888",4888,"+0.050",50,
502,1991,2,27,27,"27","10","alex-caffi","footwork","porsche","goodyear","1:22.190",82190,,,,,,,"+5.798",5798,"+0.910",910,
502,1991,2,28,28,"28","18","stefan-johansson","ags","ford","goodyear","1:22.432",82432,,,,,,,"+6.040",6040,"+0.242",242,
502,1991,2,29,29,"29","9","michele-alboreto","footwork","porsche","goodyear","1:22.739",82739,,,,,,,"+6.347",6347,"+0.307",307,
502,1991,2,30,30,"30","12","julian-bailey","lotus","judd","goodyear","1:23.590",83590,,,,,,,"+7.198",7198,"+0.851",851,
503,1991,3,1,1,"1","1","ayrton-senna","mclaren","honda","goodyear","1:21.877",81877,,,,,,,,,,,
503,1991,3,2,2,"2","6","riccardo-patrese","williams","renault","goodyear","1:21.957",81957,,,,,,,"+0.080",80,"+0.080",80,
503,1991,3,3,3,"3","27","alain-prost","ferrari","ferrari","goodyear","1:22.195",82195,,,,,,,"+0.318",318,"+0.238",238,
503,1991,3,4,4,"4","5","nigel-mansell","williams","renault","goodyear","1:22.366",82366,,,,,,,"+0.489",489,"+0.171",171,
503,1991,3,5,5,"5","2","gerhard-berger","mclaren","honda","goodyear","1:22.567",82567,,,,,,,"+0.690",690,"+0.201",201,
503,1991,3,6,6,"6","4","stefano-modena","tyrrell","honda","pirelli","1:23.511",83511,,,,,,,"+1.634",1634,"+0.944",944,
503,1991,3,7,7,"7","28","jean-alesi","ferrari","ferrari","goodyear","1:23.945",83945,,,,,,,"+2.068",2068,"+0.434",434,
503,1991,3,8,8,"8","24","gianni-morbidelli","minardi","ferrari","goodyear","1:24.762",84762,,,,,,,"+2.885",2885,"+0.817",817,
503,1991,3,9,9,"9","23","pierluigi-martini","minardi","ferrari","goodyear","1:24.807",84807,,,,,,,"+2.930",2930,"+0.045",45,
503,1991,3,10,10,"10","3","satoru-nakajima","tyrrell","honda","pirelli","1:25.345",85345,,,,,,,"+3.468",3468,"+0.538",538,
503,1991,3,11,11,"11","33","andrea-de-cesaris","jordan","ford","goodyear","1:25.491",85491,,,,,,,"+3.614",3614,"+0.146",146,
503,1991,3,12,12,"12","32","bertrand-gachot","jordan","ford","goodyear","1:25.531",85531,,,,,,,"+3.654",3654,"+0.040",40,
503,1991,3,13,13,"13","19","roberto-moreno","benetton","ford","pirelli","1:25.655",85655,,,,,,,"+3.778",3778,"+0.124",124,
503,1991,3,14,14,"14","20","nelson-piquet","benetton","ford","pirelli","1:25.809",85809,,,,,,,"+3.932",3932,"+0.154",154,
503,1991,3,15,15,"15","15","mauricio-gugelmin","leyton-house","ilmor","goodyear","1:25.841",85841,,,,,,,"+3.964",3964,"+0.032",32,
503,1991,3,16,16,"16","22","jj-lehto","dallara","judd","pirelli","1:25.974",85974,,,,,,,"+4.097",4097,"+0.133",133,
503,1991,3,17,17,"17","29","eric-bernard","lola","ford","goodyear","1:25.983",85983,,,,,,,"+4.106",4106,"+0.009",9,
503,1991,3,18,18,"18","7","martin-brundle","brabham","yamaha","pirelli","1:26.055",86055,,,,,,,"+4.178",4178,"+0.072",72,
503,1991,3,19,19,"19","26","erik-comas","ligier","lamborghini","goodyear","1:26.207",86207,,,,,,,"+4.330",4330,"+0.152",152,
503,1991,3,20,20,"20","30","aguri-suzuki","lola","ford","goodyear","1:26.356",86356,,,,,,,"+4.479",4479,"+0.149",149,
503,1991,3,21,21,"21","35","eric-van-de-poele","modena","lamborghini","goodyear","1:26.550",86550,,,,,,,"+4.673",4673,"+0.194",194,
503,1991,3,22,22,"22","16","ivan-capelli","leyton-house","ilmor","goodyear","1:26.602",86602,,,,,,,"+4.725",4725,"+0.052",52,
503,1991,3,23,23,"23","8","mark-blundell","brabham","yamaha","pirelli","1:26.778",86778,,,,,,,"+4.901",4901,"+0.176",176,
503,1991,3,24,24,"24","25","thierry-boutsen","ligier","lamborghini","goodyear","1:26.998",86998,,,,,,,"+5.121",5121,"+0.220",220,
503,1991,3,25,25,"25","11","mika-hakkinen","lotus","judd","goodyear","1:27.324",87324,,,,,,,"+5.447",5447,"+0.326",326,
503,1991,3,26,26,"26","12","julian-bailey","lotus","judd","goodyear","1:27.976",87976,,,,,,,"+6.099",6099,"+0.652",652,
503,1991,3,27,27,"27","17","gabriele-tarquini","ags","ford","goodyear","1:28.175",88175,,,,,,,"+6.298",6298,"+0.199",199,
503,1991,3,28,28,"28","18","fabrizio-barbazza","ags","ford","goodyear","1:29.665",89665,,,,,,,"+7.788",7788,"+1.490",1490,
503,1991,3,29,29,"29","10","alex-caffi","footwork","porsche","goodyear","1:30.280",90280,,,,,,,"+8.403",8403,"+0.615",615,
503,1991,3,30,30,"30","9","michele-alboreto","footwork","porsche","goodyear","1:30.762",90762,,,,,,,"+8.885",8885,"+0.482",482,
504,1991,4,1,1,"1","1","ayrton-senna","mclaren","honda","goodyear","1:20.344",80344,,,,,,,,,,,
504,1991,4,2,2,"2","4","stefano-modena","tyrrell","honda","pirelli","1:20.809",80809,,,,,,,"+0.465",465,"+0.465",465,
504,1991,4,3,3,"3","6","riccardo-patrese","williams","renault","goodyear","1:20.973",80973,,,,,,,"+0.629",629,"+0.164",164,
504,1991,4,4,4,"4","20","nelson-piquet","benetton","ford","pirelli","1:21.159",81159,,,,,,,"+0.815",815,"+0.186",186,
504,1991,4,5,5,"5","5","nigel-mansell","williams","renault","goodyear","1:21.205",81205,,,,,,,"+0.861",861,"+0.046",46,
504,1991,4,6,6,"6","2","gerhard-berger","mclaren","honda","goodyear","1:21.222",81222,,,,,,,"+0.878",878,"+0.017",17,
504,1991,4,7,7,"7","27","alain-prost","ferrari","ferrari","goodyear","1:21.455",81455,,,,,,,"+1.111",1111,"+0.233",233,
504,1991,4,8,8,"8","19","roberto-moreno","benetton","ford","pirelli","1:21.804",81804,,,,,,,"+1.460",1460,"+0.349",349,
504,1991,4,9,9,"9","28","jean-alesi","ferrari","ferrari","goodyear","1:21.910",81910,,,,,,,"+1.566",1566,"+0.106",106,
504,1991,4,10,10,"10","33","andrea-de-cesaris","jordan","ford","goodyear","1:22.764",82764,,,,,,,"+2.420",2420,"+0.854",854,
504,1991,4,11,11,"11","3","satoru-nakajima","tyrrell","honda","pirelli","1:22.972",82972,,,,,,,"+2.628",2628,"+0.208",208,
504,1991,4,12,12,"12","21","emanuele-pirro","dallara","judd","pirelli","1:23.022",83022,,,,,,,"+2.678",2678,"+0.050",50,
504,1991,4,13,13,"13","22","jj-lehto","dallara","judd","pirelli","1:23.023",83023,,,,,,,"+2.679",2679,"+0.001",1,
504,1991,4,14,14,"14","23","pierluigi-martini","minardi","ferrari","goodyear","1:23.064",83064,,,,,,,"+2.720",2720,"+0.041",41,
504,1991,4,15,15,"15","15","mauricio-gugelmin","leyton-house","ilmor","goodyear","1:23.394",83394,,,,,,,"+3.050",3050,"+0.330",330,
504,1991,4,16,16,"16","25","thierry-boutsen","ligier","lamborghini","goodyear","1:23.431",83431,,,,,,,"+3.087",3087,"+0.037",37,
504,1991,4,17,17,"17","24","gianni-morbidelli","minardi","ferrari","goodyear","1:23.584",83584,,,,,,,"+3.240",3240,"+0.153",153,
504,1991,4,18,18,"18","16","ivan-capelli","leyton-house","ilmor","goodyear","1:23.642",83642,,,,,,,"+3.298",3298,"+0.058",58,
504,1991,4,19,19,"19","30","aguri-suzuki","lola","ford","goodyear","1:23.898",83898,,,,,,,"+3.554",3554,"+0.256",256,
504,1991,4,20,20,"20","17","gabriele-tarquini","ags","ford","goodyear","1:23.909",83909,,,,,,,"+3.565",3565,"+0.011",11,
504,1991,4,21,21,"21","29","eric-bernard","lola","ford","goodyear","1:24.079",84079,,,,,,,"+3.735",3735,"+0.170",170,
504,1991,4,22,22,"22","8","mark-blundell","brabham","yamaha","pirelli","1:24.109",84109,,,,,,,"+3.765",3765,"+0.030",30,
504,1991,4,23,23,"23","26","erik-comas","ligier","lamborghini","goodyear","1:24.151",84151,,,,,,,"+3.807",3807,"+0.042",42,
504,1991,4,24,24,"24","32","bertrand-gachot","jordan","ford","goodyear","1:24.208",84208,,,,,,,"+3.864",3864,"+0.057",57,
504,1991,4,25,25,"25","9","michele-alboreto","footwork","porsche","goodyear","1:24.606",84606,,,,,,,"+4.262",4262,"+0.398",398,
504,1991,4,26,26,"26","11","mika-hakkinen","lotus","judd","goodyear","1:24.829",84829,,,,,,,"+4.485",4485,"+0.223",223,
504,1991,4,27,27,"27","7","martin-brundle","brabham","yamaha","pirelli","1:24.840",84840,,,,,,,"+4.496",4496,"+0.011",11,
504,1991,4,28,28,"28","12","julian-bailey","lotus","judd","goodyear","1:26.995",86995,,,,,,,"+6.651",6651,"+2.155",2155,
504,1991,4,29,29,"29","18","fabrizio-barbazza","ags","ford","goodyear","1:27.079",87079,,,,,,,"+6.735",6735,"+0.084",84,
505,1991,5,1,1,"1","6","riccardo-patrese","williams","renault","goodyear","1:19.837",79837,,,,,,,,,,,
505,1991,5,2,2,"2","5","nigel-mansell","williams","renault","goodyear","1:20.225",80225,,,,,,,"+0.388",388,"+0.388",388,
505,1991,5,3,3,"3","1","ayrton-senna","mclaren","honda","goodyear","1:20.318",80318,,,,,,,"+0.481",481,"+0.093",93,
505,1991,5,4,4,"4","27","alain-prost","ferrari","ferrari","goodyear","1:20.656",80656,,,,,,,"+0.819",819,"+0.338",338,
505,1991,5,5,5,"5","19","roberto-moreno","benetton","ford","pirelli","1:20.686",80686,,,,,,,"+0.849",849,"+0.030",30,
505,1991,5,6,6,"6","2","gerhard-berger","mclaren","honda","goodyear","1:20.916",80916,,,,,,,"+1.079",1079,"+0.230",230,
505,1991,5,7,7,"7","28","jean-alesi","ferrari","ferrari","goodyear","1:21.227",81227,,,,,,,"+1.390",1390,"+0.311",311,
505,1991,5,8,8,"8","20","nelson-piquet","benetton","ford","pirelli","1:21.241",81241,,,,,,,"+1.404",1404,"+0.014",14,
505,1991,5,9,9,"9","4","stefano-modena","tyrrell","honda","pirelli","1:21.298",81298,,,,,,,"+1.461",1461,"+0.057",57,
505,1991,5,10,10,"10","21","emanuele-pirro","dallara","judd","pirelli","1:21.864",81864,,,,,,,"+2.027",2027,"+0.566",566,
505,1991,5,11,11,"11","33","andrea-de-cesaris","jordan","ford","goodyear","1:22.154",82154,,,,,,,"+2.317",2317,"+0.290",290,
505,1991,5,12,12,"12","3","satoru-nakajima","tyrrell","honda","pirelli","1:22.262",82262,,,,,,,"+2.425",2425,"+0.108",108,
505,1991,5,13,13,"13","16","ivan-capelli","leyton-house","ilmor","goodyear","1:22.443",82443,,,,,,,"+2.606",2606,"+0.181",181,
505,1991,5,14,14,"14","32","bertrand-gachot","jordan","ford","goodyear","1:22.596",82596,,,,,,,"+2.759",2759,"+0.153",153,
505,1991,5,15,15,"15","24","gianni-morbidelli","minardi","ferrari","goodyear","1:22.993",82993,,,,,,,"+3.156",3156,"+0.397",397,
505,1991,5,16,16,"16","25","thierry-boutsen","ligier","lamborghini","goodyear","1:23.040",83040,,,,,,,"+3.203",3203,"+0.047",47,
505,1991,5,17,17,"17","22","jj-lehto","dallara","judd","pirelli","1:23.040",83040,,,,,,,"+3.203",3203,"+0.000",0,
505,1991,5,18,18,"18","23","pierluigi-martini","minardi","ferrari","goodyear","1:23.125",83125,,,,,,,"+3.288",3288,"+0.085",85,
505,1991,5,19,19,"19","29","eric-bernard","lola","ford","goodyear","1:23.260",83260,,,,,,,"+3.423",3423,"+0.135",135,
505,1991,5,20,20,"20","7","martin-brundle","brabham","yamaha","pirelli","1:23.516",83516,,,,,,,"+3.679",3679,"+0.256",256,
505,1991,5,21,21,"21","9","michele-alboreto","footwork","porsche","goodyear","1:23.529",83529,,,,,,,"+3.692",3692,"+0.013",13,
505,1991,5,22,22,"22","30","aguri-suzuki","lola","ford","goodyear","1:23.585",83585,,,,,,,"+3.748",3748,"+0.056",56,
505,1991,5,23,23,"23","15","mauricio-gugelmin","leyton-house","ilmor","goodyear","1:23.650",83650,,,,,,,"+3.813",3813,"+0.065",65,
505,1991,5,24,24,"24","11","mika-hakkinen","lotus","judd","goodyear","1:23.923",83923,,,,,,,"+4.086",4086,"+0.273",273,
505,1991,5,25,25,"25","10","stefan-johansson","footwork","porsche","goodyear","1:24.433",84433,,,,,,,"+4.596",4596,"+0.510",510,
505,1991,5,26,26,"26","26","erik-comas","ligier","lamborghini","goodyear","1:24.460",84460,,,,,,,"+4.623",4623,"+0.027",27,
505,1991,5,27,27,"27","18","fabrizio-barbazza","ags","ford","goodyear","1:24.491",84491,,,,,,,"+4.654",4654,"+0.031",31,
505,1991,5,28,28,"28","17","gabriele-tarquini","ags","ford","goodyear","1:24.653",84653,,,,,,,"+4.816",4816,"+0.162",162,
505,1991,5,29,29,"29","8","mark-blundell","brabham","yamaha","pirelli","1:24.661",84661,,,,,,,"+4.824",4824,"+0.008",8,
505,1991,5,30,30,"30","12","johnny-herbert","lotus","judd","goodyear","1:24.732",84732,,,,,,,"+4.895",4895,"+0.071",71,
506,1991,6,1,1,"1","6","riccardo-patrese","williams","renault","goodyear","1:16.696",76696,,,,,,,,,,,
506,1991,6,2,2,"2","5","nigel-mansell","williams","renault","goodyear","1:16.978",76978,,,,,,,"+0.282",282,"+0.282",282,
506,1991,6,3,3,"3","1","ayrton-senna","mclaren","honda","goodyear","1:17.264",77264,,,,,,,"+0.568",568,"+0.286",286,
506,1991,6,4,4,"4","28","jean-alesi","ferrari","ferrari","goodyear","1:18.129",78129,,,,,,,"+1.433",1433,"+0.865",865,
506,1991,6,5,5,"5","2","gerhard-berger","mclaren","honda","goodyear","1:18.156",78156,,,,,,,"+1.460",1460,"+0.027",27,
506,1991,6,6,6,"6","20","nelson-piquet","benetton","ford","pirelli","1:18.168",78168,,,,,,,"+1.472",1472,"+0.012",12,
506,1991,6,7,7,"7","27","alain-prost","ferrari","ferrari","goodyear","1:18.183",78183,,,,,,,"+1.487",1487,"+0.015",15,
506,1991,6,8,8,"8","4","stefano-modena","tyrrell","honda","pirelli","1:18.216",78216,,,,,,,"+1.520",1520,"+0.033",33,
506,1991,6,9,9,"9","19","roberto-moreno","benetton","ford","pirelli","1:18.375",78375,,,,,,,"+1.679",1679,"+0.159",159,
506,1991,6,10,10,"10","14","olivier-grouillard","fondmetal","ford","goodyear","1:18.453",78453,,,,,,,"+1.757",1757,"+0.078",78,
506,1991,6,11,11,"11","33","andrea-de-cesaris","jordan","ford","goodyear","1:18.935",78935,,,,,,,"+2.239",2239,"+0.482",482,
506,1991,6,12,12,"12","8","mark-blundell","brabham","yamaha","pirelli","1:19.064",79064,,,,,,,"+2.368",2368,"+0.129",129,
506,1991,6,13,13,"13","3","satoru-nakajima","tyrrell","honda","pirelli","1:19.092",79092,,,,,,,"+2.396",2396,"+0.028",28,
506,1991,6,14,14,"14","25","thierry-boutsen","ligier","lamborghini","goodyear","1:19.201",79201,,,,,,,"+2.505",2505,"+0.109",109,
506,1991,6,15,15,"15","23","pierluigi-martini","minardi","ferrari","goodyear","1:19.215",79215,,,,,,,"+2.519",2519,"+0.014",14,
506,1991,6,16,16,"16","22","jj-lehto","dallara","judd","pirelli","1:19.291",79291,,,,,,,"+2.595",2595,"+0.076",76,
506,1991,6,17,17,"17","7","martin-brundle","brabham","yamaha","pirelli","1:19.647",79647,,,,,,,"+2.951",2951,"+0.356",356,
506,1991,6,18,18,"18","29","eric-bernard","lola","ford","goodyear","1:19.785",79785,,,,,,,"+3.089",3089,"+0.138",138,
506,1991,6,19,19,"19","30","aguri-suzuki","lola","ford","goodyear","1:20.049",80049,,,,,,,"+3.353",3353,"+0.264",264,
506,1991,6,20,20,"20","32","bertrand-gachot","jordan","ford","goodyear","1:20.050",80050,,,,,,,"+3.354",3354,"+0.001",1,
506,1991,6,21,21,"21","15","mauricio-gugelmin","leyton-house","ilmor","goodyear","1:20.200",80200,,,,,,,"+3.504",3504,"+0.150",150,
506,1991,6,22,22,"22","16","ivan-capelli","leyton-house","ilmor","goodyear","1:20.252",80252,,,,,,,"+3.556",3556,"+0.052",52,
506,1991,6,23,23,"23","24","gianni-morbidelli","minardi","ferrari","goodyear","1:20.322",80322,,,,,,,"+3.626",3626,"+0.070",70,
506,1991,6,24,24,"24","11","mika-hakkinen","lotus","judd","goodyear","1:20.823",80823,,,,,,,"+4.127",4127,"+0.501",501,
506,1991,6,25,25,"25","12","johnny-herbert","lotus","judd","goodyear","1:20.830",80830,,,,,,,"+4.134",4134,"+0.007",7,
506,1991,6,26,26,"26","9","michele-alboreto","footwork","porsche","goodyear","1:21.178",81178,,,,,,,"+4.482",4482,"+0.348",348,
506,1991,6,27,27,"27","26","erik-comas","ligier","lamborghini","goodyear","1:21.225",81225,,,,,,,"+4.529",4529,"+0.047",47,
506,1991,6,28,28,"28","17","gabriele-tarquini","ags","ford","goodyear","1:22.258",82258,,,,,,,"+5.562",5562,"+1.033",1033,
506,1991,6,29,29,"29","10","stefan-johansson","footwork","porsche","goodyear","1:22.598",82598,,,,,,,"+5.902",5902,"+0.340",340,
506,1991,6,30,30,"30","18","fabrizio-barbazza","ags","ford","goodyear","1:22.899",82899,,,,,,,"+6.203",6203,"+0.301",301,
507,1991,7,1,1,"1","6","riccardo-patrese","williams","renault","goodyear","1:14.559",74559,,,,,,,,,,,
507,1991,7,2,2,"2","27","alain-prost","ferrari","ferrari","goodyear","1:14.789",74789,,,,,,,"+0.230",230,"+0.230",230,
507,1991,7,3,3,"3","1","ayrton-senna","mclaren","honda","goodyear","1:14.857",74857,,,,,,,"+0.298",298,"+0.068",68,
507,1991,7,4,4,"4","5","nigel-mansell","williams","renault","goodyear","1:14.895",74895,,,,,,,"+0.336",336,"+0.038",38,
507,1991,7,5,5,"5","2","gerhard-berger","mclaren","honda","goodyear","1:15.376",75376,,,,,,,"+0.817",817,"+0.481",481,
507,1991,7,6,6,"6","28","jean-alesi","ferrari","ferrari","goodyear","1:15.877",75877,,,,,,,"+1.318",1318,"+0.501",501,
507,1991,7,7,7,"7","20","nelson-piquet","benetton","ford","pirelli","1:16.816",76816,,,,,,,"+2.257",2257,"+0.939",939,
507,1991,7,8,8,"8","19","roberto-moreno","benetton","ford","pirelli","1:16.961",76961,,,,,,,"+2.402",2402,"+0.145",145,
507,1991,7,9,9,"9","15","mauricio-gugelmin","leyton-house","ilmor","goodyear","1:17.015",77015,,,,,,,"+2.456",2456,"+0.054",54,
507,1991,7,10,10,"10","24","gianni-morbidelli","minardi","ferrari","goodyear","1:17.020",77020,,,,,,,"+2.461",2461,"+0.005",5,
507,1991,7,11,11,"11","4","stefano-modena","tyrrell","honda","pirelli","1:17.114",77114,,,,,,,"+2.555",2555,"+0.094",94,
507,1991,7,12,12,"12","23","pierluigi-martini","minardi","ferrari","goodyear","1:17.149",77149,,,,,,,"+2.590",2590,"+0.035",35,
507,1991,7,13,13,"13","33","andrea-de-cesaris","jordan","ford","goodyear","1:17.163",77163,,,,,,,"+2.604",2604,"+0.014",14,
507,1991,7,14,14,"14","26","erik-comas","ligier","lamborghini","goodyear","1:17.504",77504,,,,,,,"+2.945",2945,"+0.341",341,
507,1991,7,15,15,"15","16","ivan-capelli","leyton-house","ilmor","goodyear","1:17.533",77533,,,,,,,"+2.974",2974,"+0.029",29,
507,1991,7,16,16,"16","25","thierry-boutsen","ligier","lamborghini","goodyear","1:17.775",77775,,,,,,,"+3.216",3216,"+0.242",242,
507,1991,7,17,17,"17","8","mark-blundell","brabham","yamaha","pirelli","1:17.836",77836,,,,,,,"+3.277",3277,"+0.061",61,
507,1991,7,18,18,"18","3","satoru-nakajima","tyrrell","honda","pirelli","1:18.144",78144,,,,,,,"+3.585",3585,"+0.308",308,
507,1991,7,19,19,"19","32","bertrand-gachot","jordan","ford","goodyear","1:18.150",78150,,,,,,,"+3.591",3591,"+0.006",6,
507,1991,7,20,20,"20","12","johnny-herbert","lotus","judd","goodyear","1:18.185",78185,,,,,,,"+3.626",3626,"+0.035",35,
507,1991,7,21,21,"21","14","olivier-grouillard","fondmetal","ford","goodyear","1:18.210",78210,,,,,,,"+3.651",3651,"+0.025",25,
507,1991,7,22,22,"22","30","aguri-suzuki","lola","ford","goodyear","1:18.224",78224,,,,,,,"+3.665",3665,"+0.014",14,
507,1991,7,23,23,"23","29","eric-bernard","lola","ford","goodyear","1:18.540",78540,,,,,,,"+3.981",3981,"+0.316",316,
507,1991,7,24,24,"24","7","martin-brundle","brabham","yamaha","pirelli","1:18.826",78826,,,,,,,"+4.267",4267,"+0.286",286,
507,1991,7,25,25,"25","9","michele-alboreto","footwork","ford","goodyear","1:18.846",78846,,,,,,,"+4.287",4287,"+0.020",20,
507,1991,7,26,26,"26","22","jj-lehto","dallara","judd","pirelli","1:19.267",79267,,,,,,,"+4.708",4708,"+0.421",421,
507,1991,7,27,27,"27","11","mika-hakkinen","lotus","judd","goodyear","1:19.491",79491,,,,,,,"+4.932",4932,"+0.224",224,
507,1991,7,28,28,"28","18","fabrizio-barbazza","ags","ford","goodyear","1:20.110",80110,,,,,,,"+5.551",5551,"+0.619",619,
507,1991,7,29,29,"29","17","gabriele-tarquini","ags","ford","goodyear","1:20.262",80262,,,,,,,"+5.703",5703,"+0.152",152,
507,1991,7,30,30,"30","10","stefan-johansson","footwork","ford","goodyear","1:21.000",81000,,,,,,,"+6.441",6441,"+0.738",738,
508,1991,8,1,1,"1","5","nigel-mansell","williams","renault","goodyear","1:20.939",80939,,,,,,,,,,,
508,1991,8,2,2,"2","1","ayrton-senna","mclaren","honda","goodyear","1:21.618",81618,,,,,,,"+0.679",679,"+0.679",679,
508,1991,8,3,3,"3","6","riccardo-patrese","williams","renault","goodyear","1:22.109",82109,,,,,,,"+1.170",1170,"+0.491",491,
508,1991,8,4,4,"4","2","gerhard-berger","mclaren","honda","goodyear","1:22.476",82476,,,,,,,"+1.537",1537,"+0.367",367,
508,1991,8,5,5,"5","27","alain-prost","ferrari","ferrari","goodyear","1:22.478",82478,,,,,,,"+1.539",1539,"+0.002",2,
508,1991,8,6,6,"6","28","jean-alesi","ferrari","ferrari","goodyear","1:22.881",82881,,,,,,,"+1.942",1942,"+0.403",403,
508,1991,8,7,7,"7","19","roberto-moreno","benetton","ford","pirelli","1:23.265",83265,,,,,,,"+2.326",2326,"+0.384",384,
508,1991,8,8,8,"8","20","nelson-piquet","benetton","ford","pirelli","1:23.626",83626,,,,,,,"+2.687",2687,"+0.361",361,
508,1991,8,9,9,"9","15","mauricio-gugelmin","leyton-house","ilmor","goodyear","1:24.044",84044,,,,,,,"+3.105",3105,"+0.418",418,
508,1991,8,10,10,"10","4","stefano-modena","tyrrell","honda","pirelli","1:24.069",84069,,,,,,,"+3.130",3130,"+0.025",25,
508,1991,8,11,11,"11","22","jj-lehto","dallara","judd","pirelli","1:24.141",84141,,,,,,,"+3.202",3202,"+0.072",72,
508,1991,8,12,12,"12","8","mark-blundell","brabham","yamaha","pirelli","1:24.165",84165,,,,,,,"+3.226",3226,"+0.024",24,
508,1991,8,13,13,"13","33","andrea-de-cesaris","jordan","ford","goodyear","1:24.169",84169,,,,,,,"+3.230",3230,"+0.004",4,
508,1991,8,14,14,"14","7","martin-brundle","brabham","yamaha","pirelli","1:24.345",84345,,,,,,,"+3.406",3406,"+0.176",176,
508,1991,8,15,15,"15","3","satoru-nakajima","tyrrell","honda","pirelli","1:24.560",84560,,,,,,,"+3.621",3621,"+0.215",215,
508,1991,8,16,16,"16","16","ivan-capelli","leyton-house","ilmor","goodyear","1:24.587",84587,,,,,,,"+3.648",3648,"+0.027",27,
508,1991,8,17,17,"17","32","bertrand-gachot","jordan","ford","goodyear","1:24.592",84592,,,,,,,"+3.653",3653,"+0.005",5,
508,1991,8,18,18,"18","21","emanuele-pirro","dallara","judd","pirelli","1:24.654",84654,,,,,,,"+3.715",3715,"+0.062",62,
508,1991,8,19,19,"19","25","thierry-boutsen","ligier","lamborghini","goodyear","1:25.174",85174,,,,,,,"+4.235",4235,"+0.520",520,
508,1991,8,20,20,"20","24","gianni-morbidelli","minardi","ferrari","goodyear","1:25.222",85222,,,,,,,"+4.283",4283,"+0.048",48,
508,1991,8,21,21,"21","29","eric-bernard","lola","ford","goodyear","1:25.537",85537,,,,,,,"+4.598",4598,"+0.315",315,
508,1991,8,22,22,"22","30","aguri-suzuki","lola","ford","goodyear","1:25.583",85583,,,,,,,"+4.644",4644,"+0.046",46,
508,1991,8,23,23,"23","23","pierluigi-martini","minardi","ferrari","goodyear","1:25.583",85583,,,,,,,"+4.644",4644,"+0.000",0,
508,1991,8,24,24,"24","12","johnny-herbert","lotus","judd","goodyear","1:25.689",85689,,,,,,,"+4.750",4750,"+0.106",106,
508,1991,8,25,25,"25","11","mika-hakkinen","lotus","judd","goodyear","1:25.872",85872,,,,,,,"+4.933",4933,"+0.183",183,
508,1991,8,26,26,"26","9","michele-alboreto","footwork","ford","goodyear","1:26.192",86192,,,,,,,"+5.253",5253,"+0.320",320,
508,1991,8,27,27,"27","26","erik-comas","ligier","lamborghini","goodyear","1:26.392",86392,,,,,,,"+5.453",5453,"+0.200",200,
508,1991,8,28,28,"28","10","stefan-johansson","footwork","ford","goodyear","1:26.544",86544,,,,,,,"+5.605",5605,"+0.152",152,
508,1991,8,29,29,"29","18","fabrizio-barbazza","ags","ford","goodyear","1:28.122",88122,,,,,,,"+7.183",7183,"+1.578",1578,
508,1991,8,30,30,"30","17","gabriele-tarquini","ags","ford","goodyear","1:28.136",88136,,,,,,,"+7.197",7197,"+0.014",14,
509,1991,9,1,1,"1","5","nigel-mansell","williams","renault","goodyear","1:37.087",97087,,,,,,,,,,,
509,1991,9,2,2,"2","1","ayrton-senna","mclaren","honda","goodyear","1:37.274",97274,,,,,,,"+0.187",187,"+0.187",187,
509,1991,9,3,3,"3","2","gerhard-berger","mclaren","honda","goodyear","1:37.393",97393,,,,,,,"+0.306",306,"+0.119",119,
509,1991,9,4,4,"4","6","riccardo-patrese","williams","renault","goodyear","1:37.435",97435,,,,,,,"+0.348",348,"+0.042",42,
509,1991,9,5,5,"5","27","alain-prost","ferrari","ferrari","goodyear","1:39.034",99034,,,,,,,"+1.947",1947,"+1.599",1599,
509,1991,9,6,6,"6","28","jean-alesi","ferrari","ferrari","goodyear","1:39.042",99042,,,,,,,"+1.955",1955,"+0.008",8,
509,1991,9,7,7,"7","33","andrea-de-cesaris","jordan","ford","goodyear","1:40.239",100239,,,,,,,"+3.152",3152,"+1.197",1197,
509,1991,9,8,8,"8","20","nelson-piquet","benetton","ford","pirelli","1:40.560",100560,,,,,,,"+3.473",3473,"+0.321",321,
509,1991,9,9,9,"9","19","roberto-moreno","benetton","ford","pirelli","1:40.957",100957,,,,,,,"+3.870",3870,"+0.397",397,
509,1991,9,10,10,"10","23","pierluigi-martini","minardi","ferrari","goodyear","1:40.998",100998,,,,,,,"+3.911",3911,"+0.041",41,
509,1991,9,11,11,"11","32","bertrand-gachot","jordan","ford","goodyear","1:41.308",101308,,,,,,,"+4.221",4221,"+0.310",310,
509,1991,9,12,12,"12","16","ivan-capelli","leyton-house","ilmor","goodyear","1:41.330",101330,,,,,,,"+4.243",4243,"+0.022",22,
509,1991,9,13,13,"13","3","satoru-nakajima","tyrrell","honda","pirelli","1:41.390",101390,,,,,,,"+4.303",4303,"+0.060",60,
509,1991,9,14,14,"14","4","stefano-modena","tyrrell","honda","pirelli","1:41.566",101566,,,,,,,"+4.479",4479,"+0.176",176,
509,1991,9,15,15,"15","7","martin-brundle","brabham","yamaha","pirelli","1:41.615",101615,,,,,,,"+4.528",4528,"+0.049",49,
509,1991,9,16,16,"16","15","mauricio-gugelmin","leyton-house","ilmor","goodyear","1:41.735",101735,,,,,,,"+4.648",4648,"+0.120",120,
509,1991,9,17,17,"17","25","thierry-boutsen","ligier","lamborghini","goodyear","1:41.823",101823,,,,,,,"+4.736",4736,"+0.088",88,
509,1991,9,18,18,"18","21","emanuele-pirro","dallara","judd","pirelli","1:42.021",102021,,,,,,,"+4.934",4934,"+0.198",198,
509,1991,9,19,19,"19","24","gianni-morbidelli","minardi","ferrari","goodyear","1:42.058",102058,,,,,,,"+4.971",4971,"+0.037",37,
509,1991,9,20,20,"20","22","jj-lehto","dallara","judd","pirelli","1:42.171",102171,,,,,,,"+5.084",5084,"+0.113",113,
509,1991,9,21,21,"21","8","mark-blundell","brabham","yamaha","pirelli","1:42.216",102216,,,,,,,"+5.129",5129,"+0.045",45,
509,1991,9,22,22,"22","30","aguri-suzuki","lola","ford","goodyear","1:42.474",102474,,,,,,,"+5.387",5387,"+0.258",258,
509,1991,9,23,23,"23","11","mika-hakkinen","lotus","judd","goodyear","1:42.726",102726,,,,,,,"+5.639",5639,"+0.252",252,
509,1991,9,24,24,"24","34","nicola-larini","modena","lamborghini","goodyear","1:43.035",103035,,,,,,,"+5.948",5948,"+0.309",309,
509,1991,9,25,25,"25","29","eric-bernard","lola","ford","goodyear","1:43.321",103321,,,,,,,"+6.234",6234,"+0.286",286,
509,1991,9,26,26,"26","26","erik-comas","ligier","lamborghini","goodyear","1:43.364",103364,,,,,,,"+6.277",6277,"+0.043",43,
509,1991,9,27,27,"27","9","michele-alboreto","footwork","ford","goodyear","1:43.409",103409,,,,,,,"+6.322",6322,"+0.045",45,
509,1991,9,28,28,"28","12","michael-bartels","lotus","judd","goodyear","1:43.624",103624,,,,,,,"+6.537",6537,"+0.215",215,
509,1991,9,29,29,"29","17","gabriele-tarquini","ags","ford","goodyear","1:43.787",103787,,,,,,,"+6.700",6700,"+0.163",163,
509,1991,9,30,30,"30","35","eric-van-de-poele","modena","lamborghini","goodyear","1:44.207",104207,,,,,,,"+7.120",7120,"+0.420",420,
510,1991,10,1,1,"1","1","ayrton-senna","mclaren","honda","goodyear","1:16.147",76147,,,,,,,,,,,
510,1991,10,2,2,"2","6","riccardo-patrese","williams","renault","goodyear","1:17.379",77379,,,,,,,"+1.232",1232,"+1.232",1232,
510,1991,10,3,3,"3","5","nigel-mansell","williams","renault","goodyear","1:17.389",77389,,,,,,,"+1.242",1242,"+0.010",10,
510,1991,10,4,4,"4","27","alain-prost","ferrari","ferrari","goodyear","1:17.690",77690,,,,,,,"+1.543",1543,"+0.301",301,
510,1991,10,5,5,"5","2","gerhard-berger","mclaren","honda","goodyear","1:17.705",77705,,,,,,,"+1.558",1558,"+0.015",15,
510,1991,10,6,6,"6","28","jean-alesi","ferrari","ferrari","goodyear","1:18.410",78410,,,,,,,"+2.263",2263,"+0.705",705,
510,1991,10,7,7,"7","21","emanuele-pirro","dallara","judd","pirelli","1:19.334",79334,,,,,,,"+3.187",3187,"+0.924",924,
510,1991,10,8,8,"8","4","stefano-modena","tyrrell","honda","pirelli","1:19.748",79748,,,,,,,"+3.601",3601,"+0.414",414,
510,1991,10,9,9,"9","16","ivan-capelli","leyton-house","ilmor","goodyear","1:19.794",79794,,,,,,,"+3.647",3647,"+0.046",46,
510,1991,10,10,10,"10","7","martin-brundle","brabham","yamaha","pirelli","1:19.976",79976,,,,,,,"+3.829",3829,"+0.182",182,
510,1991,10,11,11,"11","20","nelson-piquet","benetton","ford","pirelli","1:19.984",79984,,,,,,,"+3.837",3837,"+0.008",8,
510,1991,10,12,12,"12","22","jj-lehto","dallara","judd","pirelli","1:20.014",80014,,,,,,,"+3.867",3867,"+0.030",30,
510,1991,10,13,13,"13","15","mauricio-gugelmin","leyton-house","ilmor","goodyear","1:20.024",80024,,,,,,,"+3.877",3877,"+0.010",10,
510,1991,10,14,14,"14","3","satoru-nakajima","tyrrell","honda","pirelli","1:20.565",80565,,,,,,,"+4.418",4418,"+0.541",541,
510,1991,10,15,15,"15","19","roberto-moreno","benetton","ford","pirelli","1:20.584",80584,,,,,,,"+4.437",4437,"+0.019",19,
510,1991,10,16,16,"16","32","bertrand-gachot","jordan","ford","goodyear","1:20.655",80655,,,,,,,"+4.508",4508,"+0.071",71,
510,1991,10,17,17,"17","33","andrea-de-cesaris","jordan","ford","goodyear","1:20.805",80805,,,,,,,"+4.658",4658,"+0.150",150,
510,1991,10,18,18,"18","23","pierluigi-martini","minardi","ferrari","goodyear","1:20.823",80823,,,,,,,"+4.676",4676,"+0.018",18,
510,1991,10,19,19,"19","25","thierry-boutsen","ligier","lamborghini","goodyear","1:20.870",80870,,,,,,,"+4.723",4723,"+0.047",47,
510,1991,10,20,20,"20","8","mark-blundell","brabham","yamaha","pirelli","1:20.954",80954,,,,,,,"+4.807",4807,"+0.084",84,
510,1991,10,21,21,"21","29","eric-bernard","lola","ford","goodyear","1:21.267",81267,,,,,,,"+5.120",5120,"+0.313",313,
510,1991,10,22,22,"22","30","aguri-suzuki","lola","ford","goodyear","1:21.601",81601,,,,,,,"+5.454",5454,"+0.334",334,
510,1991,10,23,23,"23","24","gianni-morbidelli","minardi","ferrari","goodyear","1:21.654",81654,,,,,,,"+5.507",5507,"+0.053",53,
510,1991,10,24,24,"24","34","nicola-larini","modena","lamborghini","goodyear","1:21.896",81896,,,,,,,"+5.749",5749,"+0.242",242,
510,1991,10,25,25,"25","26","erik-comas","ligier","lamborghini","goodyear","1:22.258",82258,,,,,,,"+6.111",6111,"+0.362",362,
510,1991,10,26,26,"26","11","mika-hakkinen","lotus","judd","goodyear","1:22.335",82335,,,,,,,"+6.188",6188,"+0.077",77,
510,1991,10,27,27,"27","14","olivier-grouillard","fondmetal","ford","goodyear","1:22.438",82438,,,,,,,"+6.291",6291,"+0.103",103,
510,1991,10,28,28,"28","9","michele-alboreto","footwork","ford","goodyear","1:22.521",82521,,,,,,,"+6.374",6374,"+0.083",83,
510,1991,10,29,29,"29","35","eric-van-de-poele","modena","lamborghini","goodyear","1:23.162",83162,,,,,,,"+7.015",7015,"+0.641",641,
510,1991,10,30,30,"30","12","michael-bartels","lotus","judd","goodyear","1:23.248",83248,,,,,,,"+7.101",7101,"+0.086",86,
511,1991,11,1,1,"1","1","ayrton-senna","mclaren","honda","goodyear","1:47.811",107811,,,,,,,,,,,
511,1991,11,2,2,"2","6","riccardo-patrese","williams","renault","goodyear","1:48.661",108661,,,,,,,"+0.850",850,"+0.850",850,
511,1991,11,3,3,"3","27","alain-prost","ferrari","ferrari","goodyear","1:48.821",108821,,,,,,,"+1.010",1010,"+0.160",160,
511,1991,11,4,4,"4","5","nigel-mansell","williams","renault","goodyear","1:48.828",108828,,,,,,,"+1.017",1017,"+0.007",7,
511,1991,11,5,5,"5","2","gerhard-berger","mclaren","honda","goodyear","1:49.485",109485,,,,,,,"+1.674",1674,"+0.657",657,
511,1991,11,6,6,"6","28","jean-alesi","ferrari","ferrari","goodyear","1:49.974",109974,,,,,,,"+2.163",2163,"+0.489",489,
511,1991,11,7,7,"7","20","nelson-piquet","benetton","ford","pirelli","1:50.540",110540,,,,,,,"+2.729",2729,"+0.566",566,
511,1991,11,8,8,"8","32","michael-schumacher","jordan","ford","goodyear","1:51.212",111212,,,,,,,"+3.401",3401,"+0.672",672,
511,1991,11,9,9,"9","19","roberto-moreno","benetton","ford","pirelli","1:51.283",111283,,,,,,,"+3.472",3472,"+0.071",71,
511,1991,11,10,10,"10","23","pierluigi-martini","minardi","ferrari","goodyear","1:51.299",111299,,,,,,,"+3.488",3488,"+0.016",16,
511,1991,11,11,11,"11","4","stefano-modena","tyrrell","honda","pirelli","1:51.307",111307,,,,,,,"+3.496",3496,"+0.008",8,
511,1991,11,12,12,"12","33","andrea-de-cesaris","jordan","ford","goodyear","1:51.986",111986,,,,,,,"+4.175",4175,"+0.679",679,
511,1991,11,13,13,"13","16","ivan-capelli","leyton-house","ilmor","goodyear","1:52.113",112113,,,,,,,"+4.302",4302,"+0.127",127,
511,1991,11,14,14,"14","8","mark-blundell","brabham","yamaha","pirelli","1:52.377",112377,,,,,,,"+4.566",4566,"+0.264",264,
511,1991,11,15,15,"15","22","jj-lehto","dallara","judd","pirelli","1:52.417",112417,,,,,,,"+4.606",4606,"+0.040",40,
511,1991,11,16,16,"16","15","mauricio-gugelmin","leyton-house","ilmor","goodyear","1:52.623",112623,,,,,,,"+4.812",4812,"+0.206",206,
511,1991,11,17,17,"17","7","martin-brundle","brabham","yamaha","pirelli","1:52.626",112626,,,,,,,"+4.815",4815,"+0.003",3,
511,1991,11,18,18,"18","25","thierry-boutsen","ligier","lamborghini","goodyear","1:52.709",112709,,,,,,,"+4.898",4898,"+0.083",83,
511,1991,11,19,19,"19","24","gianni-morbidelli","minardi","ferrari","goodyear","1:52.896",112896,,,,,,,"+5.085",5085,"+0.187",187,
511,1991,11,20,20,"20","29","eric-bernard","lola","ford","goodyear","1:53.309",113309,,,,,,,"+5.498",5498,"+0.413",413,
511,1991,11,21,21,"21","12","johnny-herbert","lotus","judd","goodyear","1:53.361",113361,,,,,,,"+5.550",5550,"+0.052",52,
511,1991,11,22,22,"22","3","satoru-nakajima","tyrrell","honda","pirelli","1:53.494",113494,,,,,,,"+5.683",5683,"+0.133",133,
511,1991,11,23,23,"23","14","olivier-grouillard","fondmetal","ford","goodyear","1:53.628",113628,,,,,,,"+5.817",5817,"+0.134",134,
511,1991,11,24,24,"24","11","mika-hakkinen","lotus","judd","goodyear","1:53.799",113799,,,,,,,"+5.988",5988,"+0.171",171,
511,1991,11,25,25,"25","21","emanuele-pirro","dallara","judd","pirelli","1:53.839",113839,,,,,,,"+6.028",6028,"+0.040",40,
511,1991,11,26,26,"26","26","erik-comas","ligier","lamborghini","goodyear","1:53.847",113847,,,,,,,"+6.036",6036,"+0.008",8,
511,1991,11,27,27,"27","30","aguri-suzuki","lola","ford","goodyear","1:53.869",113869,,,,,,,"+6.058",6058,"+0.022",22,
511,1991,11,28,28,"28","34","nicola-larini","modena","lamborghini","goodyear","1:54.781",114781,,,,,,,"+6.970",6970,"+0.912",912,
511,1991,11,29,29,"29","10","alex-caffi","footwork","ford","goodyear","1:57.338",117338,,,,,,,"+9.527",9527,"+2.557",2557,
511,1991,11,30,30,"30","35","eric-van-de-poele","modena","lamborghini","goodyear","1:57.746",117746,,,,,,,"+9.935",9935,"+0.408",408,
512,1991,12,1,1,"1","1","ayrton-senna","mclaren","honda","goodyear","1:21.114",81114,,,,,,,,,,,
512,1991,12,2,2,"2","5","nigel-mansell","williams","renault","goodyear","1:21.247",81247,,,,,,,"+0.133",133,"+0.133",133,
512,1991,12,3,3,"3","2","gerhard-berger","mclaren","honda","goodyear","1:21.346",81346,,,,,,,"+0.232",232,"+0.099",99,
512,1991,12,4,4,"4","6","riccardo-patrese","williams","renault","goodyear","1:21.372",81372,,,,,,,"+0.258",258,"+0.026",26,
512,1991,12,5,5,"5","27","alain-prost","ferrari","ferrari","goodyear","1:21.825",81825,,,,,,,"+0.711",711,"+0.453",453,
512,1991,12,6,6,"6","28","jean-alesi","ferrari","ferrari","goodyear","1:21.890",81890,,,,,,,"+0.776",776,"+0.065",65,
512,1991,12,7,7,"7","19","michael-schumacher","benetton","ford","pirelli","1:22.471",82471,,,,,,,"+1.357",1357,"+0.581",581,
512,1991,12,8,8,"8","20","nelson-piquet","benetton","ford","pirelli","1:22.726",82726,,,,,,,"+1.612",1612,"+0.255",255,
512,1991,12,9,9,"9","32","roberto-moreno","jordan","ford","goodyear","1:23.102",83102,,,,,,,"+1.988",1988,"+0.376",376,
512,1991,12,10,10,"10","23","pierluigi-martini","minardi","ferrari","goodyear","1:23.294",83294,,,,,,,"+2.180",2180,"+0.192",192,
512,1991,12,11,11,"11","8","mark-blundell","brabham","yamaha","pirelli","1:23.473",83473,,,,,,,"+2.359",2359,"+0.179",179,
512,1991,12,12,12,"12","16","ivan-capelli","leyton-house","ilmor","goodyear","1:23.674",83674,,,,,,,"+2.560",2560,"+0.201",201,
512,1991,12,13,13,"13","4","stefano-modena","tyrrell","honda","pirelli","1:23.701",83701,,,,,,,"+2.587",2587,"+0.027",27,
512,1991,12,14,14,"14","33","andrea-de-cesaris","jordan","ford","goodyear","1:23.921",83921,,,,,,,"+2.807",2807,"+0.220",220,
512,1991,12,15,15,"15","3","satoru-nakajima","tyrrell","honda","pirelli","1:24.265",84265,,,,,,,"+3.151",3151,"+0.344",344,
512,1991,12,16,16,"16","21","emanuele-pirro","dallara","judd","pirelli","1:24.282",84282,,,,,,,"+3.168",3168,"+0.017",17,
512,1991,12,17,17,"17","24","gianni-morbidelli","minardi","ferrari","goodyear","1:24.287",84287,,,,,,,"+3.173",3173,"+0.005",5,
512,1991,12,18,18,"18","15","mauricio-gugelmin","leyton-house","ilmor","goodyear","1:24.391",84391,,,,,,,"+3.277",3277,"+0.104",104,
512,1991,12,19,19,"19","7","martin-brundle","brabham","yamaha","pirelli","1:24.643",84643,,,,,,,"+3.529",3529,"+0.252",252,
512,1991,12,20,20,"20","22","jj-lehto","dallara","judd","pirelli","1:24.725",84725,,,,,,,"+3.611",3611,"+0.082",82,
512,1991,12,21,21,"21","25","thierry-boutsen","ligier","lamborghini","goodyear","1:25.177",85177,,,,,,,"+4.063",4063,"+0.452",452,
512,1991,12,22,22,"22","26","erik-comas","ligier","lamborghini","goodyear","1:25.420",85420,,,,,,,"+4.306",4306,"+0.243",243,
512,1991,12,23,23,"23","34","nicola-larini","modena","lamborghini","goodyear","1:25.717",85717,,,,,,,"+4.603",4603,"+0.297",297,
512,1991,12,24,24,"24","29","eric-bernard","lola","ford","goodyear","1:25.871",85871,,,,,,,"+4.757",4757,"+0.154",154,
512,1991,12,25,25,"25","11","mika-hakkinen","lotus","judd","goodyear","1:25.941",85941,,,,,,,"+4.827",4827,"+0.070",70,
512,1991,12,26,26,"26","14","olivier-grouillard","fondmetal","ford","goodyear","1:26.416",86416,,,,,,,"+5.302",5302,"+0.475",475,
512,1991,12,27,27,"27","9","michele-alboreto","footwork","ford","goodyear","1:26.563",86563,,,,,,,"+5.449",5449,"+0.147",147,
512,1991,12,28,28,"28","12","michael-bartels","lotus","judd","goodyear","1:26.829",86829,,,,,,,"+5.715",5715,"+0.266",266,
512,1991,12,29,29,"29","35","eric-van-de-poele","modena","lamborghini","goodyear","1:27.099",87099,,,,,,,"+5.985",5985,"+0.270",270,
512,1991,12,30,30,"30","30","aguri-suzuki","lola","ford","goodyear","1:27.257",87257,,,,,,,"+6.143",6143,"+0.158",158,
513,1991,13,1,1,"1","6","riccardo-patrese","williams","renault","goodyear","1:13.001",73001,,,,,,,,,,,
513,1991,13,2,2,"2","2","gerhard-berger","mclaren","honda","goodyear","1:13.221",73221,,,,,,,"+0.220",220,"+0.220",220,
513,1991,13,3,3,"3","1","ayrton-senna","mclaren","honda","goodyear","1:13.444",73444,,,,,,,"+0.443",443,"+0.223",223,
513,1991,13,4,4,"4","5","nigel-mansell","williams","renault","goodyear","1:13.667",73667,,,,,,,"+0.666",666,"+0.223",223,
513,1991,13,5,5,"5","27","alain-prost","ferrari","ferrari","goodyear","1:14.352",74352,,,,,,,"+1.351",1351,"+0.685",685,
513,1991,13,6,6,"6","28","jean-alesi","ferrari","ferrari","goodyear","1:14.852",74852,,,,,,,"+1.851",1851,"+0.500",500,
513,1991,13,7,7,"7","15","mauricio-gugelmin","leyton-house","ilmor","goodyear","1:15.266",75266,,,,,,,"+2.265",2265,"+0.414",414,
513,1991,13,8,8,"8","23","pierluigi-martini","minardi","ferrari","goodyear","1:15.394",75394,,,,,,,"+2.393",2393,"+0.128",128,
513,1991,13,9,9,"9","16","ivan-capelli","leyton-house","ilmor","goodyear","1:15.481",75481,,,,,,,"+2.480",2480,"+0.087",87,
513,1991,13,10,10,"10","19","michael-schumacher","benetton","ford","pirelli","1:15.578",75578,,,,,,,"+2.577",2577,"+0.097",97,
513,1991,13,11,11,"11","20","nelson-piquet","benetton","ford","pirelli","1:15.666",75666,,,,,,,"+2.665",2665,"+0.088",88,
513,1991,13,12,12,"12","4","stefano-modena","tyrrell","honda","pirelli","1:15.707",75707,,,,,,,"+2.706",2706,"+0.041",41,
513,1991,13,13,13,"13","24","gianni-morbidelli","minardi","ferrari","goodyear","1:15.749",75749,,,,,,,"+2.748",2748,"+0.042",42,
513,1991,13,14,14,"14","33","andrea-de-cesaris","jordan","ford","goodyear","1:15.936",75936,,,,,,,"+2.935",2935,"+0.187",187,
513,1991,13,15,15,"15","8","mark-blundell","brabham","yamaha","pirelli","1:16.038",76038,,,,,,,"+3.037",3037,"+0.102",102,
513,1991,13,16,16,"16","32","roberto-moreno","jordan","ford","goodyear","1:16.080",76080,,,,,,,"+3.079",3079,"+0.042",42,
513,1991,13,17,17,"17","21","emanuele-pirro","dallara","judd","pirelli","1:16.135",76135,,,,,,,"+3.134",3134,"+0.055",55,
513,1991,13,18,18,"18","22","jj-lehto","dallara","judd","pirelli","1:16.532",76532,,,,,,,"+3.531",3531,"+0.397",397,
513,1991,13,19,19,"19","7","martin-brundle","brabham","yamaha","pirelli","1:16.536",76536,,,,,,,"+3.535",3535,"+0.004",4,
513,1991,13,20,20,"20","25","thierry-boutsen","ligier","lamborghini","goodyear","1:16.757",76757,,,,,,,"+3.756",3756,"+0.221",221,
513,1991,13,21,21,"21","3","satoru-nakajima","tyrrell","honda","pirelli","1:16.926",76926,,,,,,,"+3.925",3925,"+0.169",169,
513,1991,13,22,22,"22","12","johnny-herbert","lotus","judd","goodyear","1:17.015",77015,,,,,,,"+4.014",4014,"+0.089",89,
513,1991,13,23,23,"23","26","erik-comas","ligier","lamborghini","goodyear","1:17.226",77226,,,,,,,"+4.225",4225,"+0.211",211,
513,1991,13,24,24,"24","9","michele-alboreto","footwork","ford","goodyear","1:17.330",77330,,,,,,,"+4.329",4329,"+0.104",104,
513,1991,13,25,25,"25","30","aguri-suzuki","lola","ford","goodyear","1:17.434",77434,,,,,,,"+4.433",4433,"+0.104",104,
513,1991,13,26,26,"26","11","mika-hakkinen","lotus","judd","goodyear","1:17.714",77714,,,,,,,"+4.713",4713,"+0.280",280,
513,1991,13,27,27,"27","29","eric-bernard","lola","ford","goodyear","1:17.825",77825,,,,,,,"+4.824",4824,"+0.111",111,
513,1991,13,28,28,"28","17","gabriele-tarquini","ags","ford","goodyear","1:18.022",78022,,,,,,,"+5.021",5021,"+0.197",197,
513,1991,13,29,29,"29","34","nicola-larini","modena","lamborghini","goodyear","1:18.139",78139,,,,,,,"+5.138",5138,"+0.117",117,
513,1991,13,30,30,"30","35","eric-van-de-poele","modena","lamborghini","goodyear","1:18.266",78266,,,,,,,"+5.265",5265,"+0.127",127,
514,1991,14,1,1,"1","2","gerhard-berger","mclaren","honda","goodyear","1:18.751",78751,,,,,,,,,,,
514,1991,14,2,2,"2","5","nigel-mansell","williams","renault","goodyear","1:18.970",78970,,,,,,,"+0.219",219,"+0.219",219,
514,1991,14,3,3,"3","1","ayrton-senna","mclaren","honda","goodyear","1:19.064",79064,,,,,,,"+0.313",313,"+0.094",94,
514,1991,14,4,4,"4","6","riccardo-patrese","williams","renault","goodyear","1:19.643",79643,,,,,,,"+0.892",892,"+0.579",579,
514,1991,14,5,5,"5","19","michael-schumacher","benetton","ford","pirelli","1:19.733",79733,,,,,,,"+0.982",982,"+0.090",90,
514,1991,14,6,6,"6","27","alain-prost","ferrari","ferrari","goodyear","1:19.936",79936,,,,,,,"+1.185",1185,"+0.203",203,
514,1991,14,7,7,"7","28","jean-alesi","ferrari","ferrari","goodyear","1:20.197",80197,,,,,,,"+1.446",1446,"+0.261",261,
514,1991,14,8,8,"8","16","ivan-capelli","leyton-house","ilmor","goodyear","1:20.584",80584,,,,,,,"+1.833",1833,"+0.387",387,
514,1991,14,9,9,"9","21","emanuele-pirro","dallara","judd","pirelli","1:20.651",80651,,,,,,,"+1.900",1900,"+0.067",67,
514,1991,14,10,10,"10","20","nelson-piquet","benetton","ford","pirelli","1:20.676",80676,,,,,,,"+1.925",1925,"+0.025",25,
514,1991,14,11,11,"11","7","martin-brundle","brabham","yamaha","pirelli","1:20.677",80677,,,,,,,"+1.926",1926,"+0.001",1,
514,1991,14,12,12,"12","8","mark-blundell","brabham","yamaha","pirelli","1:20.724",80724,,,,,,,"+1.973",1973,"+0.047",47,
514,1991,14,13,13,"13","15","mauricio-gugelmin","leyton-house","ilmor","goodyear","1:20.743",80743,,,,,,,"+1.992",1992,"+0.019",19,
514,1991,14,14,14,"14","4","stefano-modena","tyrrell","honda","pirelli","1:20.788",80788,,,,,,,"+2.037",2037,"+0.045",45,
514,1991,14,15,15,"15","22","jj-lehto","dallara","judd","pirelli","1:20.967",80967,,,,,,,"+2.216",2216,"+0.179",179,
514,1991,14,16,16,"16","24","gianni-morbidelli","minardi","ferrari","goodyear","1:21.801",81801,,,,,,,"+3.050",3050,"+0.834",834,
514,1991,14,17,17,"17","33","andrea-de-cesaris","jordan","ford","goodyear","1:21.865",81865,,,,,,,"+3.114",3114,"+0.064",64,
514,1991,14,18,18,"18","3","satoru-nakajima","tyrrell","honda","pirelli","1:22.114",82114,,,,,,,"+3.363",3363,"+0.249",249,
514,1991,14,19,19,"19","23","pierluigi-martini","minardi","ferrari","goodyear","1:22.510",82510,,,,,,,"+3.759",3759,"+0.396",396,
514,1991,14,20,20,"20","32","alex-zanardi","jordan","ford","goodyear","1:22.580",82580,,,,,,,"+3.829",3829,"+0.070",70,
514,1991,14,21,21,"21","11","mika-hakkinen","lotus","judd","goodyear","1:22.646",82646,,,,,,,"+3.895",3895,"+0.066",66,
514,1991,14,22,22,"22","14","gabriele-tarquini","fondmetal","ford","goodyear","1:22.837",82837,,,,,,,"+4.086",4086,"+0.191",191,
514,1991,14,23,23,"23","29","eric-bernard","lola","ford","goodyear","1:22.944",82944,,,,,,,"+4.193",4193,"+0.107",107,
514,1991,14,24,24,"24","9","michele-alboreto","footwork","ford","goodyear","1:23.145",83145,,,,,,,"+4.394",4394,"+0.201",201,
514,1991,14,25,25,"25","26","erik-comas","ligier","lamborghini","goodyear","1:23.359",83359,,,,,,,"+4.608",4608,"+0.214",214,
514,1991,14,26,26,"26","25","thierry-boutsen","ligier","lamborghini","goodyear","1:23.553",83553,,,,,,,"+4.802",4802,"+0.194",194,
514,1991,14,27,27,"27","30","aguri-suzuki","lola","ford","goodyear","1:24.211",84211,,,,,,,"+5.460",5460,"+0.658",658,
514,1991,14,28,28,"28","34","nicola-larini","modena","lamborghini","goodyear","1:25.330",85330,,,,,,,"+6.579",6579,"+1.119",1119,
514,1991,14,29,29,"29","12","michael-bartels","lotus","judd","goodyear","1:25.392",85392,,,,,,,"+6.641",6641,"+0.062",62,
514,1991,14,30,30,"30","35","eric-van-de-poele","modena","lamborghini","goodyear","1:27.501",87501,,,,,,,"+8.750",8750,"+2.109",2109,
515,1991,15,1,1,"1","2","gerhard-berger","mclaren","honda","goodyear","1:34.700",94700,,,,,,,,,,,
515,1991,15,2,2,"2","1","ayrton-senna","mclaren","honda","goodyear","1:34.898",94898,,,,,,,"+0.198",198,"+0.198",198,
515,1991,15,3,3,"3","5","nigel-mansell","williams","renault","goodyear","1:34.922",94922,,,,,,,"+0.222",222,"+0.024",24,
515,1991,15,4,4,"4","27","alain-prost","ferrari","ferrari","goodyear","1:36.670",96670,,,,,,,"+1.970",1970,"+1.748",1748,
515,1991,15,5,5,"5","6","riccardo-patrese","williams","renault","goodyear","1:36.882",96882,,,,,,,"+2.182",2182,"+0.212",212,
515,1991,15,6,6,"6","28","jean-alesi","ferrari","ferrari","goodyear","1:37.140",97140,,,,,,,"+2.440",2440,"+0.258",258,
515,1991,15,7,7,"7","23","pierluigi-martini","minardi","ferrari","goodyear","1:38.154",98154,,,,,,,"+3.454",3454,"+1.014",1014,
515,1991,15,8,8,"8","24","gianni-morbidelli","minardi","ferrari","goodyear","1:38.248",98248,,,,,,,"+3.548",3548,"+0.094",94,
515,1991,15,9,9,"9","19","michael-schumacher","benetton","ford","pirelli","1:38.363",98363,,,,,,,"+3.663",3663,"+0.115",115,
515,1991,15,10,10,"10","20","nelson-piquet","benetton","ford","pirelli","1:38.614",98614,,,,,,,"+3.914",3914,"+0.251",251,
515,1991,15,11,11,"11","33","andrea-de-cesaris","jordan","ford","goodyear","1:38.842",98842,,,,,,,"+4.142",4142,"+0.228",228,
515,1991,15,12,12,"12","22","jj-lehto","dallara","judd","pirelli","1:38.911",98911,,,,,,,"+4.211",4211,"+0.069",69,
515,1991,15,13,13,"13","32","alex-zanardi","jordan","ford","goodyear","1:38.923",98923,,,,,,,"+4.223",4223,"+0.012",12,
515,1991,15,14,14,"14","4","stefano-modena","tyrrell","honda","pirelli","1:38.926",98926,,,,,,,"+4.226",4226,"+0.003",3,
515,1991,15,15,15,"15","3","satoru-nakajima","tyrrell","honda","pirelli","1:39.118",99118,,,,,,,"+4.418",4418,"+0.192",192,
515,1991,15,16,16,"16","21","emanuele-pirro","dallara","judd","pirelli","1:39.238",99238,,,,,,,"+4.538",4538,"+0.120",120,
515,1991,15,17,17,"17","25","thierry-boutsen","ligier","lamborghini","goodyear","1:39.499",99499,,,,,,,"+4.799",4799,"+0.261",261,
515,1991,15,18,18,"18","15","mauricio-gugelmin","leyton-house","ilmor","goodyear","1:39.518",99518,,,,,,,"+4.818",4818,"+0.019",19,
515,1991,15,19,19,"19","7","martin-brundle","brabham","yamaha","pirelli","1:39.697",99697,,,,,,,"+4.997",4997,"+0.179",179,
515,1991,15,20,20,"20","26","erik-comas","ligier","lamborghini","goodyear","1:39.820",99820,,,,,,,"+5.120",5120,"+0.123",123,
515,1991,15,21,21,"21","11","mika-hakkinen","lotus","judd","goodyear","1:40.024",100024,,,,,,,"+5.324",5324,"+0.204",204,
515,1991,15,22,22,"22","16","karl-wendlinger","leyton-house","ilmor","goodyear","1:40.092",100092,,,,,,,"+5.392",5392,"+0.068",68,
515,1991,15,23,23,"23","12","johnny-herbert","lotus","judd","goodyear","1:40.170",100170,,,,,,,"+5.470",5470,"+0.078",78,
515,1991,15,24,24,"24","14","gabriele-tarquini","fondmetal","ford","goodyear","1:40.184",100184,,,,,,,"+5.484",5484,"+0.014",14,
515,1991,15,25,25,"25","30","aguri-suzuki","lola","ford","goodyear","1:40.255",100255,,,,,,,"+5.555",5555,"+0.071",71,
515,1991,15,26,26,"26","10","alex-caffi","footwork","ford","goodyear","1:40.402",100402,,,,,,,"+5.702",5702,"+0.147",147,
515,1991,15,27,27,"27","9","michele-alboreto","footwork","ford","goodyear","1:40.844",100844,,,,,,,"+6.144",6144,"+0.442",442,
515,1991,15,28,28,"28","34","nicola-larini","modena","lamborghini","goodyear","1:42.492",102492,,,,,,,"+7.792",7792,"+1.648",1648,
515,1991,15,29,29,"29","35","eric-van-de-poele","modena","lamborghini","goodyear","1:42.724",102724,,,,,,,"+8.024",8024,"+0.232",232,
516,1991,16,1,1,"1","1","ayrton-senna","mclaren","honda","goodyear","1:14.041",74041,,,,,,,,,,,
516,1991,16,2,2,"2","2","gerhard-berger","mclaren","honda","goodyear","1:14.385",74385,,,,,,,"+0.344",344,"+0.344",344,
516,1991,16,3,3,"3","5","nigel-mansell","williams","renault","goodyear","1:14.822",74822,,,,,,,"+0.781",781,"+0.437",437,
516,1991,16,4,4,"4","6","riccardo-patrese","williams","renault","goodyear","1:15.057",75057,,,,,,,"+1.016",1016,"+0.235",235,
516,1991,16,5,5,"5","20","nelson-piquet","benetton","ford","pirelli","1:15.291",75291,,,,,,,"+1.250",1250,"+0.234",234,
516,1991,16,6,6,"6","19","michael-schumacher","benetton","ford","pirelli","1:15.508",75508,,,,,,,"+1.467",1467,"+0.217",217,
516,1991,16,7,7,"7","28","jean-alesi","ferrari","ferrari","goodyear","1:15.545",75545,,,,,,,"+1.504",1504,"+0.037",37,
516,1991,16,8,8,"8","27","gianni-morbidelli","ferrari","ferrari","goodyear","1:16.203",76203,,,,,,,"+2.162",2162,"+0.658",658,
516,1991,16,9,9,"9","4","stefano-modena","tyrrell","honda","pirelli","1:16.253",76253,,,,,,,"+2.212",2212,"+0.050",50,
516,1991,16,10,10,"10","23","pierluigi-martini","minardi","ferrari","goodyear","1:16.359",76359,,,,,,,"+2.318",2318,"+0.106",106,
516,1991,16,11,11,"11","22","jj-lehto","dallara","judd","pirelli","1:16.871",76871,,,,,,,"+2.830",2830,"+0.512",512,
516,1991,16,12,12,"12","33","andrea-de-cesaris","jordan","ford","goodyear","1:17.050",77050,,,,,,,"+3.009",3009,"+0.179",179,
516,1991,16,13,13,"13","21","emanuele-pirro","dallara","judd","pirelli","1:17.342",77342,,,,,,,"+3.301",3301,"+0.292",292,
516,1991,16,14,14,"14","15","mauricio-gugelmin","leyton-house","ilmor","goodyear","1:17.344",77344,,,,,,,"+3.303",3303,"+0.002",2,
516,1991,16,15,15,"15","9","michele-alboreto","footwork","ford","goodyear","1:17.355",77355,,,,,,,"+3.314",3314,"+0.011",11,
516,1991,16,16,16,"16","32","alex-zanardi","jordan","ford","goodyear","1:17.362",77362,,,,,,,"+3.321",3321,"+0.007",7,
516,1991,16,17,17,"17","8","mark-blundell","brabham","yamaha","pirelli","1:17.365",77365,,,,,,,"+3.324",3324,"+0.003",3,
516,1991,16,18,18,"18","24","roberto-moreno","minardi","ferrari","goodyear","1:17.639",77639,,,,,,,"+3.598",3598,"+0.274",274,
516,1991,16,19,19,"19","34","nicola-larini","modena","lamborghini","goodyear","1:17.936",77936,,,,,,,"+3.895",3895,"+0.297",297,
516,1991,16,20,20,"20","25","thierry-boutsen","ligier","lamborghini","goodyear","1:17.969",77969,,,,,,,"+3.928",3928,"+0.033",33,
516,1991,16,21,21,"21","12","johnny-herbert","lotus","judd","goodyear","1:18.091",78091,,,,,,,"+4.050",4050,"+0.122",122,
516,1991,16,22,22,"22","26","erik-comas","ligier","lamborghini","goodyear","1:18.112",78112,,,,,,,"+4.071",4071,"+0.021",21,
516,1991,16,23,23,"23","10","alex-caffi","footwork","ford","goodyear","1:18.157",78157,,,,,,,"+4.116",4116,"+0.045",45,
516,1991,16,24,24,"24","3","satoru-nakajima","tyrrell","honda","pirelli","1:18.216",78216,,,,,,,"+4.175",4175,"+0.059",59,
516,1991,16,25,25,"25","11","mika-hakkinen","lotus","judd","goodyear","1:18.271",78271,,,,,,,"+4.230",4230,"+0.055",55,
516,1991,16,26,26,"26","16","karl-wendlinger","leyton-house","ilmor","goodyear","1:18.282",78282,,,,,,,"+4.241",4241,"+0.011",11,
516,1991,16,27,27,"27","30","aguri-suzuki","lola","ford","goodyear","1:18.393",78393,,,,,,,"+4.352",4352,"+0.111",111,
516,1991,16,28,28,"28","7","martin-brundle","brabham","yamaha","pirelli","1:18.855",78855,,,,,,,"+4.814",4814,"+0.462",462,
516,1991,16,29,29,"29","35","eric-van-de-poele","modena","lamborghini","goodyear","1:19.000",79000,,,,,,,"+4.959",4959,"+0.145",145,
516,1991,16,30,30,"30","29","bertrand-gachot","lola","ford","goodyear","1:19.274",79274,,,,,,,"+5.233",5233,"+0.274",274,
517,1992,1,1,1,"1","5","nigel-mansell","williams","renault","goodyear","1:15.486",75486,,,,,,,,,,,
517,1992,1,2,2,"2","1","ayrton-senna","mclaren","honda","goodyear","1:16.227",76227,,,,,,,"+0.741",741,"+0.741",741,
517,1992,1,3,3,"3","2","gerhard-berger","mclaren","honda","goodyear","1:16.672",76672,,,,,,,"+1.186",1186,"+0.445",445,
517,1992,1,4,4,"4","6","riccardo-patrese","williams","renault","goodyear","1:16.989",76989,,,,,,,"+1.503",1503,"+0.317",317,
517,1992,1,5,5,"5","27","jean-alesi","ferrari","ferrari","goodyear","1:17.208",77208,,,,,,,"+1.722",1722,"+0.219",219,
517,1992,1,6,6,"6","19","michael-schumacher","benetton","ford","goodyear","1:17.635",77635,,,,,,,"+2.149",2149,"+0.427",427,
517,1992,1,7,7,"7","16","karl-wendlinger","march","ilmor","goodyear","1:18.115",78115,,,,,,,"+2.629",2629,"+0.480",480,
517,1992,1,8,8,"8","20","martin-brundle","benetton","ford","goodyear","1:18.327",78327,,,,,,,"+2.841",2841,"+0.212",212,
517,1992,1,9,9,"9","28","ivan-capelli","ferrari","ferrari","goodyear","1:18.387",78387,,,,,,,"+2.901",2901,"+0.060",60,
517,1992,1,10,10,"10","4","andrea-de-cesaris","tyrrell","ilmor","goodyear","1:18.544",78544,,,,,,,"+3.058",3058,"+0.157",157,
517,1992,1,11,11,"11","12","johnny-herbert","lotus","ford","goodyear","1:18.626",78626,,,,,,,"+3.140",3140,"+0.082",82,
517,1992,1,12,12,"12","3","olivier-grouillard","tyrrell","ilmor","goodyear","1:18.749",78749,,,,,,,"+3.263",3263,"+0.123",123,
517,1992,1,13,13,"13","26","erik-comas","ligier","renault","goodyear","1:19.200",79200,,,,,,,"+3.714",3714,"+0.451",451,
517,1992,1,14,14,"14","25","thierry-boutsen","ligier","renault","goodyear","1:19.296",79296,,,,,,,"+3.810",3810,"+0.096",96,
517,1992,1,15,15,"15","15","gabriele-tarquini","fondmetal","ford","goodyear","1:19.305",79305,,,,,,,"+3.819",3819,"+0.009",9,
517,1992,1,16,16,"16","10","aguri-suzuki","footwork","mugen-honda","goodyear","1:19.532",79532,,,,,,,"+4.046",4046,"+0.227",227,
517,1992,1,17,17,"17","9","michele-alboreto","footwork","mugen-honda","goodyear","1:19.571",79571,,,,,,,"+4.085",4085,"+0.039",39,
517,1992,1,18,18,"18","30","ukyo-katayama","venturi","lamborghini","goodyear","1:19.621",79621,,,,,,,"+4.135",4135,"+0.050",50,
517,1992,1,19,19,"19","24","gianni-morbidelli","minardi","lamborghini","goodyear","1:19.636",79636,,,,,,,"+4.150",4150,"+0.015",15,
517,1992,1,20,20,"20","23","christian-fittipaldi","minardi","lamborghini","goodyear","1:19.641",79641,,,,,,,"+4.155",4155,"+0.005",5,
517,1992,1,21,21,"21","11","mika-hakkinen","lotus","ford","goodyear","1:19.672",79672,,,,,,,"+4.186",4186,"+0.031",31,
517,1992,1,22,22,"22","29","bertrand-gachot","venturi","lamborghini","goodyear","1:20.039",80039,,,,,,,"+4.553",4553,"+0.367",367,
517,1992,1,23,23,"23","33","mauricio-gugelmin","jordan","yamaha","goodyear","1:20.120",80120,,,,,,,"+4.634",4634,"+0.081",81,
517,1992,1,24,24,"24","21","jj-lehto","dallara","ferrari","goodyear","1:20.126",80126,,,,,,,"+4.640",4640,"+0.006",6,
517,1992,1,25,25,"25","22","pierluigi-martini","dallara","ferrari","goodyear","1:20.203",80203,,,,,,,"+4.717",4717,"+0.077",77,
517,1992,1,26,26,"26","7","eric-van-de-poele","brabham","judd","goodyear","1:20.488",80488,,,,,,,"+5.002",5002,"+0.285",285,
517,1992,1,27,27,"27","17","paul-belmondo","march","ilmor","goodyear","1:20.580",80580,,,,,,,"+5.094",5094,"+0.092",92,
517,1992,1,28,28,"28","14","andrea-chiesa","fondmetal","ford","goodyear","1:21.209",81209,,,,,,,"+5.723",5723,"+0.629",629,
517,1992,1,29,29,"29","32","stefano-modena","jordan","yamaha","goodyear","1:21.494",81494,,,,,,,"+6.008",6008,"+0.285",285,
517,1992,1,30,30,"30","8","giovanna-amati","brabham","judd","goodyear","1:24.405",84405,,,,,,,"+8.919",8919,"+2.911",2911,
518,1992,2,1,1,"1","5","nigel-mansell","williams","renault","goodyear","1:16.346",76346,,,,,,,,,,,
518,1992,2,2,2,"2","6","riccardo-patrese","williams","renault","goodyear","1:16.362",76362,,,,,,,"+0.016",16,"+0.016",16,
518,1992,2,3,3,"3","19","michael-schumacher","benetton","ford","goodyear","1:17.292",77292,,,,,,,"+0.946",946,"+0.930",930,
518,1992,2,4,4,"4","20","martin-brundle","benetton","ford","goodyear","1:18.588",78588,,,,,,,"+2.242",2242,"+1.296",1296,
518,1992,2,5,5,"5","2","gerhard-berger","mclaren","honda","goodyear","1:18.589",78589,,,,,,,"+2.243",2243,"+0.001",1,
518,1992,2,6,6,"6","1","ayrton-senna","mclaren","honda","goodyear","1:18.791",78791,,,,,,,"+2.445",2445,"+0.202",202,
518,1992,2,7,7,"7","21","jj-lehto","dallara","ferrari","goodyear","1:19.111",79111,,,,,,,"+2.765",2765,"+0.320",320,
518,1992,2,8,8,"8","33","mauricio-gugelmin","jordan","yamaha","goodyear","1:19.355",79355,,,,,,,"+3.009",3009,"+0.244",244,
518,1992,2,9,9,"9","22","pierluigi-martini","dallara","ferrari","goodyear","1:19.378",79378,,,,,,,"+3.032",3032,"+0.023",23,
518,1992,2,10,10,"10","27","jean-alesi","ferrari","ferrari","goodyear","1:19.417",79417,,,,,,,"+3.071",3071,"+0.039",39,
518,1992,2,11,11,"11","4","andrea-de-cesaris","tyrrell","ilmor","goodyear","1:19.423",79423,,,,,,,"+3.077",3077,"+0.006",6,
518,1992,2,12,12,"12","12","johnny-herbert","lotus","ford","goodyear","1:19.509",79509,,,,,,,"+3.163",3163,"+0.086",86,
518,1992,2,13,13,"13","29","bertrand-gachot","venturi","lamborghini","goodyear","1:19.743",79743,,,,,,,"+3.397",3397,"+0.234",234,
518,1992,2,14,14,"14","15","gabriele-tarquini","fondmetal","ford","goodyear","1:19.769",79769,,,,,,,"+3.423",3423,"+0.026",26,
518,1992,2,15,15,"15","32","stefano-modena","jordan","yamaha","goodyear","1:19.957",79957,,,,,,,"+3.611",3611,"+0.188",188,
518,1992,2,16,16,"16","3","olivier-grouillard","tyrrell","ilmor","goodyear","1:19.961",79961,,,,,,,"+3.615",3615,"+0.004",4,
518,1992,2,17,17,"17","23","christian-fittipaldi","minardi","lamborghini","goodyear","1:20.042",80042,,,,,,,"+3.696",3696,"+0.081",81,
518,1992,2,18,18,"18","11","mika-hakkinen","lotus","ford","goodyear","1:20.145",80145,,,,,,,"+3.799",3799,"+0.103",103,
518,1992,2,19,19,"19","16","karl-wendlinger","march","ilmor","goodyear","1:20.200",80200,,,,,,,"+3.854",3854,"+0.055",55,
518,1992,2,20,20,"20","28","ivan-capelli","ferrari","ferrari","goodyear","1:20.223",80223,,,,,,,"+3.877",3877,"+0.023",23,
518,1992,2,21,21,"21","24","gianni-morbidelli","minardi","lamborghini","goodyear","1:20.227",80227,,,,,,,"+3.881",3881,"+0.004",4,
518,1992,2,22,22,"22","25","thierry-boutsen","ligier","renault","goodyear","1:20.395",80395,,,,,,,"+4.049",4049,"+0.168",168,
518,1992,2,23,23,"23","14","andrea-chiesa","fondmetal","ford","goodyear","1:20.845",80845,,,,,,,"+4.499",4499,"+0.450",450,
518,1992,2,24,24,"24","30","ukyo-katayama","venturi","lamborghini","goodyear","1:20.935",80935,,,,,,,"+4.589",4589,"+0.090",90,
518,1992,2,25,25,"25","9","michele-alboreto","footwork","mugen-honda","goodyear","1:21.064",81064,,,,,,,"+4.718",4718,"+0.129",129,
518,1992,2,26,26,"26","26","erik-comas","ligier","renault","goodyear","1:21.122",81122,,,,,,,"+4.776",4776,"+0.058",58,
518,1992,2,27,27,"27","10","aguri-suzuki","footwork","mugen-honda","goodyear","1:21.187",81187,,,,,,,"+4.841",4841,"+0.065",65,
518,1992,2,28,28,"28","17","paul-belmondo","march","ilmor","goodyear","1:21.504",81504,,,,,,,"+5.158",5158,"+0.317",317,
518,1992,2,29,29,"29","7","eric-van-de-poele","brabham","judd","goodyear","1:22.197",82197,,,,,,,"+5.851",5851,"+0.693",693,
518,1992,2,30,30,"30","8","giovanna-amati","brabham","judd","goodyear","1:25.052",85052,,,,,,,"+8.706",8706,"+2.855",2855,
519,1992,3,1,1,"1","5","nigel-mansell","williams","renault","goodyear","1:15.703",75703,,,,,,,,,,,
519,1992,3,2,2,"2","6","riccardo-patrese","williams","renault","goodyear","1:16.894",76894,,,,,,,"+1.191",1191,"+1.191",1191,
519,1992,3,3,3,"3","1","ayrton-senna","mclaren","honda","goodyear","1:17.902",77902,,,,,,,"+2.199",2199,"+1.008",1008,
519,1992,3,4,4,"4","2","gerhard-berger","mclaren","honda","goodyear","1:18.416",78416,,,,,,,"+2.713",2713,"+0.514",514,
519,1992,3,5,5,"5","19","michael-schumacher","benetton","ford","goodyear","1:18.541",78541,,,,,,,"+2.838",2838,"+0.125",125,
519,1992,3,6,6,"6","27","jean-alesi","ferrari","ferrari","goodyear","1:18.647",78647,,,,,,,"+2.944",2944,"+0.106",106,
519,1992,3,7,7,"7","20","martin-brundle","benetton","ford","goodyear","1:18.711",78711,,,,,,,"+3.008",3008,"+0.064",64,
519,1992,3,8,8,"8","22","pierluigi-martini","dallara","ferrari","goodyear","1:18.953",78953,,,,,,,"+3.250",3250,"+0.242",242,
519,1992,3,9,9,"9","16","karl-wendlinger","march","ilmor","goodyear","1:19.007",79007,,,,,,,"+3.304",3304,"+0.054",54,
519,1992,3,10,10,"10","25","thierry-boutsen","ligier","renault","goodyear","1:19.038",79038,,,,,,,"+3.335",3335,"+0.031",31,
519,1992,3,11,11,"11","28","ivan-capelli","ferrari","ferrari","goodyear","1:19.300",79300,,,,,,,"+3.597",3597,"+0.262",262,
519,1992,3,12,12,"12","32","stefano-modena","jordan","yamaha","goodyear","1:19.314",79314,,,,,,,"+3.611",3611,"+0.014",14,
519,1992,3,13,13,"13","4","andrea-de-cesaris","tyrrell","ilmor","goodyear","1:19.343",79343,,,,,,,"+3.640",3640,"+0.029",29,
519,1992,3,14,14,"14","9","michele-alboreto","footwork","mugen-honda","goodyear","1:19.533",79533,,,,,,,"+3.830",3830,"+0.190",190,
519,1992,3,15,15,"15","26","erik-comas","ligier","renault","goodyear","1:19.537",79537,,,,,,,"+3.834",3834,"+0.004",4,
519,1992,3,16,16,"16","21","jj-lehto","dallara","ferrari","goodyear","1:19.834",79834,,,,,,,"+4.131",4131,"+0.297",297,
519,1992,3,17,17,"17","3","olivier-grouillard","tyrrell","ilmor","goodyear","1:19.849",79849,,,,,,,"+4.146",4146,"+0.015",15,
519,1992,3,18,18,"18","29","bertrand-gachot","venturi","lamborghini","goodyear","1:19.927",79927,,,,,,,"+4.224",4224,"+0.078",78,
519,1992,3,19,19,"19","15","gabriele-tarquini","fondmetal","ford","goodyear","1:19.993",79993,,,,,,,"+4.290",4290,"+0.066",66,
519,1992,3,20,20,"20","23","christian-fittipaldi","minardi","lamborghini","goodyear","1:20.133",80133,,,,,,,"+4.430",4430,"+0.140",140,
519,1992,3,21,21,"21","33","mauricio-gugelmin","jordan","yamaha","goodyear","1:20.266",80266,,,,,,,"+4.563",4563,"+0.133",133,
519,1992,3,22,22,"22","10","aguri-suzuki","footwork","mugen-honda","goodyear","1:20.435",80435,,,,,,,"+4.732",4732,"+0.169",169,
519,1992,3,23,23,"23","24","gianni-morbidelli","minardi","lamborghini","goodyear","1:20.445",80445,,,,,,,"+4.742",4742,"+0.010",10,
519,1992,3,24,24,"24","11","mika-hakkinen","lotus","ford","goodyear","1:20.577",80577,,,,,,,"+4.874",4874,"+0.132",132,
519,1992,3,25,25,"25","30","ukyo-katayama","venturi","lamborghini","goodyear","1:20.648",80648,,,,,,,"+4.945",4945,"+0.071",71,
519,1992,3,26,26,"26","12","johnny-herbert","lotus","ford","goodyear","1:20.650",80650,,,,,,,"+4.947",4947,"+0.002",2,
519,1992,3,27,27,"27","14","andrea-chiesa","fondmetal","ford","goodyear","1:20.809",80809,,,,,,,"+5.106",5106,"+0.159",159,
519,1992,3,28,28,"28","17","paul-belmondo","march","ilmor","goodyear","1:20.886",80886,,,,,,,"+5.183",5183,"+0.077",77,
519,1992,3,29,29,"29","7","eric-van-de-poele","brabham","judd","goodyear","1:21.770",81770,,,,,,,"+6.067",6067,"+0.884",884,
519,1992,3,30,30,"30","8","giovanna-amati","brabham","judd","goodyear","1:26.645",86645,,,,,,,"+10.942",10942,"+4.875",4875,
520,1992,4,1,1,"1","5","nigel-mansell","williams","renault","goodyear","1:20.190",80190,,,,,,,,,,,
520,1992,4,2,2,"2","19","michael-schumacher","benetton","ford","goodyear","1:21.195",81195,,,,,,,"+1.005",1005,"+1.005",1005,
520,1992,4,3,3,"3","1","ayrton-senna","mclaren","honda","goodyear","1:21.209",81209,,,,,,,"+1.019",1019,"+0.014",14,
520,1992,4,4,4,"4","6","riccardo-patrese","williams","renault","goodyear","1:21.534",81534,,,,,,,"+1.344",1344,"+0.325",325,
520,1992,4,5,5,"5","28","ivan-capelli","ferrari","ferrari","goodyear","1:22.413",82413,,,,,,,"+2.223",2223,"+0.879",879,
520,1992,4,6,6,"6","20","martin-brundle","benetton","ford","goodyear","1:22.529",82529,,,,,,,"+2.339",2339,"+0.116",116,
520,1992,4,7,7,"7","2","gerhard-berger","mclaren","honda","goodyear","1:22.711",82711,,,,,,,"+2.521",2521,"+0.182",182,
520,1992,4,8,8,"8","27","jean-alesi","ferrari","ferrari","goodyear","1:22.746",82746,,,,,,,"+2.556",2556,"+0.035",35,
520,1992,4,9,9,"9","16","karl-wendlinger","march","ilmor","goodyear","1:23.121",83121,,,,,,,"+2.931",2931,"+0.375",375,
520,1992,4,10,10,"10","26","erik-comas","ligier","renault","goodyear","1:23.593",83593,,,,,,,"+3.403",3403,"+0.472",472,
520,1992,4,11,11,"11","4","andrea-de-cesaris","tyrrell","ilmor","goodyear","1:23.723",83723,,,,,,,"+3.533",3533,"+0.130",130,
520,1992,4,12,12,"12","21","jj-lehto","dallara","ferrari","goodyear","1:24.054",84054,,,,,,,"+3.864",3864,"+0.331",331,
520,1992,4,13,13,"13","22","pierluigi-martini","dallara","ferrari","goodyear","1:24.236",84236,,,,,,,"+4.046",4046,"+0.182",182,
520,1992,4,14,14,"14","25","thierry-boutsen","ligier","renault","goodyear","1:24.583",84583,,,,,,,"+4.393",4393,"+0.347",347,
520,1992,4,15,15,"15","3","olivier-grouillard","tyrrell","ilmor","goodyear","1:24.608",84608,,,,,,,"+4.418",4418,"+0.025",25,
520,1992,4,16,16,"16","9","michele-alboreto","footwork","mugen-honda","goodyear","1:24.634",84634,,,,,,,"+4.444",4444,"+0.026",26,
520,1992,4,17,17,"17","33","mauricio-gugelmin","jordan","yamaha","goodyear","1:24.671",84671,,,,,,,"+4.481",4481,"+0.037",37,
520,1992,4,18,18,"18","15","gabriele-tarquini","fondmetal","ford","goodyear","1:24.800",84800,,,,,,,"+4.610",4610,"+0.129",129,
520,1992,4,19,19,"19","10","aguri-suzuki","footwork","mugen-honda","goodyear","1:24.940",84940,,,,,,,"+4.750",4750,"+0.140",140,
520,1992,4,20,20,"20","14","andrea-chiesa","fondmetal","ford","goodyear","1:24.963",84963,,,,,,,"+4.773",4773,"+0.023",23,
520,1992,4,21,21,"21","11","mika-hakkinen","lotus","ford","goodyear","1:25.202",85202,,,,,,,"+5.012",5012,"+0.239",239,
520,1992,4,22,22,"22","23","christian-fittipaldi","minardi","lamborghini","goodyear","1:25.315",85315,,,,,,,"+5.125",5125,"+0.113",113,
520,1992,4,23,23,"23","17","paul-belmondo","march","ilmor","goodyear","1:25.467",85467,,,,,,,"+5.277",5277,"+0.152",152,
520,1992,4,24,24,"24","29","bertrand-gachot","venturi","lamborghini","goodyear","1:25.700",85700,,,,,,,"+5.510",5510,"+0.233",233,
520,1992,4,25,25,"25","24","gianni-morbidelli","minardi","lamborghini","goodyear","1:25.786",85786,,,,,,,"+5.596",5596,"+0.086",86,
520,1992,4,26,26,"26","12","johnny-herbert","lotus","ford","goodyear","1:25.786",85786,,,,,,,"+5.596",5596,"+0.000",0,
520,1992,4,27,27,"27","30","ukyo-katayama","venturi","lamborghini","goodyear","1:25.932",85932,,,,,,,"+5.742",5742,"+0.146",146,
520,1992,4,28,28,"28","7","eric-van-de-poele","brabham","judd","goodyear","1:26.880",86880,,,,,,,"+6.690",6690,"+0.948",948,
520,1992,4,29,29,"29","32","stefano-modena","jordan","yamaha","goodyear","1:27.480",87480,,,,,,,"+7.290",7290,"+0.600",600,
520,1992,4,30,30,"30","8","damon-hill","brabham","judd","goodyear","1:27.763",87763,,,,,,,"+7.573",7573,"+0.283",283,
521,1992,5,1,1,"1","5","nigel-mansell","williams","renault","goodyear","1:21.842",81842,,,,,,,,,,,
521,1992,5,2,2,"2","6","riccardo-patrese","williams","renault","goodyear","1:22.895",82895,,,,,,,"+1.053",1053,"+1.053",1053,
521,1992,5,3,3,"3","1","ayrton-senna","mclaren","honda","goodyear","1:23.086",83086,,,,,,,"+1.244",1244,"+0.191",191,
521,1992,5,4,4,"4","2","gerhard-berger","mclaren","honda","goodyear","1:23.418",83418,,,,,,,"+1.576",1576,"+0.332",332,
521,1992,5,5,5,"5","19","michael-schumacher","benetton","ford","goodyear","1:23.701",83701,,,,,,,"+1.859",1859,"+0.283",283,
521,1992,5,6,6,"6","20","martin-brundle","benetton","ford","goodyear","1:23.904",83904,,,,,,,"+2.062",2062,"+0.203",203,
521,1992,5,7,7,"7","27","jean-alesi","ferrari","ferrari","goodyear","1:23.970",83970,,,,,,,"+2.128",2128,"+0.066",66,
521,1992,5,8,8,"8","28","ivan-capelli","ferrari","ferrari","goodyear","1:24.192",84192,,,,,,,"+2.350",2350,"+0.222",222,
521,1992,5,9,9,"9","9","michele-alboreto","footwork","mugen-honda","goodyear","1:24.706",84706,,,,,,,"+2.864",2864,"+0.514",514,
521,1992,5,10,10,"10","25","thierry-boutsen","ligier","renault","goodyear","1:25.043",85043,,,,,,,"+3.201",3201,"+0.337",337,
521,1992,5,11,11,"11","10","aguri-suzuki","footwork","mugen-honda","goodyear","1:25.134",85134,,,,,,,"+3.292",3292,"+0.091",91,
521,1992,5,12,12,"12","16","karl-wendlinger","march","ilmor","goodyear","1:25.483",85483,,,,,,,"+3.641",3641,"+0.349",349,
521,1992,5,13,13,"13","26","erik-comas","ligier","renault","goodyear","1:25.543",85543,,,,,,,"+3.701",3701,"+0.060",60,
521,1992,5,14,14,"14","4","andrea-de-cesaris","tyrrell","ilmor","goodyear","1:25.637",85637,,,,,,,"+3.795",3795,"+0.094",94,
521,1992,5,15,15,"15","22","pierluigi-martini","dallara","ferrari","goodyear","1:25.838",85838,,,,,,,"+3.996",3996,"+0.201",201,
521,1992,5,16,16,"16","21","jj-lehto","dallara","ferrari","goodyear","1:25.865",85865,,,,,,,"+4.023",4023,"+0.027",27,
521,1992,5,17,17,"17","30","ukyo-katayama","venturi","lamborghini","goodyear","1:25.982",85982,,,,,,,"+4.140",4140,"+0.117",117,
521,1992,5,18,18,"18","33","mauricio-gugelmin","jordan","yamaha","goodyear","1:26.056",86056,,,,,,,"+4.214",4214,"+0.074",74,
521,1992,5,19,19,"19","29","bertrand-gachot","venturi","lamborghini","goodyear","1:26.182",86182,,,,,,,"+4.340",4340,"+0.126",126,
521,1992,5,20,20,"20","3","olivier-grouillard","tyrrell","ilmor","goodyear","1:26.404",86404,,,,,,,"+4.562",4562,"+0.222",222,
521,1992,5,21,21,"21","24","gianni-morbidelli","minardi","lamborghini","goodyear","1:26.681",86681,,,,,,,"+4.839",4839,"+0.277",277,
521,1992,5,22,22,"22","15","gabriele-tarquini","fondmetal","ford","goodyear","1:26.765",86765,,,,,,,"+4.923",4923,"+0.084",84,
521,1992,5,23,23,"23","32","stefano-modena","jordan","yamaha","goodyear","1:26.774",86774,,,,,,,"+4.932",4932,"+0.009",9,
521,1992,5,24,24,"24","17","paul-belmondo","march","ilmor","goodyear","1:27.194",87194,,,,,,,"+5.352",5352,"+0.420",420,
521,1992,5,25,25,"25","23","christian-fittipaldi","minardi","lamborghini","goodyear","1:27.229",87229,,,,,,,"+5.387",5387,"+0.035",35,
521,1992,5,26,26,"26","12","johnny-herbert","lotus","ford","goodyear","1:27.270",87270,,,,,,,"+5.428",5428,"+0.041",41,
521,1992,5,27,27,"27","11","mika-hakkinen","lotus","ford","goodyear","1:27.437",87437,,,,,,,"+5.595",5595,"+0.167",167,
521,1992,5,28,28,"28","14","andrea-chiesa","fondmetal","ford","goodyear","1:27.756",87756,,,,,,,"+5.914",5914,"+0.319",319,
521,1992,5,29,29,"29","8","damon-hill","brabham","judd","goodyear","1:28.423",88423,,,,,,,"+6.581",6581,"+0.667",667,
521,1992,5,30,30,"30","7","eric-van-de-poele","brabham","judd","goodyear","1:28.832",88832,,,,,,,"+6.990",6990,"+0.409",409,
522,1992,6,1,1,"1","5","nigel-mansell","williams","renault","goodyear","1:19.495",79495,,,,,,,,,,,
522,1992,6,2,2,"2","6","riccardo-patrese","williams","renault","goodyear","1:20.368",80368,,,,,,,"+0.873",873,"+0.873",873,
522,1992,6,3,3,"3","1","ayrton-senna","mclaren","honda","goodyear","1:20.608",80608,,,,,,,"+1.113",1113,"+0.240",240,
522,1992,6,4,4,"4","27","jean-alesi","ferrari","ferrari","goodyear","1:20.895",80895,,,,,,,"+1.400",1400,"+0.287",287,
522,1992,6,5,5,"5","2","gerhard-berger","mclaren","honda","goodyear","1:21.224",81224,,,,,,,"+1.729",1729,"+0.329",329,
522,1992,6,6,6,"6","19","michael-schumacher","benetton","ford","goodyear","1:21.831",81831,,,,,,,"+2.336",2336,"+0.607",607,
522,1992,6,7,7,"7","20","martin-brundle","benetton","ford","goodyear","1:22.068",82068,,,,,,,"+2.573",2573,"+0.237",237,
522,1992,6,8,8,"8","28","ivan-capelli","ferrari","ferrari","goodyear","1:22.119",82119,,,,,,,"+2.624",2624,"+0.051",51,
522,1992,6,9,9,"9","12","johnny-herbert","lotus","ford","goodyear","1:22.579",82579,,,,,,,"+3.084",3084,"+0.460",460,
522,1992,6,10,10,"10","4","andrea-de-cesaris","tyrrell","ilmor","goodyear","1:22.647",82647,,,,,,,"+3.152",3152,"+0.068",68,
522,1992,6,11,11,"11","9","michele-alboreto","footwork","mugen-honda","goodyear","1:22.671",82671,,,,,,,"+3.176",3176,"+0.024",24,
522,1992,6,12,12,"12","24","gianni-morbidelli","minardi","lamborghini","goodyear","1:22.733",82733,,,,,,,"+3.238",3238,"+0.062",62,
522,1992,6,13,13,"13","33","mauricio-gugelmin","jordan","yamaha","goodyear","1:22.863",82863,,,,,,,"+3.368",3368,"+0.130",130,
522,1992,6,14,14,"14","11","mika-hakkinen","lotus","ford","goodyear","1:22.886",82886,,,,,,,"+3.391",3391,"+0.023",23,
522,1992,6,15,15,"15","29","bertrand-gachot","venturi","lamborghini","goodyear","1:23.122",83122,,,,,,,"+3.627",3627,"+0.236",236,
522,1992,6,16,16,"16","16","karl-wendlinger","march","ilmor","goodyear","1:23.264",83264,,,,,,,"+3.769",3769,"+0.142",142,
522,1992,6,17,17,"17","23","christian-fittipaldi","minardi","lamborghini","goodyear","1:23.487",83487,,,,,,,"+3.992",3992,"+0.223",223,
522,1992,6,18,18,"18","22","pierluigi-martini","dallara","ferrari","goodyear","1:23.508",83508,,,,,,,"+4.013",4013,"+0.021",21,
522,1992,6,19,19,"19","10","aguri-suzuki","footwork","mugen-honda","goodyear","1:23.641",83641,,,,,,,"+4.146",4146,"+0.133",133,
522,1992,6,20,20,"20","21","jj-lehto","dallara","ferrari","goodyear","1:23.862",83862,,,,,,,"+4.367",4367,"+0.221",221,
522,1992,6,21,21,"21","32","stefano-modena","jordan","yamaha","goodyear","1:23.890",83890,,,,,,,"+4.395",4395,"+0.028",28,
522,1992,6,22,22,"22","25","thierry-boutsen","ligier","renault","goodyear","1:23.909",83909,,,,,,,"+4.414",4414,"+0.019",19,
522,1992,6,23,23,"23","26","erik-comas","ligier","renault","goodyear","1:23.974",83974,,,,,,,"+4.479",4479,"+0.065",65,
522,1992,6,24,24,"24","3","olivier-grouillard","tyrrell","ilmor","goodyear","1:23.990",83990,,,,,,,"+4.495",4495,"+0.016",16,
522,1992,6,25,25,"25","15","gabriele-tarquini","fondmetal","ford","goodyear","1:24.479",84479,,,,,,,"+4.984",4984,"+0.489",489,
522,1992,6,26,26,"26","34","roberto-moreno","andrea-moda","judd","goodyear","1:24.945",84945,,,,,,,"+5.450",5450,"+0.466",466,
522,1992,6,27,27,"27","7","eric-van-de-poele","brabham","judd","goodyear","1:24.981",84981,,,,,,,"+5.486",5486,"+0.036",36,
522,1992,6,28,28,"28","8","damon-hill","brabham","judd","goodyear","1:25.394",85394,,,,,,,"+5.899",5899,"+0.413",413,
522,1992,6,29,29,"29","14","andrea-chiesa","fondmetal","ford","goodyear","1:25.660",85660,,,,,,,"+6.165",6165,"+0.266",266,
522,1992,6,30,30,"30","17","paul-belmondo","march","ilmor","goodyear","1:25.750",85750,,,,,,,"+6.255",6255,"+0.090",90,
523,1992,7,1,1,"1","1","ayrton-senna","mclaren","honda","goodyear","1:19.775",79775,,,,,,,,,,,
523,1992,7,2,2,"2","6","riccardo-patrese","williams","renault","goodyear","1:19.872",79872,,,,,,,"+0.097",97,"+0.097",97,
523,1992,7,3,3,"3","5","nigel-mansell","williams","renault","goodyear","1:19.948",79948,,,,,,,"+0.173",173,"+0.076",76,
523,1992,7,4,4,"4","2","gerhard-berger","mclaren","honda","goodyear","1:20.145",80145,,,,,,,"+0.370",370,"+0.197",197,
523,1992,7,5,5,"5","19","michael-schumacher","benetton","ford","goodyear","1:20.456",80456,,,,,,,"+0.681",681,"+0.311",311,
523,1992,7,6,6,"6","12","johnny-herbert","lotus","ford","goodyear","1:21.645",81645,,,,,,,"+1.870",1870,"+1.189",1189,
523,1992,7,7,7,"7","20","martin-brundle","benetton","ford","goodyear","1:21.738",81738,,,,,,,"+1.963",1963,"+0.093",93,
523,1992,7,8,8,"8","27","jean-alesi","ferrari","ferrari","goodyear","1:21.777",81777,,,,,,,"+2.002",2002,"+0.039",39,
523,1992,7,9,9,"9","28","ivan-capelli","ferrari","ferrari","goodyear","1:22.297",82297,,,,,,,"+2.522",2522,"+0.520",520,
523,1992,7,10,10,"10","11","mika-hakkinen","lotus","ford","goodyear","1:22.360",82360,,,,,,,"+2.585",2585,"+0.063",63,
523,1992,7,11,11,"11","30","ukyo-katayama","venturi","lamborghini","goodyear","1:22.510",82510,,,,,,,"+2.735",2735,"+0.150",150,
523,1992,7,12,12,"12","16","karl-wendlinger","march","ilmor","goodyear","1:22.566",82566,,,,,,,"+2.791",2791,"+0.056",56,
523,1992,7,13,13,"13","24","gianni-morbidelli","minardi","lamborghini","goodyear","1:22.594",82594,,,,,,,"+2.819",2819,"+0.028",28,
523,1992,7,14,14,"14","4","andrea-de-cesaris","tyrrell","ilmor","goodyear","1:22.635",82635,,,,,,,"+2.860",2860,"+0.041",41,
523,1992,7,15,15,"15","22","pierluigi-martini","dallara","ferrari","goodyear","1:22.850",82850,,,,,,,"+3.075",3075,"+0.215",215,
523,1992,7,16,16,"16","9","michele-alboreto","footwork","mugen-honda","goodyear","1:22.878",82878,,,,,,,"+3.103",3103,"+0.028",28,
523,1992,7,17,17,"17","32","stefano-modena","jordan","yamaha","goodyear","1:23.023",83023,,,,,,,"+3.248",3248,"+0.145",145,
523,1992,7,18,18,"18","15","gabriele-tarquini","fondmetal","ford","goodyear","1:23.063",83063,,,,,,,"+3.288",3288,"+0.040",40,
523,1992,7,19,19,"19","29","bertrand-gachot","venturi","lamborghini","goodyear","1:23.138",83138,,,,,,,"+3.363",3363,"+0.075",75,
523,1992,7,20,20,"20","17","paul-belmondo","march","ilmor","goodyear","1:23.189",83189,,,,,,,"+3.414",3414,"+0.051",51,
523,1992,7,21,21,"21","25","thierry-boutsen","ligier","renault","goodyear","1:23.203",83203,,,,,,,"+3.428",3428,"+0.014",14,
523,1992,7,22,22,"22","26","erik-comas","ligier","renault","goodyear","1:23.212",83212,,,,,,,"+3.437",3437,"+0.009",9,
523,1992,7,23,23,"23","21","jj-lehto","dallara","ferrari","goodyear","1:23.249",83249,,,,,,,"+3.474",3474,"+0.037",37,
523,1992,7,24,24,"24","33","mauricio-gugelmin","jordan","yamaha","goodyear","1:23.431",83431,,,,,,,"+3.656",3656,"+0.182",182,
523,1992,7,25,25,"25","23","christian-fittipaldi","minardi","lamborghini","goodyear","1:23.433",83433,,,,,,,"+3.658",3658,"+0.002",2,
523,1992,7,26,26,"26","3","olivier-grouillard","tyrrell","ilmor","goodyear","1:23.469",83469,,,,,,,"+3.694",3694,"+0.036",36,
523,1992,7,27,27,"27","10","aguri-suzuki","footwork","mugen-honda","goodyear","1:23.721",83721,,,,,,,"+3.946",3946,"+0.252",252,
523,1992,7,28,28,"28","7","eric-van-de-poele","brabham","judd","goodyear","1:24.499",84499,,,,,,,"+4.724",4724,"+0.778",778,
523,1992,7,29,29,"29","14","andrea-chiesa","fondmetal","ford","goodyear","1:25.044",85044,,,,,,,"+5.269",5269,"+0.545",545,
523,1992,7,30,30,"30","8","damon-hill","brabham","judd","goodyear","1:25.812",85812,,,,,,,"+6.037",6037,"+0.768",768,
524,1992,8,1,1,"1","5","nigel-mansell","williams","renault","goodyear","1:13.864",73864,,,,,,,,,,,
524,1992,8,2,2,"2","6","riccardo-patrese","williams","renault","goodyear","1:14.332",74332,,,,,,,"+0.468",468,"+0.468",468,
524,1992,8,3,3,"3","1","ayrton-senna","mclaren","honda","goodyear","1:15.199",75199,,,,,,,"+1.335",1335,"+0.867",867,
524,1992,8,4,4,"4","2","gerhard-berger","mclaren","honda","goodyear","1:15.316",75316,,,,,,,"+1.452",1452,"+0.117",117,
524,1992,8,5,5,"5","19","michael-schumacher","benetton","ford","goodyear","1:15.569",75569,,,,,,,"+1.705",1705,"+0.253",253,
524,1992,8,6,6,"6","27","jean-alesi","ferrari","ferrari","goodyear","1:16.118",76118,,,,,,,"+2.254",2254,"+0.549",549,
524,1992,8,7,7,"7","20","martin-brundle","benetton","ford","goodyear","1:16.151",76151,,,,,,,"+2.287",2287,"+0.033",33,
524,1992,8,8,8,"8","28","ivan-capelli","ferrari","ferrari","goodyear","1:16.443",76443,,,,,,,"+2.579",2579,"+0.292",292,
524,1992,8,9,9,"9","25","thierry-boutsen","ligier","renault","goodyear","1:16.806",76806,,,,,,,"+2.942",2942,"+0.363",363,
524,1992,8,10,10,"10","26","erik-comas","ligier","renault","goodyear","1:16.938",76938,,,,,,,"+3.074",3074,"+0.132",132,
524,1992,8,11,11,"11","11","mika-hakkinen","lotus","ford","goodyear","1:16.999",76999,,,,,,,"+3.135",3135,"+0.061",61,
524,1992,8,12,12,"12","12","johnny-herbert","lotus","ford","goodyear","1:17.257",77257,,,,,,,"+3.393",3393,"+0.258",258,
524,1992,8,13,13,"13","29","bertrand-gachot","venturi","lamborghini","goodyear","1:17.442",77442,,,,,,,"+3.578",3578,"+0.185",185,
524,1992,8,14,14,"14","9","michele-alboreto","footwork","mugen-honda","goodyear","1:17.508",77508,,,,,,,"+3.644",3644,"+0.066",66,
524,1992,8,15,15,"15","10","aguri-suzuki","footwork","mugen-honda","goodyear","1:17.548",77548,,,,,,,"+3.684",3684,"+0.040",40,
524,1992,8,16,16,"16","24","gianni-morbidelli","minardi","lamborghini","goodyear","1:17.667",77667,,,,,,,"+3.803",3803,"+0.119",119,
524,1992,8,17,17,"17","21","jj-lehto","dallara","ferrari","goodyear","1:17.677",77677,,,,,,,"+3.813",3813,"+0.010",10,
524,1992,8,18,18,"18","30","ukyo-katayama","venturi","lamborghini","goodyear","1:17.709",77709,,,,,,,"+3.845",3845,"+0.032",32,
524,1992,8,19,19,"19","4","andrea-de-cesaris","tyrrell","ilmor","goodyear","1:17.868",77868,,,,,,,"+4.004",4004,"+0.159",159,
524,1992,8,20,20,"20","32","stefano-modena","jordan","yamaha","goodyear","1:17.901",77901,,,,,,,"+4.037",4037,"+0.033",33,
524,1992,8,21,21,"21","16","karl-wendlinger","march","ilmor","goodyear","1:17.937",77937,,,,,,,"+4.073",4073,"+0.036",36,
524,1992,8,22,22,"22","3","olivier-grouillard","tyrrell","ilmor","goodyear","1:17.989",77989,,,,,,,"+4.125",4125,"+0.052",52,
524,1992,8,23,23,"23","15","gabriele-tarquini","fondmetal","ford","goodyear","1:17.993",77993,,,,,,,"+4.129",4129,"+0.004",4,
524,1992,8,24,24,"24","33","mauricio-gugelmin","jordan","yamaha","goodyear","1:18.337",78337,,,,,,,"+4.473",4473,"+0.344",344,
524,1992,8,25,25,"25","22","pierluigi-martini","dallara","ferrari","goodyear","1:18.586",78586,,,,,,,"+4.722",4722,"+0.249",249,
524,1992,8,26,26,"26","14","andrea-chiesa","fondmetal","ford","goodyear","1:18.701",78701,,,,,,,"+4.837",4837,"+0.115",115,
524,1992,8,27,27,"27","17","paul-belmondo","march","ilmor","goodyear","1:19.354",79354,,,,,,,"+5.490",5490,"+0.653",653,
524,1992,8,28,28,"28","23","christian-fittipaldi","minardi","lamborghini","goodyear","1:20.062",80062,,,,,,,"+6.198",6198,"+0.708",708,
524,1992,8,29,29,"29","7","eric-van-de-poele","brabham","judd","goodyear","1:20.139",80139,,,,,,,"+6.275",6275,"+0.077",77,
524,1992,8,30,30,"30","8","damon-hill","brabham","judd","goodyear","1:21.412",81412,,,,,,,"+7.548",7548,"+1.273",1273,
525,1992,9,1,1,"1","5","nigel-mansell","williams","renault","goodyear","1:18.965",78965,,,,,,,,,,,
525,1992,9,2,2,"2","6","riccardo-patrese","williams","renault","goodyear","1:20.884",80884,,,,,,,"+1.919",1919,"+1.919",1919,
525,1992,9,3,3,"3","1","ayrton-senna","mclaren","honda","goodyear","1:21.706",81706,,,,,,,"+2.741",2741,"+0.822",822,
525,1992,9,4,4,"4","19","michael-schumacher","benetton","ford","goodyear","1:22.066",82066,,,,,,,"+3.101",3101,"+0.360",360,
525,1992,9,5,5,"5","2","gerhard-berger","mclaren","honda","goodyear","1:22.296",82296,,,,,,,"+3.331",3331,"+0.230",230,
525,1992,9,6,6,"6","20","martin-brundle","benetton","ford","goodyear","1:23.489",83489,,,,,,,"+4.524",4524,"+1.193",1193,
525,1992,9,7,7,"7","12","johnny-herbert","lotus","ford","goodyear","1:23.605",83605,,,,,,,"+4.640",4640,"+0.116",116,
525,1992,9,8,8,"8","27","jean-alesi","ferrari","ferrari","goodyear","1:23.723",83723,,,,,,,"+4.758",4758,"+0.118",118,
525,1992,9,9,9,"9","11","mika-hakkinen","lotus","ford","goodyear","1:23.813",83813,,,,,,,"+4.848",4848,"+0.090",90,
525,1992,9,10,10,"10","26","erik-comas","ligier","renault","goodyear","1:23.957",83957,,,,,,,"+4.992",4992,"+0.144",144,
525,1992,9,11,11,"11","29","bertrand-gachot","venturi","lamborghini","goodyear","1:24.065",84065,,,,,,,"+5.100",5100,"+0.108",108,
525,1992,9,12,12,"12","9","michele-alboreto","footwork","mugen-honda","goodyear","1:24.198",84198,,,,,,,"+5.233",5233,"+0.133",133,
525,1992,9,13,13,"13","25","thierry-boutsen","ligier","renault","goodyear","1:24.545",84545,,,,,,,"+5.580",5580,"+0.347",347,
525,1992,9,14,14,"14","28","ivan-capelli","ferrari","ferrari","goodyear","1:24.558",84558,,,,,,,"+5.593",5593,"+0.013",13,
525,1992,9,15,15,"15","15","gabriele-tarquini","fondmetal","ford","goodyear","1:24.761",84761,,,,,,,"+5.796",5796,"+0.203",203,
525,1992,9,16,16,"16","30","ukyo-katayama","venturi","lamborghini","goodyear","1:24.851",84851,,,,,,,"+5.886",5886,"+0.090",90,
525,1992,9,17,17,"17","10","aguri-suzuki","footwork","mugen-honda","goodyear","1:24.924",84924,,,,,,,"+5.959",5959,"+0.073",73,
525,1992,9,18,18,"18","4","andrea-de-cesaris","tyrrell","ilmor","goodyear","1:24.984",84984,,,,,,,"+6.019",6019,"+0.060",60,
525,1992,9,19,19,"19","21","jj-lehto","dallara","ferrari","goodyear","1:25.037",85037,,,,,,,"+6.072",6072,"+0.053",53,
525,1992,9,20,20,"20","3","olivier-grouillard","tyrrell","ilmor","goodyear","1:25.096",85096,,,,,,,"+6.131",6131,"+0.059",59,
525,1992,9,21,21,"21","16","karl-wendlinger","march","ilmor","goodyear","1:25.123",85123,,,,,,,"+6.158",6158,"+0.027",27,
525,1992,9,22,22,"22","22","pierluigi-martini","dallara","ferrari","goodyear","1:25.221",85221,,,,,,,"+6.256",6256,"+0.098",98,
525,1992,9,23,23,"23","32","stefano-modena","jordan","yamaha","goodyear","1:25.362",85362,,,,,,,"+6.397",6397,"+0.141",141,
525,1992,9,24,24,"24","33","mauricio-gugelmin","jordan","yamaha","goodyear","1:25.988",85988,,,,,,,"+7.023",7023,"+0.626",626,
525,1992,9,25,25,"25","24","gianni-morbidelli","minardi","lamborghini","goodyear","1:25.998",85998,,,,,,,"+7.033",7033,"+0.010",10,
525,1992,9,26,26,"26","8","damon-hill","brabham","judd","goodyear","1:26.378",86378,,,,,,,"+7.413",7413,"+0.380",380,
525,1992,9,27,27,"27","23","alex-zanardi","minardi","lamborghini","goodyear","1:26.458",86458,,,,,,,"+7.493",7493,"+0.080",80,
525,1992,9,28,28,"28","17","paul-belmondo","march","ilmor","goodyear","1:27.995",87995,,,,,,,"+9.030",9030,"+1.537",1537,
525,1992,9,29,29,"29","14","andrea-chiesa","fondmetal","ford","goodyear","1:28.452",88452,,,,,,,"+9.487",9487,"+0.457",457,
525,1992,9,30,30,"30","7","eric-van-de-poele","brabham","judd","goodyear","1:28.719",88719,,,,,,,"+9.754",9754,"+0.267",267,
526,1992,10,1,1,"1","5","nigel-mansell","williams","renault","goodyear","1:37.960",97960,,,,,,,,,,,
526,1992,10,2,2,"2","6","riccardo-patrese","williams","renault","goodyear","1:38.310",98310,,,,,,,"+0.350",350,"+0.350",350,
526,1992,10,3,3,"3","1","ayrton-senna","mclaren","honda","goodyear","1:39.106",99106,,,,,,,"+1.146",1146,"+0.796",796,
526,1992,10,4,4,"4","2","gerhard-berger","mclaren","honda","goodyear","1:39.716",99716,,,,,,,"+1.756",1756,"+0.610",610,
526,1992,10,5,5,"5","27","jean-alesi","ferrari","ferrari","goodyear","1:40.959",100959,,,,,,,"+2.999",2999,"+1.243",1243,
526,1992,10,6,6,"6","19","michael-schumacher","benetton","ford","goodyear","1:41.132",101132,,,,,,,"+3.172",3172,"+0.173",173,
526,1992,10,7,7,"7","26","erik-comas","ligier","renault","goodyear","1:41.942",101942,,,,,,,"+3.982",3982,"+0.810",810,
526,1992,10,8,8,"8","25","thierry-boutsen","ligier","renault","goodyear","1:42.112",102112,,,,,,,"+4.152",4152,"+0.170",170,
526,1992,10,9,9,"9","20","martin-brundle","benetton","ford","goodyear","1:42.136",102136,,,,,,,"+4.176",4176,"+0.024",24,
526,1992,10,10,10,"10","16","karl-wendlinger","march","ilmor","goodyear","1:42.357",102357,,,,,,,"+4.397",4397,"+0.221",221,
526,1992,10,11,11,"11","12","johnny-herbert","lotus","ford","goodyear","1:42.645",102645,,,,,,,"+4.685",4685,"+0.288",288,
526,1992,10,12,12,"12","28","ivan-capelli","ferrari","ferrari","goodyear","1:42.748",102748,,,,,,,"+4.788",4788,"+0.103",103,
526,1992,10,13,13,"13","11","mika-hakkinen","lotus","ford","goodyear","1:42.749",102749,,,,,,,"+4.789",4789,"+0.001",1,
526,1992,10,14,14,"14","3","olivier-grouillard","tyrrell","ilmor","goodyear","1:42.797",102797,,,,,,,"+4.837",4837,"+0.048",48,
526,1992,10,15,15,"15","10","aguri-suzuki","footwork","mugen-honda","goodyear","1:42.838",102838,,,,,,,"+4.878",4878,"+0.041",41,
526,1992,10,16,16,"16","30","ukyo-katayama","venturi","lamborghini","goodyear","1:43.079",103079,,,,,,,"+5.119",5119,"+0.241",241,
526,1992,10,17,17,"17","9","michele-alboreto","footwork","mugen-honda","goodyear","1:43.171",103171,,,,,,,"+5.211",5211,"+0.092",92,
526,1992,10,18,18,"18","22","pierluigi-martini","dallara","ferrari","goodyear","1:43.556",103556,,,,,,,"+5.596",5596,"+0.385",385,
526,1992,10,19,19,"19","15","gabriele-tarquini","fondmetal","ford","goodyear","1:43.777",103777,,,,,,,"+5.817",5817,"+0.221",221,
526,1992,10,20,20,"20","4","andrea-de-cesaris","tyrrell","ilmor","goodyear","1:43.790",103790,,,,,,,"+5.830",5830,"+0.013",13,
526,1992,10,21,21,"21","21","jj-lehto","dallara","ferrari","goodyear","1:43.931",103931,,,,,,,"+5.971",5971,"+0.141",141,
526,1992,10,22,22,"22","17","paul-belmondo","march","ilmor","goodyear","1:44.130",104130,,,,,,,"+6.170",6170,"+0.199",199,
526,1992,10,23,23,"23","33","mauricio-gugelmin","jordan","yamaha","goodyear","1:44.521",104521,,,,,,,"+6.561",6561,"+0.391",391,
526,1992,10,24,24,"24","23","alex-zanardi","minardi","lamborghini","goodyear","1:44.593",104593,,,,,,,"+6.633",6633,"+0.072",72,
526,1992,10,25,25,"25","29","bertrand-gachot","venturi","lamborghini","goodyear","1:44.596",104596,,,,,,,"+6.636",6636,"+0.003",3,
526,1992,10,26,26,"26","24","gianni-morbidelli","minardi","lamborghini","goodyear","1:44.763",104763,,,,,,,"+6.803",6803,"+0.167",167,
526,1992,10,27,27,"27","32","stefano-modena","jordan","yamaha","goodyear","1:45.088",105088,,,,,,,"+7.128",7128,"+0.325",325,
526,1992,10,28,28,"28","7","eric-van-de-poele","brabham","judd","goodyear","1:45.098",105098,,,,,,,"+7.138",7138,"+0.010",10,
526,1992,10,29,29,"29","14","andrea-chiesa","fondmetal","ford","goodyear","1:45.459",105459,,,,,,,"+7.499",7499,"+0.361",361,
526,1992,10,30,30,"30","8","damon-hill","brabham","judd","goodyear","1:45.871",105871,,,,,,,"+7.911",7911,"+0.412",412,
527,1992,11,1,1,"1","6","riccardo-patrese","williams","renault","goodyear","1:15.476",75476,,,,,,,,,,,
527,1992,11,2,2,"2","5","nigel-mansell","williams","renault","goodyear","1:15.643",75643,,,,,,,"+0.167",167,"+0.167",167,
527,1992,11,3,3,"3","1","ayrton-senna","mclaren","honda","goodyear","1:16.267",76267,,,,,,,"+0.791",791,"+0.624",624,
527,1992,11,4,4,"4","19","michael-schumacher","benetton","ford","goodyear","1:16.524",76524,,,,,,,"+1.048",1048,"+0.257",257,
527,1992,11,5,5,"5","2","gerhard-berger","mclaren","honda","goodyear","1:17.277",77277,,,,,,,"+1.801",1801,"+0.753",753,
527,1992,11,6,6,"6","20","martin-brundle","benetton","ford","goodyear","1:18.148",78148,,,,,,,"+2.672",2672,"+0.871",871,
527,1992,11,7,7,"7","9","michele-alboreto","footwork","mugen-honda","goodyear","1:18.604",78604,,,,,,,"+3.128",3128,"+0.456",456,
527,1992,11,8,8,"8","25","thierry-boutsen","ligier","renault","goodyear","1:18.618",78618,,,,,,,"+3.142",3142,"+0.014",14,
527,1992,11,9,9,"9","27","jean-alesi","ferrari","ferrari","goodyear","1:18.665",78665,,,,,,,"+3.189",3189,"+0.047",47,
527,1992,11,10,10,"10","28","ivan-capelli","ferrari","ferrari","goodyear","1:18.765",78765,,,,,,,"+3.289",3289,"+0.100",100,
527,1992,11,11,11,"11","26","erik-comas","ligier","renault","goodyear","1:18.902",78902,,,,,,,"+3.426",3426,"+0.137",137,
527,1992,11,12,12,"12","15","gabriele-tarquini","fondmetal","ford","goodyear","1:19.123",79123,,,,,,,"+3.647",3647,"+0.221",221,
527,1992,11,13,13,"13","12","johnny-herbert","lotus","ford","goodyear","1:19.143",79143,,,,,,,"+3.667",3667,"+0.020",20,
527,1992,11,14,14,"14","10","aguri-suzuki","footwork","mugen-honda","goodyear","1:19.200",79200,,,,,,,"+3.724",3724,"+0.057",57,
527,1992,11,15,15,"15","29","bertrand-gachot","venturi","lamborghini","goodyear","1:19.365",79365,,,,,,,"+3.889",3889,"+0.165",165,
527,1992,11,16,16,"16","11","mika-hakkinen","lotus","ford","goodyear","1:19.587",79587,,,,,,,"+4.111",4111,"+0.222",222,
527,1992,11,17,17,"17","17","paul-belmondo","march","ilmor","goodyear","1:19.626",79626,,,,,,,"+4.150",4150,"+0.039",39,
527,1992,11,18,18,"18","14","eric-van-de-poele","fondmetal","ford","goodyear","1:19.776",79776,,,,,,,"+4.300",4300,"+0.150",150,
527,1992,11,19,19,"19","4","andrea-de-cesaris","tyrrell","ilmor","goodyear","1:19.867",79867,,,,,,,"+4.391",4391,"+0.091",91,
527,1992,11,20,20,"20","30","ukyo-katayama","venturi","lamborghini","goodyear","1:19.990",79990,,,,,,,"+4.514",4514,"+0.123",123,
527,1992,11,21,21,"21","33","mauricio-gugelmin","jordan","yamaha","goodyear","1:20.023",80023,,,,,,,"+4.547",4547,"+0.033",33,
527,1992,11,22,22,"22","3","olivier-grouillard","tyrrell","ilmor","goodyear","1:20.063",80063,,,,,,,"+4.587",4587,"+0.040",40,
527,1992,11,23,23,"23","16","karl-wendlinger","march","ilmor","goodyear","1:20.315",80315,,,,,,,"+4.839",4839,"+0.252",252,
527,1992,11,24,24,"24","32","stefano-modena","jordan","yamaha","goodyear","1:20.707",80707,,,,,,,"+5.231",5231,"+0.392",392,
527,1992,11,25,25,"25","8","damon-hill","brabham","judd","goodyear","1:20.781",80781,,,,,,,"+5.305",5305,"+0.074",74,
527,1992,11,26,26,"26","22","pierluigi-martini","dallara","ferrari","goodyear","1:20.988",80988,,,,,,,"+5.512",5512,"+0.207",207,
527,1992,11,27,27,"27","24","gianni-morbidelli","minardi","lamborghini","goodyear","1:21.246",81246,,,,,,,"+5.770",5770,"+0.258",258,
527,1992,11,28,28,"28","21","jj-lehto","dallara","ferrari","goodyear","1:21.288",81288,,,,,,,"+5.812",5812,"+0.042",42,
527,1992,11,29,29,"29","23","alex-zanardi","minardi","lamborghini","goodyear","1:21.756",81756,,,,,,,"+6.280",6280,"+0.468",468,
527,1992,11,30,30,"30","34","roberto-moreno","andrea-moda","judd","goodyear","1:22.286",82286,,,,,,,"+6.810",6810,"+0.530",530,
528,1992,12,1,1,"1","5","nigel-mansell","williams","renault","goodyear","1:50.545",110545,,,,,,,,,,,
528,1992,12,2,2,"2","1","ayrton-senna","mclaren","honda","goodyear","1:52.743",112743,,,,,,,"+2.198",2198,"+2.198",2198,
528,1992,12,3,3,"3","19","michael-schumacher","benetton","ford","goodyear","1:53.221",113221,,,,,,,"+2.676",2676,"+0.478",478,
528,1992,12,4,4,"4","6","riccardo-patrese","williams","renault","goodyear","1:53.557",113557,,,,,,,"+3.012",3012,"+0.336",336,
528,1992,12,5,5,"5","27","jean-alesi","ferrari","ferrari","goodyear","1:54.438",114438,,,,,,,"+3.893",3893,"+0.881",881,
528,1992,12,6,6,"6","2","gerhard-berger","mclaren","honda","goodyear","1:54.642",114642,,,,,,,"+4.097",4097,"+0.204",204,
528,1992,12,7,7,"7","25","thierry-boutsen","ligier","renault","goodyear","1:54.654",114654,,,,,,,"+4.109",4109,"+0.012",12,
528,1992,12,8,8,"8","11","mika-hakkinen","lotus","ford","goodyear","1:54.812",114812,,,,,,,"+4.267",4267,"+0.158",158,
528,1992,12,9,9,"9","20","martin-brundle","benetton","ford","goodyear","1:54.973",114973,,,,,,,"+4.428",4428,"+0.161",161,
528,1992,12,10,10,"10","12","johnny-herbert","lotus","ford","goodyear","1:55.027",115027,,,,,,,"+4.482",4482,"+0.054",54,
528,1992,12,11,11,"11","15","gabriele-tarquini","fondmetal","ford","goodyear","1:55.965",115965,,,,,,,"+5.420",5420,"+0.938",938,
528,1992,12,12,12,"12","28","ivan-capelli","ferrari","ferrari","goodyear","1:56.075",116075,,,,,,,"+5.530",5530,"+0.110",110,
528,1992,12,13,13,"13","4","andrea-de-cesaris","tyrrell","ilmor","goodyear","1:56.111",116111,,,,,,,"+5.566",5566,"+0.036",36,
528,1992,12,14,14,"14","9","michele-alboreto","footwork","mugen-honda","goodyear","1:56.282",116282,,,,,,,"+5.737",5737,"+0.171",171,
528,1992,12,15,15,"15","14","eric-van-de-poele","fondmetal","ford","goodyear","1:56.674",116674,,,,,,,"+6.129",6129,"+0.392",392,
528,1992,12,16,16,"16","21","jj-lehto","dallara","ferrari","goodyear","1:56.809",116809,,,,,,,"+6.264",6264,"+0.135",135,
528,1992,12,17,17,"17","32","stefano-modena","jordan","yamaha","goodyear","1:56.889",116889,,,,,,,"+6.344",6344,"+0.080",80,
528,1992,12,18,18,"18","16","karl-wendlinger","march","ilmor","goodyear","1:57.039",117039,,,,,,,"+6.494",6494,"+0.150",150,
528,1992,12,19,19,"19","22","pierluigi-martini","dallara","ferrari","goodyear","1:57.267",117267,,,,,,,"+6.722",6722,"+0.228",228,
528,1992,12,20,20,"20","29","bertrand-gachot","venturi","lamborghini","goodyear","1:57.330",117330,,,,,,,"+6.785",6785,"+0.063",63,
528,1992,12,21,21,"21","17","emanuele-naspetti","march","ilmor","goodyear","1:57.794",117794,,,,,,,"+7.249",7249,"+0.464",464,
528,1992,12,22,22,"22","3","olivier-grouillard","tyrrell","ilmor","goodyear","1:57.818",117818,,,,,,,"+7.273",7273,"+0.024",24,
528,1992,12,23,23,"23","24","gianni-morbidelli","minardi","lamborghini","goodyear","1:58.126",118126,,,,,,,"+7.581",7581,"+0.308",308,
528,1992,12,24,24,"24","33","mauricio-gugelmin","jordan","yamaha","goodyear","1:58.499",118499,,,,,,,"+7.954",7954,"+0.373",373,
528,1992,12,25,25,"25","10","aguri-suzuki","footwork","mugen-honda","goodyear","1:58.826",118826,,,,,,,"+8.281",8281,"+0.327",327,
528,1992,12,26,26,"26","30","ukyo-katayama","venturi","lamborghini","goodyear","1:59.383",119383,,,,,,,"+8.838",8838,"+0.557",557,
528,1992,12,27,27,"27","23","christian-fittipaldi","minardi","lamborghini","goodyear","1:59.626",119626,,,,,,,"+9.081",9081,"+0.243",243,
528,1992,12,28,28,"28","34","roberto-moreno","andrea-moda","judd","goodyear","2:05.096",125096,,,,,,,"+14.551",14551,"+5.470",5470,
528,1992,12,29,29,"29","35","perry-mccarthy","andrea-moda","judd","goodyear","2:15.050",135050,,,,,,,"+24.505",24505,"+9.954",9954,
529,1992,13,1,1,"1","5","nigel-mansell","williams","renault","goodyear","1:22.221",82221,,,,,,,,,,,
529,1992,13,2,2,"2","1","ayrton-senna","mclaren","honda","goodyear","1:22.822",82822,,,,,,,"+0.601",601,"+0.601",601,
529,1992,13,3,3,"3","27","jean-alesi","ferrari","ferrari","goodyear","1:22.976",82976,,,,,,,"+0.755",755,"+0.154",154,
529,1992,13,4,4,"4","6","riccardo-patrese","williams","renault","goodyear","1:23.022",83022,,,,,,,"+0.801",801,"+0.046",46,
529,1992,13,5,5,"5","2","gerhard-berger","mclaren","honda","goodyear","1:23.112",83112,,,,,,,"+0.891",891,"+0.090",90,
529,1992,13,6,6,"6","19","michael-schumacher","benetton","ford","goodyear","1:23.629",83629,,,,,,,"+1.408",1408,"+0.517",517,
529,1992,13,7,7,"7","28","ivan-capelli","ferrari","ferrari","goodyear","1:24.321",84321,,,,,,,"+2.100",2100,"+0.692",692,
529,1992,13,8,8,"8","25","thierry-boutsen","ligier","renault","goodyear","1:24.413",84413,,,,,,,"+2.192",2192,"+0.092",92,
529,1992,13,9,9,"9","20","martin-brundle","benetton","ford","goodyear","1:24.551",84551,,,,,,,"+2.330",2330,"+0.138",138,
529,1992,13,10,10,"10","29","bertrand-gachot","venturi","lamborghini","goodyear","1:24.654",84654,,,,,,,"+2.433",2433,"+0.103",103,
529,1992,13,11,11,"11","11","mika-hakkinen","lotus","ford","goodyear","1:24.807",84807,,,,,,,"+2.586",2586,"+0.153",153,
529,1992,13,12,12,"12","24","gianni-morbidelli","minardi","lamborghini","goodyear","1:24.912",84912,,,,,,,"+2.691",2691,"+0.105",105,
529,1992,13,13,13,"13","12","johnny-herbert","lotus","ford","goodyear","1:25.140",85140,,,,,,,"+2.919",2919,"+0.228",228,
529,1992,13,14,14,"14","21","jj-lehto","dallara","ferrari","goodyear","1:25.145",85145,,,,,,,"+2.924",2924,"+0.005",5,
529,1992,13,15,15,"15","26","erik-comas","ligier","renault","goodyear","1:25.178",85178,,,,,,,"+2.957",2957,"+0.033",33,
529,1992,13,16,16,"16","9","michele-alboreto","footwork","mugen-honda","goodyear","1:25.234",85234,,,,,,,"+3.013",3013,"+0.056",56,
529,1992,13,17,17,"17","16","karl-wendlinger","march","ilmor","goodyear","1:25.343",85343,,,,,,,"+3.122",3122,"+0.109",109,
529,1992,13,18,18,"18","3","olivier-grouillard","tyrrell","ilmor","goodyear","1:25.354",85354,,,,,,,"+3.133",3133,"+0.011",11,
529,1992,13,19,19,"19","10","aguri-suzuki","footwork","mugen-honda","goodyear","1:25.374",85374,,,,,,,"+3.153",3153,"+0.020",20,
529,1992,13,20,20,"20","15","gabriele-tarquini","fondmetal","ford","goodyear","1:25.420",85420,,,,,,,"+3.199",3199,"+0.046",46,
529,1992,13,21,21,"21","4","andrea-de-cesaris","tyrrell","ilmor","goodyear","1:25.425",85425,,,,,,,"+3.204",3204,"+0.005",5,
529,1992,13,22,22,"22","22","pierluigi-martini","dallara","ferrari","goodyear","1:25.528",85528,,,,,,,"+3.307",3307,"+0.103",103,
529,1992,13,23,23,"23","30","ukyo-katayama","venturi","lamborghini","goodyear","1:26.174",86174,,,,,,,"+3.953",3953,"+0.646",646,
529,1992,13,24,24,"24","17","emanuele-naspetti","march","ilmor","goodyear","1:26.279",86279,,,,,,,"+4.058",4058,"+0.105",105,
529,1992,13,25,25,"25","14","eric-van-de-poele","fondmetal","ford","goodyear","1:26.407",86407,,,,,,,"+4.186",4186,"+0.128",128,
529,1992,13,26,26,"26","33","mauricio-gugelmin","jordan","yamaha","goodyear","1:26.463",86463,,,,,,,"+4.242",4242,"+0.056",56,
529,1992,13,27,27,"27","23","christian-fittipaldi","minardi","lamborghini","goodyear","1:26.510",86510,,,,,,,"+4.289",4289,"+0.047",47,
529,1992,13,28,28,"28","32","stefano-modena","jordan","yamaha","goodyear","1:27.331",87331,,,,,,,"+5.110",5110,"+0.821",821,
530,1992,14,1,1,"1","5","nigel-mansell","williams","renault","goodyear","1:13.041",73041,,,,,,,,,,,
530,1992,14,2,2,"2","6","riccardo-patrese","williams","renault","goodyear","1:13.672",73672,,,,,,,"+0.631",631,"+0.631",631,
530,1992,14,3,3,"3","1","ayrton-senna","mclaren","honda","goodyear","1:14.258",74258,,,,,,,"+1.217",1217,"+0.586",586,
530,1992,14,4,4,"4","2","gerhard-berger","mclaren","honda","goodyear","1:15.068",75068,,,,,,,"+2.027",2027,"+0.810",810,
530,1992,14,5,5,"5","19","michael-schumacher","benetton","ford","goodyear","1:15.356",75356,,,,,,,"+2.315",2315,"+0.288",288,
530,1992,14,6,6,"6","20","martin-brundle","benetton","ford","goodyear","1:16.084",76084,,,,,,,"+3.043",3043,"+0.728",728,
530,1992,14,7,7,"7","11","mika-hakkinen","lotus","ford","goodyear","1:16.173",76173,,,,,,,"+3.132",3132,"+0.089",89,
530,1992,14,8,8,"8","9","michele-alboreto","footwork","mugen-honda","goodyear","1:16.282",76282,,,,,,,"+3.241",3241,"+0.109",109,
530,1992,14,9,9,"9","12","johnny-herbert","lotus","ford","goodyear","1:16.628",76628,,,,,,,"+3.587",3587,"+0.346",346,
530,1992,14,10,10,"10","27","jean-alesi","ferrari","ferrari","goodyear","1:16.884",76884,,,,,,,"+3.843",3843,"+0.256",256,
530,1992,14,11,11,"11","25","thierry-boutsen","ligier","renault","goodyear","1:16.930",76930,,,,,,,"+3.889",3889,"+0.046",46,
530,1992,14,12,12,"12","4","andrea-de-cesaris","tyrrell","ilmor","goodyear","1:17.240",77240,,,,,,,"+4.199",4199,"+0.310",310,
530,1992,14,13,13,"13","29","bertrand-gachot","venturi","lamborghini","goodyear","1:17.250",77250,,,,,,,"+4.209",4209,"+0.010",10,
530,1992,14,14,14,"14","26","erik-comas","ligier","renault","goodyear","1:17.264",77264,,,,,,,"+4.223",4223,"+0.014",14,
530,1992,14,15,15,"15","3","olivier-grouillard","tyrrell","ilmor","goodyear","1:17.277",77277,,,,,,,"+4.236",4236,"+0.013",13,
530,1992,14,16,16,"16","28","ivan-capelli","ferrari","ferrari","goodyear","1:17.287",77287,,,,,,,"+4.246",4246,"+0.010",10,
530,1992,14,17,17,"17","10","aguri-suzuki","footwork","mugen-honda","goodyear","1:17.361",77361,,,,,,,"+4.320",4320,"+0.074",74,
530,1992,14,18,18,"18","24","gianni-morbidelli","minardi","lamborghini","goodyear","1:17.387",77387,,,,,,,"+4.346",4346,"+0.026",26,
530,1992,14,19,19,"19","21","jj-lehto","dallara","ferrari","goodyear","1:17.474",77474,,,,,,,"+4.433",4433,"+0.087",87,
530,1992,14,20,20,"20","33","mauricio-gugelmin","jordan","yamaha","goodyear","1:17.631",77631,,,,,,,"+4.590",4590,"+0.157",157,
530,1992,14,21,21,"21","22","pierluigi-martini","dallara","ferrari","goodyear","1:17.661",77661,,,,,,,"+4.620",4620,"+0.030",30,
530,1992,14,22,22,"22","16","karl-wendlinger","march","ilmor","goodyear","1:18.060",78060,,,,,,,"+5.019",5019,"+0.399",399,
530,1992,14,23,23,"23","17","emanuele-naspetti","march","ilmor","goodyear","1:18.092",78092,,,,,,,"+5.051",5051,"+0.032",32,
530,1992,14,24,24,"24","32","stefano-modena","jordan","yamaha","goodyear","1:18.318",78318,,,,,,,"+5.277",5277,"+0.226",226,
530,1992,14,25,25,"25","30","ukyo-katayama","venturi","lamborghini","goodyear","1:18.592",78592,,,,,,,"+5.551",5551,"+0.274",274,
530,1992,14,26,26,"26","23","christian-fittipaldi","minardi","lamborghini","goodyear","1:18.615",78615,,,,,,,"+5.574",5574,"+0.023",23,
531,1992,15,1,1,"1","5","nigel-mansell","williams","renault","goodyear","1:37.360",97360,,,,,,,,,,,
531,1992,15,2,2,"2","6","riccardo-patrese","williams","renault","goodyear","1:38.219",98219,,,,,,,"+0.859",859,"+0.859",859,
531,1992,15,3,3,"3","1","ayrton-senna","mclaren","honda","goodyear","1:38.375",98375,,,,,,,"+1.015",1015,"+0.156",156,
531,1992,15,4,4,"4","2","gerhard-berger","mclaren","honda","goodyear","1:40.296",100296,,,,,,,"+2.936",2936,"+1.921",1921,
531,1992,15,5,5,"5","19","michael-schumacher","benetton","ford","goodyear","1:40.922",100922,,,,,,,"+3.562",3562,"+0.626",626,
531,1992,15,6,6,"6","12","johnny-herbert","lotus","ford","goodyear","1:41.030",101030,,,,,,,"+3.670",3670,"+0.108",108,
531,1992,15,7,7,"7","11","mika-hakkinen","lotus","ford","goodyear","1:41.415",101415,,,,,,,"+4.055",4055,"+0.385",385,
531,1992,15,8,8,"8","26","erik-comas","ligier","renault","goodyear","1:42.187",102187,,,,,,,"+4.827",4827,"+0.772",772,
531,1992,15,9,9,"9","4","andrea-de-cesaris","tyrrell","ilmor","goodyear","1:42.361",102361,,,,,,,"+5.001",5001,"+0.174",174,
531,1992,15,10,10,"10","25","thierry-boutsen","ligier","renault","goodyear","1:42.428",102428,,,,,,,"+5.068",5068,"+0.067",67,
531,1992,15,11,11,"11","28","nicola-larini","ferrari","ferrari","goodyear","1:42.488",102488,,,,,,,"+5.128",5128,"+0.060",60,
531,1992,15,12,12,"12","23","christian-fittipaldi","minardi","lamborghini","goodyear","1:42.617",102617,,,,,,,"+5.257",5257,"+0.129",129,
531,1992,15,13,13,"13","20","martin-brundle","benetton","ford","goodyear","1:42.626",102626,,,,,,,"+5.266",5266,"+0.009",9,
531,1992,15,14,14,"14","24","gianni-morbidelli","minardi","lamborghini","goodyear","1:42.627",102627,,,,,,,"+5.267",5267,"+0.001",1,
531,1992,15,15,15,"15","27","jean-alesi","ferrari","ferrari","goodyear","1:42.824",102824,,,,,,,"+5.464",5464,"+0.197",197,
531,1992,15,16,16,"16","10","aguri-suzuki","footwork","mugen-honda","goodyear","1:43.029",103029,,,,,,,"+5.669",5669,"+0.205",205,
531,1992,15,17,17,"17","32","stefano-modena","jordan","yamaha","goodyear","1:43.117",103117,,,,,,,"+5.757",5757,"+0.088",88,
531,1992,15,18,18,"18","29","bertrand-gachot","venturi","lamborghini","goodyear","1:43.156",103156,,,,,,,"+5.796",5796,"+0.039",39,
531,1992,15,19,19,"19","22","pierluigi-martini","dallara","ferrari","goodyear","1:43.251",103251,,,,,,,"+5.891",5891,"+0.095",95,
531,1992,15,20,20,"20","30","ukyo-katayama","venturi","lamborghini","goodyear","1:43.488",103488,,,,,,,"+6.128",6128,"+0.237",237,
531,1992,15,21,21,"21","3","olivier-grouillard","tyrrell","ilmor","goodyear","1:43.941",103941,,,,,,,"+6.581",6581,"+0.453",453,
531,1992,15,22,22,"22","21","jj-lehto","dallara","ferrari","goodyear","1:44.037",104037,,,,,,,"+6.677",6677,"+0.096",96,
531,1992,15,23,23,"23","16","jan-lammers","march","ilmor","goodyear","1:44.075",104075,,,,,,,"+6.715",6715,"+0.038",38,
531,1992,15,24,24,"24","9","michele-alboreto","footwork","mugen-honda","goodyear","1:44.149",104149,,,,,,,"+6.789",6789,"+0.074",74,
531,1992,15,25,25,"25","33","mauricio-gugelmin","jordan","yamaha","goodyear","1:44.253",104253,,,,,,,"+6.893",6893,"+0.104",104,
531,1992,15,26,26,"26","17","emanuele-naspetti","march","ilmor","goodyear","1:47.303",107303,,,,,,,"+9.943",9943,"+3.050",3050,
532,1992,16,1,1,"1","5","nigel-mansell","williams","renault","goodyear","1:13.732",73732,,,,,,,,,,,
532,1992,16,2,2,"2","1","ayrton-senna","mclaren","honda","goodyear","1:14.202",74202,,,,,,,"+0.470",470,"+0.470",470,
532,1992,16,3,3,"3","6","riccardo-patrese","williams","renault","goodyear","1:14.370",74370,,,,,,,"+0.638",638,"+0.168",168,
532,1992,16,4,4,"4","2","gerhard-berger","mclaren","honda","goodyear","1:15.114",75114,,,,,,,"+1.382",1382,"+0.744",744,
532,1992,16,5,5,"5","19","michael-schumacher","benetton","ford","goodyear","1:15.210",75210,,,,,,,"+1.478",1478,"+0.096",96,
532,1992,16,6,6,"6","27","jean-alesi","ferrari","ferrari","goodyear","1:16.091",76091,,,,,,,"+2.359",2359,"+0.881",881,
532,1992,16,7,7,"7","4","andrea-de-cesaris","tyrrell","ilmor","goodyear","1:16.440",76440,,,,,,,"+2.708",2708,"+0.349",349,
532,1992,16,8,8,"8","20","martin-brundle","benetton","ford","goodyear","1:16.562",76562,,,,,,,"+2.830",2830,"+0.122",122,
532,1992,16,9,9,"9","26","erik-comas","ligier","renault","goodyear","1:16.727",76727,,,,,,,"+2.995",2995,"+0.165",165,
532,1992,16,10,10,"10","11","mika-hakkinen","lotus","ford","goodyear","1:16.863",76863,,,,,,,"+3.131",3131,"+0.136",136,
532,1992,16,11,11,"11","9","michele-alboreto","footwork","mugen-honda","goodyear","1:16.937",76937,,,,,,,"+3.205",3205,"+0.074",74,
532,1992,16,12,12,"12","12","johnny-herbert","lotus","ford","goodyear","1:16.944",76944,,,,,,,"+3.212",3212,"+0.007",7,
532,1992,16,13,13,"13","3","olivier-grouillard","tyrrell","ilmor","goodyear","1:17.037",77037,,,,,,,"+3.305",3305,"+0.093",93,
532,1992,16,14,14,"14","22","pierluigi-martini","dallara","ferrari","goodyear","1:17.047",77047,,,,,,,"+3.315",3315,"+0.010",10,
532,1992,16,15,15,"15","32","stefano-modena","jordan","yamaha","goodyear","1:17.231",77231,,,,,,,"+3.499",3499,"+0.184",184,
532,1992,16,16,16,"16","24","gianni-morbidelli","minardi","lamborghini","goodyear","1:17.333",77333,,,,,,,"+3.601",3601,"+0.102",102,
532,1992,16,17,17,"17","23","christian-fittipaldi","minardi","lamborghini","goodyear","1:17.367",77367,,,,,,,"+3.635",3635,"+0.034",34,
532,1992,16,18,18,"18","10","aguri-suzuki","footwork","mugen-honda","goodyear","1:17.409",77409,,,,,,,"+3.677",3677,"+0.042",42,
532,1992,16,19,19,"19","28","nicola-larini","ferrari","ferrari","goodyear","1:17.465",77465,,,,,,,"+3.733",3733,"+0.056",56,
532,1992,16,20,20,"20","33","mauricio-gugelmin","jordan","yamaha","goodyear","1:17.805",77805,,,,,,,"+4.073",4073,"+0.340",340,
532,1992,16,21,21,"21","29","bertrand-gachot","venturi","lamborghini","goodyear","1:17.808",77808,,,,,,,"+4.076",4076,"+0.003",3,
532,1992,16,22,22,"22","25","thierry-boutsen","ligier","renault","goodyear","1:17.957",77957,,,,,,,"+4.225",4225,"+0.149",149,
532,1992,16,23,23,"23","17","emanuele-naspetti","march","ilmor","goodyear","1:18.138",78138,,,,,,,"+4.406",4406,"+0.181",181,
532,1992,16,24,24,"24","21","jj-lehto","dallara","ferrari","goodyear","1:18.565",78565,,,,,,,"+4.833",4833,"+0.427",427,
532,1992,16,25,25,"25","16","jan-lammers","march","ilmor","goodyear","1:18.843",78843,,,,,,,"+5.111",5111,"+0.278",278,
532,1992,16,26,26,"26","30","ukyo-katayama","venturi","lamborghini","goodyear","1:18.862",78862,,,,,,,"+5.130",5130,"+0.019",19,
533,1993,1,1,1,"1","2","alain-prost","williams","renault","goodyear","1:15.696",75696,,,,,,,,,,,
533,1993,1,2,2,"2","8","ayrton-senna","mclaren","ford","goodyear","1:15.784",75784,,,,,,,"+0.088",88,"+0.088",88,
533,1993,1,3,3,"3","5","michael-schumacher","benetton","ford","goodyear","1:17.261",77261,,,,,,,"+1.565",1565,"+1.477",1477,
533,1993,1,4,4,"4","0","damon-hill","williams","renault","goodyear","1:17.592",77592,,,,,,,"+1.896",1896,"+0.331",331,
533,1993,1,5,5,"5","27","jean-alesi","ferrari","ferrari","goodyear","1:18.234",78234,,,,,,,"+2.538",2538,"+0.642",642,
533,1993,1,6,6,"6","30","jj-lehto","sauber","sauber","goodyear","1:18.664",78664,,,,,,,"+2.968",2968,"+0.430",430,
533,1993,1,7,7,"7","6","riccardo-patrese","benetton","ford","goodyear","1:18.676",78676,,,,,,,"+2.980",2980,"+0.012",12,
533,1993,1,8,8,"8","26","mark-blundell","ligier","renault","goodyear","1:18.687",78687,,,,,,,"+2.991",2991,"+0.011",11,
533,1993,1,9,9,"9","7","michael-andretti","mclaren","ford","goodyear","1:18.786",78786,,,,,,,"+3.090",3090,"+0.099",99,
533,1993,1,10,10,"10","29","karl-wendlinger","sauber","sauber","goodyear","1:18.950",78950,,,,,,,"+3.254",3254,"+0.164",164,
533,1993,1,11,11,"11","19","philippe-alliot","larrousse","lamborghini","goodyear","1:19.034",79034,,,,,,,"+3.338",3338,"+0.084",84,
533,1993,1,12,12,"12","25","martin-brundle","ligier","renault","goodyear","1:19.138",79138,,,,,,,"+3.442",3442,"+0.104",104,
533,1993,1,13,13,"13","23","christian-fittipaldi","minardi","ford","goodyear","1:19.285",79285,,,,,,,"+3.589",3589,"+0.147",147,
533,1993,1,14,14,"14","14","rubens-barrichello","jordan","hart","goodyear","1:19.305",79305,,,,,,,"+3.609",3609,"+0.020",20,
533,1993,1,15,15,"15","28","gerhard-berger","ferrari","ferrari","goodyear","1:19.386",79386,,,,,,,"+3.690",3690,"+0.081",81,
533,1993,1,16,16,"16","11","alex-zanardi","lotus","ford","goodyear","1:19.396",79396,,,,,,,"+3.700",3700,"+0.010",10,
533,1993,1,17,17,"17","12","johnny-herbert","lotus","ford","goodyear","1:19.498",79498,,,,,,,"+3.802",3802,"+0.102",102,
533,1993,1,18,18,"18","15","ivan-capelli","jordan","hart","goodyear","1:19.759",79759,,,,,,,"+4.063",4063,"+0.261",261,
533,1993,1,19,19,"19","20","erik-comas","larrousse","lamborghini","goodyear","1:20.081",80081,,,,,,,"+4.385",4385,"+0.322",322,
533,1993,1,20,20,"20","10","aguri-suzuki","footwork","mugen-honda","goodyear","1:20.237",80237,,,,,,,"+4.541",4541,"+0.156",156,
533,1993,1,21,21,"21","3","ukyo-katayama","tyrrell","yamaha","goodyear","1:20.401",80401,,,,,,,"+4.705",4705,"+0.164",164,
533,1993,1,22,22,"22","9","derek-warwick","footwork","mugen-honda","goodyear","1:20.402",80402,,,,,,,"+4.706",4706,"+0.001",1,
533,1993,1,23,23,"23","4","andrea-de-cesaris","tyrrell","yamaha","goodyear","1:20.660",80660,,,,,,,"+4.964",4964,"+0.258",258,
533,1993,1,24,24,"24","24","fabrizio-barbazza","minardi","ford","goodyear","1:20.994",80994,,,,,,,"+5.298",5298,"+0.334",334,
533,1993,1,25,25,"25","21","michele-alboreto","lola","ferrari","goodyear","1:21.893",81893,,,,,,,"+6.197",6197,"+0.899",899,
533,1993,1,26,26,"26","22","luca-badoer","lola","ferrari","goodyear","1:24.737",84737,,,,,,,"+9.041",9041,"+2.844",2844,
534,1993,2,1,1,"1","2","alain-prost","williams","renault","goodyear","1:15.866",75866,,,,,,,,,,,
534,1993,2,2,2,"2","0","damon-hill","williams","renault","goodyear","1:16.859",76859,,,,,,,"+0.993",993,"+0.993",993,
534,1993,2,3,3,"3","8","ayrton-senna","mclaren","ford","goodyear","1:17.697",77697,,,,,,,"+1.831",1831,"+0.838",838,
534,1993,2,4,4,"4","5","michael-schumacher","benetton","ford","goodyear","1:17.821",77821,,,,,,,"+1.955",1955,"+0.124",124,
534,1993,2,5,5,"5","7","michael-andretti","mclaren","ford","goodyear","1:18.635",78635,,,,,,,"+2.769",2769,"+0.814",814,
534,1993,2,6,6,"6","6","riccardo-patrese","benetton","ford","goodyear","1:19.049",79049,,,,,,,"+3.183",3183,"+0.414",414,
534,1993,2,7,7,"7","30","jj-lehto","sauber","sauber","goodyear","1:19.207",79207,,,,,,,"+3.341",3341,"+0.158",158,
534,1993,2,8,8,"8","29","karl-wendlinger","sauber","sauber","goodyear","1:19.230",79230,,,,,,,"+3.364",3364,"+0.023",23,
534,1993,2,9,9,"9","27","jean-alesi","ferrari","ferrari","goodyear","1:19.260",79260,,,,,,,"+3.394",3394,"+0.030",30,
534,1993,2,10,10,"10","26","mark-blundell","ligier","renault","goodyear","1:19.296",79296,,,,,,,"+3.430",3430,"+0.036",36,
534,1993,2,11,11,"11","19","philippe-alliot","larrousse","lamborghini","goodyear","1:19.340",79340,,,,,,,"+3.474",3474,"+0.044",44,
534,1993,2,12,12,"12","12","johnny-herbert","lotus","ford","goodyear","1:19.435",79435,,,,,,,"+3.569",3569,"+0.095",95,
534,1993,2,13,13,"13","28","gerhard-berger","ferrari","ferrari","goodyear","1:19.561",79561,,,,,,,"+3.695",3695,"+0.126",126,
534,1993,2,14,14,"14","14","rubens-barrichello","jordan","hart","goodyear","1:19.593",79593,,,,,,,"+3.727",3727,"+0.032",32,
534,1993,2,15,15,"15","11","alex-zanardi","lotus","ford","goodyear","1:19.804",79804,,,,,,,"+3.938",3938,"+0.211",211,
534,1993,2,16,16,"16","25","martin-brundle","ligier","renault","goodyear","1:19.835",79835,,,,,,,"+3.969",3969,"+0.031",31,
534,1993,2,17,17,"17","20","erik-comas","larrousse","lamborghini","goodyear","1:19.868",79868,,,,,,,"+4.002",4002,"+0.033",33,
534,1993,2,18,18,"18","9","derek-warwick","footwork","mugen-honda","goodyear","1:20.064",80064,,,,,,,"+4.198",4198,"+0.196",196,
534,1993,2,19,19,"19","10","aguri-suzuki","footwork","mugen-honda","goodyear","1:20.232",80232,,,,,,,"+4.366",4366,"+0.168",168,
534,1993,2,20,20,"20","23","christian-fittipaldi","minardi","ford","goodyear","1:20.716",80716,,,,,,,"+4.850",4850,"+0.484",484,
534,1993,2,21,21,"21","22","luca-badoer","lola","ferrari","goodyear","1:20.908",80908,,,,,,,"+5.042",5042,"+0.192",192,
534,1993,2,22,22,"22","3","ukyo-katayama","tyrrell","yamaha","goodyear","1:20.991",80991,,,,,,,"+5.125",5125,"+0.083",83,
534,1993,2,23,23,"23","4","andrea-de-cesaris","tyrrell","yamaha","goodyear","1:21.224",81224,,,,,,,"+5.358",5358,"+0.233",233,
534,1993,2,24,24,"24","24","fabrizio-barbazza","minardi","ford","goodyear","1:21.228",81228,,,,,,,"+5.362",5362,"+0.004",4,
534,1993,2,25,25,"25","21","michele-alboreto","lola","ferrari","goodyear","1:21.488",81488,,,,,,,"+5.622",5622,"+0.260",260,
534,1993,2,26,26,"26","15","ivan-capelli","jordan","hart","goodyear","1:21.789",81789,,,,,,,"+5.923",5923,"+0.301",301,
535,1993,3,1,1,"1","2","alain-prost","williams","renault","goodyear","1:10.458",70458,,,,,,,,,,,
535,1993,3,2,2,"2","0","damon-hill","williams","renault","goodyear","1:10.762",70762,,,,,,,"+0.304",304,"+0.304",304,
535,1993,3,3,3,"3","5","michael-schumacher","benetton","ford","goodyear","1:12.008",72008,,,,,,,"+1.550",1550,"+1.246",1246,
535,1993,3,4,4,"4","8","ayrton-senna","mclaren","ford","goodyear","1:12.107",72107,,,,,,,"+1.649",1649,"+0.099",99,
535,1993,3,5,5,"5","29","karl-wendlinger","sauber","sauber","goodyear","1:12.738",72738,,,,,,,"+2.280",2280,"+0.631",631,
535,1993,3,6,6,"6","7","michael-andretti","mclaren","ford","goodyear","1:12.739",72739,,,,,,,"+2.281",2281,"+0.001",1,
535,1993,3,7,7,"7","30","jj-lehto","sauber","sauber","goodyear","1:12.763",72763,,,,,,,"+2.305",2305,"+0.024",24,
535,1993,3,8,8,"8","28","gerhard-berger","ferrari","ferrari","goodyear","1:12.862",72862,,,,,,,"+2.404",2404,"+0.099",99,
535,1993,3,9,9,"9","27","jean-alesi","ferrari","ferrari","goodyear","1:12.980",72980,,,,,,,"+2.522",2522,"+0.118",118,
535,1993,3,10,10,"10","6","riccardo-patrese","benetton","ford","goodyear","1:12.982",72982,,,,,,,"+2.524",2524,"+0.002",2,
535,1993,3,11,11,"11","12","johnny-herbert","lotus","ford","goodyear","1:13.328",73328,,,,,,,"+2.870",2870,"+0.346",346,
535,1993,3,12,12,"12","14","rubens-barrichello","jordan","hart","goodyear","1:13.514",73514,,,,,,,"+3.056",3056,"+0.186",186,
535,1993,3,13,13,"13","11","alex-zanardi","lotus","ford","goodyear","1:13.560",73560,,,,,,,"+3.102",3102,"+0.046",46,
535,1993,3,14,14,"14","9","derek-warwick","footwork","mugen-honda","goodyear","1:13.664",73664,,,,,,,"+3.206",3206,"+0.104",104,
535,1993,3,15,15,"15","19","philippe-alliot","larrousse","lamborghini","goodyear","1:13.665",73665,,,,,,,"+3.207",3207,"+0.001",1,
535,1993,3,16,16,"16","23","christian-fittipaldi","minardi","ford","goodyear","1:13.666",73666,,,,,,,"+3.208",3208,"+0.001",1,
535,1993,3,17,17,"17","20","erik-comas","larrousse","lamborghini","goodyear","1:13.970",73970,,,,,,,"+3.512",3512,"+0.304",304,
535,1993,3,18,18,"18","3","ukyo-katayama","tyrrell","yamaha","goodyear","1:14.121",74121,,,,,,,"+3.663",3663,"+0.151",151,
535,1993,3,19,19,"19","15","thierry-boutsen","jordan","hart","goodyear","1:14.246",74246,,,,,,,"+3.788",3788,"+0.125",125,
535,1993,3,20,20,"20","24","fabrizio-barbazza","minardi","ford","goodyear","1:14.274",74274,,,,,,,"+3.816",3816,"+0.028",28,
535,1993,3,21,21,"21","26","mark-blundell","ligier","renault","goodyear","1:14.301",74301,,,,,,,"+3.843",3843,"+0.027",27,
535,1993,3,22,22,"22","25","martin-brundle","ligier","renault","goodyear","1:14.306",74306,,,,,,,"+3.848",3848,"+0.005",5,
535,1993,3,23,23,"23","10","aguri-suzuki","footwork","mugen-honda","goodyear","1:14.927",74927,,,,,,,"+4.469",4469,"+0.621",621,
535,1993,3,24,24,"24","21","michele-alboreto","lola","ferrari","goodyear","1:15.322",75322,,,,,,,"+4.864",4864,"+0.395",395,
535,1993,3,25,25,"25","4","andrea-de-cesaris","tyrrell","yamaha","goodyear","1:15.417",75417,,,,,,,"+4.959",4959,"+0.095",95,
535,1993,3,26,26,"26","22","luca-badoer","lola","ferrari","goodyear","1:15.641",75641,,,,,,,"+5.183",5183,"+0.224",224,
536,1993,4,1,1,"1","2","alain-prost","williams","renault","goodyear","1:22.070",82070,,,,,,,,,,,
536,1993,4,2,2,"2","0","damon-hill","williams","renault","goodyear","1:22.168",82168,,,,,,,"+0.098",98,"+0.098",98,
536,1993,4,3,3,"3","5","michael-schumacher","benetton","ford","goodyear","1:23.919",83919,,,,,,,"+1.849",1849,"+1.751",1751,
536,1993,4,4,4,"4","8","ayrton-senna","mclaren","ford","goodyear","1:24.007",84007,,,,,,,"+1.937",1937,"+0.088",88,
536,1993,4,5,5,"5","29","karl-wendlinger","sauber","sauber","goodyear","1:24.720",84720,,,,,,,"+2.650",2650,"+0.713",713,
536,1993,4,6,6,"6","7","michael-andretti","mclaren","ford","goodyear","1:24.793",84793,,,,,,,"+2.723",2723,"+0.073",73,
536,1993,4,7,7,"7","26","mark-blundell","ligier","renault","goodyear","1:24.804",84804,,,,,,,"+2.734",2734,"+0.011",11,
536,1993,4,8,8,"8","28","gerhard-berger","ferrari","ferrari","goodyear","1:24.822",84822,,,,,,,"+2.752",2752,"+0.018",18,
536,1993,4,9,9,"9","27","jean-alesi","ferrari","ferrari","goodyear","1:24.829",84829,,,,,,,"+2.759",2759,"+0.007",7,
536,1993,4,10,10,"10","25","martin-brundle","ligier","renault","goodyear","1:24.893",84893,,,,,,,"+2.823",2823,"+0.064",64,
536,1993,4,11,11,"11","6","riccardo-patrese","benetton","ford","goodyear","1:24.896",84896,,,,,,,"+2.826",2826,"+0.003",3,
536,1993,4,12,12,"12","12","johnny-herbert","lotus","ford","goodyear","1:25.115",85115,,,,,,,"+3.045",3045,"+0.219",219,
536,1993,4,13,13,"13","14","rubens-barrichello","jordan","hart","goodyear","1:25.169",85169,,,,,,,"+3.099",3099,"+0.054",54,
536,1993,4,14,14,"14","19","philippe-alliot","larrousse","lamborghini","goodyear","1:25.482",85482,,,,,,,"+3.412",3412,"+0.313",313,
536,1993,4,15,15,"15","9","derek-warwick","footwork","mugen-honda","goodyear","1:25.901",85901,,,,,,,"+3.831",3831,"+0.419",419,
536,1993,4,16,16,"16","30","jj-lehto","sauber","sauber","goodyear","1:25.941",85941,,,,,,,"+3.871",3871,"+0.040",40,
536,1993,4,17,17,"17","20","erik-comas","larrousse","lamborghini","goodyear","1:26.279",86279,,,,,,,"+4.209",4209,"+0.338",338,
536,1993,4,18,18,"18","4","andrea-de-cesaris","tyrrell","yamaha","goodyear","1:26.429",86429,,,,,,,"+4.359",4359,"+0.150",150,
536,1993,4,19,19,"19","15","thierry-boutsen","jordan","hart","goodyear","1:26.436",86436,,,,,,,"+4.366",4366,"+0.007",7,
536,1993,4,20,20,"20","11","alex-zanardi","lotus","ford","goodyear","1:26.465",86465,,,,,,,"+4.395",4395,"+0.029",29,
536,1993,4,21,21,"21","10","aguri-suzuki","footwork","mugen-honda","goodyear","1:26.657",86657,,,,,,,"+4.587",4587,"+0.192",192,
536,1993,4,22,22,"22","3","ukyo-katayama","tyrrell","yamaha","goodyear","1:26.900",86900,,,,,,,"+4.830",4830,"+0.243",243,
536,1993,4,23,23,"23","23","christian-fittipaldi","minardi","ford","goodyear","1:27.277",87277,,,,,,,"+5.207",5207,"+0.377",377,
536,1993,4,24,24,"24","22","luca-badoer","lola","ferrari","goodyear","1:27.371",87371,,,,,,,"+5.301",5301,"+0.094",94,
536,1993,4,25,25,"25","24","fabrizio-barbazza","minardi","ford","goodyear","1:27.602",87602,,,,,,,"+5.532",5532,"+0.231",231,
536,1993,4,26,26,"26","21","michele-alboreto","lola","ferrari","goodyear","1:27.771",87771,,,,,,,"+5.701",5701,"+0.169",169,
537,1993,5,1,1,"1","2","alain-prost","williams","renault","goodyear","1:17.809",77809,,,,,,,,,,,
537,1993,5,2,2,"2","0","damon-hill","williams","renault","goodyear","1:18.346",78346,,,,,,,"+0.537",537,"+0.537",537,
537,1993,5,3,3,"3","8","ayrton-senna","mclaren","ford","goodyear","1:19.722",79722,,,,,,,"+1.913",1913,"+1.376",1376,
537,1993,5,4,4,"4","5","michael-schumacher","benetton","ford","goodyear","1:20.520",80520,,,,,,,"+2.711",2711,"+0.798",798,
537,1993,5,5,5,"5","6","riccardo-patrese","benetton","ford","goodyear","1:20.600",80600,,,,,,,"+2.791",2791,"+0.080",80,
537,1993,5,6,6,"6","29","karl-wendlinger","sauber","sauber","goodyear","1:21.203",81203,,,,,,,"+3.394",3394,"+0.603",603,
537,1993,5,7,7,"7","7","michael-andretti","mclaren","ford","goodyear","1:21.360",81360,,,,,,,"+3.551",3551,"+0.157",157,
537,1993,5,8,8,"8","27","jean-alesi","ferrari","ferrari","goodyear","1:21.767",81767,,,,,,,"+3.958",3958,"+0.407",407,
537,1993,5,9,9,"9","30","jj-lehto","sauber","sauber","goodyear","1:22.047",82047,,,,,,,"+4.238",4238,"+0.280",280,
537,1993,5,10,10,"10","12","johnny-herbert","lotus","ford","goodyear","1:22.470",82470,,,,,,,"+4.661",4661,"+0.423",423,
537,1993,5,11,11,"11","28","gerhard-berger","ferrari","ferrari","goodyear","1:22.655",82655,,,,,,,"+4.846",4846,"+0.185",185,
537,1993,5,12,12,"12","26","mark-blundell","ligier","renault","goodyear","1:22.708",82708,,,,,,,"+4.899",4899,"+0.053",53,
537,1993,5,13,13,"13","19","philippe-alliot","larrousse","lamborghini","goodyear","1:22.887",82887,,,,,,,"+5.078",5078,"+0.179",179,
537,1993,5,14,14,"14","20","erik-comas","larrousse","lamborghini","goodyear","1:22.904",82904,,,,,,,"+5.095",5095,"+0.017",17,
537,1993,5,15,15,"15","11","alex-zanardi","lotus","ford","goodyear","1:23.026",83026,,,,,,,"+5.217",5217,"+0.122",122,
537,1993,5,16,16,"16","9","derek-warwick","footwork","mugen-honda","goodyear","1:23.086",83086,,,,,,,"+5.277",5277,"+0.060",60,
537,1993,5,17,17,"17","14","rubens-barrichello","jordan","hart","goodyear","1:23.232",83232,,,,,,,"+5.423",5423,"+0.146",146,
537,1993,5,18,18,"18","25","martin-brundle","ligier","renault","goodyear","1:23.357",83357,,,,,,,"+5.548",5548,"+0.125",125,
537,1993,5,19,19,"19","10","aguri-suzuki","footwork","mugen-honda","goodyear","1:23.432",83432,,,,,,,"+5.623",5623,"+0.075",75,
537,1993,5,20,20,"20","23","christian-fittipaldi","minardi","ford","goodyear","1:23.449",83449,,,,,,,"+5.640",5640,"+0.017",17,
537,1993,5,21,21,"21","15","thierry-boutsen","jordan","hart","goodyear","1:23.464",83464,,,,,,,"+5.655",5655,"+0.015",15,
537,1993,5,22,22,"22","22","luca-badoer","lola","ferrari","goodyear","1:24.268",84268,,,,,,,"+6.459",6459,"+0.804",804,
537,1993,5,23,23,"23","3","ukyo-katayama","tyrrell","yamaha","goodyear","1:24.291",84291,,,,,,,"+6.482",6482,"+0.023",23,
537,1993,5,24,24,"24","4","andrea-de-cesaris","tyrrell","yamaha","goodyear","1:24.358",84358,,,,,,,"+6.549",6549,"+0.067",67,
537,1993,5,25,25,"25","24","fabrizio-barbazza","minardi","ford","goodyear","1:24.399",84399,,,,,,,"+6.590",6590,"+0.041",41,
537,1993,5,26,26,"26","21","michele-alboreto","lola","ferrari","goodyear","1:25.396",85396,,,,,,,"+7.587",7587,"+0.997",997,
538,1993,6,1,1,"1","2","alain-prost","williams","renault","goodyear","1:20.557",80557,,,,,,,,,,,
538,1993,6,2,2,"2","5","michael-schumacher","benetton","ford","goodyear","1:21.190",81190,,,,,,,"+0.633",633,"+0.633",633,
538,1993,6,3,3,"3","8","ayrton-senna","mclaren","ford","goodyear","1:21.552",81552,,,,,,,"+0.995",995,"+0.362",362,
538,1993,6,4,4,"4","0","damon-hill","williams","renault","goodyear","1:21.825",81825,,,,,,,"+1.268",1268,"+0.273",273,
538,1993,6,5,5,"5","27","jean-alesi","ferrari","ferrari","goodyear","1:21.948",81948,,,,,,,"+1.391",1391,"+0.123",123,
538,1993,6,6,6,"6","6","riccardo-patrese","benetton","ford","goodyear","1:22.117",82117,,,,,,,"+1.560",1560,"+0.169",169,
538,1993,6,7,7,"7","28","gerhard-berger","ferrari","ferrari","goodyear","1:22.394",82394,,,,,,,"+1.837",1837,"+0.277",277,
538,1993,6,8,8,"8","29","karl-wendlinger","sauber","sauber","goodyear","1:22.477",82477,,,,,,,"+1.920",1920,"+0.083",83,
538,1993,6,9,9,"9","7","michael-andretti","mclaren","ford","goodyear","1:22.994",82994,,,,,,,"+2.437",2437,"+0.517",517,
538,1993,6,10,10,"10","20","erik-comas","larrousse","lamborghini","goodyear","1:23.246",83246,,,,,,,"+2.689",2689,"+0.252",252,
538,1993,6,11,11,"11","30","jj-lehto","sauber","sauber","goodyear","1:23.715",83715,,,,,,,"+3.158",3158,"+0.469",469,
538,1993,6,12,12,"12","9","derek-warwick","footwork","mugen-honda","goodyear","1:23.749",83749,,,,,,,"+3.192",3192,"+0.034",34,
538,1993,6,13,13,"13","25","martin-brundle","ligier","renault","goodyear","1:23.786",83786,,,,,,,"+3.229",3229,"+0.037",37,
538,1993,6,14,14,"14","12","johnny-herbert","lotus","ford","goodyear","1:23.812",83812,,,,,,,"+3.255",3255,"+0.026",26,
538,1993,6,15,15,"15","19","philippe-alliot","larrousse","lamborghini","goodyear","1:23.907",83907,,,,,,,"+3.350",3350,"+0.095",95,
538,1993,6,16,16,"16","14","rubens-barrichello","jordan","hart","goodyear","1:24.086",84086,,,,,,,"+3.529",3529,"+0.179",179,
538,1993,6,17,17,"17","23","christian-fittipaldi","minardi","ford","goodyear","1:24.298",84298,,,,,,,"+3.741",3741,"+0.212",212,
538,1993,6,18,18,"18","10","aguri-suzuki","footwork","mugen-honda","goodyear","1:24.524",84524,,,,,,,"+3.967",3967,"+0.226",226,
538,1993,6,19,19,"19","4","andrea-de-cesaris","tyrrell","yamaha","goodyear","1:24.544",84544,,,,,,,"+3.987",3987,"+0.020",20,
538,1993,6,20,20,"20","11","alex-zanardi","lotus","ford","goodyear","1:24.888",84888,,,,,,,"+4.331",4331,"+0.344",344,
538,1993,6,21,21,"21","26","mark-blundell","ligier","renault","goodyear","1:24.972",84972,,,,,,,"+4.415",4415,"+0.084",84,
538,1993,6,22,22,"22","3","ukyo-katayama","tyrrell","yamaha","goodyear","1:25.236",85236,,,,,,,"+4.679",4679,"+0.264",264,
538,1993,6,23,23,"23","15","thierry-boutsen","jordan","hart","goodyear","1:25.267",85267,,,,,,,"+4.710",4710,"+0.031",31,
538,1993,6,24,24,"24","21","michele-alboreto","lola","ferrari","goodyear","1:26.444",86444,,,,,,,"+5.887",5887,"+1.177",1177,
538,1993,6,25,25,"25","24","fabrizio-barbazza","minardi","ford","goodyear","1:26.582",86582,,,,,,,"+6.025",6025,"+0.138",138,
538,1993,6,26,26,"26","22","luca-badoer","lola","ferrari","goodyear","1:29.613",89613,,,,,,,"+9.056",9056,"+3.031",3031,
539,1993,7,1,1,"1","2","alain-prost","williams","renault","goodyear","1:18.987",78987,,,,,,,,,,,
539,1993,7,2,2,"2","0","damon-hill","williams","renault","goodyear","1:19.491",79491,,,,,,,"+0.504",504,"+0.504",504,
539,1993,7,3,3,"3","5","michael-schumacher","benetton","ford","goodyear","1:20.808",80808,,,,,,,"+1.821",1821,"+1.317",1317,
539,1993,7,4,4,"4","6","riccardo-patrese","benetton","ford","goodyear","1:20.948",80948,,,,,,,"+1.961",1961,"+0.140",140,
539,1993,7,5,5,"5","28","gerhard-berger","ferrari","ferrari","goodyear","1:21.278",81278,,,,,,,"+2.291",2291,"+0.330",330,
539,1993,7,6,6,"6","27","jean-alesi","ferrari","ferrari","goodyear","1:21.414",81414,,,,,,,"+2.427",2427,"+0.136",136,
539,1993,7,7,7,"7","25","martin-brundle","ligier","renault","goodyear","1:21.603",81603,,,,,,,"+2.616",2616,"+0.189",189,
539,1993,7,8,8,"8","8","ayrton-senna","mclaren","ford","goodyear","1:21.706",81706,,,,,,,"+2.719",2719,"+0.103",103,
539,1993,7,9,9,"9","29","karl-wendlinger","sauber","sauber","goodyear","1:21.813",81813,,,,,,,"+2.826",2826,"+0.107",107,
539,1993,7,10,10,"10","26","mark-blundell","ligier","renault","goodyear","1:22.097",82097,,,,,,,"+3.110",3110,"+0.284",284,
539,1993,7,11,11,"11","30","jj-lehto","sauber","sauber","goodyear","1:22.198",82198,,,,,,,"+3.211",3211,"+0.101",101,
539,1993,7,12,12,"12","7","michael-andretti","mclaren","ford","goodyear","1:22.229",82229,,,,,,,"+3.242",3242,"+0.031",31,
539,1993,7,13,13,"13","20","erik-comas","larrousse","lamborghini","goodyear","1:22.263",82263,,,,,,,"+3.276",3276,"+0.034",34,
539,1993,7,14,14,"14","14","rubens-barrichello","jordan","hart","goodyear","1:22.509",82509,,,,,,,"+3.522",3522,"+0.246",246,
539,1993,7,15,15,"15","19","philippe-alliot","larrousse","lamborghini","goodyear","1:22.819",82819,,,,,,,"+3.832",3832,"+0.310",310,
539,1993,7,16,16,"16","10","aguri-suzuki","footwork","mugen-honda","goodyear","1:22.891",82891,,,,,,,"+3.904",3904,"+0.072",72,
539,1993,7,17,17,"17","23","christian-fittipaldi","minardi","ford","goodyear","1:23.119",83119,,,,,,,"+4.132",4132,"+0.228",228,
539,1993,7,18,18,"18","9","derek-warwick","footwork","mugen-honda","goodyear","1:23.185",83185,,,,,,,"+4.198",4198,"+0.066",66,
539,1993,7,19,19,"19","4","andrea-de-cesaris","tyrrell","yamaha","goodyear","1:23.185",83185,,,,,,,"+4.198",4198,"+0.000",0,
539,1993,7,20,20,"20","12","johnny-herbert","lotus","ford","goodyear","1:23.223",83223,,,,,,,"+4.236",4236,"+0.038",38,
539,1993,7,21,21,"21","11","alex-zanardi","lotus","ford","goodyear","1:23.240",83240,,,,,,,"+4.253",4253,"+0.017",17,
539,1993,7,22,22,"22","3","ukyo-katayama","tyrrell","yamaha","goodyear","1:23.824",83824,,,,,,,"+4.837",4837,"+0.584",584,
539,1993,7,23,23,"23","24","fabrizio-barbazza","minardi","ford","goodyear","1:23.946",83946,,,,,,,"+4.959",4959,"+0.122",122,
539,1993,7,24,24,"24","15","thierry-boutsen","jordan","hart","goodyear","1:23.960",83960,,,,,,,"+4.973",4973,"+0.014",14,
539,1993,7,25,25,"25","22","luca-badoer","lola","ferrari","goodyear","1:24.357",84357,,,,,,,"+5.370",5370,"+0.397",397,
539,1993,7,26,26,"26","21","michele-alboreto","lola","ferrari","goodyear","1:24.382",84382,,,,,,,"+5.395",5395,"+0.025",25,
540,1993,8,1,1,"1","0","damon-hill","williams","renault","goodyear","1:14.382",74382,,,,,,,,,,,
540,1993,8,2,2,"2","2","alain-prost","williams","renault","goodyear","1:14.524",74524,,,,,,,"+0.142",142,"+0.142",142,
540,1993,8,3,3,"3","25","martin-brundle","ligier","renault","goodyear","1:16.169",76169,,,,,,,"+1.787",1787,"+1.645",1645,
540,1993,8,4,4,"4","26","mark-blundell","ligier","renault","goodyear","1:16.203",76203,,,,,,,"+1.821",1821,"+0.034",34,
540,1993,8,5,5,"5","8","ayrton-senna","mclaren","ford","goodyear","1:16.264",76264,,,,,,,"+1.882",1882,"+0.061",61,
540,1993,8,6,6,"6","27","jean-alesi","ferrari","ferrari","goodyear","1:16.662",76662,,,,,,,"+2.280",2280,"+0.398",398,
540,1993,8,7,7,"7","5","michael-schumacher","benetton","ford","goodyear","1:16.720",76720,,,,,,,"+2.338",2338,"+0.058",58,
540,1993,8,8,8,"8","14","rubens-barrichello","jordan","hart","goodyear","1:17.168",77168,,,,,,,"+2.786",2786,"+0.448",448,
540,1993,8,9,9,"9","20","erik-comas","larrousse","lamborghini","goodyear","1:17.170",77170,,,,,,,"+2.788",2788,"+0.002",2,
540,1993,8,10,10,"10","19","philippe-alliot","larrousse","lamborghini","goodyear","1:17.190",77190,,,,,,,"+2.808",2808,"+0.020",20,
540,1993,8,11,11,"11","29","karl-wendlinger","sauber","sauber","goodyear","1:17.315",77315,,,,,,,"+2.933",2933,"+0.125",125,
540,1993,8,12,12,"12","6","riccardo-patrese","benetton","ford","goodyear","1:17.362",77362,,,,,,,"+2.980",2980,"+0.047",47,
540,1993,8,13,13,"13","10","aguri-suzuki","footwork","mugen-honda","goodyear","1:17.441",77441,,,,,,,"+3.059",3059,"+0.079",79,
540,1993,8,14,14,"14","28","gerhard-berger","ferrari","ferrari","goodyear","1:17.456",77456,,,,,,,"+3.074",3074,"+0.015",15,
540,1993,8,15,15,"15","9","derek-warwick","footwork","mugen-honda","goodyear","1:17.598",77598,,,,,,,"+3.216",3216,"+0.142",142,
540,1993,8,16,16,"16","7","michael-andretti","mclaren","ford","goodyear","1:17.659",77659,,,,,,,"+3.277",3277,"+0.061",61,
540,1993,8,17,17,"17","11","alex-zanardi","lotus","ford","goodyear","1:17.706",77706,,,,,,,"+3.324",3324,"+0.047",47,
540,1993,8,18,18,"18","30","jj-lehto","sauber","sauber","goodyear","1:17.812",77812,,,,,,,"+3.430",3430,"+0.106",106,
540,1993,8,19,19,"19","12","johnny-herbert","lotus","ford","goodyear","1:17.862",77862,,,,,,,"+3.480",3480,"+0.050",50,
540,1993,8,20,20,"20","15","thierry-boutsen","jordan","hart","goodyear","1:17.997",77997,,,,,,,"+3.615",3615,"+0.135",135,
540,1993,8,21,21,"21","3","ukyo-katayama","tyrrell","yamaha","goodyear","1:19.143",79143,,,,,,,"+4.761",4761,"+1.146",1146,
540,1993,8,22,22,"22","22","luca-badoer","lola","ferrari","goodyear","1:19.493",79493,,,,,,,"+5.111",5111,"+0.350",350,
540,1993,8,23,23,"23","23","christian-fittipaldi","minardi","ford","goodyear","1:19.519",79519,,,,,,,"+5.137",5137,"+0.026",26,
540,1993,8,24,24,"24","24","fabrizio-barbazza","minardi","ford","goodyear","1:19.691",79691,,,,,,,"+5.309",5309,"+0.172",172,
540,1993,8,25,25,"25","4","andrea-de-cesaris","tyrrell","yamaha","goodyear","1:19.856",79856,,,,,,,"+5.474",5474,"+0.165",165,
540,1993,8,26,26,"26","21","michele-alboreto","lola","ferrari","goodyear","1:20.130",80130,,,,,,,"+5.748",5748,"+0.274",274,
541,1993,9,1,1,"1","2","alain-prost","williams","renault","goodyear","1:19.006",79006,,,,,,,,,,,
541,1993,9,2,2,"2","0","damon-hill","williams","renault","goodyear","1:19.134",79134,,,,,,,"+0.128",128,"+0.128",128,
541,1993,9,3,3,"3","5","michael-schumacher","benetton","ford","goodyear","1:20.401",80401,,,,,,,"+1.395",1395,"+1.267",1267,
541,1993,9,4,4,"4","8","ayrton-senna","mclaren","ford","goodyear","1:21.986",81986,,,,,,,"+2.980",2980,"+1.585",1585,
541,1993,9,5,5,"5","6","riccardo-patrese","benetton","ford","goodyear","1:22.364",82364,,,,,,,"+3.358",3358,"+0.378",378,
541,1993,9,6,6,"6","25","martin-brundle","ligier","renault","goodyear","1:22.421",82421,,,,,,,"+3.415",3415,"+0.057",57,
541,1993,9,7,7,"7","12","johnny-herbert","lotus","ford","goodyear","1:22.487",82487,,,,,,,"+3.481",3481,"+0.066",66,
541,1993,9,8,8,"8","9","derek-warwick","footwork","mugen-honda","goodyear","1:22.834",82834,,,,,,,"+3.828",3828,"+0.347",347,
541,1993,9,9,9,"9","26","mark-blundell","ligier","renault","goodyear","1:22.885",82885,,,,,,,"+3.879",3879,"+0.051",51,
541,1993,9,10,10,"10","10","aguri-suzuki","footwork","mugen-honda","goodyear","1:23.077",83077,,,,,,,"+4.071",4071,"+0.192",192,
541,1993,9,11,11,"11","7","michael-andretti","mclaren","ford","goodyear","1:23.114",83114,,,,,,,"+4.108",4108,"+0.037",37,
541,1993,9,12,12,"12","27","jean-alesi","ferrari","ferrari","goodyear","1:23.203",83203,,,,,,,"+4.197",4197,"+0.089",89,
541,1993,9,13,13,"13","28","gerhard-berger","ferrari","ferrari","goodyear","1:23.257",83257,,,,,,,"+4.251",4251,"+0.054",54,
541,1993,9,14,14,"14","11","alex-zanardi","lotus","ford","goodyear","1:23.533",83533,,,,,,,"+4.527",4527,"+0.276",276,
541,1993,9,15,15,"15","14","rubens-barrichello","jordan","hart","goodyear","1:23.635",83635,,,,,,,"+4.629",4629,"+0.102",102,
541,1993,9,16,16,"16","30","jj-lehto","sauber","sauber","goodyear","1:24.071",84071,,,,,,,"+5.065",5065,"+0.436",436,
541,1993,9,17,17,"17","20","erik-comas","larrousse","lamborghini","goodyear","1:24.139",84139,,,,,,,"+5.133",5133,"+0.068",68,
541,1993,9,18,18,"18","29","karl-wendlinger","sauber","sauber","goodyear","1:24.525",84525,,,,,,,"+5.519",5519,"+0.386",386,
541,1993,9,19,19,"19","23","christian-fittipaldi","minardi","ford","goodyear","1:24.664",84664,,,,,,,"+5.658",5658,"+0.139",139,
541,1993,9,20,20,"20","24","pierluigi-martini","minardi","ford","goodyear","1:24.718",84718,,,,,,,"+5.712",5712,"+0.054",54,
541,1993,9,21,21,"21","4","andrea-de-cesaris","tyrrell","yamaha","goodyear","1:25.254",85254,,,,,,,"+6.248",6248,"+0.536",536,
541,1993,9,22,22,"22","3","ukyo-katayama","tyrrell","yamaha","goodyear","1:25.343",85343,,,,,,,"+6.337",6337,"+0.089",89,
541,1993,9,23,23,"23","15","thierry-boutsen","jordan","hart","goodyear","1:25.363",85363,,,,,,,"+6.357",6357,"+0.020",20,
541,1993,9,24,24,"24","19","philippe-alliot","larrousse","lamborghini","goodyear","1:25.397",85397,,,,,,,"+6.391",6391,"+0.034",34,
541,1993,9,25,25,"25","22","luca-badoer","lola","ferrari","goodyear","1:26.239",86239,,,,,,,"+7.233",7233,"+0.842",842,
541,1993,9,26,26,"26","21","michele-alboreto","lola","ferrari","goodyear","1:26.520",86520,,,,,,,"+7.514",7514,"+0.281",281,
542,1993,10,1,1,"1","2","alain-prost","williams","renault","goodyear","1:38.748",98748,,,,,,,,,,,
542,1993,10,2,2,"2","0","damon-hill","williams","renault","goodyear","1:38.905",98905,,,,,,,"+0.157",157,"+0.157",157,
542,1993,10,3,3,"3","5","michael-schumacher","benetton","ford","goodyear","1:39.580",99580,,,,,,,"+0.832",832,"+0.675",675,
542,1993,10,4,4,"4","8","ayrton-senna","mclaren","ford","goodyear","1:39.616",99616,,,,,,,"+0.868",868,"+0.036",36,
542,1993,10,5,5,"5","26","mark-blundell","ligier","renault","goodyear","1:40.135",100135,,,,,,,"+1.387",1387,"+0.519",519,
542,1993,10,6,6,"6","25","martin-brundle","ligier","renault","goodyear","1:40.855",100855,,,,,,,"+2.107",2107,"+0.720",720,
542,1993,10,7,7,"7","6","riccardo-patrese","benetton","ford","goodyear","1:41.101",101101,,,,,,,"+2.353",2353,"+0.246",246,
542,1993,10,8,8,"8","10","aguri-suzuki","footwork","mugen-honda","goodyear","1:41.138",101138,,,,,,,"+2.390",2390,"+0.037",37,
542,1993,10,9,9,"9","28","gerhard-berger","ferrari","ferrari","goodyear","1:41.242",101242,,,,,,,"+2.494",2494,"+0.104",104,
542,1993,10,10,10,"10","27","jean-alesi","ferrari","ferrari","goodyear","1:41.304",101304,,,,,,,"+2.556",2556,"+0.062",62,
542,1993,10,11,11,"11","9","derek-warwick","footwork","mugen-honda","goodyear","1:41.449",101449,,,,,,,"+2.701",2701,"+0.145",145,
542,1993,10,12,12,"12","7","michael-andretti","mclaren","ford","goodyear","1:41.531",101531,,,,,,,"+2.783",2783,"+0.082",82,
542,1993,10,13,13,"13","12","johnny-herbert","lotus","ford","goodyear","1:41.564",101564,,,,,,,"+2.816",2816,"+0.033",33,
542,1993,10,14,14,"14","29","karl-wendlinger","sauber","sauber","goodyear","1:41.642",101642,,,,,,,"+2.894",2894,"+0.078",78,
542,1993,10,15,15,"15","11","alex-zanardi","lotus","ford","goodyear","1:41.858",101858,,,,,,,"+3.110",3110,"+0.216",216,
542,1993,10,16,16,"16","20","erik-comas","larrousse","lamborghini","goodyear","1:41.945",101945,,,,,,,"+3.197",3197,"+0.087",87,
542,1993,10,17,17,"17","14","rubens-barrichello","jordan","hart","goodyear","1:42.025",102025,,,,,,,"+3.277",3277,"+0.080",80,
542,1993,10,18,18,"18","30","jj-lehto","sauber","sauber","goodyear","1:42.032",102032,,,,,,,"+3.284",3284,"+0.007",7,
542,1993,10,19,19,"19","4","andrea-de-cesaris","tyrrell","yamaha","goodyear","1:42.203",102203,,,,,,,"+3.455",3455,"+0.171",171,
542,1993,10,20,20,"20","23","christian-fittipaldi","minardi","ford","goodyear","1:42.658",102658,,,,,,,"+3.910",3910,"+0.455",455,
542,1993,10,21,21,"21","3","ukyo-katayama","tyrrell","yamaha","goodyear","1:42.682",102682,,,,,,,"+3.934",3934,"+0.024",24,
542,1993,10,22,22,"22","24","pierluigi-martini","minardi","ford","goodyear","1:42.786",102786,,,,,,,"+4.038",4038,"+0.104",104,
542,1993,10,23,23,"23","19","philippe-alliot","larrousse","lamborghini","goodyear","1:42.910",102910,,,,,,,"+4.162",4162,"+0.124",124,
542,1993,10,24,24,"24","15","thierry-boutsen","jordan","hart","goodyear","1:43.007",103007,,,,,,,"+4.259",4259,"+0.097",97,
542,1993,10,25,25,"25","22","luca-badoer","lola","ferrari","goodyear","1:43.345",103345,,,,,,,"+4.597",4597,"+0.338",338,
542,1993,10,26,26,"26","21","michele-alboreto","lola","ferrari","goodyear","1:44.166",104166,,,,,,,"+5.418",5418,"+0.821",821,
543,1993,11,1,1,"1","2","alain-prost","williams","renault","goodyear","1:14.631",74631,,,,,,,,,,,
543,1993,11,2,2,"2","0","damon-hill","williams","renault","goodyear","1:14.835",74835,,,,,,,"+0.204",204,"+0.204",204,
543,1993,11,3,3,"3","5","michael-schumacher","benetton","ford","goodyear","1:15.228",75228,,,,,,,"+0.597",597,"+0.393",393,
543,1993,11,4,4,"4","8","ayrton-senna","mclaren","ford","goodyear","1:16.451",76451,,,,,,,"+1.820",1820,"+1.223",1223,
543,1993,11,5,5,"5","6","riccardo-patrese","benetton","ford","goodyear","1:16.561",76561,,,,,,,"+1.930",1930,"+0.110",110,
543,1993,11,6,6,"6","28","gerhard-berger","ferrari","ferrari","goodyear","1:16.939",76939,,,,,,,"+2.308",2308,"+0.378",378,
543,1993,11,7,7,"7","24","pierluigi-martini","minardi","ford","goodyear","1:17.366",77366,,,,,,,"+2.735",2735,"+0.427",427,
543,1993,11,8,8,"8","27","jean-alesi","ferrari","ferrari","goodyear","1:17.480",77480,,,,,,,"+2.849",2849,"+0.114",114,
543,1993,11,9,9,"9","9","derek-warwick","footwork","mugen-honda","goodyear","1:17.682",77682,,,,,,,"+3.051",3051,"+0.202",202,
543,1993,11,10,10,"10","10","aguri-suzuki","footwork","mugen-honda","goodyear","1:17.693",77693,,,,,,,"+3.062",3062,"+0.011",11,
543,1993,11,11,11,"11","7","michael-andretti","mclaren","ford","goodyear","1:18.107",78107,,,,,,,"+3.476",3476,"+0.414",414,
543,1993,11,12,12,"12","26","mark-blundell","ligier","renault","goodyear","1:18.388",78388,,,,,,,"+3.757",3757,"+0.281",281,
543,1993,11,13,13,"13","25","martin-brundle","ligier","renault","goodyear","1:18.392",78392,,,,,,,"+3.761",3761,"+0.004",4,
543,1993,11,14,14,"14","23","christian-fittipaldi","minardi","ford","goodyear","1:18.446",78446,,,,,,,"+3.815",3815,"+0.054",54,
543,1993,11,15,15,"15","30","jj-lehto","sauber","sauber","goodyear","1:18.638",78638,,,,,,,"+4.007",4007,"+0.192",192,
543,1993,11,16,16,"16","14","rubens-barrichello","jordan","hart","goodyear","1:18.721",78721,,,,,,,"+4.090",4090,"+0.083",83,
543,1993,11,17,17,"17","29","karl-wendlinger","sauber","sauber","goodyear","1:18.840",78840,,,,,,,"+4.209",4209,"+0.119",119,
543,1993,11,18,18,"18","20","erik-comas","larrousse","lamborghini","goodyear","1:19.305",79305,,,,,,,"+4.674",4674,"+0.465",465,
543,1993,11,19,19,"19","19","philippe-alliot","larrousse","lamborghini","goodyear","1:19.320",79320,,,,,,,"+4.689",4689,"+0.015",15,
543,1993,11,20,20,"20","12","johnny-herbert","lotus","ford","goodyear","1:19.444",79444,,,,,,,"+4.813",4813,"+0.124",124,
543,1993,11,21,21,"21","11","alex-zanardi","lotus","ford","goodyear","1:19.485",79485,,,,,,,"+4.854",4854,"+0.041",41,
543,1993,11,22,22,"22","4","andrea-de-cesaris","tyrrell","yamaha","goodyear","1:19.560",79560,,,,,,,"+4.929",4929,"+0.075",75,
543,1993,11,23,23,"23","3","ukyo-katayama","tyrrell","yamaha","goodyear","1:20.270",80270,,,,,,,"+5.639",5639,"+0.710",710,
543,1993,11,24,24,"24","15","thierry-boutsen","jordan","hart","goodyear","1:20.482",80482,,,,,,,"+5.851",5851,"+0.212",212,
543,1993,11,25,25,"25","21","michele-alboreto","lola","ferrari","goodyear","1:21.502",81502,,,,,,,"+6.871",6871,"+1.020",1020,
543,1993,11,26,26,"26","22","luca-badoer","lola","ferrari","goodyear","1:22.655",82655,,,,,,,"+8.024",8024,"+1.153",1153,
544,1993,12,1,1,"1","2","alain-prost","williams","renault","goodyear","1:47.571",107571,,,,,,,,,,,
544,1993,12,2,2,"2","0","damon-hill","williams","renault","goodyear","1:48.466",108466,,,,,,,"+0.895",895,"+0.895",895,
544,1993,12,3,3,"3","5","michael-schumacher","benetton","ford","goodyear","1:49.075",109075,,,,,,,"+1.504",1504,"+0.609",609,
544,1993,12,4,4,"4","27","jean-alesi","ferrari","ferrari","goodyear","1:49.825",109825,,,,,,,"+2.254",2254,"+0.750",750,
544,1993,12,5,5,"5","8","ayrton-senna","mclaren","ford","goodyear","1:49.934",109934,,,,,,,"+2.363",2363,"+0.109",109,
544,1993,12,6,6,"6","10","aguri-suzuki","footwork","mugen-honda","goodyear","1:50.329",110329,,,,,,,"+2.758",2758,"+0.395",395,
544,1993,12,7,7,"7","9","derek-warwick","footwork","mugen-honda","goodyear","1:50.628",110628,,,,,,,"+3.057",3057,"+0.299",299,
544,1993,12,8,8,"8","6","riccardo-patrese","benetton","ford","goodyear","1:51.017",111017,,,,,,,"+3.446",3446,"+0.389",389,
544,1993,12,9,9,"9","30","jj-lehto","sauber","sauber","goodyear","1:51.048",111048,,,,,,,"+3.477",3477,"+0.031",31,
544,1993,12,10,10,"10","12","johnny-herbert","lotus","ford","goodyear","1:51.139",111139,,,,,,,"+3.568",3568,"+0.091",91,
544,1993,12,11,11,"11","25","martin-brundle","ligier","renault","goodyear","1:51.350",111350,,,,,,,"+3.779",3779,"+0.211",211,
544,1993,12,12,12,"12","29","karl-wendlinger","sauber","sauber","goodyear","1:51.440",111440,,,,,,,"+3.869",3869,"+0.090",90,
544,1993,12,13,13,"13","14","rubens-barrichello","jordan","hart","goodyear","1:51.711",111711,,,,,,,"+4.140",4140,"+0.271",271,
544,1993,12,14,14,"14","7","michael-andretti","mclaren","ford","goodyear","1:51.833",111833,,,,,,,"+4.262",4262,"+0.122",122,
544,1993,12,15,15,"15","26","mark-blundell","ligier","renault","goodyear","1:51.916",111916,,,,,,,"+4.345",4345,"+0.083",83,
544,1993,12,16,16,"16","28","gerhard-berger","ferrari","ferrari","goodyear","1:52.080",112080,,,,,,,"+4.509",4509,"+0.164",164,
544,1993,12,17,17,"17","4","andrea-de-cesaris","tyrrell","yamaha","goodyear","1:52.647",112647,,,,,,,"+5.076",5076,"+0.567",567,
544,1993,12,18,18,"18","19","philippe-alliot","larrousse","lamborghini","goodyear","1:52.907",112907,,,,,,,"+5.336",5336,"+0.260",260,
544,1993,12,19,19,"19","20","erik-comas","larrousse","lamborghini","goodyear","1:53.186",113186,,,,,,,"+5.615",5615,"+0.279",279,
544,1993,12,20,20,"20","15","thierry-boutsen","jordan","hart","goodyear","1:53.465",113465,,,,,,,"+5.894",5894,"+0.279",279,
544,1993,12,21,21,"21","24","pierluigi-martini","minardi","ford","goodyear","1:53.526",113526,,,,,,,"+5.955",5955,"+0.061",61,
544,1993,12,22,22,"22","23","christian-fittipaldi","minardi","ford","goodyear","1:53.942",113942,,,,,,,"+6.371",6371,"+0.416",416,
544,1993,12,23,23,"23","3","ukyo-katayama","tyrrell","yamaha","goodyear","1:54.551",114551,,,,,,,"+6.980",6980,"+0.609",609,
544,1993,12,24,24,"24","22","luca-badoer","lola","ferrari","goodyear","1:54.978",114978,,,,,,,"+7.407",7407,"+0.427",427,
544,1993,12,25,25,"25","21","michele-alboreto","lola","ferrari","goodyear","1:55.965",115965,,,,,,,"+8.394",8394,"+0.987",987,
545,1993,13,1,1,"1","2","alain-prost","williams","renault","goodyear","1:21.179",81179,,,,,,,,,,,
545,1993,13,2,2,"2","0","damon-hill","williams","renault","goodyear","1:21.491",81491,,,,,,,"+0.312",312,"+0.312",312,
545,1993,13,3,3,"3","27","jean-alesi","ferrari","ferrari","goodyear","1:21.986",81986,,,,,,,"+0.807",807,"+0.495",495,
545,1993,13,4,4,"4","8","ayrton-senna","mclaren","ford","goodyear","1:22.633",82633,,,,,,,"+1.454",1454,"+0.647",647,
545,1993,13,5,5,"5","5","michael-schumacher","benetton","ford","goodyear","1:22.910",82910,,,,,,,"+1.731",1731,"+0.277",277,
545,1993,13,6,6,"6","28","gerhard-berger","ferrari","ferrari","goodyear","1:23.150",83150,,,,,,,"+1.971",1971,"+0.240",240,
545,1993,13,7,7,"7","12","johnny-herbert","lotus","ford","goodyear","1:23.769",83769,,,,,,,"+2.590",2590,"+0.619",619,
545,1993,13,8,8,"8","10","aguri-suzuki","footwork","mugen-honda","goodyear","1:23.856",83856,,,,,,,"+2.677",2677,"+0.087",87,
545,1993,13,9,9,"9","7","michael-andretti","mclaren","ford","goodyear","1:23.899",83899,,,,,,,"+2.720",2720,"+0.043",43,
545,1993,13,10,10,"10","6","riccardo-patrese","benetton","ford","goodyear","1:23.918",83918,,,,,,,"+2.739",2739,"+0.019",19,
545,1993,13,11,11,"11","9","derek-warwick","footwork","mugen-honda","goodyear","1:24.048",84048,,,,,,,"+2.869",2869,"+0.130",130,
545,1993,13,12,12,"12","25","martin-brundle","ligier","renault","goodyear","1:24.137",84137,,,,,,,"+2.958",2958,"+0.089",89,
545,1993,13,13,13,"13","30","jj-lehto","sauber","sauber","goodyear","1:24.298",84298,,,,,,,"+3.119",3119,"+0.161",161,
545,1993,13,14,14,"14","26","mark-blundell","ligier","renault","goodyear","1:24.344",84344,,,,,,,"+3.165",3165,"+0.046",46,
545,1993,13,15,15,"15","29","karl-wendlinger","sauber","sauber","goodyear","1:24.473",84473,,,,,,,"+3.294",3294,"+0.129",129,
545,1993,13,16,16,"16","19","philippe-alliot","larrousse","lamborghini","goodyear","1:24.807",84807,,,,,,,"+3.628",3628,"+0.334",334,
545,1993,13,17,17,"17","3","ukyo-katayama","tyrrell","yamaha","goodyear","1:24.886",84886,,,,,,,"+3.707",3707,"+0.079",79,
545,1993,13,18,18,"18","4","andrea-de-cesaris","tyrrell","yamaha","goodyear","1:24.916",84916,,,,,,,"+3.737",3737,"+0.030",30,
545,1993,13,19,19,"19","14","rubens-barrichello","jordan","hart","goodyear","1:25.144",85144,,,,,,,"+3.965",3965,"+0.228",228,
545,1993,13,20,20,"20","20","erik-comas","larrousse","lamborghini","goodyear","1:25.257",85257,,,,,,,"+4.078",4078,"+0.113",113,
545,1993,13,21,21,"21","21","michele-alboreto","lola","ferrari","goodyear","1:25.368",85368,,,,,,,"+4.189",4189,"+0.111",111,
545,1993,13,22,22,"22","24","pierluigi-martini","minardi","ford","goodyear","1:25.478",85478,,,,,,,"+4.299",4299,"+0.110",110,
545,1993,13,23,23,"23","15","marco-apicella","jordan","hart","goodyear","1:25.672",85672,,,,,,,"+4.493",4493,"+0.194",194,
545,1993,13,24,24,"24","23","christian-fittipaldi","minardi","ford","goodyear","1:25.699",85699,,,,,,,"+4.520",4520,"+0.027",27,
545,1993,13,25,25,"25","22","luca-badoer","lola","ferrari","goodyear","1:25.957",85957,,,,,,,"+4.778",4778,"+0.258",258,
545,1993,13,26,26,"26","11","pedro-lamy","lotus","ford","goodyear","1:26.324",86324,,,,,,,"+5.145",5145,"+0.367",367,
546,1993,14,1,1,"1","0","damon-hill","williams","renault","goodyear","1:11.494",71494,,,,,,,,,,,
546,1993,14,2,2,"2","2","alain-prost","williams","renault","goodyear","1:11.683",71683,,,,,,,"+0.189",189,"+0.189",189,
546,1993,14,3,3,"3","7","mika-hakkinen","mclaren","ford","goodyear","1:12.443",72443,,,,,,,"+0.949",949,"+0.760",760,
546,1993,14,4,4,"4","8","ayrton-senna","mclaren","ford","goodyear","1:12.491",72491,,,,,,,"+0.997",997,"+0.048",48,
546,1993,14,5,5,"5","27","jean-alesi","ferrari","ferrari","goodyear","1:13.101",73101,,,,,,,"+1.607",1607,"+0.610",610,
546,1993,14,6,6,"6","5","michael-schumacher","benetton","ford","goodyear","1:13.403",73403,,,,,,,"+1.909",1909,"+0.302",302,
546,1993,14,7,7,"7","6","riccardo-patrese","benetton","ford","goodyear","1:13.863",73863,,,,,,,"+2.369",2369,"+0.460",460,
546,1993,14,8,8,"8","28","gerhard-berger","ferrari","ferrari","goodyear","1:13.933",73933,,,,,,,"+2.439",2439,"+0.070",70,
546,1993,14,9,9,"9","9","derek-warwick","footwork","mugen-honda","goodyear","1:14.388",74388,,,,,,,"+2.894",2894,"+0.455",455,
546,1993,14,10,10,"10","26","mark-blundell","ligier","renault","goodyear","1:14.577",74577,,,,,,,"+3.083",3083,"+0.189",189,
546,1993,14,11,11,"11","25","martin-brundle","ligier","renault","goodyear","1:14.708",74708,,,,,,,"+3.214",3214,"+0.131",131,
546,1993,14,12,12,"12","30","jj-lehto","sauber","sauber","goodyear","1:14.833",74833,,,,,,,"+3.339",3339,"+0.125",125,
546,1993,14,13,13,"13","29","karl-wendlinger","sauber","sauber","goodyear","1:15.016",75016,,,,,,,"+3.522",3522,"+0.183",183,
546,1993,14,14,14,"14","12","johnny-herbert","lotus","ford","goodyear","1:15.183",75183,,,,,,,"+3.689",3689,"+0.167",167,
546,1993,14,15,15,"15","14","rubens-barrichello","jordan","hart","goodyear","1:15.433",75433,,,,,,,"+3.939",3939,"+0.250",250,
546,1993,14,16,16,"16","10","aguri-suzuki","footwork","mugen-honda","goodyear","1:15.491",75491,,,,,,,"+3.997",3997,"+0.058",58,
546,1993,14,17,17,"17","4","andrea-de-cesaris","tyrrell","yamaha","goodyear","1:15.904",75904,,,,,,,"+4.410",4410,"+0.413",413,
546,1993,14,18,18,"18","11","pedro-lamy","lotus","ford","goodyear","1:15.920",75920,,,,,,,"+4.426",4426,"+0.016",16,
546,1993,14,19,19,"19","24","pierluigi-martini","minardi","ford","goodyear","1:15.942",75942,,,,,,,"+4.448",4448,"+0.022",22,
546,1993,14,20,20,"20","19","philippe-alliot","larrousse","lamborghini","goodyear","1:16.144",76144,,,,,,,"+4.650",4650,"+0.202",202,
546,1993,14,21,21,"21","3","ukyo-katayama","tyrrell","yamaha","goodyear","1:16.186",76186,,,,,,,"+4.692",4692,"+0.042",42,
546,1993,14,22,22,"22","20","erik-comas","larrousse","lamborghini","goodyear","1:16.417",76417,,,,,,,"+4.923",4923,"+0.231",231,
546,1993,14,23,23,"23","15","emanuele-naspetti","jordan","hart","goodyear","1:16.566",76566,,,,,,,"+5.072",5072,"+0.149",149,
546,1993,14,24,24,"24","23","christian-fittipaldi","minardi","ford","goodyear","1:16.651",76651,,,,,,,"+5.157",5157,"+0.085",85,
546,1993,14,25,25,"25","21","michele-alboreto","lola","ferrari","goodyear","1:17.118",77118,,,,,,,"+5.624",5624,"+0.467",467,
546,1993,14,26,26,"26","22","luca-badoer","lola","ferrari","goodyear","1:17.739",77739,,,,,,,"+6.245",6245,"+0.621",621,
547,1993,15,1,1,"1","2","alain-prost","williams","renault","goodyear","1:37.154",97154,,,,,,,,,,,
547,1993,15,2,2,"2","8","ayrton-senna","mclaren","ford","goodyear","1:37.284",97284,,,,,,,"+0.130",130,"+0.130",130,
547,1993,15,3,3,"3","7","mika-hakkinen","mclaren","ford","goodyear","1:37.326",97326,,,,,,,"+0.172",172,"+0.042",42,
547,1993,15,4,4,"4","5","michael-schumacher","benetton","ford","goodyear","1:37.530",97530,,,,,,,"+0.376",376,"+0.204",204,
547,1993,15,5,5,"5","28","gerhard-berger","ferrari","ferrari","goodyear","1:37.622",97622,,,,,,,"+0.468",468,"+0.092",92,
547,1993,15,6,6,"6","0","damon-hill","williams","renault","goodyear","1:38.352",98352,,,,,,,"+1.198",1198,"+0.730",730,
547,1993,15,7,7,"7","9","derek-warwick","footwork","mugen-honda","goodyear","1:38.780",98780,,,,,,,"+1.626",1626,"+0.428",428,
547,1993,15,8,8,"8","15","eddie-irvine","jordan","hart","goodyear","1:38.966",98966,,,,,,,"+1.812",1812,"+0.186",186,
547,1993,15,9,9,"9","10","aguri-suzuki","footwork","mugen-honda","goodyear","1:39.278",99278,,,,,,,"+2.124",2124,"+0.312",312,
547,1993,15,10,10,"10","6","riccardo-patrese","benetton","ford","goodyear","1:39.291",99291,,,,,,,"+2.137",2137,"+0.013",13,
547,1993,15,11,11,"11","30","jj-lehto","sauber","sauber","goodyear","1:39.391",99391,,,,,,,"+2.237",2237,"+0.100",100,
547,1993,15,12,12,"12","14","rubens-barrichello","jordan","hart","goodyear","1:39.426",99426,,,,,,,"+2.272",2272,"+0.035",35,
547,1993,15,13,13,"13","3","ukyo-katayama","tyrrell","yamaha","goodyear","1:39.511",99511,,,,,,,"+2.357",2357,"+0.085",85,
547,1993,15,14,14,"14","27","jean-alesi","ferrari","ferrari","goodyear","1:39.535",99535,,,,,,,"+2.381",2381,"+0.024",24,
547,1993,15,15,15,"15","25","martin-brundle","ligier","renault","goodyear","1:39.951",99951,,,,,,,"+2.797",2797,"+0.416",416,
547,1993,15,16,16,"16","29","karl-wendlinger","sauber","sauber","goodyear","1:40.153",100153,,,,,,,"+2.999",2999,"+0.202",202,
547,1993,15,17,17,"17","26","mark-blundell","ligier","renault","goodyear","1:40.696",100696,,,,,,,"+3.542",3542,"+0.543",543,
547,1993,15,18,18,"18","4","andrea-de-cesaris","tyrrell","yamaha","goodyear","1:40.696",100696,,,,,,,"+3.542",3542,"+0.000",0,
547,1993,15,19,19,"19","12","johnny-herbert","lotus","ford","goodyear","1:41.488",101488,,,,,,,"+4.334",4334,"+0.792",792,
547,1993,15,20,20,"20","11","pedro-lamy","lotus","ford","goodyear","1:41.600",101600,,,,,,,"+4.446",4446,"+0.112",112,
547,1993,15,21,21,"21","20","erik-comas","larrousse","lamborghini","goodyear","1:41.769",101769,,,,,,,"+4.615",4615,"+0.169",169,
547,1993,15,22,22,"22","24","pierluigi-martini","minardi","ford","goodyear","1:41.989",101989,,,,,,,"+4.835",4835,"+0.220",220,
547,1993,15,23,23,"23","19","toshio-suzuki","larrousse","lamborghini","goodyear","1:42.175",102175,,,,,,,"+5.021",5021,"+0.186",186,
547,1993,15,24,24,"24","23","jean-marc-gounon","minardi","ford","goodyear","1:43.812",103812,,,,,,,"+6.658",6658,"+1.637",1637,
548,1993,16,1,1,"1","8","ayrton-senna","mclaren","ford","goodyear","1:13.371",73371,,,,,,,,,,,
548,1993,16,2,2,"2","2","alain-prost","williams","renault","goodyear","1:13.807",73807,,,,,,,"+0.436",436,"+0.436",436,
548,1993,16,3,3,"3","0","damon-hill","williams","renault","goodyear","1:13.826",73826,,,,,,,"+0.455",455,"+0.019",19,
548,1993,16,4,4,"4","5","michael-schumacher","benetton","ford","goodyear","1:14.098",74098,,,,,,,"+0.727",727,"+0.272",272,
548,1993,16,5,5,"5","7","mika-hakkinen","mclaren","ford","goodyear","1:14.106",74106,,,,,,,"+0.735",735,"+0.008",8,
548,1993,16,6,6,"6","28","gerhard-berger","ferrari","ferrari","goodyear","1:14.194",74194,,,,,,,"+0.823",823,"+0.088",88,
548,1993,16,7,7,"7","27","jean-alesi","ferrari","ferrari","goodyear","1:15.332",75332,,,,,,,"+1.961",1961,"+1.138",1138,
548,1993,16,8,8,"8","25","martin-brundle","ligier","renault","goodyear","1:16.022",76022,,,,,,,"+2.651",2651,"+0.690",690,
548,1993,16,9,9,"9","6","riccardo-patrese","benetton","ford","goodyear","1:16.077",76077,,,,,,,"+2.706",2706,"+0.055",55,
548,1993,16,10,10,"10","10","aguri-suzuki","footwork","mugen-honda","goodyear","1:16.079",76079,,,,,,,"+2.708",2708,"+0.002",2,
548,1993,16,11,11,"11","29","karl-wendlinger","sauber","sauber","goodyear","1:16.106",76106,,,,,,,"+2.735",2735,"+0.027",27,
548,1993,16,12,12,"12","30","jj-lehto","sauber","sauber","goodyear","1:16.286",76286,,,,,,,"+2.915",2915,"+0.180",180,
548,1993,16,13,13,"13","14","rubens-barrichello","jordan","hart","goodyear","1:16.459",76459,,,,,,,"+3.088",3088,"+0.173",173,
548,1993,16,14,14,"14","26","mark-blundell","ligier","renault","goodyear","1:16.469",76469,,,,,,,"+3.098",3098,"+0.010",10,
548,1993,16,15,15,"15","4","andrea-de-cesaris","tyrrell","yamaha","goodyear","1:16.892",76892,,,,,,,"+3.521",3521,"+0.423",423,
548,1993,16,16,16,"16","24","pierluigi-martini","minardi","ford","goodyear","1:16.905",76905,,,,,,,"+3.534",3534,"+0.013",13,
548,1993,16,17,17,"17","9","derek-warwick","footwork","mugen-honda","goodyear","1:16.919",76919,,,,,,,"+3.548",3548,"+0.014",14,
548,1993,16,18,18,"18","3","ukyo-katayama","tyrrell","yamaha","goodyear","1:17.018",77018,,,,,,,"+3.647",3647,"+0.099",99,
548,1993,16,19,19,"19","15","eddie-irvine","jordan","hart","goodyear","1:17.341",77341,,,,,,,"+3.970",3970,"+0.323",323,
548,1993,16,20,20,"20","12","johnny-herbert","lotus","ford","goodyear","1:17.450",77450,,,,,,,"+4.079",4079,"+0.109",109,
548,1993,16,21,21,"21","20","erik-comas","larrousse","lamborghini","goodyear","1:17.750",77750,,,,,,,"+4.379",4379,"+0.300",300,
548,1993,16,22,22,"22","23","jean-marc-gounon","minardi","ford","goodyear","1:17.754",77754,,,,,,,"+4.383",4383,"+0.004",4,
548,1993,16,23,23,"23","11","pedro-lamy","lotus","ford","goodyear","1:19.369",79369,,,,,,,"+5.998",5998,"+1.615",1615,
548,1993,16,24,24,"24","19","toshio-suzuki","larrousse","lamborghini","goodyear","1:21.793",81793,,,,,,,"+8.422",8422,"+2.424",2424,
549,1994,1,1,1,"1","2","ayrton-senna","williams","renault","goodyear","1:15.962",75962,,,,,,,,,,,22
549,1994,1,2,2,"2","5","michael-schumacher","benetton","ford","goodyear","1:16.290",76290,,,,,,,"+0.328",328,"+0.328",328,20
549,1994,1,3,3,"3","27","jean-alesi","ferrari","ferrari","goodyear","1:17.385",77385,,,,,,,"+1.423",1423,"+1.095",1095,14
549,1994,1,4,4,"4","0","damon-hill","williams","renault","goodyear","1:17.554",77554,,,,,,,"+1.592",1592,"+0.169",169,23
549,1994,1,5,5,"5","30","heinz-harald-frentzen","sauber","mercedes","goodyear","1:17.806",77806,,,,,,,"+1.844",1844,"+0.252",252,24
549,1994,1,6,6,"6","10","gianni-morbidelli","footwork","ford","goodyear","1:17.866",77866,,,,,,,"+1.904",1904,"+0.060",60,20
549,1994,1,7,7,"7","29","karl-wendlinger","sauber","mercedes","goodyear","1:17.927",77927,,,,,,,"+1.965",1965,"+0.061",61,24
549,1994,1,8,8,"8","7","mika-hakkinen","mclaren","peugeot","goodyear","1:18.122",78122,,,,,,,"+2.160",2160,"+0.195",195,17
549,1994,1,9,9,"9","6","jos-verstappen","benetton","ford","goodyear","1:18.183",78183,,,,,,,"+2.221",2221,"+0.061",61,19
549,1994,1,10,10,"10","3","ukyo-katayama","tyrrell","yamaha","goodyear","1:18.194",78194,,,,,,,"+2.232",2232,"+0.011",11,22
549,1994,1,11,11,"11","9","christian-fittipaldi","footwork","ford","goodyear","1:18.204",78204,,,,,,,"+2.242",2242,"+0.010",10,20
549,1994,1,12,12,"12","4","mark-blundell","tyrrell","yamaha","goodyear","1:18.246",78246,,,,,,,"+2.284",2284,"+0.042",42,19
549,1994,1,13,13,"13","20","erik-comas","larrousse","ford","goodyear","1:18.321",78321,,,,,,,"+2.359",2359,"+0.075",75,18
549,1994,1,14,14,"14","14","rubens-barrichello","jordan","hart","goodyear","1:18.414",78414,,,,,,,"+2.452",2452,"+0.093",93,18
549,1994,1,15,15,"15","23","pierluigi-martini","minardi","ford","goodyear","1:18.659",78659,,,,,,,"+2.697",2697,"+0.245",245,22
549,1994,1,16,16,"16","15","eddie-irvine","jordan","hart","goodyear","1:18.751",78751,,,,,,,"+2.789",2789,"+0.092",92,24
549,1994,1,17,17,"17","28","gerhard-berger","ferrari","ferrari","goodyear","1:18.855",78855,,,,,,,"+2.893",2893,"+0.104",104,9
549,1994,1,18,18,"18","8","martin-brundle","mclaren","peugeot","goodyear","1:18.864",78864,,,,,,,"+2.902",2902,"+0.009",9,14
549,1994,1,19,19,"19","26","olivier-panis","ligier","renault","goodyear","1:19.304",79304,,,,,,,"+3.342",3342,"+0.440",440,21
549,1994,1,20,20,"20","25","eric-bernard","ligier","renault","goodyear","1:19.396",79396,,,,,,,"+3.434",3434,"+0.092",92,18
549,1994,1,21,21,"21","12","johnny-herbert","lotus","mugen-honda","goodyear","1:19.483",79483,,,,,,,"+3.521",3521,"+0.087",87,23
549,1994,1,22,22,"22","24","michele-alboreto","minardi","ford","goodyear","1:19.517",79517,,,,,,,"+3.555",3555,"+0.034",34,24
549,1994,1,23,23,"23","19","olivier-beretta","larrousse","ford","goodyear","1:19.524",79524,,,,,,,"+3.562",3562,"+0.007",7,16
549,1994,1,24,24,"24","11","pedro-lamy","lotus","mugen-honda","goodyear","1:19.975",79975,,,,,,,"+4.013",4013,"+0.451",451,21
549,1994,1,25,25,"25","34","bertrand-gachot","pacific","ilmor","goodyear","1:20.729",80729,,,,,,,"+4.767",4767,"+0.754",754,18
549,1994,1,26,26,"26","31","david-brabham","simtek","ford","goodyear","1:21.186",81186,,,,,,,"+5.224",5224,"+0.457",457,15
549,1994,1,27,27,"27","32","roland-ratzenberger","simtek","ford","goodyear","1:22.707",82707,,,,,,,"+6.745",6745,"+1.521",1521,12
550,1994,2,1,1,"1","2","ayrton-senna","williams","renault","goodyear","1:10.218",70218,,,,,,,,,,,15
550,1994,2,2,2,"2","5","michael-schumacher","benetton","ford","goodyear","1:10.440",70440,,,,,,,"+0.222",222,"+0.222",222,18
550,1994,2,3,3,"3","0","damon-hill","williams","renault","goodyear","1:10.771",70771,,,,,,,"+0.553",553,"+0.331",331,15
550,1994,2,4,4,"4","7","mika-hakkinen","mclaren","peugeot","goodyear","1:11.683",71683,,,,,,,"+1.465",1465,"+0.912",912,18
550,1994,2,5,5,"5","28","gerhard-berger","ferrari","ferrari","goodyear","1:11.744",71744,,,,,,,"+1.526",1526,"+0.061",61,19
550,1994,2,6,6,"6","8","martin-brundle","mclaren","peugeot","goodyear","1:12.351",72351,,,,,,,"+2.133",2133,"+0.607",607,22
550,1994,2,7,7,"7","27","nicola-larini","ferrari","ferrari","goodyear","1:12.372",72372,,,,,,,"+2.154",2154,"+0.021",21,12
550,1994,2,8,8,"8","14","rubens-barrichello","jordan","hart","goodyear","1:12.409",72409,,,,,,,"+2.191",2191,"+0.037",37,12
550,1994,2,9,9,"9","9","christian-fittipaldi","footwork","ford","goodyear","1:12.444",72444,,,,,,,"+2.226",2226,"+0.035",35,22
550,1994,2,10,10,"10","6","jos-verstappen","benetton","ford","goodyear","1:12.554",72554,,,,,,,"+2.336",2336,"+0.110",110,22
550,1994,2,11,11,"11","30","heinz-harald-frentzen","sauber","mercedes","goodyear","1:12.686",72686,,,,,,,"+2.468",2468,"+0.132",132,16
550,1994,2,12,12,"12","4","mark-blundell","tyrrell","yamaha","goodyear","1:12.751",72751,,,,,,,"+2.533",2533,"+0.065",65,21
550,1994,2,13,13,"13","10","gianni-morbidelli","footwork","ford","goodyear","1:12.866",72866,,,,,,,"+2.648",2648,"+0.115",115,21
550,1994,2,14,14,"14","3","ukyo-katayama","tyrrell","yamaha","goodyear","1:13.013",73013,,,,,,,"+2.795",2795,"+0.147",147,22
550,1994,2,15,15,"15","24","michele-alboreto","minardi","ford","goodyear","1:13.016",73016,,,,,,,"+2.798",2798,"+0.003",3,20
550,1994,2,16,16,"16","20","erik-comas","larrousse","ford","goodyear","1:13.111",73111,,,,,,,"+2.893",2893,"+0.095",95,20
550,1994,2,17,17,"17","23","pierluigi-martini","minardi","ford","goodyear","1:13.529",73529,,,,,,,"+3.311",3311,"+0.418",418,18
550,1994,2,18,18,"18","25","eric-bernard","ligier","renault","goodyear","1:13.613",73613,,,,,,,"+3.395",3395,"+0.084",84,15
550,1994,2,19,19,"19","29","karl-wendlinger","sauber","mercedes","goodyear","1:13.855",73855,,,,,,,"+3.637",3637,"+0.242",242,21
550,1994,2,20,20,"20","15","aguri-suzuki","jordan","hart","goodyear","1:13.932",73932,,,,,,,"+3.714",3714,"+0.077",77,21
550,1994,2,21,21,"21","19","olivier-beretta","larrousse","ford","goodyear","1:14.101",74101,,,,,,,"+3.883",3883,"+0.169",169,20
550,1994,2,22,22,"22","26","olivier-panis","ligier","renault","goodyear","1:14.106",74106,,,,,,,"+3.888",3888,"+0.005",5,16
550,1994,2,23,23,"23","12","johnny-herbert","lotus","mugen-honda","goodyear","1:14.424",74424,,,,,,,"+4.206",4206,"+0.318",318,20
550,1994,2,24,24,"24","11","pedro-lamy","lotus","mugen-honda","goodyear","1:14.657",74657,,,,,,,"+4.439",4439,"+0.233",233,20
550,1994,2,25,25,"25","31","david-brabham","simtek","ford","goodyear","1:14.748",74748,,,,,,,"+4.530",4530,"+0.091",91,22
550,1994,2,26,26,"26","32","roland-ratzenberger","simtek","ford","goodyear","1:16.356",76356,,,,,,,"+6.138",6138,"+1.608",1608,18
550,1994,2,27,27,"27","34","bertrand-gachot","pacific","ilmor","goodyear","1:16.927",76927,,,,,,,"+6.709",6709,"+0.571",571,15
550,1994,2,28,28,"28","33","paul-belmondo","pacific","ilmor","goodyear","1:17.450",77450,,,,,,,"+7.232",7232,"+0.523",523,18
551,1994,3,1,1,"1","2","ayrton-senna","williams","renault","goodyear","1:21.548",81548,,,,,,,,,,,10
551,1994,3,2,2,"2","5","michael-schumacher","benetton","ford","goodyear","1:21.885",81885,,,,,,,"+0.337",337,"+0.337",337,10
551,1994,3,3,3,"3","28","gerhard-berger","ferrari","ferrari","goodyear","1:22.113",82113,,,,,,,"+0.565",565,"+0.228",228,16
551,1994,3,4,4,"4","0","damon-hill","williams","renault","goodyear","1:22.168",82168,,,,,,,"+0.620",620,"+0.055",55,14
551,1994,3,5,5,"5","6","jj-lehto","benetton","ford","goodyear","1:22.717",82717,,,,,,,"+1.169",1169,"+0.549",549,13
551,1994,3,6,6,"6","27","nicola-larini","ferrari","ferrari","goodyear","1:22.841",82841,,,,,,,"+1.293",1293,"+0.124",124,16
551,1994,3,7,7,"7","30","heinz-harald-frentzen","sauber","mercedes","goodyear","1:23.119",83119,,,,,,,"+1.571",1571,"+0.278",278,10
551,1994,3,8,8,"8","7","mika-hakkinen","mclaren","peugeot","goodyear","1:23.140",83140,,,,,,,"+1.592",1592,"+0.021",21,22
551,1994,3,9,9,"9","3","ukyo-katayama","tyrrell","yamaha","goodyear","1:23.322",83322,,,,,,,"+1.774",1774,"+0.182",182,22
551,1994,3,10,10,"10","29","karl-wendlinger","sauber","mercedes","goodyear","1:23.347",83347,,,,,,,"+1.799",1799,"+0.025",25,14
551,1994,3,11,11,"11","10","gianni-morbidelli","footwork","ford","goodyear","1:23.663",83663,,,,,,,"+2.115",2115,"+0.316",316,20
551,1994,3,12,12,"12","4","mark-blundell","tyrrell","yamaha","goodyear","1:23.703",83703,,,,,,,"+2.155",2155,"+0.040",40,21
551,1994,3,13,13,"13","8","martin-brundle","mclaren","peugeot","goodyear","1:23.858",83858,,,,,,,"+2.310",2310,"+0.155",155,15
551,1994,3,14,14,"14","23","pierluigi-martini","minardi","ford","goodyear","1:24.078",84078,,,,,,,"+2.530",2530,"+0.220",220,22
551,1994,3,15,15,"15","24","michele-alboreto","minardi","ford","goodyear","1:24.276",84276,,,,,,,"+2.728",2728,"+0.198",198,23
551,1994,3,16,16,"16","9","christian-fittipaldi","footwork","ford","goodyear","1:24.472",84472,,,,,,,"+2.924",2924,"+0.196",196,22
551,1994,3,17,17,"17","25","eric-bernard","ligier","renault","goodyear","1:24.678",84678,,,,,,,"+3.130",3130,"+0.206",206,15
551,1994,3,18,18,"18","20","erik-comas","larrousse","ford","goodyear","1:24.852",84852,,,,,,,"+3.304",3304,"+0.174",174,16
551,1994,3,19,19,"19","26","olivier-panis","ligier","renault","goodyear","1:24.996",84996,,,,,,,"+3.448",3448,"+0.144",144,16
551,1994,3,20,20,"20","12","johnny-herbert","lotus","mugen-honda","goodyear","1:25.114",85114,,,,,,,"+3.566",3566,"+0.118",118,23
551,1994,3,21,21,"21","15","andrea-de-cesaris","jordan","hart","goodyear","1:25.234",85234,,,,,,,"+3.686",3686,"+0.120",120,20
551,1994,3,22,22,"22","11","pedro-lamy","lotus","mugen-honda","goodyear","1:25.295",85295,,,,,,,"+3.747",3747,"+0.061",61,22
551,1994,3,23,23,"23","19","olivier-beretta","larrousse","ford","goodyear","1:25.991",85991,,,,,,,"+4.443",4443,"+0.696",696,14
551,1994,3,24,24,"24","31","david-brabham","simtek","ford","goodyear","1:26.817",86817,,,,,,,"+5.269",5269,"+0.826",826,10
551,1994,3,25,25,"25","34","bertrand-gachot","pacific","ilmor","goodyear","1:27.143",87143,,,,,,,"+5.595",5595,"+0.326",326,21
551,1994,3,26,26,"26","32","roland-ratzenberger","simtek","ford","goodyear","1:27.584",87584,,,,,,,"+6.036",6036,"+0.441",441,16
551,1994,3,27,27,"27","33","paul-belmondo","pacific","ilmor","goodyear","1:27.881",87881,,,,,,,"+6.333",6333,"+0.297",297,24
551,1994,3,28,28,"28","14","rubens-barrichello","jordan","hart","goodyear","14:57.323",897323,,,,,,,"+13:35.775",815775,"+13:29.442",809442,1
552,1994,4,1,1,"1","5","michael-schumacher","benetton","ford","goodyear","1:18.560",78560,,,,,,,,,,,18
552,1994,4,2,2,"2","7","mika-hakkinen","mclaren","peugeot","goodyear","1:19.488",79488,,,,,,,"+0.928",928,"+0.928",928,22
552,1994,4,3,3,"3","28","gerhard-berger","ferrari","ferrari","goodyear","1:19.958",79958,,,,,,,"+1.398",1398,"+0.470",470,20
552,1994,4,4,4,"4","0","damon-hill","williams","renault","goodyear","1:20.079",80079,,,,,,,"+1.519",1519,"+0.121",121,22
552,1994,4,5,5,"5","27","jean-alesi","ferrari","ferrari","goodyear","1:20.452",80452,,,,,,,"+1.892",1892,"+0.373",373,18
552,1994,4,6,6,"6","9","christian-fittipaldi","footwork","ford","goodyear","1:21.053",81053,,,,,,,"+2.493",2493,"+0.601",601,22
552,1994,4,7,7,"7","10","gianni-morbidelli","footwork","ford","goodyear","1:21.189",81189,,,,,,,"+2.629",2629,"+0.136",136,21
552,1994,4,8,8,"8","8","martin-brundle","mclaren","peugeot","goodyear","1:21.222",81222,,,,,,,"+2.662",2662,"+0.033",33,20
552,1994,4,9,9,"9","23","pierluigi-martini","minardi","ford","goodyear","1:21.288",81288,,,,,,,"+2.728",2728,"+0.066",66,18
552,1994,4,10,10,"10","4","mark-blundell","tyrrell","yamaha","goodyear","1:21.614",81614,,,,,,,"+3.054",3054,"+0.326",326,14
552,1994,4,11,11,"11","3","ukyo-katayama","tyrrell","yamaha","goodyear","1:21.731",81731,,,,,,,"+3.171",3171,"+0.117",117,21
552,1994,4,12,12,"12","24","michele-alboreto","minardi","ford","goodyear","1:21.793",81793,,,,,,,"+3.233",3233,"+0.062",62,22
552,1994,4,13,13,"13","20","erik-comas","larrousse","ford","goodyear","1:22.211",82211,,,,,,,"+3.651",3651,"+0.418",418,18
552,1994,4,14,14,"14","15","andrea-de-cesaris","jordan","hart","goodyear","1:22.265",82265,,,,,,,"+3.705",3705,"+0.054",54,22
552,1994,4,15,15,"15","14","rubens-barrichello","jordan","hart","goodyear","1:22.359",82359,,,,,,,"+3.799",3799,"+0.094",94,22
552,1994,4,16,16,"16","12","johnny-herbert","lotus","mugen-honda","goodyear","1:22.375",82375,,,,,,,"+3.815",3815,"+0.016",16,19
552,1994,4,17,17,"17","6","jj-lehto","benetton","ford","goodyear","1:22.679",82679,,,,,,,"+4.119",4119,"+0.304",304,22
552,1994,4,18,18,"18","19","olivier-beretta","larrousse","ford","goodyear","1:23.025",83025,,,,,,,"+4.465",4465,"+0.346",346,22
552,1994,4,19,19,"19","11","pedro-lamy","lotus","mugen-honda","goodyear","1:23.858",83858,,,,,,,"+5.298",5298,"+0.833",833,22
552,1994,4,20,20,"20","26","olivier-panis","ligier","renault","goodyear","1:24.131",84131,,,,,,,"+5.571",5571,"+0.273",273,16
552,1994,4,21,21,"21","25","eric-bernard","ligier","renault","goodyear","1:24.377",84377,,,,,,,"+5.817",5817,"+0.246",246,12
552,1994,4,22,22,"22","31","david-brabham","simtek","ford","goodyear","1:24.656",84656,,,,,,,"+6.096",6096,"+0.279",279,20
552,1994,4,23,23,"23","34","bertrand-gachot","pacific","ilmor","goodyear","1:26.082",86082,,,,,,,"+7.522",7522,"+1.426",1426,8
552,1994,4,24,24,"24","33","paul-belmondo","pacific","ilmor","goodyear","1:29.984",89984,,,,,,,"+11.424",11424,"+3.902",3902,10
553,1994,5,1,1,"1","5","michael-schumacher","benetton","ford","goodyear","1:21.908",81908,,,,,,,,,,,21
553,1994,5,2,2,"2","0","damon-hill","williams","renault","goodyear","1:22.559",82559,,,,,,,"+0.651",651,"+0.651",651,24
553,1994,5,3,3,"3","7","mika-hakkinen","mclaren","peugeot","goodyear","1:22.660",82660,,,,,,,"+0.752",752,"+0.101",101,22
553,1994,5,4,4,"4","6","jj-lehto","benetton","ford","goodyear","1:22.983",82983,,,,,,,"+1.075",1075,"+0.323",323,21
553,1994,5,5,5,"5","14","rubens-barrichello","jordan","hart","goodyear","1:23.594",83594,,,,,,,"+1.686",1686,"+0.611",611,23
553,1994,5,6,6,"6","27","jean-alesi","ferrari","ferrari","goodyear","1:23.700",83700,,,,,,,"+1.792",1792,"+0.106",106,23
553,1994,5,7,7,"7","28","gerhard-berger","ferrari","ferrari","goodyear","1:23.715",83715,,,,,,,"+1.807",1807,"+0.015",15,19
553,1994,5,8,8,"8","8","martin-brundle","mclaren","peugeot","goodyear","1:23.763",83763,,,,,,,"+1.855",1855,"+0.048",48,24
553,1994,5,9,9,"9","2","david-coulthard","williams","renault","goodyear","1:23.782",83782,,,,,,,"+1.874",1874,"+0.019",19,19
553,1994,5,10,10,"10","3","ukyo-katayama","tyrrell","yamaha","goodyear","1:23.969",83969,,,,,,,"+2.061",2061,"+0.187",187,16
553,1994,5,11,11,"11","4","mark-blundell","tyrrell","yamaha","goodyear","1:23.981",83981,,,,,,,"+2.073",2073,"+0.012",12,21
553,1994,5,12,12,"12","30","heinz-harald-frentzen","sauber","mercedes","goodyear","1:24.254",84254,,,,,,,"+2.346",2346,"+0.273",273,21
553,1994,5,13,13,"13","15","eddie-irvine","jordan","hart","goodyear","1:24.930",84930,,,,,,,"+3.022",3022,"+0.676",676,23
553,1994,5,14,14,"14","24","michele-alboreto","minardi","ford","goodyear","1:24.996",84996,,,,,,,"+3.088",3088,"+0.066",66,23
553,1994,5,15,15,"15","10","gianni-morbidelli","footwork","ford","goodyear","1:25.018",85018,,,,,,,"+3.110",3110,"+0.022",22,24
553,1994,5,16,16,"16","20","erik-comas","larrousse","ford","goodyear","1:25.050",85050,,,,,,,"+3.142",3142,"+0.032",32,24
553,1994,5,17,17,"17","19","olivier-beretta","larrousse","ford","goodyear","1:25.161",85161,,,,,,,"+3.253",3253,"+0.111",111,17
553,1994,5,18,18,"18","23","pierluigi-martini","minardi","ford","goodyear","1:25.247",85247,,,,,,,"+3.339",3339,"+0.086",86,16
553,1994,5,19,19,"19","26","olivier-panis","ligier","renault","goodyear","1:25.577",85577,,,,,,,"+3.669",3669,"+0.330",330,23
553,1994,5,20,20,"20","25","eric-bernard","ligier","renault","goodyear","1:25.766",85766,,,,,,,"+3.858",3858,"+0.189",189,24
553,1994,5,21,21,"21","9","christian-fittipaldi","footwork","ford","goodyear","1:26.084",86084,,,,,,,"+4.176",4176,"+0.318",318,24
553,1994,5,22,22,"22","12","johnny-herbert","lotus","mugen-honda","goodyear","1:26.397",86397,,,,,,,"+4.489",4489,"+0.313",313,15
553,1994,5,23,23,"23","11","alex-zanardi","lotus","mugen-honda","goodyear","1:27.685",87685,,,,,,,"+5.777",5777,"+1.288",1288,16
553,1994,5,24,24,"24","31","david-brabham","simtek","ford","goodyear","1:28.151",88151,,,,,,,"+6.243",6243,"+0.466",466,20
553,1994,5,25,25,"25","34","bertrand-gachot","pacific","ilmor","goodyear","1:28.873",88873,,,,,,,"+6.965",6965,"+0.722",722,13
553,1994,5,26,26,"26","33","paul-belmondo","pacific","ilmor","goodyear","1:30.657",90657,,,,,,,"+8.749",8749,"+1.784",1784,23
553,1994,5,27,27,"27","32","andrea-montermini","simtek","ford","goodyear","1:31.111",91111,,,,,,,"+9.203",9203,"+0.454",454,11
554,1994,6,1,1,"1","5","michael-schumacher","benetton","ford","goodyear","1:26.178",86178,,,,,,,,,,,22
554,1994,6,2,2,"2","27","jean-alesi","ferrari","ferrari","goodyear","1:26.277",86277,,,,,,,"+0.099",99,"+0.099",99,24
554,1994,6,3,3,"3","28","gerhard-berger","ferrari","ferrari","goodyear","1:27.059",87059,,,,,,,"+0.881",881,"+0.782",782,24
554,1994,6,4,4,"4","0","damon-hill","williams","renault","goodyear","1:27.094",87094,,,,,,,"+0.916",916,"+0.035",35,24
554,1994,6,5,5,"5","2","david-coulthard","williams","renault","goodyear","1:27.211",87211,,,,,,,"+1.033",1033,"+0.117",117,20
554,1994,6,6,6,"6","14","rubens-barrichello","jordan","hart","goodyear","1:27.554",87554,,,,,,,"+1.376",1376,"+0.343",343,21
554,1994,6,7,7,"7","7","mika-hakkinen","mclaren","peugeot","goodyear","1:27.616",87616,,,,,,,"+1.438",1438,"+0.062",62,24
554,1994,6,8,8,"8","15","eddie-irvine","jordan","hart","goodyear","1:27.780",87780,,,,,,,"+1.602",1602,"+0.164",164,24
554,1994,6,9,9,"9","3","ukyo-katayama","tyrrell","yamaha","goodyear","1:27.827",87827,,,,,,,"+1.649",1649,"+0.047",47,20
554,1994,6,10,10,"10","30","heinz-harald-frentzen","sauber","mercedes","goodyear","1:27.977",87977,,,,,,,"+1.799",1799,"+0.150",150,21
554,1994,6,11,11,"11","10","gianni-morbidelli","footwork","ford","goodyear","1:27.989",87989,,,,,,,"+1.811",1811,"+0.012",12,24
554,1994,6,12,12,"12","8","martin-brundle","mclaren","peugeot","goodyear","1:28.197",88197,,,,,,,"+2.019",2019,"+0.208",208,24
554,1994,6,13,13,"13","4","mark-blundell","tyrrell","yamaha","goodyear","1:28.579",88579,,,,,,,"+2.401",2401,"+0.382",382,23
554,1994,6,14,14,"14","29","andrea-de-cesaris","sauber","mercedes","goodyear","1:28.694",88694,,,,,,,"+2.516",2516,"+0.115",115,24
554,1994,6,15,15,"15","23","pierluigi-martini","minardi","ford","goodyear","1:28.847",88847,,,,,,,"+2.669",2669,"+0.153",153,23
554,1994,6,16,16,"16","9","christian-fittipaldi","footwork","ford","goodyear","1:28.882",88882,,,,,,,"+2.704",2704,"+0.035",35,24
554,1994,6,17,17,"17","12","johnny-herbert","lotus","mugen-honda","goodyear","1:28.889",88889,,,,,,,"+2.711",2711,"+0.007",7,22
554,1994,6,18,18,"18","24","michele-alboreto","minardi","ford","goodyear","1:28.903",88903,,,,,,,"+2.725",2725,"+0.014",14,21
554,1994,6,19,19,"19","26","olivier-panis","ligier","renault","goodyear","1:28.950",88950,,,,,,,"+2.772",2772,"+0.047",47,24
554,1994,6,20,20,"20","6","jj-lehto","benetton","ford","goodyear","1:28.993",88993,,,,,,,"+2.815",2815,"+0.043",43,21
554,1994,6,21,21,"21","20","erik-comas","larrousse","ford","goodyear","1:29.039",89039,,,,,,,"+2.861",2861,"+0.046",46,23
554,1994,6,22,22,"22","19","olivier-beretta","larrousse","ford","goodyear","1:29.403",89403,,,,,,,"+3.225",3225,"+0.364",364,24
554,1994,6,23,23,"23","11","alex-zanardi","lotus","mugen-honda","goodyear","1:30.160",90160,,,,,,,"+3.982",3982,"+0.757",757,23
554,1994,6,24,24,"24","25","eric-bernard","ligier","renault","goodyear","1:30.493",90493,,,,,,,"+4.315",4315,"+0.333",333,22
554,1994,6,25,25,"25","31","david-brabham","simtek","ford","goodyear","1:31.632",91632,,,,,,,"+5.454",5454,"+1.139",1139,20
554,1994,6,26,26,"26","34","bertrand-gachot","pacific","ilmor","goodyear","1:32.838",92838,,,,,,,"+6.660",6660,"+1.206",1206,22
554,1994,6,27,27,"27","33","paul-belmondo","pacific","ilmor","goodyear","1:33.006",93006,,,,,,,"+6.828",6828,"+0.168",168,22
555,1994,7,1,1,"1","0","damon-hill","williams","renault","goodyear","1:16.282",76282,,,,,,,,,,,24
555,1994,7,2,2,"2","2","nigel-mansell","williams","renault","goodyear","1:16.359",76359,,,,,,,"+0.077",77,"+0.077",77,21
555,1994,7,3,3,"3","5","michael-schumacher","benetton","ford","goodyear","1:16.707",76707,,,,,,,"+0.425",425,"+0.348",348,20
555,1994,7,4,4,"4","27","jean-alesi","ferrari","ferrari","goodyear","1:16.954",76954,,,,,,,"+0.672",672,"+0.247",247,20
555,1994,7,5,5,"5","28","gerhard-berger","ferrari","ferrari","goodyear","1:16.959",76959,,,,,,,"+0.677",677,"+0.005",5,22
555,1994,7,6,6,"6","15","eddie-irvine","jordan","hart","goodyear","1:17.441",77441,,,,,,,"+1.159",1159,"+0.482",482,22
555,1994,7,7,7,"7","14","rubens-barrichello","jordan","hart","goodyear","1:17.482",77482,,,,,,,"+1.200",1200,"+0.041",41,22
555,1994,7,8,8,"8","6","jos-verstappen","benetton","ford","goodyear","1:17.645",77645,,,,,,,"+1.363",1363,"+0.163",163,14
555,1994,7,9,9,"9","7","mika-hakkinen","mclaren","peugeot","goodyear","1:17.768",77768,,,,,,,"+1.486",1486,"+0.123",123,19
555,1994,7,10,10,"10","30","heinz-harald-frentzen","sauber","mercedes","goodyear","1:17.830",77830,,,,,,,"+1.548",1548,"+0.062",62,21
555,1994,7,11,11,"11","29","andrea-de-cesaris","sauber","mercedes","goodyear","1:17.866",77866,,,,,,,"+1.584",1584,"+0.036",36,23
555,1994,7,12,12,"12","8","martin-brundle","mclaren","peugeot","goodyear","1:18.031",78031,,,,,,,"+1.749",1749,"+0.165",165,23
555,1994,7,13,13,"13","26","olivier-panis","ligier","renault","goodyear","1:18.044",78044,,,,,,,"+1.762",1762,"+0.013",13,23
555,1994,7,14,14,"14","3","ukyo-katayama","tyrrell","yamaha","goodyear","1:18.192",78192,,,,,,,"+1.910",1910,"+0.148",148,24
555,1994,7,15,15,"15","25","eric-bernard","ligier","renault","goodyear","1:18.236",78236,,,,,,,"+1.954",1954,"+0.044",44,21
555,1994,7,16,16,"16","23","pierluigi-martini","minardi","ford","goodyear","1:18.248",78248,,,,,,,"+1.966",1966,"+0.012",12,22
555,1994,7,17,17,"17","4","mark-blundell","tyrrell","yamaha","goodyear","1:18.381",78381,,,,,,,"+2.099",2099,"+0.133",133,24
555,1994,7,18,18,"18","9","christian-fittipaldi","footwork","ford","goodyear","1:18.568",78568,,,,,,,"+2.286",2286,"+0.187",187,21
555,1994,7,19,19,"19","12","johnny-herbert","lotus","mugen-honda","goodyear","1:18.715",78715,,,,,,,"+2.433",2433,"+0.147",147,24
555,1994,7,20,20,"20","20","erik-comas","larrousse","ford","goodyear","1:18.811",78811,,,,,,,"+2.529",2529,"+0.096",96,20
555,1994,7,21,21,"21","24","michele-alboreto","minardi","ford","goodyear","1:18.890",78890,,,,,,,"+2.608",2608,"+0.079",79,24
555,1994,7,22,22,"22","10","gianni-morbidelli","footwork","ford","goodyear","1:18.936",78936,,,,,,,"+2.654",2654,"+0.046",46,20
555,1994,7,23,23,"23","11","alex-zanardi","lotus","mugen-honda","goodyear","1:19.066",79066,,,,,,,"+2.784",2784,"+0.130",130,23
555,1994,7,24,24,"24","31","david-brabham","simtek","ford","goodyear","1:19.771",79771,,,,,,,"+3.489",3489,"+0.705",705,22
555,1994,7,25,25,"25","19","olivier-beretta","larrousse","ford","goodyear","1:19.863",79863,,,,,,,"+3.581",3581,"+0.092",92,16
555,1994,7,26,26,"26","32","jean-marc-gounon","simtek","ford","goodyear","1:21.829",81829,,,,,,,"+5.547",5547,"+1.966",1966,17
555,1994,7,27,27,"27","34","bertrand-gachot","pacific","ilmor","goodyear","1:21.952",81952,,,,,,,"+5.670",5670,"+0.123",123,22
555,1994,7,28,28,"28","33","paul-belmondo","pacific","ilmor","goodyear","1:23.004",83004,,,,,,,"+6.722",6722,"+1.052",1052,15
556,1994,8,1,1,"1","0","damon-hill","williams","renault","goodyear","1:24.960",84960,,,,,,,,,,,20
556,1994,8,2,2,"2","5","michael-schumacher","benetton","ford","goodyear","1:24.963",84963,,,,,,,"+0.003",3,"+0.003",3,19
556,1994,8,3,3,"3","28","gerhard-berger","ferrari","ferrari","goodyear","1:24.980",84980,,,,,,,"+0.020",20,"+0.017",17,20
556,1994,8,4,4,"4","27","jean-alesi","ferrari","ferrari","goodyear","1:25.541",85541,,,,,,,"+0.581",581,"+0.561",561,22
556,1994,8,5,5,"5","7","mika-hakkinen","mclaren","peugeot","goodyear","1:26.268",86268,,,,,,,"+1.308",1308,"+0.727",727,21
556,1994,8,6,6,"6","14","rubens-barrichello","jordan","hart","goodyear","1:26.271",86271,,,,,,,"+1.311",1311,"+0.003",3,22
556,1994,8,7,7,"7","2","david-coulthard","williams","renault","goodyear","1:26.337",86337,,,,,,,"+1.377",1377,"+0.066",66,19
556,1994,8,8,8,"8","3","ukyo-katayama","tyrrell","yamaha","goodyear","1:26.414",86414,,,,,,,"+1.454",1454,"+0.077",77,24
556,1994,8,9,9,"9","8","martin-brundle","mclaren","peugeot","goodyear","1:26.768",86768,,,,,,,"+1.808",1808,"+0.354",354,24
556,1994,8,10,10,"10","6","jos-verstappen","benetton","ford","goodyear","1:26.841",86841,,,,,,,"+1.881",1881,"+0.073",73,12
556,1994,8,11,11,"11","4","mark-blundell","tyrrell","yamaha","goodyear","1:26.920",86920,,,,,,,"+1.960",1960,"+0.079",79,22
556,1994,8,12,12,"12","15","eddie-irvine","jordan","hart","goodyear","1:27.065",87065,,,,,,,"+2.105",2105,"+0.145",145,23
556,1994,8,13,13,"13","30","heinz-harald-frentzen","sauber","mercedes","goodyear","1:27.284",87284,,,,,,,"+2.324",2324,"+0.219",219,19
556,1994,8,14,14,"14","23","pierluigi-martini","minardi","ford","goodyear","1:27.522",87522,,,,,,,"+2.562",2562,"+0.238",238,24
556,1994,8,15,15,"15","26","olivier-panis","ligier","renault","goodyear","1:27.785",87785,,,,,,,"+2.825",2825,"+0.263",263,21
556,1994,8,16,16,"16","10","gianni-morbidelli","footwork","ford","goodyear","1:27.886",87886,,,,,,,"+2.926",2926,"+0.101",101,24
556,1994,8,17,17,"17","24","michele-alboreto","minardi","ford","goodyear","1:28.100",88100,,,,,,,"+3.140",3140,"+0.214",214,24
556,1994,8,18,18,"18","29","andrea-de-cesaris","sauber","mercedes","goodyear","1:28.212",88212,,,,,,,"+3.252",3252,"+0.112",112,22
556,1994,8,19,19,"19","11","alex-zanardi","lotus","mugen-honda","goodyear","1:28.225",88225,,,,,,,"+3.265",3265,"+0.013",13,24
556,1994,8,20,20,"20","9","christian-fittipaldi","footwork","ford","goodyear","1:28.231",88231,,,,,,,"+3.271",3271,"+0.006",6,22
556,1994,8,21,21,"21","12","johnny-herbert","lotus","mugen-honda","goodyear","1:28.340",88340,,,,,,,"+3.380",3380,"+0.109",109,24
556,1994,8,22,22,"22","20","erik-comas","larrousse","ford","goodyear","1:28.519",88519,,,,,,,"+3.559",3559,"+0.179",179,23
556,1994,8,23,23,"23","25","eric-bernard","ligier","renault","goodyear","1:28.955",88955,,,,,,,"+3.995",3995,"+0.436",436,21
556,1994,8,24,24,"24","19","olivier-beretta","larrousse","ford","goodyear","1:29.299",89299,,,,,,,"+4.339",4339,"+0.344",344,21
556,1994,8,25,25,"25","31","david-brabham","simtek","ford","goodyear","1:30.690",90690,,,,,,,"+5.730",5730,"+1.391",1391,16
556,1994,8,26,26,"26","32","jean-marc-gounon","simtek","ford","goodyear","1:30.722",90722,,,,,,,"+5.762",5762,"+0.032",32,24
556,1994,8,27,27,"27","34","bertrand-gachot","pacific","ilmor","goodyear","1:31.496",91496,,,,,,,"+6.536",6536,"+0.774",774,14
556,1994,8,28,28,"28","33","paul-belmondo","pacific","ilmor","goodyear","1:32.507",92507,,,,,,,"+7.547",7547,"+1.011",1011,14
557,1994,9,1,1,"1","28","gerhard-berger","ferrari","ferrari","goodyear","1:43.582",103582,,,,,,,,,,,14
557,1994,9,2,2,"2","27","jean-alesi","ferrari","ferrari","goodyear","1:44.012",104012,,,,,,,"+0.430",430,"+0.430",430,16
557,1994,9,3,3,"3","0","damon-hill","williams","renault","goodyear","1:44.026",104026,,,,,,,"+0.444",444,"+0.014",14,22
557,1994,9,4,4,"4","5","michael-schumacher","benetton","ford","goodyear","1:44.268",104268,,,,,,,"+0.686",686,"+0.242",242,15
557,1994,9,5,5,"5","3","ukyo-katayama","tyrrell","yamaha","goodyear","1:44.718",104718,,,,,,,"+1.136",1136,"+0.450",450,19
557,1994,9,6,6,"6","2","david-coulthard","williams","renault","goodyear","1:45.146",105146,,,,,,,"+1.564",1564,"+0.428",428,23
557,1994,9,7,7,"7","4","mark-blundell","tyrrell","yamaha","goodyear","1:45.474",105474,,,,,,,"+1.892",1892,"+0.328",328,21
557,1994,9,8,8,"8","7","mika-hakkinen","mclaren","peugeot","goodyear","1:45.487",105487,,,,,,,"+1.905",1905,"+0.013",13,17
557,1994,9,9,9,"9","30","heinz-harald-frentzen","sauber","mercedes","goodyear","1:45.893",105893,,,,,,,"+2.311",2311,"+0.406",406,17
557,1994,9,10,10,"10","15","eddie-irvine","jordan","hart","goodyear","1:45.911",105911,,,,,,,"+2.329",2329,"+0.018",18,23
557,1994,9,11,11,"11","14","rubens-barrichello","jordan","hart","goodyear","1:45.939",105939,,,,,,,"+2.357",2357,"+0.028",28,23
557,1994,9,12,12,"12","26","olivier-panis","ligier","renault","goodyear","1:46.165",106165,,,,,,,"+2.583",2583,"+0.226",226,18
557,1994,9,13,13,"13","8","martin-brundle","mclaren","peugeot","goodyear","1:46.218",106218,,,,,,,"+2.636",2636,"+0.053",53,22
557,1994,9,14,14,"14","25","eric-bernard","ligier","renault","goodyear","1:46.290",106290,,,,,,,"+2.708",2708,"+0.072",72,20
557,1994,9,15,15,"15","12","johnny-herbert","lotus","mugen-honda","goodyear","1:46.630",106630,,,,,,,"+3.048",3048,"+0.340",340,13
557,1994,9,16,16,"16","10","gianni-morbidelli","footwork","ford","goodyear","1:46.817",106817,,,,,,,"+3.235",3235,"+0.187",187,21
557,1994,9,17,17,"17","9","christian-fittipaldi","footwork","ford","goodyear","1:47.102",107102,,,,,,,"+3.520",3520,"+0.285",285,21
557,1994,9,18,18,"18","29","andrea-de-cesaris","sauber","mercedes","goodyear","1:47.235",107235,,,,,,,"+3.653",3653,"+0.133",133,20
557,1994,9,19,19,"19","6","jos-verstappen","benetton","ford","goodyear","1:47.316",107316,,,,,,,"+3.734",3734,"+0.081",81,11
557,1994,9,20,20,"20","23","pierluigi-martini","minardi","ford","goodyear","1:47.402",107402,,,,,,,"+3.820",3820,"+0.086",86,22
557,1994,9,21,21,"21","11","alex-zanardi","lotus","mugen-honda","goodyear","1:47.425",107425,,,,,,,"+3.843",3843,"+0.023",23,24
557,1994,9,22,22,"22","20","erik-comas","larrousse","ford","goodyear","1:48.229",108229,,,,,,,"+4.647",4647,"+0.804",804,24
557,1994,9,23,23,"23","24","michele-alboreto","minardi","ford","goodyear","1:48.295",108295,,,,,,,"+4.713",4713,"+0.066",66,21
557,1994,9,24,24,"24","19","olivier-beretta","larrousse","ford","goodyear","1:48.681",108681,,,,,,,"+5.099",5099,"+0.386",386,24
557,1994,9,25,25,"25","31","david-brabham","simtek","ford","goodyear","1:48.870",108870,,,,,,,"+5.288",5288,"+0.189",189,19
557,1994,9,26,26,"26","32","jean-marc-gounon","simtek","ford","goodyear","1:49.204",109204,,,,,,,"+5.622",5622,"+0.334",334,15
557,1994,9,27,27,"27","33","paul-belmondo","pacific","ilmor","goodyear","1:51.122",111122,,,,,,,"+7.540",7540,"+1.918",1918,23
557,1994,9,28,28,"28","34","bertrand-gachot","pacific","ilmor","goodyear","1:51.292",111292,,,,,,,"+7.710",7710,"+0.170",170,17
558,1994,10,1,1,"1","5","michael-schumacher","benetton","ford","goodyear","1:18.258",78258,,,,,,,,,,,21
558,1994,10,2,2,"2","0","damon-hill","williams","renault","goodyear","1:18.824",78824,,,,,,,"+0.566",566,"+0.566",566,23
558,1994,10,3,3,"3","2","david-coulthard","williams","renault","goodyear","1:20.205",80205,,,,,,,"+1.947",1947,"+1.381",1381,14
558,1994,10,4,4,"4","28","gerhard-berger","ferrari","ferrari","goodyear","1:20.219",80219,,,,,,,"+1.961",1961,"+0.014",14,22
558,1994,10,5,5,"5","3","ukyo-katayama","tyrrell","yamaha","goodyear","1:20.232",80232,,,,,,,"+1.974",1974,"+0.013",13,23
558,1994,10,6,6,"6","8","martin-brundle","mclaren","peugeot","goodyear","1:20.629",80629,,,,,,,"+2.371",2371,"+0.397",397,22
558,1994,10,7,7,"7","15","eddie-irvine","jordan","hart","goodyear","1:20.698",80698,,,,,,,"+2.440",2440,"+0.069",69,23
558,1994,10,8,8,"8","30","heinz-harald-frentzen","sauber","mercedes","goodyear","1:20.858",80858,,,,,,,"+2.600",2600,"+0.160",160,24
558,1994,10,9,9,"9","26","olivier-panis","ligier","renault","goodyear","1:20.929",80929,,,,,,,"+2.671",2671,"+0.071",71,23
558,1994,10,10,10,"10","14","rubens-barrichello","jordan","hart","goodyear","1:20.952",80952,,,,,,,"+2.694",2694,"+0.023",23,24
558,1994,10,11,11,"11","4","mark-blundell","tyrrell","yamaha","goodyear","1:20.984",80984,,,,,,,"+2.726",2726,"+0.032",32,24
558,1994,10,12,12,"12","6","jos-verstappen","benetton","ford","goodyear","1:21.141",81141,,,,,,,"+2.883",2883,"+0.157",157,14
558,1994,10,13,13,"13","27","jean-alesi","ferrari","ferrari","goodyear","1:21.206",81206,,,,,,,"+2.948",2948,"+0.065",65,23
558,1994,10,14,14,"14","7","philippe-alliot","mclaren","peugeot","goodyear","1:21.498",81498,,,,,,,"+3.240",3240,"+0.292",292,20
558,1994,10,15,15,"15","23","pierluigi-martini","minardi","ford","goodyear","1:21.837",81837,,,,,,,"+3.579",3579,"+0.339",339,16
558,1994,10,16,16,"16","9","christian-fittipaldi","footwork","ford","goodyear","1:21.873",81873,,,,,,,"+3.615",3615,"+0.036",36,22
558,1994,10,17,17,"17","29","andrea-de-cesaris","sauber","mercedes","goodyear","1:21.946",81946,,,,,,,"+3.688",3688,"+0.073",73,24
558,1994,10,18,18,"18","25","eric-bernard","ligier","renault","goodyear","1:22.038",82038,,,,,,,"+3.780",3780,"+0.092",92,22
558,1994,10,19,19,"19","10","gianni-morbidelli","footwork","ford","goodyear","1:22.311",82311,,,,,,,"+4.053",4053,"+0.273",273,15
558,1994,10,20,20,"20","24","michele-alboreto","minardi","ford","goodyear","1:22.379",82379,,,,,,,"+4.121",4121,"+0.068",68,22
558,1994,10,21,21,"21","20","erik-comas","larrousse","ford","goodyear","1:22.487",82487,,,,,,,"+4.229",4229,"+0.108",108,24
558,1994,10,22,22,"22","11","alex-zanardi","lotus","mugen-honda","goodyear","1:22.513",82513,,,,,,,"+4.255",4255,"+0.026",26,22
558,1994,10,23,23,"23","31","david-brabham","simtek","ford","goodyear","1:22.614",82614,,,,,,,"+4.356",4356,"+0.101",101,24
558,1994,10,24,24,"24","12","johnny-herbert","lotus","mugen-honda","goodyear","1:22.705",82705,,,,,,,"+4.447",4447,"+0.091",91,24
558,1994,10,25,25,"25","19","olivier-beretta","larrousse","ford","goodyear","1:22.899",82899,,,,,,,"+4.641",4641,"+0.194",194,24
558,1994,10,26,26,"26","32","jean-marc-gounon","simtek","ford","goodyear","1:24.191",84191,,,,,,,"+5.933",5933,"+1.292",1292,20
558,1994,10,27,27,"27","34","bertrand-gachot","pacific","ilmor","goodyear","1:24.908",84908,,,,,,,"+6.650",6650,"+0.717",717,22
558,1994,10,28,28,"28","33","paul-belmondo","pacific","ilmor","goodyear","1:26.275",86275,,,,,,,"+8.017",8017,"+1.367",1367,22
559,1994,11,1,1,"1","14","rubens-barrichello","jordan","hart","goodyear","2:21.163",141163,,,,,,,,,,,9
559,1994,11,2,2,"2","5","michael-schumacher","benetton","ford","goodyear","2:21.494",141494,,,,,,,"+0.331",331,"+0.331",331,12
559,1994,11,3,3,"3","0","damon-hill","williams","renault","goodyear","2:21.681",141681,,,,,,,"+0.518",518,"+0.187",187,19
559,1994,11,4,4,"4","15","eddie-irvine","jordan","hart","goodyear","2:22.074",142074,,,,,,,"+0.911",911,"+0.393",393,11
559,1994,11,5,5,"5","27","jean-alesi","ferrari","ferrari","goodyear","2:22.202",142202,,,,,,,"+1.039",1039,"+0.128",128,20
559,1994,11,6,6,"6","6","jos-verstappen","benetton","ford","goodyear","2:22.218",142218,,,,,,,"+1.055",1055,"+0.016",16,15
559,1994,11,7,7,"7","2","david-coulthard","williams","renault","goodyear","2:22.359",142359,,,,,,,"+1.196",1196,"+0.141",141,19
559,1994,11,8,8,"8","7","mika-hakkinen","mclaren","peugeot","goodyear","2:22.441",142441,,,,,,,"+1.278",1278,"+0.082",82,18
559,1994,11,9,9,"9","30","heinz-harald-frentzen","sauber","mercedes","goodyear","2:22.634",142634,,,,,,,"+1.471",1471,"+0.193",193,20
559,1994,11,10,10,"10","23","pierluigi-martini","minardi","ford","goodyear","2:23.326",143326,,,,,,,"+2.163",2163,"+0.692",692,14
559,1994,11,11,11,"11","28","gerhard-berger","ferrari","ferrari","goodyear","2:23.895",143895,,,,,,,"+2.732",2732,"+0.569",569,12
559,1994,11,12,12,"12","4","mark-blundell","tyrrell","yamaha","goodyear","2:24.048",144048,,,,,,,"+2.885",2885,"+0.153",153,14
559,1994,11,13,13,"13","8","martin-brundle","mclaren","peugeot","goodyear","2:24.117",144117,,,,,,,"+2.954",2954,"+0.069",69,15
559,1994,11,14,14,"14","10","gianni-morbidelli","footwork","ford","goodyear","2:25.114",145114,,,,,,,"+3.951",3951,"+0.997",997,19
559,1994,11,15,15,"15","29","andrea-de-cesaris","sauber","mercedes","goodyear","2:25.695",145695,,,,,,,"+4.532",4532,"+0.581",581,18
559,1994,11,16,16,"16","25","eric-bernard","ligier","renault","goodyear","2:26.044",146044,,,,,,,"+4.881",4881,"+0.349",349,18
559,1994,11,17,17,"17","26","olivier-panis","ligier","renault","goodyear","2:26.079",146079,,,,,,,"+4.916",4916,"+0.035",35,17
559,1994,11,18,18,"18","24","michele-alboreto","minardi","ford","goodyear","2:26.738",146738,,,,,,,"+5.575",5575,"+0.659",659,14
559,1994,11,19,19,"19","19","philippe-alliot","larrousse","ford","goodyear","2:26.901",146901,,,,,,,"+5.738",5738,"+0.163",163,19
559,1994,11,20,20,"20","12","johnny-herbert","lotus","mugen-honda","goodyear","2:27.155",147155,,,,,,,"+5.992",5992,"+0.254",254,16
559,1994,11,21,21,"21","31","david-brabham","simtek","ford","goodyear","2:27.212",147212,,,,,,,"+6.049",6049,"+0.057",57,14
559,1994,11,22,22,"22","20","erik-comas","larrousse","ford","goodyear","2:28.156",148156,,,,,,,"+6.993",6993,"+0.944",944,19
559,1994,11,23,23,"23","3","ukyo-katayama","tyrrell","yamaha","goodyear","2:28.979",148979,,,,,,,"+7.816",7816,"+0.823",823,13
559,1994,11,24,24,"24","9","christian-fittipaldi","footwork","ford","goodyear","2:30.931",150931,,,,,,,"+9.768",9768,"+1.952",1952,12
559,1994,11,25,25,"25","32","jean-marc-gounon","simtek","ford","goodyear","2:31.755",151755,,,,,,,"+10.592",10592,"+0.824",824,10
559,1994,11,26,26,"26","11","philippe-adams","lotus","mugen-honda","goodyear","2:33.885",153885,,,,,,,"+12.722",12722,"+2.130",2130,20
559,1994,11,27,27,"27","34","bertrand-gachot","pacific","ilmor","goodyear","2:34.582",154582,,,,,,,"+13.419",13419,"+0.697",697,15
559,1994,11,28,28,"28","33","paul-belmondo","pacific","ilmor","goodyear","2:35.729",155729,,,,,,,"+14.566",14566,"+1.147",1147,7
560,1994,12,1,1,"1","27","jean-alesi","ferrari","ferrari","goodyear","1:23.844",83844,,,,,,,,,,,19
560,1994,12,2,2,"2","28","gerhard-berger","ferrari","ferrari","goodyear","1:23.978",83978,,,,,,,"+0.134",134,"+0.134",134,24
560,1994,12,3,3,"3","0","damon-hill","williams","renault","goodyear","1:24.158",84158,,,,,,,"+0.314",314,"+0.180",180,21
560,1994,12,4,4,"4","12","johnny-herbert","lotus","mugen-honda","goodyear","1:24.374",84374,,,,,,,"+0.530",530,"+0.216",216,23
560,1994,12,5,5,"5","2","david-coulthard","williams","renault","goodyear","1:24.502",84502,,,,,,,"+0.658",658,"+0.128",128,21
560,1994,12,6,6,"6","26","olivier-panis","ligier","renault","goodyear","1:25.455",85455,,,,,,,"+1.611",1611,"+0.953",953,23
560,1994,12,7,7,"7","7","mika-hakkinen","mclaren","peugeot","goodyear","1:25.528",85528,,,,,,,"+1.684",1684,"+0.073",73,24
560,1994,12,8,8,"8","29","andrea-de-cesaris","sauber","mercedes","goodyear","1:25.540",85540,,,,,,,"+1.696",1696,"+0.012",12,23
560,1994,12,9,9,"9","15","eddie-irvine","jordan","hart","goodyear","1:25.568",85568,,,,,,,"+1.724",1724,"+0.028",28,12
560,1994,12,10,10,"10","6","jos-verstappen","benetton","ford","goodyear","1:25.618",85618,,,,,,,"+1.774",1774,"+0.050",50,18
560,1994,12,11,11,"11","30","heinz-harald-frentzen","sauber","mercedes","goodyear","1:25.628",85628,,,,,,,"+1.784",1784,"+0.010",10,20
560,1994,12,12,12,"12","25","eric-bernard","ligier","renault","goodyear","1:25.718",85718,,,,,,,"+1.874",1874,"+0.090",90,20
560,1994,12,13,13,"13","11","alex-zanardi","lotus","mugen-honda","goodyear","1:25.733",85733,,,,,,,"+1.889",1889,"+0.015",15,23
560,1994,12,14,14,"14","3","ukyo-katayama","tyrrell","yamaha","goodyear","1:25.889",85889,,,,,,,"+2.045",2045,"+0.156",156,23
560,1994,12,15,15,"15","8","martin-brundle","mclaren","peugeot","goodyear","1:25.933",85933,,,,,,,"+2.089",2089,"+0.044",44,23
560,1994,12,16,16,"16","14","rubens-barrichello","jordan","hart","goodyear","1:25.946",85946,,,,,,,"+2.102",2102,"+0.013",13,20
560,1994,12,17,17,"17","10","gianni-morbidelli","footwork","ford","goodyear","1:26.002",86002,,,,,,,"+2.158",2158,"+0.056",56,24
560,1994,12,18,18,"18","23","pierluigi-martini","minardi","ford","goodyear","1:26.056",86056,,,,,,,"+2.212",2212,"+0.054",54,14
560,1994,12,19,19,"19","9","christian-fittipaldi","footwork","ford","goodyear","1:26.337",86337,,,,,,,"+2.493",2493,"+0.281",281,24
560,1994,12,20,20,"20","5","jj-lehto","benetton","ford","goodyear","1:26.384",86384,,,,,,,"+2.540",2540,"+0.047",47,24
560,1994,12,21,21,"21","4","mark-blundell","tyrrell","yamaha","goodyear","1:26.574",86574,,,,,,,"+2.730",2730,"+0.190",190,18
560,1994,12,22,22,"22","24","michele-alboreto","minardi","ford","goodyear","1:26.832",86832,,,,,,,"+2.988",2988,"+0.258",258,17
560,1994,12,23,23,"23","19","yannick-dalmas","larrousse","ford","goodyear","1:27.846",87846,,,,,,,"+4.002",4002,"+1.014",1014,21
560,1994,12,24,24,"24","20","erik-comas","larrousse","ford","goodyear","1:27.894",87894,,,,,,,"+4.050",4050,"+0.048",48,15
560,1994,12,25,25,"25","32","jean-marc-gounon","simtek","ford","goodyear","1:28.353",88353,,,,,,,"+4.509",4509,"+0.459",459,23
560,1994,12,26,26,"26","31","david-brabham","simtek","ford","goodyear","1:28.619",88619,,,,,,,"+4.775",4775,"+0.266",266,17
560,1994,12,27,27,"27","34","bertrand-gachot","pacific","ilmor","goodyear","1:31.387",91387,,,,,,,"+7.543",7543,"+2.768",2768,18
560,1994,12,28,28,"28","33","paul-belmondo","pacific","ilmor","goodyear","1:32.035",92035,,,,,,,"+8.191",8191,"+0.648",648,12
561,1994,13,1,1,"1","28","gerhard-berger","ferrari","ferrari","goodyear","1:20.608",80608,,,,,,,,,,,19
561,1994,13,2,2,"2","0","damon-hill","williams","renault","goodyear","1:20.766",80766,,,,,,,"+0.158",158,"+0.158",158,22
561,1994,13,3,3,"3","2","david-coulthard","williams","renault","goodyear","1:21.033",81033,,,,,,,"+0.425",425,"+0.267",267,20
561,1994,13,4,4,"4","7","mika-hakkinen","mclaren","peugeot","goodyear","1:21.251",81251,,,,,,,"+0.643",643,"+0.218",218,16
561,1994,13,5,5,"5","27","jean-alesi","ferrari","ferrari","goodyear","1:21.517",81517,,,,,,,"+0.909",909,"+0.266",266,13
561,1994,13,6,6,"6","3","ukyo-katayama","tyrrell","yamaha","goodyear","1:21.590",81590,,,,,,,"+0.982",982,"+0.073",73,14
561,1994,13,7,7,"7","8","martin-brundle","mclaren","peugeot","goodyear","1:21.656",81656,,,,,,,"+1.048",1048,"+0.066",66,22
561,1994,13,8,8,"8","14","rubens-barrichello","jordan","hart","goodyear","1:21.796",81796,,,,,,,"+1.188",1188,"+0.140",140,23
561,1994,13,9,9,"9","30","heinz-harald-frentzen","sauber","mercedes","goodyear","1:21.921",81921,,,,,,,"+1.313",1313,"+0.125",125,13
561,1994,13,10,10,"10","6","jos-verstappen","benetton","ford","goodyear","1:22.000",82000,,,,,,,"+1.392",1392,"+0.079",79,23
561,1994,13,11,11,"11","9","christian-fittipaldi","footwork","ford","goodyear","1:22.132",82132,,,,,,,"+1.524",1524,"+0.132",132,22
561,1994,13,12,12,"12","4","mark-blundell","tyrrell","yamaha","goodyear","1:22.288",82288,,,,,,,"+1.680",1680,"+0.156",156,23
561,1994,13,13,13,"13","15","eddie-irvine","jordan","hart","goodyear","1:22.294",82294,,,,,,,"+1.686",1686,"+0.006",6,21
561,1994,13,14,14,"14","5","jj-lehto","benetton","ford","goodyear","1:22.369",82369,,,,,,,"+1.761",1761,"+0.075",75,22
561,1994,13,15,15,"15","26","olivier-panis","ligier","renault","goodyear","1:22.672",82672,,,,,,,"+2.064",2064,"+0.303",303,21
561,1994,13,16,16,"16","10","gianni-morbidelli","footwork","ford","goodyear","1:22.756",82756,,,,,,,"+2.148",2148,"+0.084",84,22
561,1994,13,17,17,"17","29","andrea-de-cesaris","sauber","mercedes","goodyear","1:22.885",82885,,,,,,,"+2.277",2277,"+0.129",129,24
561,1994,13,18,18,"18","23","pierluigi-martini","minardi","ford","goodyear","1:23.243",83243,,,,,,,"+2.635",2635,"+0.358",358,21
561,1994,13,19,19,"19","24","michele-alboreto","minardi","ford","goodyear","1:23.364",83364,,,,,,,"+2.756",2756,"+0.121",121,22
561,1994,13,20,20,"20","12","johnny-herbert","lotus","mugen-honda","goodyear","1:23.408",83408,,,,,,,"+2.800",2800,"+0.044",44,12
561,1994,13,21,21,"21","25","eric-bernard","ligier","renault","goodyear","1:23.699",83699,,,,,,,"+3.091",3091,"+0.291",291,21
561,1994,13,22,22,"22","20","erik-comas","larrousse","ford","goodyear","1:24.192",84192,,,,,,,"+3.584",3584,"+0.493",493,22
561,1994,13,23,23,"23","19","yannick-dalmas","larrousse","ford","goodyear","1:24.438",84438,,,,,,,"+3.830",3830,"+0.246",246,19
561,1994,13,24,24,"24","31","david-brabham","simtek","ford","goodyear","1:24.514",84514,,,,,,,"+3.906",3906,"+0.076",76,20
561,1994,13,25,25,"25","11","philippe-adams","lotus","mugen-honda","goodyear","1:25.313",85313,,,,,,,"+4.705",4705,"+0.799",799,20
561,1994,13,26,26,"26","32","jean-marc-gounon","simtek","ford","goodyear","1:25.649",85649,,,,,,,"+5.041",5041,"+0.336",336,19
561,1994,13,27,27,"27","34","bertrand-gachot","pacific","ilmor","goodyear","1:27.385",87385,,,,,,,"+6.777",6777,"+1.736",1736,13
561,1994,13,28,28,"28","33","paul-belmondo","pacific","ilmor","goodyear","1:29.000",89000,,,,,,,"+8.392",8392,"+1.615",1615,18
562,1994,14,1,1,"1","5","michael-schumacher","benetton","ford","goodyear","1:22.762",82762,,,,,,,,,,,17
562,1994,14,2,2,"2","0","damon-hill","williams","renault","goodyear","1:22.892",82892,,,,,,,"+0.130",130,"+0.130",130,23
562,1994,14,3,3,"3","2","nigel-mansell","williams","renault","goodyear","1:23.392",83392,,,,,,,"+0.630",630,"+0.500",500,24
562,1994,14,4,4,"4","30","heinz-harald-frentzen","sauber","mercedes","goodyear","1:23.431",83431,,,,,,,"+0.669",669,"+0.039",39,18
562,1994,14,5,5,"5","14","rubens-barrichello","jordan","hart","goodyear","1:23.455",83455,,,,,,,"+0.693",693,"+0.024",24,19
562,1994,14,6,6,"6","28","gerhard-berger","ferrari","ferrari","goodyear","1:23.677",83677,,,,,,,"+0.915",915,"+0.222",222,21
562,1994,14,7,7,"7","25","johnny-herbert","ligier","renault","goodyear","1:24.040",84040,,,,,,,"+1.278",1278,"+0.363",363,23
562,1994,14,8,8,"8","10","gianni-morbidelli","footwork","ford","goodyear","1:24.079",84079,,,,,,,"+1.317",1317,"+0.039",39,24
562,1994,14,9,9,"9","7","mika-hakkinen","mclaren","peugeot","goodyear","1:24.122",84122,,,,,,,"+1.360",1360,"+0.043",43,21
562,1994,14,10,10,"10","15","eddie-irvine","jordan","hart","goodyear","1:24.157",84157,,,,,,,"+1.395",1395,"+0.035",35,21
562,1994,14,11,11,"11","26","olivier-panis","ligier","renault","goodyear","1:24.432",84432,,,,,,,"+1.670",1670,"+0.275",275,21
562,1994,14,12,12,"12","6","jos-verstappen","benetton","ford","goodyear","1:24.643",84643,,,,,,,"+1.881",1881,"+0.211",211,13
562,1994,14,13,13,"13","3","ukyo-katayama","tyrrell","yamaha","goodyear","1:24.738",84738,,,,,,,"+1.976",1976,"+0.095",95,16
562,1994,14,14,14,"14","4","mark-blundell","tyrrell","yamaha","goodyear","1:24.770",84770,,,,,,,"+2.008",2008,"+0.032",32,15
562,1994,14,15,15,"15","8","martin-brundle","mclaren","peugeot","goodyear","1:25.110",85110,,,,,,,"+2.348",2348,"+0.340",340,21
562,1994,14,16,16,"16","27","jean-alesi","ferrari","ferrari","goodyear","1:25.182",85182,,,,,,,"+2.420",2420,"+0.072",72,11
562,1994,14,17,17,"17","23","pierluigi-martini","minardi","ford","goodyear","1:25.294",85294,,,,,,,"+2.532",2532,"+0.112",112,23
562,1994,14,18,18,"18","29","andrea-de-cesaris","sauber","mercedes","goodyear","1:25.407",85407,,,,,,,"+2.645",2645,"+0.113",113,13
562,1994,14,19,19,"19","9","christian-fittipaldi","footwork","ford","goodyear","1:25.427",85427,,,,,,,"+2.665",2665,"+0.020",20,24
562,1994,14,20,20,"20","24","michele-alboreto","minardi","ford","goodyear","1:25.511",85511,,,,,,,"+2.749",2749,"+0.084",84,23
562,1994,14,21,21,"21","12","alex-zanardi","lotus","mugen-honda","goodyear","1:25.557",85557,,,,,,,"+2.795",2795,"+0.046",46,21
562,1994,14,22,22,"22","11","eric-bernard","lotus","mugen-honda","goodyear","1:25.595",85595,,,,,,,"+2.833",2833,"+0.038",38,23
562,1994,14,23,23,"23","31","david-brabham","simtek","ford","goodyear","1:26.065",86065,,,,,,,"+3.303",3303,"+0.470",470,23
562,1994,14,24,24,"24","20","erik-comas","larrousse","ford","goodyear","1:26.272",86272,,,,,,,"+3.510",3510,"+0.207",207,23
562,1994,14,25,25,"25","19","hideki-noda","larrousse","ford","goodyear","1:27.168",87168,,,,,,,"+4.406",4406,"+0.896",896,22
562,1994,14,26,26,"26","32","domenico-schiattarella","simtek","ford","goodyear","1:27.976",87976,,,,,,,"+5.214",5214,"+0.808",808,22
562,1994,14,27,27,"27","34","bertrand-gachot","pacific","ilmor","goodyear","1:29.488",89488,,,,,,,"+6.726",6726,"+1.512",1512,17
562,1994,14,28,28,"28","33","paul-belmondo","pacific","ilmor","goodyear","1:30.234",90234,,,,,,,"+7.472",7472,"+0.746",746,21
563,1994,15,1,1,"1","5","michael-schumacher","benetton","ford","goodyear","1:37.209",97209,,,,,,,,,,,17
563,1994,15,2,2,"2","0","damon-hill","williams","renault","goodyear","1:37.696",97696,,,,,,,"+0.487",487,"+0.487",487,23
563,1994,15,3,3,"3","30","heinz-harald-frentzen","sauber","mercedes","goodyear","1:37.742",97742,,,,,,,"+0.533",533,"+0.046",46,19
563,1994,15,4,4,"4","2","nigel-mansell","williams","renault","goodyear","1:37.768",97768,,,,,,,"+0.559",559,"+0.026",26,18
563,1994,15,5,5,"5","6","johnny-herbert","benetton","ford","goodyear","1:37.828",97828,,,,,,,"+0.619",619,"+0.060",60,17
563,1994,15,6,6,"6","15","eddie-irvine","jordan","hart","goodyear","1:37.880",97880,,,,,,,"+0.671",671,"+0.052",52,17
563,1994,15,7,7,"7","27","jean-alesi","ferrari","ferrari","goodyear","1:37.907",97907,,,,,,,"+0.698",698,"+0.027",27,20
563,1994,15,8,8,"8","7","mika-hakkinen","mclaren","peugeot","goodyear","1:37.998",97998,,,,,,,"+0.789",789,"+0.091",91,24
563,1994,15,9,9,"9","8","martin-brundle","mclaren","peugeot","goodyear","1:38.076",98076,,,,,,,"+0.867",867,"+0.078",78,22
563,1994,15,10,10,"10","14","rubens-barrichello","jordan","hart","goodyear","1:38.533",98533,,,,,,,"+1.324",1324,"+0.457",457,15
563,1994,15,11,11,"11","28","gerhard-berger","ferrari","ferrari","goodyear","1:38.570",98570,,,,,,,"+1.361",1361,"+0.037",37,24
563,1994,15,12,12,"12","10","gianni-morbidelli","footwork","ford","goodyear","1:39.030",99030,,,,,,,"+1.821",1821,"+0.460",460,15
563,1994,15,13,13,"13","4","mark-blundell","tyrrell","yamaha","goodyear","1:39.266",99266,,,,,,,"+2.057",2057,"+0.236",236,19
563,1994,15,14,14,"14","3","ukyo-katayama","tyrrell","yamaha","goodyear","1:39.462",99462,,,,,,,"+2.253",2253,"+0.196",196,15
563,1994,15,15,15,"15","29","jj-lehto","sauber","mercedes","goodyear","1:39.483",99483,,,,,,,"+2.274",2274,"+0.021",21,13
563,1994,15,16,16,"16","23","pierluigi-martini","minardi","ford","goodyear","1:39.548",99548,,,,,,,"+2.339",2339,"+0.065",65,21
563,1994,15,17,17,"17","12","alex-zanardi","lotus","mugen-honda","goodyear","1:39.721",99721,,,,,,,"+2.512",2512,"+0.173",173,21
563,1994,15,18,18,"18","9","christian-fittipaldi","footwork","ford","goodyear","1:39.868",99868,,,,,,,"+2.659",2659,"+0.147",147,21
563,1994,15,19,19,"19","26","olivier-panis","ligier","renault","goodyear","1:40.042",100042,,,,,,,"+2.833",2833,"+0.174",174,24
563,1994,15,20,20,"20","25","franck-lagorce","ligier","renault","goodyear","1:40.577",100577,,,,,,,"+3.368",3368,"+0.535",535,23
563,1994,15,21,21,"21","24","michele-alboreto","minardi","ford","goodyear","1:40.652",100652,,,,,,,"+3.443",3443,"+0.075",75,24
563,1994,15,22,22,"22","20","erik-comas","larrousse","ford","goodyear","1:40.978",100978,,,,,,,"+3.769",3769,"+0.326",326,23
563,1994,15,23,23,"23","19","hideki-noda","larrousse","ford","goodyear","1:40.990",100990,,,,,,,"+3.781",3781,"+0.012",12,21
563,1994,15,24,24,"24","31","david-brabham","simtek","ford","goodyear","1:41.659",101659,,,,,,,"+4.450",4450,"+0.669",669,17
563,1994,15,25,25,"25","11","mika-salo","lotus","mugen-honda","goodyear","1:41.805",101805,,,,,,,"+4.596",4596,"+0.146",146,22
563,1994,15,26,26,"26","32","taki-inoue","simtek","ford","goodyear","1:45.004",105004,,,,,,,"+7.795",7795,"+3.199",3199,9
563,1994,15,27,27,"27","34","bertrand-gachot","pacific","ilmor","goodyear","1:46.374",106374,,,,,,,"+9.165",9165,"+1.370",1370,5
563,1994,15,28,28,"28","33","paul-belmondo","pacific","ilmor","goodyear","1:46.629",106629,,,,,,,"+9.420",9420,"+0.255",255,9
564,1994,16,1,1,"1","2","nigel-mansell","williams","renault","goodyear","1:16.179",76179,,,,,,,,,,,23
564,1994,16,2,2,"2","5","michael-schumacher","benetton","ford","goodyear","1:16.197",76197,,,,,,,"+0.018",18,"+0.018",18,21
564,1994,16,3,3,"3","0","damon-hill","williams","renault","goodyear","1:16.830",76830,,,,,,,"+0.651",651,"+0.633",633,24
564,1994,16,4,4,"4","7","mika-hakkinen","mclaren","peugeot","goodyear","1:16.992",76992,,,,,,,"+0.813",813,"+0.162",162,21
564,1994,16,5,5,"5","14","rubens-barrichello","jordan","hart","goodyear","1:17.537",77537,,,,,,,"+1.358",1358,"+0.545",545,16
564,1994,16,6,6,"6","15","eddie-irvine","jordan","hart","goodyear","1:17.667",77667,,,,,,,"+1.488",1488,"+0.130",130,11
564,1994,16,7,7,"7","6","johnny-herbert","benetton","ford","goodyear","1:17.727",77727,,,,,,,"+1.548",1548,"+0.060",60,21
564,1994,16,8,8,"8","27","jean-alesi","ferrari","ferrari","goodyear","1:17.801",77801,,,,,,,"+1.622",1622,"+0.074",74,20
564,1994,16,9,9,"9","8","martin-brundle","mclaren","peugeot","goodyear","1:17.950",77950,,,,,,,"+1.771",1771,"+0.149",149,22
564,1994,16,10,10,"10","30","heinz-harald-frentzen","sauber","mercedes","goodyear","1:17.962",77962,,,,,,,"+1.783",1783,"+0.012",12,23
564,1994,16,11,11,"11","28","gerhard-berger","ferrari","ferrari","goodyear","1:18.070",78070,,,,,,,"+1.891",1891,"+0.108",108,22
564,1994,16,12,12,"12","26","olivier-panis","ligier","renault","goodyear","1:18.072",78072,,,,,,,"+1.893",1893,"+0.002",2,24
564,1994,16,13,13,"13","4","mark-blundell","tyrrell","yamaha","goodyear","1:18.237",78237,,,,,,,"+2.058",2058,"+0.165",165,24
564,1994,16,14,14,"14","12","alex-zanardi","lotus","mugen-honda","goodyear","1:18.331",78331,,,,,,,"+2.152",2152,"+0.094",94,24
564,1994,16,15,15,"15","3","ukyo-katayama","tyrrell","yamaha","goodyear","1:18.411",78411,,,,,,,"+2.232",2232,"+0.080",80,20
564,1994,16,16,16,"16","24","michele-alboreto","minardi","ford","goodyear","1:18.755",78755,,,,,,,"+2.576",2576,"+0.344",344,24
564,1994,16,17,17,"17","29","jj-lehto","sauber","mercedes","goodyear","1:18.806",78806,,,,,,,"+2.627",2627,"+0.051",51,23
564,1994,16,18,18,"18","23","pierluigi-martini","minardi","ford","goodyear","1:18.957",78957,,,,,,,"+2.778",2778,"+0.151",151,24
564,1994,16,19,19,"19","9","christian-fittipaldi","footwork","ford","goodyear","1:19.061",79061,,,,,,,"+2.882",2882,"+0.104",104,23
564,1994,16,20,20,"20","25","franck-lagorce","ligier","renault","goodyear","1:19.153",79153,,,,,,,"+2.974",2974,"+0.092",92,23
564,1994,16,21,21,"21","10","gianni-morbidelli","footwork","ford","goodyear","1:19.610",79610,,,,,,,"+3.431",3431,"+0.457",457,24
564,1994,16,22,22,"22","11","mika-salo","lotus","mugen-honda","goodyear","1:19.844",79844,,,,,,,"+3.665",3665,"+0.234",234,20
564,1994,16,23,23,"23","19","hideki-noda","larrousse","ford","goodyear","1:20.145",80145,,,,,,,"+3.966",3966,"+0.301",301,15
564,1994,16,24,24,"24","31","david-brabham","simtek","ford","goodyear","1:20.442",80442,,,,,,,"+4.263",4263,"+0.297",297,11
564,1994,16,25,25,"25","20","jean-denis-deletraz","larrousse","ford","goodyear","1:22.422",82422,,,,,,,"+6.243",6243,"+1.980",1980,17
564,1994,16,26,26,"26","32","domenico-schiattarella","simtek","ford","goodyear","1:22.529",82529,,,,,,,"+6.350",6350,"+0.107",107,7
564,1994,16,27,27,"27","33","paul-belmondo","pacific","ilmor","goodyear","1:24.087",84087,,,,,,,"+7.908",7908,"+1.558",1558,12
564,1994,16,28,28,"28","34","bertrand-gachot","pacific","ilmor","goodyear","7:40.317",460317,,,,,,,"+6:24.138",384138,"+6:16.230",376230,2
565,1995,1,1,1,"1","5","damon-hill","williams","renault","goodyear","1:20.081",80081,,,,,,,,,,,24
565,1995,1,2,2,"2","1","michael-schumacher","benetton","renault","goodyear","1:20.382",80382,,,,,,,"+0.301",301,"+0.301",301,14
565,1995,1,3,3,"3","6","david-coulthard","williams","renault","goodyear","1:20.422",80422,,,,,,,"+0.341",341,"+0.040",40,21
565,1995,1,4,4,"4","2","johnny-herbert","benetton","renault","goodyear","1:20.888",80888,,,,,,,"+0.807",807,"+0.466",466,12
565,1995,1,5,5,"5","28","gerhard-berger","ferrari","ferrari","goodyear","1:20.906",80906,,,,,,,"+0.825",825,"+0.018",18,17
565,1995,1,6,6,"6","27","jean-alesi","ferrari","ferrari","goodyear","1:21.041",81041,,,,,,,"+0.960",960,"+0.135",135,22
565,1995,1,7,7,"7","8","mika-hakkinen","mclaren","mercedes","goodyear","1:21.399",81399,,,,,,,"+1.318",1318,"+0.358",358,23
565,1995,1,8,8,"8","15","eddie-irvine","jordan","peugeot","goodyear","1:21.749",81749,,,,,,,"+1.668",1668,"+0.350",350,19
565,1995,1,9,9,"9","7","mark-blundell","mclaren","mercedes","goodyear","1:21.779",81779,,,,,,,"+1.698",1698,"+0.030",30,21
565,1995,1,10,10,"10","26","olivier-panis","ligier","mugen-honda","goodyear","1:21.914",81914,,,,,,,"+1.833",1833,"+0.135",135,23
565,1995,1,11,11,"11","3","ukyo-katayama","tyrrell","yamaha","goodyear","1:22.325",82325,,,,,,,"+2.244",2244,"+0.411",411,16
565,1995,1,12,12,"12","4","mika-salo","tyrrell","yamaha","goodyear","1:22.416",82416,,,,,,,"+2.335",2335,"+0.091",91,18
565,1995,1,13,13,"13","9","gianni-morbidelli","footwork","hart","goodyear","1:22.468",82468,,,,,,,"+2.387",2387,"+0.052",52,21
565,1995,1,14,14,"14","30","heinz-harald-frentzen","sauber","ford","goodyear","1:22.872",82872,,,,,,,"+2.791",2791,"+0.404",404,18
565,1995,1,15,15,"15","25","aguri-suzuki","ligier","mugen-honda","goodyear","1:22.971",82971,,,,,,,"+2.890",2890,"+0.099",99,22
565,1995,1,16,16,"16","14","rubens-barrichello","jordan","peugeot","goodyear","1:22.975",82975,,,,,,,"+2.894",2894,"+0.004",4,13
565,1995,1,17,17,"17","23","pierluigi-martini","minardi","ford","goodyear","1:24.383",84383,,,,,,,"+4.302",4302,"+1.408",1408,13
565,1995,1,18,18,"18","24","luca-badoer","minardi","ford","goodyear","1:24.443",84443,,,,,,,"+4.362",4362,"+0.060",60,16
565,1995,1,19,19,"19","29","karl-wendlinger","sauber","ford","goodyear","1:24.723",84723,,,,,,,"+4.642",4642,"+0.280",280,22
565,1995,1,20,20,"20","16","bertrand-gachot","pacific","ford","goodyear","1:25.127",85127,,,,,,,"+5.046",5046,"+0.404",404,22
565,1995,1,21,21,"21","10","taki-inoue","footwork","hart","goodyear","1:25.225",85225,,,,,,,"+5.144",5144,"+0.098",98,24
565,1995,1,22,22,"22","17","andrea-montermini","pacific","ford","goodyear","1:25.886",85886,,,,,,,"+5.805",5805,"+0.661",661,17
565,1995,1,23,23,"23","22","roberto-moreno","forti","ford","goodyear","1:26.269",86269,,,,,,,"+6.188",6188,"+0.383",383,24
565,1995,1,24,24,"24","12","jos-verstappen","simtek","ford","goodyear","1:26.323",86323,,,,,,,"+6.242",6242,"+0.054",54,10
565,1995,1,25,25,"25","21","pedro-diniz","forti","ford","goodyear","1:27.792",87792,,,,,,,"+7.711",7711,"+1.469",1469,7
565,1995,1,26,26,"26","11","domenico-schiattarella","simtek","ford","goodyear","1:28.106",88106,,,,,,,"+8.025",8025,"+0.314",314,2
566,1995,2,1,1,"1","6","david-coulthard","williams","renault","goodyear","1:53.241",113241,,,,,,,,,,,16
566,1995,2,2,2,"2","5","damon-hill","williams","renault","goodyear","1:54.057",114057,,,,,,,"+0.816",816,"+0.816",816,17
566,1995,2,3,3,"3","1","michael-schumacher","benetton","renault","goodyear","1:54.272",114272,,,,,,,"+1.031",1031,"+0.215",215,17
566,1995,2,4,4,"4","15","eddie-irvine","jordan","peugeot","goodyear","1:54.381",114381,,,,,,,"+1.140",1140,"+0.109",109,14
566,1995,2,5,5,"5","8","mika-hakkinen","mclaren","mercedes","goodyear","1:54.529",114529,,,,,,,"+1.288",1288,"+0.148",148,20
566,1995,2,6,6,"6","27","jean-alesi","ferrari","ferrari","goodyear","1:54.637",114637,,,,,,,"+1.396",1396,"+0.108",108,22
566,1995,2,7,7,"7","4","mika-salo","tyrrell","yamaha","goodyear","1:54.757",114757,,,,,,,"+1.516",1516,"+0.120",120,16
566,1995,2,8,8,"8","28","gerhard-berger","ferrari","ferrari","goodyear","1:55.276",115276,,,,,,,"+2.035",2035,"+0.519",519,17
566,1995,2,9,9,"9","30","heinz-harald-frentzen","sauber","ford","goodyear","1:55.583",115583,,,,,,,"+2.342",2342,"+0.307",307,19
566,1995,2,10,10,"10","14","rubens-barrichello","jordan","peugeot","goodyear","1:56.114",116114,,,,,,,"+2.873",2873,"+0.531",531,20
566,1995,2,11,11,"11","2","johnny-herbert","benetton","renault","goodyear","1:57.068",117068,,,,,,,"+3.827",3827,"+0.954",954,15
566,1995,2,12,12,"12","9","gianni-morbidelli","footwork","hart","goodyear","1:57.092",117092,,,,,,,"+3.851",3851,"+0.024",24,12
566,1995,2,13,13,"13","24","luca-badoer","minardi","ford","goodyear","1:57.167",117167,,,,,,,"+3.926",3926,"+0.075",75,16
566,1995,2,14,14,"14","12","jos-verstappen","simtek","ford","goodyear","1:57.231",117231,,,,,,,"+3.990",3990,"+0.064",64,14
566,1995,2,15,15,"15","3","ukyo-katayama","tyrrell","yamaha","goodyear","1:57.484",117484,,,,,,,"+4.243",4243,"+0.253",253,20
566,1995,2,16,16,"16","23","pierluigi-martini","minardi","ford","goodyear","1:58.066",118066,,,,,,,"+4.825",4825,"+0.582",582,11
566,1995,2,17,17,"17","7","mark-blundell","mclaren","mercedes","goodyear","1:58.660",118660,,,,,,,"+5.419",5419,"+0.594",594,15
566,1995,2,18,18,"18","26","olivier-panis","ligier","mugen-honda","goodyear","1:58.824",118824,,,,,,,"+5.583",5583,"+0.164",164,16
566,1995,2,19,19,"19","25","aguri-suzuki","ligier","mugen-honda","goodyear","1:58.882",118882,,,,,,,"+5.641",5641,"+0.058",58,15
566,1995,2,20,20,"20","11","domenico-schiattarella","simtek","ford","goodyear","1:59.539",119539,,,,,,,"+6.298",6298,"+0.657",657,17
566,1995,2,21,21,"21","29","karl-wendlinger","sauber","ford","goodyear","2:00.751",120751,,,,,,,"+7.510",7510,"+1.212",1212,17
566,1995,2,22,22,"22","17","andrea-montermini","pacific","ford","goodyear","2:01.763",121763,,,,,,,"+8.522",8522,"+1.012",1012,13
566,1995,2,23,23,"23","16","bertrand-gachot","pacific","ford","goodyear","2:04.050",124050,,,,,,,"+10.809",10809,"+2.287",2287,16
566,1995,2,24,24,"24","22","roberto-moreno","forti","ford","goodyear","2:04.481",124481,,,,,,,"+11.240",11240,"+0.431",431,15
566,1995,2,25,25,"25","21","pedro-diniz","forti","ford","goodyear","2:05.932",125932,,,,,,,"+12.691",12691,"+1.451",1451,10
566,1995,2,26,26,"26","10","taki-inoue","footwork","hart","goodyear","2:07.298",127298,,,,,,,"+14.057",14057,"+1.366",1366,4
567,1995,3,1,1,"1","1","michael-schumacher","benetton","renault","goodyear","1:27.274",87274,,,,,,,,,,,18
567,1995,3,2,2,"2","28","gerhard-berger","ferrari","ferrari","goodyear","1:27.282",87282,,,,,,,"+0.008",8,"+0.008",8,15
567,1995,3,3,3,"3","6","david-coulthard","williams","renault","goodyear","1:27.459",87459,,,,,,,"+0.185",185,"+0.177",177,21
567,1995,3,4,4,"4","5","damon-hill","williams","renault","goodyear","1:27.512",87512,,,,,,,"+0.238",238,"+0.053",53,24
567,1995,3,5,5,"5","27","jean-alesi","ferrari","ferrari","goodyear","1:27.813",87813,,,,,,,"+0.539",539,"+0.301",301,23
567,1995,3,6,6,"6","8","mika-hakkinen","mclaren","mercedes","goodyear","1:28.343",88343,,,,,,,"+1.069",1069,"+0.530",530,11
567,1995,3,7,7,"7","15","eddie-irvine","jordan","peugeot","goodyear","1:28.516",88516,,,,,,,"+1.242",1242,"+0.173",173,11
567,1995,3,8,8,"8","2","johnny-herbert","benetton","renault","goodyear","1:29.350",89350,,,,,,,"+2.076",2076,"+0.834",834,22
567,1995,3,9,9,"9","7","nigel-mansell","mclaren","mercedes","goodyear","1:29.517",89517,,,,,,,"+2.243",2243,"+0.167",167,21
567,1995,3,10,10,"10","14","rubens-barrichello","jordan","peugeot","goodyear","1:29.551",89551,,,,,,,"+2.277",2277,"+0.034",34,23
567,1995,3,11,11,"11","9","gianni-morbidelli","footwork","hart","goodyear","1:29.582",89582,,,,,,,"+2.308",2308,"+0.031",31,17
567,1995,3,12,12,"12","26","olivier-panis","ligier","mugen-honda","goodyear","1:30.760",90760,,,,,,,"+3.486",3486,"+1.178",1178,23
567,1995,3,13,13,"13","4","mika-salo","tyrrell","yamaha","goodyear","1:31.035",91035,,,,,,,"+3.761",3761,"+0.275",275,22
567,1995,3,14,14,"14","30","heinz-harald-frentzen","sauber","ford","goodyear","1:31.358",91358,,,,,,,"+4.084",4084,"+0.323",323,24
567,1995,3,15,15,"15","3","ukyo-katayama","tyrrell","yamaha","goodyear","1:31.630",91630,,,,,,,"+4.356",4356,"+0.272",272,23
567,1995,3,16,16,"16","25","aguri-suzuki","ligier","mugen-honda","goodyear","1:31.913",91913,,,,,,,"+4.639",4639,"+0.283",283,23
567,1995,3,17,17,"17","12","jos-verstappen","simtek","ford","goodyear","1:32.156",92156,,,,,,,"+4.882",4882,"+0.243",243,22
567,1995,3,18,18,"18","23","pierluigi-martini","minardi","ford","goodyear","1:32.445",92445,,,,,,,"+5.171",5171,"+0.289",289,20
567,1995,3,19,19,"19","10","taki-inoue","footwork","hart","goodyear","1:32.710",92710,,,,,,,"+5.436",5436,"+0.265",265,24
567,1995,3,20,20,"20","24","luca-badoer","minardi","ford","goodyear","1:33.071",93071,,,,,,,"+5.797",5797,"+0.361",361,24
567,1995,3,21,21,"21","29","karl-wendlinger","sauber","ford","goodyear","1:33.494",93494,,,,,,,"+6.220",6220,"+0.423",423,23
567,1995,3,22,22,"22","16","bertrand-gachot","pacific","ford","goodyear","1:33.892",93892,,,,,,,"+6.618",6618,"+0.398",398,19
567,1995,3,23,23,"23","11","domenico-schiattarella","simtek","ford","goodyear","1:33.965",93965,,,,,,,"+6.691",6691,"+0.073",73,20
567,1995,3,24,24,"24","17","andrea-montermini","pacific","ford","goodyear","1:35.169",95169,,,,,,,"+7.895",7895,"+1.204",1204,20
567,1995,3,25,25,"25","22","roberto-moreno","forti","ford","goodyear","1:36.065",96065,,,,,,,"+8.791",8791,"+0.896",896,17
567,1995,3,26,26,"26","21","pedro-diniz","forti","ford","goodyear","1:36.624",96624,,,,,,,"+9.350",9350,"+0.559",559,24
568,1995,4,1,1,"1","1","michael-schumacher","benetton","renault","goodyear","1:21.452",81452,,,,,,,,,,,19
568,1995,4,2,2,"2","27","jean-alesi","ferrari","ferrari","goodyear","1:22.052",82052,,,,,,,"+0.600",600,"+0.600",600,18
568,1995,4,3,3,"3","28","gerhard-berger","ferrari","ferrari","goodyear","1:22.071",82071,,,,,,,"+0.619",619,"+0.019",19,19
568,1995,4,4,4,"4","6","david-coulthard","williams","renault","goodyear","1:22.332",82332,,,,,,,"+0.880",880,"+0.261",261,21
568,1995,4,5,5,"5","5","damon-hill","williams","renault","goodyear","1:22.349",82349,,,,,,,"+0.897",897,"+0.017",17,21
568,1995,4,6,6,"6","15","eddie-irvine","jordan","peugeot","goodyear","1:23.352",83352,,,,,,,"+1.900",1900,"+1.003",1003,23
568,1995,4,7,7,"7","2","johnny-herbert","benetton","renault","goodyear","1:23.536",83536,,,,,,,"+2.084",2084,"+0.184",184,22
568,1995,4,8,8,"8","14","rubens-barrichello","jordan","peugeot","goodyear","1:23.705",83705,,,,,,,"+2.253",2253,"+0.169",169,15
568,1995,4,9,9,"9","8","mika-hakkinen","mclaren","mercedes","goodyear","1:23.833",83833,,,,,,,"+2.381",2381,"+0.128",128,22
568,1995,4,10,10,"10","7","nigel-mansell","mclaren","mercedes","goodyear","1:23.927",83927,,,,,,,"+2.475",2475,"+0.094",94,23
568,1995,4,11,11,"11","25","martin-brundle","ligier","mugen-honda","goodyear","1:24.727",84727,,,,,,,"+3.275",3275,"+0.800",800,23
568,1995,4,12,12,"12","30","heinz-harald-frentzen","sauber","ford","goodyear","1:24.802",84802,,,,,,,"+3.350",3350,"+0.075",75,23
568,1995,4,13,13,"13","4","mika-salo","tyrrell","yamaha","goodyear","1:24.971",84971,,,,,,,"+3.519",3519,"+0.169",169,22
568,1995,4,14,14,"14","9","gianni-morbidelli","footwork","hart","goodyear","1:25.053",85053,,,,,,,"+3.601",3601,"+0.082",82,23
568,1995,4,15,15,"15","26","olivier-panis","ligier","mugen-honda","goodyear","1:25.204",85204,,,,,,,"+3.752",3752,"+0.151",151,23
568,1995,4,16,16,"16","12","jos-verstappen","simtek","ford","goodyear","1:25.827",85827,,,,,,,"+4.375",4375,"+0.623",623,17
568,1995,4,17,17,"17","3","ukyo-katayama","tyrrell","yamaha","goodyear","1:25.946",85946,,,,,,,"+4.494",4494,"+0.119",119,21
568,1995,4,18,18,"18","10","taki-inoue","footwork","hart","goodyear","1:26.059",86059,,,,,,,"+4.607",4607,"+0.113",113,24
568,1995,4,19,19,"19","23","pierluigi-martini","minardi","ford","goodyear","1:26.619",86619,,,,,,,"+5.167",5167,"+0.560",560,21
568,1995,4,20,20,"20","29","karl-wendlinger","sauber","ford","goodyear","1:27.007",87007,,,,,,,"+5.555",5555,"+0.388",388,24
568,1995,4,21,21,"21","24","luca-badoer","minardi","ford","goodyear","1:27.345",87345,,,,,,,"+5.893",5893,"+0.338",338,24
568,1995,4,22,22,"22","11","domenico-schiattarella","simtek","ford","goodyear","1:27.575",87575,,,,,,,"+6.123",6123,"+0.230",230,23
568,1995,4,23,23,"23","17","andrea-montermini","pacific","ford","goodyear","1:28.094",88094,,,,,,,"+6.642",6642,"+0.519",519,22
568,1995,4,24,24,"24","16","bertrand-gachot","pacific","ford","goodyear","1:28.598",88598,,,,,,,"+7.146",7146,"+0.504",504,24
568,1995,4,25,25,"25","22","roberto-moreno","forti","ford","goodyear","1:28.963",88963,,,,,,,"+7.511",7511,"+0.365",365,23
568,1995,4,26,26,"26","21","pedro-diniz","forti","ford","goodyear","1:29.540",89540,,,,,,,"+8.088",8088,"+0.577",577,24
569,1995,5,1,1,"1","5","damon-hill","williams","renault","goodyear","1:21.952",81952,,,,,,,,,,,23
569,1995,5,2,2,"2","1","michael-schumacher","benetton","renault","goodyear","1:22.742",82742,,,,,,,"+0.790",790,"+0.790",790,21
569,1995,5,3,3,"3","6","david-coulthard","williams","renault","goodyear","1:23.109",83109,,,,,,,"+1.157",1157,"+0.367",367,23
569,1995,5,4,4,"4","28","gerhard-berger","ferrari","ferrari","goodyear","1:23.220",83220,,,,,,,"+1.268",1268,"+0.111",111,17
569,1995,5,5,5,"5","27","jean-alesi","ferrari","ferrari","goodyear","1:23.754",83754,,,,,,,"+1.802",1802,"+0.534",534,12
569,1995,5,6,6,"6","8","mika-hakkinen","mclaren","mercedes","goodyear","1:23.857",83857,,,,,,,"+1.905",1905,"+0.103",103,22
569,1995,5,7,7,"7","2","johnny-herbert","benetton","renault","goodyear","1:23.885",83885,,,,,,,"+1.933",1933,"+0.028",28,22
569,1995,5,8,8,"8","25","martin-brundle","ligier","mugen-honda","goodyear","1:24.447",84447,,,,,,,"+2.495",2495,"+0.562",562,18
569,1995,5,9,9,"9","15","eddie-irvine","jordan","peugeot","goodyear","1:24.857",84857,,,,,,,"+2.905",2905,"+0.410",410,22
569,1995,5,10,10,"10","7","mark-blundell","mclaren","mercedes","goodyear","1:24.933",84933,,,,,,,"+2.981",2981,"+0.076",76,19
569,1995,5,11,11,"11","14","rubens-barrichello","jordan","peugeot","goodyear","1:25.081",85081,,,,,,,"+3.129",3129,"+0.148",148,24
569,1995,5,12,12,"12","26","olivier-panis","ligier","mugen-honda","goodyear","1:25.125",85125,,,,,,,"+3.173",3173,"+0.044",44,24
569,1995,5,13,13,"13","9","gianni-morbidelli","footwork","hart","goodyear","1:25.447",85447,,,,,,,"+3.495",3495,"+0.322",322,22
569,1995,5,14,14,"14","30","heinz-harald-frentzen","sauber","ford","goodyear","1:25.661",85661,,,,,,,"+3.709",3709,"+0.214",214,11
569,1995,5,15,15,"15","3","ukyo-katayama","tyrrell","yamaha","goodyear","1:25.808",85808,,,,,,,"+3.856",3856,"+0.147",147,23
569,1995,5,16,16,"16","24","luca-badoer","minardi","ford","goodyear","1:25.969",85969,,,,,,,"+4.017",4017,"+0.161",161,24
569,1995,5,17,17,"17","4","mika-salo","tyrrell","yamaha","goodyear","1:26.473",86473,,,,,,,"+4.521",4521,"+0.504",504,24
569,1995,5,18,18,"18","23","pierluigi-martini","minardi","ford","goodyear","1:26.913",86913,,,,,,,"+4.961",4961,"+0.440",440,22
569,1995,5,19,19,"19","29","jean-christophe-boullion","sauber","ford","goodyear","1:27.145",87145,,,,,,,"+5.193",5193,"+0.232",232,21
569,1995,5,20,20,"20","11","domenico-schiattarella","simtek","ford","goodyear","1:28.337",88337,,,,,,,"+6.385",6385,"+1.192",1192,17
569,1995,5,21,21,"21","16","bertrand-gachot","pacific","ford","goodyear","1:29.039",89039,,,,,,,"+7.087",7087,"+0.702",702,17
569,1995,5,22,22,"22","21","pedro-diniz","forti","ford","goodyear","1:29.244",89244,,,,,,,"+7.292",7292,"+0.205",205,16
569,1995,5,23,23,"23","12","jos-verstappen","simtek","ford","goodyear","1:29.391",89391,,,,,,,"+7.439",7439,"+0.147",147,8
569,1995,5,24,24,"24","22","roberto-moreno","forti","ford","goodyear","1:29.608",89608,,,,,,,"+7.656",7656,"+0.217",217,13
569,1995,5,25,25,"25","17","andrea-montermini","pacific","ford","goodyear","1:30.149",90149,,,,,,,"+8.197",8197,"+0.541",541,12
569,1995,5,26,26,"26","10","taki-inoue","footwork","hart","goodyear","1:31.542",91542,,,,,,,"+9.590",9590,"+1.393",1393,8
570,1995,6,1,1,"1","1","michael-schumacher","benetton","renault","goodyear","1:27.661",87661,,,,,,,,,,,21
570,1995,6,2,2,"2","5","damon-hill","williams","renault","goodyear","1:28.039",88039,,,,,,,"+0.378",378,"+0.378",378,23
570,1995,6,3,3,"3","6","david-coulthard","williams","renault","goodyear","1:28.091",88091,,,,,,,"+0.430",430,"+0.052",52,24
570,1995,6,4,4,"4","28","gerhard-berger","ferrari","ferrari","goodyear","1:28.189",88189,,,,,,,"+0.528",528,"+0.098",98,21
570,1995,6,5,5,"5","27","jean-alesi","ferrari","ferrari","goodyear","1:28.474",88474,,,,,,,"+0.813",813,"+0.285",285,20
570,1995,6,6,6,"6","2","johnny-herbert","benetton","renault","goodyear","1:28.498",88498,,,,,,,"+0.837",837,"+0.024",24,21
570,1995,6,7,7,"7","8","mika-hakkinen","mclaren","mercedes","goodyear","1:28.910",88910,,,,,,,"+1.249",1249,"+0.412",412,21
570,1995,6,8,8,"8","15","eddie-irvine","jordan","peugeot","goodyear","1:29.021",89021,,,,,,,"+1.360",1360,"+0.111",111,21
570,1995,6,9,9,"9","14","rubens-barrichello","jordan","peugeot","goodyear","1:29.171",89171,,,,,,,"+1.510",1510,"+0.150",150,22
570,1995,6,10,10,"10","7","mark-blundell","mclaren","mercedes","goodyear","1:29.641",89641,,,,,,,"+1.980",1980,"+0.470",470,24
570,1995,6,11,11,"11","26","olivier-panis","ligier","mugen-honda","goodyear","1:29.809",89809,,,,,,,"+2.148",2148,"+0.168",168,21
570,1995,6,12,12,"12","30","heinz-harald-frentzen","sauber","ford","goodyear","1:30.017",90017,,,,,,,"+2.356",2356,"+0.208",208,23
570,1995,6,13,13,"13","9","gianni-morbidelli","footwork","hart","goodyear","1:30.159",90159,,,,,,,"+2.498",2498,"+0.142",142,23
570,1995,6,14,14,"14","25","martin-brundle","ligier","mugen-honda","goodyear","1:30.255",90255,,,,,,,"+2.594",2594,"+0.096",96,16
570,1995,6,15,15,"15","4","mika-salo","tyrrell","yamaha","goodyear","1:30.657",90657,,,,,,,"+2.996",2996,"+0.402",402,23
570,1995,6,16,16,"16","3","ukyo-katayama","tyrrell","yamaha","goodyear","1:31.382",91382,,,,,,,"+3.721",3721,"+0.725",725,18
570,1995,6,17,17,"17","23","pierluigi-martini","minardi","ford","goodyear","1:31.445",91445,,,,,,,"+3.784",3784,"+0.063",63,23
570,1995,6,18,18,"18","29","jean-christophe-boullion","sauber","ford","goodyear","1:31.838",91838,,,,,,,"+4.177",4177,"+0.393",393,24
570,1995,6,19,19,"19","24","luca-badoer","minardi","ford","goodyear","1:31.853",91853,,,,,,,"+4.192",4192,"+0.015",15,23
570,1995,6,20,20,"20","16","bertrand-gachot","pacific","ford","goodyear","1:32.841",92841,,,,,,,"+5.180",5180,"+0.988",988,24
570,1995,6,21,21,"21","17","andrea-montermini","pacific","ford","goodyear","1:32.894",92894,,,,,,,"+5.233",5233,"+0.053",53,21
570,1995,6,22,22,"22","10","taki-inoue","footwork","hart","goodyear","1:32.995",92995,,,,,,,"+5.334",5334,"+0.101",101,12
570,1995,6,23,23,"23","22","roberto-moreno","forti","ford","goodyear","1:34.000",94000,,,,,,,"+6.339",6339,"+1.005",1005,15
570,1995,6,24,24,"24","21","pedro-diniz","forti","ford","goodyear","1:34.982",94982,,,,,,,"+7.321",7321,"+0.982",982,19
571,1995,7,1,1,"1","5","damon-hill","williams","renault","goodyear","1:17.225",77225,,,,,,,,,,,23
571,1995,7,2,2,"2","1","michael-schumacher","benetton","renault","goodyear","1:17.512",77512,,,,,,,"+0.287",287,"+0.287",287,24
571,1995,7,3,3,"3","6","david-coulthard","williams","renault","goodyear","1:17.925",77925,,,,,,,"+0.700",700,"+0.413",413,21
571,1995,7,4,4,"4","27","jean-alesi","ferrari","ferrari","goodyear","1:18.761",78761,,,,,,,"+1.536",1536,"+0.836",836,20
571,1995,7,5,5,"5","14","rubens-barrichello","jordan","peugeot","goodyear","1:18.810",78810,,,,,,,"+1.585",1585,"+0.049",49,22
571,1995,7,6,6,"6","26","olivier-panis","ligier","mugen-honda","goodyear","1:19.047",79047,,,,,,,"+1.822",1822,"+0.237",237,22
571,1995,7,7,7,"7","28","gerhard-berger","ferrari","ferrari","goodyear","1:19.051",79051,,,,,,,"+1.826",1826,"+0.004",4,20
571,1995,7,8,8,"8","8","mika-hakkinen","mclaren","mercedes","goodyear","1:19.238",79238,,,,,,,"+2.013",2013,"+0.187",187,22
571,1995,7,9,9,"9","25","martin-brundle","ligier","mugen-honda","goodyear","1:19.384",79384,,,,,,,"+2.159",2159,"+0.146",146,15
571,1995,7,10,10,"10","2","johnny-herbert","benetton","renault","goodyear","1:19.555",79555,,,,,,,"+2.330",2330,"+0.171",171,21
571,1995,7,11,11,"11","15","eddie-irvine","jordan","peugeot","goodyear","1:19.845",79845,,,,,,,"+2.620",2620,"+0.290",290,19
571,1995,7,12,12,"12","30","heinz-harald-frentzen","sauber","ford","goodyear","1:20.309",80309,,,,,,,"+3.084",3084,"+0.464",464,20
571,1995,7,13,13,"13","7","mark-blundell","mclaren","mercedes","goodyear","1:20.527",80527,,,,,,,"+3.302",3302,"+0.218",218,24
571,1995,7,14,14,"14","4","mika-salo","tyrrell","yamaha","goodyear","1:20.796",80796,,,,,,,"+3.571",3571,"+0.269",269,22
571,1995,7,15,15,"15","29","jean-christophe-boullion","sauber","ford","goodyear","1:20.943",80943,,,,,,,"+3.718",3718,"+0.147",147,23
571,1995,7,16,16,"16","9","gianni-morbidelli","footwork","hart","goodyear","1:21.076",81076,,,,,,,"+3.851",3851,"+0.133",133,24
571,1995,7,17,17,"17","24","luca-badoer","minardi","ford","goodyear","1:21.323",81323,,,,,,,"+4.098",4098,"+0.247",247,12
571,1995,7,18,18,"18","10","taki-inoue","footwork","hart","goodyear","1:21.894",81894,,,,,,,"+4.669",4669,"+0.571",571,24
571,1995,7,19,19,"19","3","ukyo-katayama","tyrrell","yamaha","goodyear","1:21.930",81930,,,,,,,"+4.705",4705,"+0.036",36,16
571,1995,7,20,20,"20","23","pierluigi-martini","minardi","ford","goodyear","1:22.104",82104,,,,,,,"+4.879",4879,"+0.174",174,12
571,1995,7,21,21,"21","17","andrea-montermini","pacific","ford","goodyear","1:23.466",83466,,,,,,,"+6.241",6241,"+1.362",1362,22
571,1995,7,22,22,"22","16","bertrand-gachot","pacific","ford","goodyear","1:23.647",83647,,,,,,,"+6.422",6422,"+0.181",181,21
571,1995,7,23,23,"23","21","pedro-diniz","forti","ford","goodyear","1:24.184",84184,,,,,,,"+6.959",6959,"+0.537",537,19
571,1995,7,24,24,"24","22","roberto-moreno","forti","ford","goodyear","1:24.865",84865,,,,,,,"+7.640",7640,"+0.681",681,21
572,1995,8,1,1,"1","5","damon-hill","williams","renault","goodyear","1:28.124",88124,,,,,,,,,,,19
572,1995,8,2,2,"2","1","michael-schumacher","benetton","renault","goodyear","1:28.397",88397,,,,,,,"+0.273",273,"+0.273",273,19
572,1995,8,3,3,"3","6","david-coulthard","williams","renault","goodyear","1:28.947",88947,,,,,,,"+0.823",823,"+0.550",550,20
572,1995,8,4,4,"4","28","gerhard-berger","ferrari","ferrari","goodyear","1:29.657",89657,,,,,,,"+1.533",1533,"+0.710",710,14
572,1995,8,5,5,"5","2","johnny-herbert","benetton","renault","goodyear","1:29.867",89867,,,,,,,"+1.743",1743,"+0.210",210,15
572,1995,8,6,6,"6","27","jean-alesi","ferrari","ferrari","goodyear","1:29.874",89874,,,,,,,"+1.750",1750,"+0.007",7,21
572,1995,8,7,7,"7","15","eddie-irvine","jordan","peugeot","goodyear","1:30.083",90083,,,,,,,"+1.959",1959,"+0.209",209,13
572,1995,8,8,8,"8","8","mika-hakkinen","mclaren","mercedes","goodyear","1:30.140",90140,,,,,,,"+2.016",2016,"+0.057",57,12
572,1995,8,9,9,"9","14","rubens-barrichello","jordan","peugeot","goodyear","1:30.354",90354,,,,,,,"+2.230",2230,"+0.214",214,18
572,1995,8,10,10,"10","7","mark-blundell","mclaren","mercedes","goodyear","1:30.453",90453,,,,,,,"+2.329",2329,"+0.099",99,12
572,1995,8,11,11,"11","25","martin-brundle","ligier","mugen-honda","goodyear","1:30.946",90946,,,,,,,"+2.822",2822,"+0.493",493,17
572,1995,8,12,12,"12","30","heinz-harald-frentzen","sauber","ford","goodyear","1:31.602",91602,,,,,,,"+3.478",3478,"+0.656",656,17
572,1995,8,13,13,"13","26","olivier-panis","ligier","mugen-honda","goodyear","1:31.842",91842,,,,,,,"+3.718",3718,"+0.240",240,15
572,1995,8,14,14,"14","3","ukyo-katayama","tyrrell","yamaha","goodyear","1:32.087",92087,,,,,,,"+3.963",3963,"+0.245",245,18
572,1995,8,15,15,"15","23","pierluigi-martini","minardi","ford","goodyear","1:32.259",92259,,,,,,,"+4.135",4135,"+0.172",172,14
572,1995,8,16,16,"16","29","jean-christophe-boullion","sauber","ford","goodyear","1:33.166",93166,,,,,,,"+5.042",5042,"+0.907",907,21
572,1995,8,17,17,"17","9","max-papis","footwork","hart","goodyear","1:34.154",94154,,,,,,,"+6.030",6030,"+0.988",988,17
572,1995,8,18,18,"18","24","luca-badoer","minardi","ford","goodyear","1:34.556",94556,,,,,,,"+6.432",6432,"+0.402",402,15
572,1995,8,19,19,"19","10","taki-inoue","footwork","hart","goodyear","1:35.323",95323,,,,,,,"+7.199",7199,"+0.767",767,12
572,1995,8,20,20,"20","21","pedro-diniz","forti","ford","goodyear","1:36.023",96023,,,,,,,"+7.899",7899,"+0.700",700,14
572,1995,8,21,21,"21","16","bertrand-gachot","pacific","ford","goodyear","1:36.076",96076,,,,,,,"+7.952",7952,"+0.053",53,7
572,1995,8,22,22,"22","22","roberto-moreno","forti","ford","goodyear","1:36.651",96651,,,,,,,"+8.527",8527,"+0.575",575,23
572,1995,8,23,23,"23","4","mika-salo","tyrrell","yamaha","goodyear","1:48.639",108639,,,,,,,"+20.515",20515,"+11.988",11988,9
572,1995,8,24,24,"24","17","andrea-montermini","pacific","ford","goodyear","1:52.398",112398,,,,,,,"+24.274",24274,"+3.759",3759,3
573,1995,9,1,1,"1","5","damon-hill","williams","renault","goodyear","1:44.385",104385,,,,,,,,,,,22
573,1995,9,2,2,"2","1","michael-schumacher","benetton","renault","goodyear","1:44.465",104465,,,,,,,"+0.080",80,"+0.080",80,23
573,1995,9,3,3,"3","6","david-coulthard","williams","renault","goodyear","1:44.540",104540,,,,,,,"+0.155",155,"+0.075",75,23
573,1995,9,4,4,"4","28","gerhard-berger","ferrari","ferrari","goodyear","1:45.553",105553,,,,,,,"+1.168",1168,"+1.013",1013,23
573,1995,9,5,5,"5","14","rubens-barrichello","jordan","peugeot","goodyear","1:45.765",105765,,,,,,,"+1.380",1380,"+0.212",212,21
573,1995,9,6,6,"6","15","eddie-irvine","jordan","peugeot","goodyear","1:45.846",105846,,,,,,,"+1.461",1461,"+0.081",81,23
573,1995,9,7,7,"7","8","mika-hakkinen","mclaren","mercedes","goodyear","1:45.849",105849,,,,,,,"+1.464",1464,"+0.003",3,19
573,1995,9,8,8,"8","7","mark-blundell","mclaren","mercedes","goodyear","1:46.221",106221,,,,,,,"+1.836",1836,"+0.372",372,19
573,1995,9,9,9,"9","2","johnny-herbert","benetton","renault","goodyear","1:46.315",106315,,,,,,,"+1.930",1930,"+0.094",94,21
573,1995,9,10,10,"10","27","jean-alesi","ferrari","ferrari","goodyear","1:46.356",106356,,,,,,,"+1.971",1971,"+0.041",41,23
573,1995,9,11,11,"11","30","heinz-harald-frentzen","sauber","ford","goodyear","1:46.801",106801,,,,,,,"+2.416",2416,"+0.445",445,21
573,1995,9,12,12,"12","26","olivier-panis","ligier","mugen-honda","goodyear","1:47.372",107372,,,,,,,"+2.987",2987,"+0.571",571,23
573,1995,9,13,13,"13","4","mika-salo","tyrrell","yamaha","goodyear","1:47.507",107507,,,,,,,"+3.122",3122,"+0.135",135,24
573,1995,9,14,14,"14","29","jean-christophe-boullion","sauber","ford","goodyear","1:47.636",107636,,,,,,,"+3.251",3251,"+0.129",129,22
573,1995,9,15,15,"15","9","max-papis","footwork","hart","goodyear","1:48.093",108093,,,,,,,"+3.708",3708,"+0.457",457,24
573,1995,9,16,16,"16","24","luca-badoer","minardi","ford","goodyear","1:49.302",109302,,,,,,,"+4.917",4917,"+1.209",1209,23
573,1995,9,17,17,"17","3","ukyo-katayama","tyrrell","yamaha","goodyear","1:49.402",109402,,,,,,,"+5.017",5017,"+0.100",100,17
573,1995,9,18,18,"18","25","aguri-suzuki","ligier","mugen-honda","goodyear","1:49.716",109716,,,,,,,"+5.331",5331,"+0.314",314,15
573,1995,9,19,19,"19","10","taki-inoue","footwork","hart","goodyear","1:49.892",109892,,,,,,,"+5.507",5507,"+0.176",176,24
573,1995,9,20,20,"20","23","pierluigi-martini","minardi","ford","goodyear","1:49.990",109990,,,,,,,"+5.605",5605,"+0.098",98,24
573,1995,9,21,21,"21","21","pedro-diniz","forti","ford","goodyear","1:52.961",112961,,,,,,,"+8.576",8576,"+2.971",2971,24
573,1995,9,22,22,"22","22","roberto-moreno","forti","ford","goodyear","1:53.405",113405,,,,,,,"+9.020",9020,"+0.444",444,24
573,1995,9,23,23,"23","17","andrea-montermini","pacific","ford","goodyear","1:53.492",113492,,,,,,,"+9.107",9107,"+0.087",87,5
573,1995,9,24,24,"24","16","giovanni-lavaggi","pacific","ford","goodyear","1:54.625",114625,,,,,,,"+10.240",10240,"+1.133",1133,18
574,1995,10,1,1,"1","5","damon-hill","williams","renault","goodyear","1:16.982",76982,,,,,,,,,,,21
574,1995,10,2,2,"2","6","david-coulthard","williams","renault","goodyear","1:17.366",77366,,,,,,,"+0.384",384,"+0.384",384,22
574,1995,10,3,3,"3","1","michael-schumacher","benetton","renault","goodyear","1:17.558",77558,,,,,,,"+0.576",576,"+0.192",192,23
574,1995,10,4,4,"4","28","gerhard-berger","ferrari","ferrari","goodyear","1:18.059",78059,,,,,,,"+1.077",1077,"+0.501",501,17
574,1995,10,5,5,"5","8","mika-hakkinen","mclaren","mercedes","goodyear","1:18.363",78363,,,,,,,"+1.381",1381,"+0.304",304,19
574,1995,10,6,6,"6","27","jean-alesi","ferrari","ferrari","goodyear","1:18.968",78968,,,,,,,"+1.986",1986,"+0.605",605,9
574,1995,10,7,7,"7","25","martin-brundle","ligier","mugen-honda","goodyear","1:19.748",79748,,,,,,,"+2.766",2766,"+0.780",780,21
574,1995,10,8,8,"8","2","johnny-herbert","benetton","renault","goodyear","1:20.072",80072,,,,,,,"+3.090",3090,"+0.324",324,24
574,1995,10,9,9,"9","26","olivier-panis","ligier","mugen-honda","goodyear","1:20.160",80160,,,,,,,"+3.178",3178,"+0.088",88,16
574,1995,10,10,10,"10","30","heinz-harald-frentzen","sauber","ford","goodyear","1:20.413",80413,,,,,,,"+3.431",3431,"+0.253",253,11
574,1995,10,11,11,"11","24","luca-badoer","minardi","ford","goodyear","1:20.543",80543,,,,,,,"+3.561",3561,"+0.130",130,24
574,1995,10,12,12,"12","7","mark-blundell","mclaren","mercedes","goodyear","1:20.640",80640,,,,,,,"+3.658",3658,"+0.097",97,14
574,1995,10,13,13,"13","14","rubens-barrichello","jordan","peugeot","goodyear","1:20.902",80902,,,,,,,"+3.920",3920,"+0.262",262,14
574,1995,10,14,14,"14","23","pedro-lamy","minardi","ford","goodyear","1:21.156",81156,,,,,,,"+4.174",4174,"+0.254",254,24
574,1995,10,15,15,"15","15","eddie-irvine","jordan","peugeot","goodyear","1:21.246",81246,,,,,,,"+4.264",4264,"+0.090",90,9
574,1995,10,16,16,"16","4","mika-salo","tyrrell","yamaha","goodyear","1:21.624",81624,,,,,,,"+4.642",4642,"+0.378",378,14
574,1995,10,17,17,"17","3","ukyo-katayama","tyrrell","yamaha","goodyear","1:21.702",81702,,,,,,,"+4.720",4720,"+0.078",78,21
574,1995,10,18,18,"18","10","taki-inoue","footwork","hart","goodyear","1:22.081",82081,,,,,,,"+5.099",5099,"+0.379",379,23
574,1995,10,19,19,"19","29","jean-christophe-boullion","sauber","ford","goodyear","1:22.161",82161,,,,,,,"+5.179",5179,"+0.080",80,9
574,1995,10,20,20,"20","9","max-papis","footwork","hart","goodyear","1:23.275",83275,,,,,,,"+6.293",6293,"+1.114",1114,10
574,1995,10,21,21,"21","22","roberto-moreno","forti","ford","goodyear","1:24.351",84351,,,,,,,"+7.369",7369,"+1.076",1076,24
574,1995,10,22,22,"22","17","andrea-montermini","pacific","ford","goodyear","1:24.371",84371,,,,,,,"+7.389",7389,"+0.020",20,19
574,1995,10,23,23,"23","21","pedro-diniz","forti","ford","goodyear","1:24.695",84695,,,,,,,"+7.713",7713,"+0.324",324,23
574,1995,10,24,24,"24","16","giovanni-lavaggi","pacific","ford","goodyear","1:26.570",86570,,,,,,,"+9.588",9588,"+1.875",1875,23
575,1995,11,1,1,"1","28","gerhard-berger","ferrari","ferrari","goodyear","1:54.392",114392,,,,,,,,,,,12
575,1995,11,2,2,"2","27","jean-alesi","ferrari","ferrari","goodyear","1:54.631",114631,,,,,,,"+0.239",239,"+0.239",239,12
575,1995,11,3,3,"3","8","mika-hakkinen","mclaren","mercedes","goodyear","1:55.435",115435,,,,,,,"+1.043",1043,"+0.804",804,18
575,1995,11,4,4,"4","2","johnny-herbert","benetton","renault","goodyear","1:56.085",116085,,,,,,,"+1.693",1693,"+0.650",650,8
575,1995,11,5,5,"5","6","david-coulthard","williams","renault","goodyear","1:56.254",116254,,,,,,,"+1.862",1862,"+0.169",169,18
575,1995,11,6,6,"6","7","mark-blundell","mclaren","mercedes","goodyear","1:56.622",116622,,,,,,,"+2.230",2230,"+0.368",368,20
575,1995,11,7,7,"7","15","eddie-irvine","jordan","peugeot","goodyear","1:57.001",117001,,,,,,,"+2.609",2609,"+0.379",379,17
575,1995,11,8,8,"8","5","damon-hill","williams","renault","goodyear","1:57.768",117768,,,,,,,"+3.376",3376,"+0.767",767,19
575,1995,11,9,9,"9","26","olivier-panis","ligier","mugen-honda","goodyear","1:58.021",118021,,,,,,,"+3.629",3629,"+0.253",253,20
575,1995,11,10,10,"10","30","heinz-harald-frentzen","sauber","ford","goodyear","1:58.148",118148,,,,,,,"+3.756",3756,"+0.127",127,21
575,1995,11,11,11,"11","4","mika-salo","tyrrell","yamaha","goodyear","1:58.224",118224,,,,,,,"+3.832",3832,"+0.076",76,15
575,1995,11,12,12,"12","14","rubens-barrichello","jordan","peugeot","goodyear","1:58.293",118293,,,,,,,"+3.901",3901,"+0.069",69,15
575,1995,11,13,13,"13","25","martin-brundle","ligier","mugen-honda","goodyear","1:58.314",118314,,,,,,,"+3.922",3922,"+0.021",21,19
575,1995,11,14,14,"14","29","jean-christophe-boullion","sauber","ford","goodyear","1:58.356",118356,,,,,,,"+3.964",3964,"+0.042",42,18
575,1995,11,15,15,"15","3","ukyo-katayama","tyrrell","yamaha","goodyear","1:58.551",118551,,,,,,,"+4.159",4159,"+0.195",195,18
575,1995,11,16,16,"16","1","michael-schumacher","benetton","renault","goodyear","1:59.079",119079,,,,,,,"+4.687",4687,"+0.528",528,13
575,1995,11,17,17,"17","23","pedro-lamy","minardi","ford","goodyear","1:59.256",119256,,,,,,,"+4.864",4864,"+0.177",177,18
575,1995,11,18,18,"18","10","taki-inoue","footwork","hart","goodyear","2:00.990",120990,,,,,,,"+6.598",6598,"+1.734",1734,16
575,1995,11,19,19,"19","24","luca-badoer","minardi","ford","goodyear","2:01.013",121013,,,,,,,"+6.621",6621,"+0.023",23,13
575,1995,11,20,20,"20","9","max-papis","footwork","hart","goodyear","2:01.685",121685,,,,,,,"+7.293",7293,"+0.672",672,19
575,1995,11,21,21,"21","17","andrea-montermini","pacific","ford","goodyear","2:02.405",122405,,,,,,,"+8.013",8013,"+0.720",720,12
575,1995,11,22,22,"22","22","roberto-moreno","forti","ford","goodyear","2:03.817",123817,,,,,,,"+9.425",9425,"+1.412",1412,19
575,1995,11,23,23,"23","16","giovanni-lavaggi","pacific","ford","goodyear","2:06.407",126407,,,,,,,"+12.015",12015,"+2.590",2590,14
575,1995,11,24,24,"24","21","pedro-diniz","forti","ford","goodyear","2:09.537",129537,,,,,,,"+15.145",15145,"+3.130",3130,15
576,1995,12,1,1,"1","6","david-coulthard","williams","renault","goodyear","1:24.462",84462,,,,,,,,,,,24
576,1995,12,2,2,"2","1","michael-schumacher","benetton","renault","goodyear","1:25.026",85026,,,,,,,"+0.564",564,"+0.564",564,22
576,1995,12,3,3,"3","28","gerhard-berger","ferrari","ferrari","goodyear","1:25.353",85353,,,,,,,"+0.891",891,"+0.327",327,15
576,1995,12,4,4,"4","5","damon-hill","williams","renault","goodyear","1:25.699",85699,,,,,,,"+1.237",1237,"+0.346",346,23
576,1995,12,5,5,"5","27","jean-alesi","ferrari","ferrari","goodyear","1:25.707",85707,,,,,,,"+1.245",1245,"+0.008",8,22
576,1995,12,6,6,"6","14","rubens-barrichello","jordan","peugeot","goodyear","1:25.919",85919,,,,,,,"+1.457",1457,"+0.212",212,24
576,1995,12,7,7,"7","8","mika-hakkinen","mclaren","mercedes","goodyear","1:25.920",85920,,,,,,,"+1.458",1458,"+0.001",1,18
576,1995,12,8,8,"8","2","johnny-herbert","benetton","renault","goodyear","1:26.433",86433,,,,,,,"+1.971",1971,"+0.513",513,24
576,1995,12,9,9,"9","7","mark-blundell","mclaren","mercedes","goodyear","1:26.472",86472,,,,,,,"+2.010",2010,"+0.039",39,24
576,1995,12,10,10,"10","30","heinz-harald-frentzen","sauber","ford","goodyear","1:26.541",86541,,,,,,,"+2.079",2079,"+0.069",69,24
576,1995,12,11,11,"11","25","martin-brundle","ligier","mugen-honda","goodyear","1:27.067",87067,,,,,,,"+2.605",2605,"+0.526",526,24
576,1995,12,12,12,"12","15","eddie-irvine","jordan","peugeot","goodyear","1:27.271",87271,,,,,,,"+2.809",2809,"+0.204",204,23
576,1995,12,13,13,"13","26","olivier-panis","ligier","mugen-honda","goodyear","1:27.384",87384,,,,,,,"+2.922",2922,"+0.113",113,16
576,1995,12,14,14,"14","29","jean-christophe-boullion","sauber","ford","goodyear","1:28.741",88741,,,,,,,"+4.279",4279,"+1.357",1357,20
576,1995,12,15,15,"15","9","max-papis","footwork","hart","goodyear","1:28.870",88870,,,,,,,"+4.408",4408,"+0.129",129,11
576,1995,12,16,16,"16","4","mika-salo","tyrrell","yamaha","goodyear","1:29.028",89028,,,,,,,"+4.566",4566,"+0.158",158,24
576,1995,12,17,17,"17","3","ukyo-katayama","tyrrell","yamaha","goodyear","1:29.287",89287,,,,,,,"+4.825",4825,"+0.259",259,19
576,1995,12,18,18,"18","24","luca-badoer","minardi","ford","goodyear","1:29.559",89559,,,,,,,"+5.097",5097,"+0.272",272,20
576,1995,12,19,19,"19","23","pedro-lamy","minardi","ford","goodyear","1:29.936",89936,,,,,,,"+5.474",5474,"+0.377",377,15
576,1995,12,20,20,"20","10","taki-inoue","footwork","hart","goodyear","1:30.515",90515,,,,,,,"+6.053",6053,"+0.579",579,21
576,1995,12,21,21,"21","17","andrea-montermini","pacific","ford","goodyear","1:30.721",90721,,,,,,,"+6.259",6259,"+0.206",206,24
576,1995,12,22,22,"22","22","roberto-moreno","forti","ford","goodyear","1:30.834",90834,,,,,,,"+6.372",6372,"+0.113",113,23
576,1995,12,23,23,"23","21","pedro-diniz","forti","ford","goodyear","1:32.102",92102,,,,,,,"+7.640",7640,"+1.268",1268,22
576,1995,12,24,24,"24","16","giovanni-lavaggi","pacific","ford","goodyear","1:32.470",92470,,,,,,,"+8.008",8008,"+0.368",368,23
577,1995,13,1,1,"1","6","david-coulthard","williams","renault","goodyear","1:20.537",80537,,,,,,,,,,,19
577,1995,13,2,2,"2","5","damon-hill","williams","renault","goodyear","1:20.905",80905,,,,,,,"+0.368",368,"+0.368",368,22
577,1995,13,3,3,"3","1","michael-schumacher","benetton","renault","goodyear","1:21.301",81301,,,,,,,"+0.764",764,"+0.396",396,20
577,1995,13,4,4,"4","28","gerhard-berger","ferrari","ferrari","goodyear","1:21.970",81970,,,,,,,"+1.433",1433,"+0.669",669,17
577,1995,13,5,5,"5","30","heinz-harald-frentzen","sauber","ford","goodyear","1:22.226",82226,,,,,,,"+1.689",1689,"+0.256",256,19
577,1995,13,6,6,"6","2","johnny-herbert","benetton","renault","goodyear","1:22.322",82322,,,,,,,"+1.785",1785,"+0.096",96,23
577,1995,13,7,7,"7","27","jean-alesi","ferrari","ferrari","goodyear","1:22.391",82391,,,,,,,"+1.854",1854,"+0.069",69,18
577,1995,13,8,8,"8","14","rubens-barrichello","jordan","peugeot","goodyear","1:22.538",82538,,,,,,,"+2.001",2001,"+0.147",147,19
577,1995,13,9,9,"9","25","martin-brundle","ligier","mugen-honda","goodyear","1:22.588",82588,,,,,,,"+2.051",2051,"+0.050",50,23
577,1995,13,10,10,"10","15","eddie-irvine","jordan","peugeot","goodyear","1:22.831",82831,,,,,,,"+2.294",2294,"+0.243",243,18
577,1995,13,11,11,"11","26","olivier-panis","ligier","mugen-honda","goodyear","1:22.904",82904,,,,,,,"+2.367",2367,"+0.073",73,22
577,1995,13,12,12,"12","7","mark-blundell","mclaren","mercedes","goodyear","1:22.914",82914,,,,,,,"+2.377",2377,"+0.010",10,19
577,1995,13,13,13,"13","8","mika-hakkinen","mclaren","mercedes","goodyear","1:23.064",83064,,,,,,,"+2.527",2527,"+0.150",150,19
577,1995,13,14,14,"14","29","jean-christophe-boullion","sauber","ford","goodyear","1:23.934",83934,,,,,,,"+3.397",3397,"+0.870",870,12
577,1995,13,15,15,"15","4","mika-salo","tyrrell","yamaha","goodyear","1:23.936",83936,,,,,,,"+3.399",3399,"+0.002",2,23
577,1995,13,16,16,"16","3","ukyo-katayama","tyrrell","yamaha","goodyear","1:24.287",84287,,,,,,,"+3.750",3750,"+0.351",351,19
577,1995,13,17,17,"17","23","pedro-lamy","minardi","ford","goodyear","1:24.657",84657,,,,,,,"+4.120",4120,"+0.370",370,18
577,1995,13,18,18,"18","24","luca-badoer","minardi","ford","goodyear","1:24.778",84778,,,,,,,"+4.241",4241,"+0.121",121,20
577,1995,13,19,19,"19","10","taki-inoue","footwork","hart","goodyear","1:24.883",84883,,,,,,,"+4.346",4346,"+0.105",105,22
577,1995,13,20,20,"20","9","max-papis","footwork","hart","goodyear","1:25.179",85179,,,,,,,"+4.642",4642,"+0.296",296,24
577,1995,13,21,21,"21","17","andrea-montermini","pacific","ford","goodyear","1:26.172",86172,,,,,,,"+5.635",5635,"+0.993",993,15
577,1995,13,22,22,"22","21","pedro-diniz","forti","ford","goodyear","1:27.292",87292,,,,,,,"+6.755",6755,"+1.120",1120,16
577,1995,13,23,23,"23","22","roberto-moreno","forti","ford","goodyear","1:27.523",87523,,,,,,,"+6.986",6986,"+0.231",231,21
577,1995,13,24,24,"24","16","jean-denis-deletraz","pacific","ford","goodyear","1:32.769",92769,,,,,,,"+12.232",12232,"+5.246",5246,5
578,1995,14,1,1,"1","6","david-coulthard","williams","renault","goodyear","1:18.738",78738,,,,,,,,,,,17
578,1995,14,2,2,"2","5","damon-hill","williams","renault","goodyear","1:18.972",78972,,,,,,,"+0.234",234,"+0.234",234,21
578,1995,14,3,3,"3","1","michael-schumacher","benetton","renault","goodyear","1:19.150",79150,,,,,,,"+0.412",412,"+0.178",178,19
578,1995,14,4,4,"4","28","gerhard-berger","ferrari","ferrari","goodyear","1:19.821",79821,,,,,,,"+1.083",1083,"+0.671",671,18
578,1995,14,5,5,"5","15","eddie-irvine","jordan","peugeot","goodyear","1:20.488",80488,,,,,,,"+1.750",1750,"+0.667",667,19
578,1995,14,6,6,"6","27","jean-alesi","ferrari","ferrari","goodyear","1:20.510",80510,,,,,,,"+1.772",1772,"+0.022",22,15
578,1995,14,7,7,"7","2","johnny-herbert","benetton","renault","goodyear","1:20.653",80653,,,,,,,"+1.915",1915,"+0.143",143,20
578,1995,14,8,8,"8","30","heinz-harald-frentzen","sauber","ford","goodyear","1:20.749",80749,,,,,,,"+2.011",2011,"+0.096",96,22
578,1995,14,9,9,"9","8","mika-hakkinen","mclaren","mercedes","goodyear","1:20.866",80866,,,,,,,"+2.128",2128,"+0.117",117,22
578,1995,14,10,10,"10","7","mark-blundell","mclaren","mercedes","goodyear","1:20.909",80909,,,,,,,"+2.171",2171,"+0.043",43,21
578,1995,14,11,11,"11","14","rubens-barrichello","jordan","peugeot","goodyear","1:21.211",81211,,,,,,,"+2.473",2473,"+0.302",302,23
578,1995,14,12,12,"12","25","martin-brundle","ligier","mugen-honda","goodyear","1:21.541",81541,,,,,,,"+2.803",2803,"+0.330",330,19
578,1995,14,13,13,"13","29","jean-christophe-boullion","sauber","ford","goodyear","1:22.059",82059,,,,,,,"+3.321",3321,"+0.518",518,13
578,1995,14,14,14,"14","26","olivier-panis","ligier","mugen-honda","goodyear","1:22.062",82062,,,,,,,"+3.324",3324,"+0.003",3,11
578,1995,14,15,15,"15","4","mika-salo","tyrrell","yamaha","goodyear","1:23.058",83058,,,,,,,"+4.320",4320,"+0.996",996,19
578,1995,14,16,16,"16","23","pedro-lamy","minardi","ford","goodyear","1:23.328",83328,,,,,,,"+4.590",4590,"+0.270",270,15
578,1995,14,17,17,"17","9","max-papis","footwork","hart","goodyear","1:23.689",83689,,,,,,,"+4.951",4951,"+0.361",361,16
578,1995,14,18,18,"18","24","luca-badoer","minardi","ford","goodyear","1:23.760",83760,,,,,,,"+5.022",5022,"+0.071",71,15
578,1995,14,19,19,"19","3","gabriele-tarquini","tyrrell","yamaha","goodyear","1:24.286",84286,,,,,,,"+5.548",5548,"+0.526",526,17
578,1995,14,20,20,"20","17","andrea-montermini","pacific","ford","goodyear","1:24.696",84696,,,,,,,"+5.958",5958,"+0.410",410,16
578,1995,14,21,21,"21","10","taki-inoue","footwork","hart","goodyear","1:24.900",84900,,,,,,,"+6.162",6162,"+0.204",204,13
578,1995,14,22,22,"22","21","pedro-diniz","forti","ford","goodyear","1:25.157",85157,,,,,,,"+6.419",6419,"+0.257",257,19
578,1995,14,23,23,"23","22","roberto-moreno","forti","ford","goodyear","1:26.098",86098,,,,,,,"+7.360",7360,"+0.941",941,20
578,1995,14,24,24,"24","16","jean-denis-deletraz","pacific","ford","goodyear","1:27.853",87853,,,,,,,"+9.115",9115,"+1.755",1755,18
579,1995,15,1,1,"1","6","david-coulthard","williams","renault","goodyear","1:14.013",74013,,,,,,,,,,,16
579,1995,15,2,2,"2","5","damon-hill","williams","renault","goodyear","1:14.213",74213,,,,,,,"+0.200",200,"+0.200",200,17
579,1995,15,3,3,"3","1","michael-schumacher","benetton","renault","goodyear","1:14.284",74284,,,,,,,"+0.271",271,"+0.071",71,24
579,1995,15,4,4,"4","27","jean-alesi","ferrari","ferrari","goodyear","1:14.919",74919,,,,,,,"+0.906",906,"+0.635",635,15
579,1995,15,5,5,"5","28","gerhard-berger","ferrari","ferrari","goodyear","1:14.974",74974,,,,,,,"+0.961",961,"+0.055",55,16
579,1995,15,6,6,"6","15","eddie-irvine","jordan","peugeot","goodyear","1:15.354",75354,,,,,,,"+1.341",1341,"+0.380",380,24
579,1995,15,7,7,"7","2","johnny-herbert","benetton","renault","goodyear","1:15.556",75556,,,,,,,"+1.543",1543,"+0.202",202,24
579,1995,15,8,8,"8","30","heinz-harald-frentzen","sauber","ford","goodyear","1:15.561",75561,,,,,,,"+1.548",1548,"+0.005",5,14
579,1995,15,9,9,"9","26","olivier-panis","ligier","mugen-honda","goodyear","1:15.621",75621,,,,,,,"+1.608",1608,"+0.060",60,20
579,1995,15,10,10,"10","7","mark-blundell","mclaren","mercedes","goodyear","1:15.652",75652,,,,,,,"+1.639",1639,"+0.031",31,22
579,1995,15,11,11,"11","14","rubens-barrichello","jordan","peugeot","goodyear","1:15.774",75774,,,,,,,"+1.761",1761,"+0.122",122,23
579,1995,15,12,12,"12","8","jan-magnussen","mclaren","mercedes","goodyear","1:16.339",76339,,,,,,,"+2.326",2326,"+0.565",565,19
579,1995,15,13,13,"13","25","aguri-suzuki","ligier","mugen-honda","goodyear","1:16.519",76519,,,,,,,"+2.506",2506,"+0.180",180,20
579,1995,15,14,14,"14","23","pedro-lamy","minardi","ford","goodyear","1:16.596",76596,,,,,,,"+2.583",2583,"+0.077",77,22
579,1995,15,15,15,"15","29","jean-christophe-boullion","sauber","ford","goodyear","1:16.646",76646,,,,,,,"+2.633",2633,"+0.050",50,12
579,1995,15,16,16,"16","24","luca-badoer","minardi","ford","goodyear","1:16.887",76887,,,,,,,"+2.874",2874,"+0.241",241,24
579,1995,15,17,17,"17","3","ukyo-katayama","tyrrell","yamaha","goodyear","1:17.014",77014,,,,,,,"+3.001",3001,"+0.127",127,24
579,1995,15,18,18,"18","4","mika-salo","tyrrell","yamaha","goodyear","1:17.213",77213,,,,,,,"+3.200",3200,"+0.199",199,24
579,1995,15,19,19,"19","9","gianni-morbidelli","footwork","hart","goodyear","1:18.114",78114,,,,,,,"+4.101",4101,"+0.901",901,24
579,1995,15,20,20,"20","10","taki-inoue","footwork","hart","goodyear","1:18.212",78212,,,,,,,"+4.199",4199,"+0.098",98,24
579,1995,15,21,21,"21","21","pedro-diniz","forti","ford","goodyear","1:19.579",79579,,,,,,,"+5.566",5566,"+1.367",1367,22
579,1995,15,22,22,"22","22","roberto-moreno","forti","ford","goodyear","1:19.745",79745,,,,,,,"+5.732",5732,"+0.166",166,23
579,1995,15,23,23,"23","17","andrea-montermini","pacific","ford","goodyear","1:20.093",80093,,,,,,,"+6.080",6080,"+0.348",348,11
579,1995,15,24,24,"24","16","bertrand-gachot","pacific","ford","goodyear","1:21.405",81405,,,,,,,"+7.392",7392,"+1.312",1312,17
580,1995,16,1,1,"1","1","michael-schumacher","benetton","renault","goodyear","1:38.023",98023,,,,,,,,,,,17
580,1995,16,2,2,"2","27","jean-alesi","ferrari","ferrari","goodyear","1:38.888",98888,,,,,,,"+0.865",865,"+0.865",865,16
580,1995,16,3,3,"3","8","mika-hakkinen","mclaren","mercedes","goodyear","1:38.954",98954,,,,,,,"+0.931",931,"+0.066",66,16
580,1995,16,4,4,"4","5","damon-hill","williams","renault","goodyear","1:39.032",99032,,,,,,,"+1.009",1009,"+0.078",78,19
580,1995,16,5,5,"5","28","gerhard-berger","ferrari","ferrari","goodyear","1:39.040",99040,,,,,,,"+1.017",1017,"+0.008",8,15
580,1995,16,6,6,"6","6","david-coulthard","williams","renault","goodyear","1:39.155",99155,,,,,,,"+1.132",1132,"+0.115",115,21
580,1995,16,7,7,"7","15","eddie-irvine","jordan","peugeot","goodyear","1:39.621",99621,,,,,,,"+1.598",1598,"+0.466",466,15
580,1995,16,8,8,"8","30","heinz-harald-frentzen","sauber","ford","goodyear","1:40.010",100010,,,,,,,"+1.987",1987,"+0.389",389,17
580,1995,16,9,9,"9","2","johnny-herbert","benetton","renault","goodyear","1:40.349",100349,,,,,,,"+2.326",2326,"+0.339",339,15
580,1995,16,10,10,"10","14","rubens-barrichello","jordan","peugeot","goodyear","1:40.381",100381,,,,,,,"+2.358",2358,"+0.032",32,23
580,1995,16,11,11,"11","26","olivier-panis","ligier","mugen-honda","goodyear","1:40.838",100838,,,,,,,"+2.815",2815,"+0.457",457,19
580,1995,16,12,12,"12","4","mika-salo","tyrrell","yamaha","goodyear","1:41.355",101355,,,,,,,"+3.332",3332,"+0.517",517,21
580,1995,16,13,13,"13","25","aguri-suzuki","ligier","mugen-honda","goodyear","1:41.592",101592,,,,,,,"+3.569",3569,"+0.237",237,20
580,1995,16,14,14,"14","3","ukyo-katayama","tyrrell","yamaha","goodyear","1:41.977",101977,,,,,,,"+3.954",3954,"+0.385",385,19
580,1995,16,15,15,"15","9","gianni-morbidelli","footwork","hart","goodyear","1:42.059",102059,,,,,,,"+4.036",4036,"+0.082",82,16
580,1995,16,16,16,"16","29","karl-wendlinger","sauber","ford","goodyear","1:42.912",102912,,,,,,,"+4.889",4889,"+0.853",853,21
580,1995,16,17,17,"17","23","pedro-lamy","minardi","ford","goodyear","1:43.102",103102,,,,,,,"+5.079",5079,"+0.190",190,22
580,1995,16,18,18,"18","24","luca-badoer","minardi","ford","goodyear","1:43.542",103542,,,,,,,"+5.519",5519,"+0.440",440,20
580,1995,16,19,19,"19","10","taki-inoue","footwork","hart","goodyear","1:44.074",104074,,,,,,,"+6.051",6051,"+0.532",532,21
580,1995,16,20,20,"20","17","andrea-montermini","pacific","ford","goodyear","1:46.097",106097,,,,,,,"+8.074",8074,"+2.023",2023,16
580,1995,16,21,21,"21","21","pedro-diniz","forti","ford","goodyear","1:46.654",106654,,,,,,,"+8.631",8631,"+0.557",557,15
580,1995,16,22,22,"22","22","roberto-moreno","forti","ford","goodyear","1:48.267",108267,,,,,,,"+10.244",10244,"+1.613",1613,10
580,1995,16,23,23,"23","16","bertrand-gachot","pacific","ford","goodyear","1:48.289",108289,,,,,,,"+10.266",10266,"+0.022",22,15
580,1995,16,24,24,"24","7","mark-blundell","mclaren","mercedes","goodyear","16:42.640",1002640,,,,,,,"+15:04.617",904617,"+14:54.351",894351,1
581,1995,17,1,1,"1","5","damon-hill","williams","renault","goodyear","1:15.505",75505,,,,,,,,,,,24
581,1995,17,2,2,"2","6","david-coulthard","williams","renault","goodyear","1:15.628",75628,,,,,,,"+0.123",123,"+0.123",123,23
581,1995,17,3,3,"3","1","michael-schumacher","benetton","renault","goodyear","1:15.839",75839,,,,,,,"+0.334",334,"+0.211",211,21
581,1995,17,4,4,"4","28","gerhard-berger","ferrari","ferrari","goodyear","1:15.932",75932,,,,,,,"+0.427",427,"+0.093",93,18
581,1995,17,5,5,"5","27","jean-alesi","ferrari","ferrari","goodyear","1:16.305",76305,,,,,,,"+0.800",800,"+0.373",373,14
581,1995,17,6,6,"6","30","heinz-harald-frentzen","sauber","ford","goodyear","1:16.647",76647,,,,,,,"+1.142",1142,"+0.342",342,20
581,1995,17,7,7,"7","14","rubens-barrichello","jordan","peugeot","goodyear","1:16.725",76725,,,,,,,"+1.220",1220,"+0.078",78,23
581,1995,17,8,8,"8","2","johnny-herbert","benetton","renault","goodyear","1:16.950",76950,,,,,,,"+1.445",1445,"+0.225",225,17
581,1995,17,9,9,"9","15","eddie-irvine","jordan","peugeot","goodyear","1:17.116",77116,,,,,,,"+1.611",1611,"+0.166",166,23
581,1995,17,10,10,"10","7","mark-blundell","mclaren","mercedes","goodyear","1:17.348",77348,,,,,,,"+1.843",1843,"+0.232",232,19
581,1995,17,11,11,"11","25","martin-brundle","ligier","mugen-honda","goodyear","1:17.624",77624,,,,,,,"+2.119",2119,"+0.276",276,23
581,1995,17,12,12,"12","26","olivier-panis","ligier","mugen-honda","goodyear","1:18.033",78033,,,,,,,"+2.528",2528,"+0.409",409,21
581,1995,17,13,13,"13","9","gianni-morbidelli","footwork","hart","goodyear","1:18.391",78391,,,,,,,"+2.886",2886,"+0.358",358,24
581,1995,17,14,14,"14","4","mika-salo","tyrrell","yamaha","goodyear","1:18.604",78604,,,,,,,"+3.099",3099,"+0.213",213,23
581,1995,17,15,15,"15","24","luca-badoer","minardi","ford","goodyear","1:18.810",78810,,,,,,,"+3.305",3305,"+0.206",206,24
581,1995,17,16,16,"16","3","ukyo-katayama","tyrrell","yamaha","goodyear","1:18.828",78828,,,,,,,"+3.323",3323,"+0.018",18,23
581,1995,17,17,17,"17","23","pedro-lamy","minardi","ford","goodyear","1:18.875",78875,,,,,,,"+3.370",3370,"+0.047",47,24
581,1995,17,18,18,"18","29","karl-wendlinger","sauber","ford","goodyear","1:19.561",79561,,,,,,,"+4.056",4056,"+0.686",686,12
581,1995,17,19,19,"19","10","taki-inoue","footwork","hart","goodyear","1:19.677",79677,,,,,,,"+4.172",4172,"+0.116",116,17
581,1995,17,20,20,"20","22","roberto-moreno","forti","ford","goodyear","1:20.657",80657,,,,,,,"+5.152",5152,"+0.980",980,24
581,1995,17,21,21,"21","21","pedro-diniz","forti","ford","goodyear","1:20.878",80878,,,,,,,"+5.373",5373,"+0.221",221,23
581,1995,17,22,22,"22","17","andrea-montermini","pacific","ford","goodyear","1:21.659",81659,,,,,,,"+6.154",6154,"+0.781",781,11
581,1995,17,23,23,"23","16","bertrand-gachot","pacific","ford","goodyear","1:21.998",81998,,,,,,,"+6.493",6493,"+0.339",339,12
581,1995,17,24,24,"24","8","mika-hakkinen","mclaren","mercedes","goodyear","1:37.998",97998,,,,,,,"+22.493",22493,"+16.000",16000,2
582,1996,1,1,1,"1","6","jacques-villeneuve","williams","renault","goodyear","1:32.371",92371,,,,,,,,,,,11
582,1996,1,2,2,"2","5","damon-hill","williams","renault","goodyear","1:32.509",92509,,,,,,,"+0.138",138,"+0.138",138,11
582,1996,1,3,3,"3","2","eddie-irvine","ferrari","ferrari","goodyear","1:32.889",92889,,,,,,,"+0.518",518,"+0.380",380,12
582,1996,1,4,4,"4","1","michael-schumacher","ferrari","ferrari","goodyear","1:33.125",93125,,,,,,,"+0.754",754,"+0.236",236,11
582,1996,1,5,5,"5","7","mika-hakkinen","mclaren","mercedes","goodyear","1:34.054",94054,,,,,,,"+1.683",1683,"+0.929",929,12
582,1996,1,6,6,"6","3","jean-alesi","benetton","renault","goodyear","1:34.257",94257,,,,,,,"+1.886",1886,"+0.203",203,12
582,1996,1,7,7,"7","4","gerhard-berger","benetton","renault","goodyear","1:34.344",94344,,,,,,,"+1.973",1973,"+0.087",87,11
582,1996,1,8,8,"8","11","rubens-barrichello","jordan","peugeot","goodyear","1:34.474",94474,,,,,,,"+2.103",2103,"+0.130",130,12
582,1996,1,9,9,"9","15","heinz-harald-frentzen","sauber","ford","goodyear","1:34.494",94494,,,,,,,"+2.123",2123,"+0.020",20,11
582,1996,1,10,10,"10","19","mika-salo","tyrrell","yamaha","goodyear","1:34.832",94832,,,,,,,"+2.461",2461,"+0.338",338,12
582,1996,1,11,11,"11","9","olivier-panis","ligier","mugen-honda","goodyear","1:35.330",95330,,,,,,,"+2.959",2959,"+0.498",498,12
582,1996,1,12,12,"12","17","jos-verstappen","footwork","hart","goodyear","1:35.338",95338,,,,,,,"+2.967",2967,"+0.008",8,11
582,1996,1,13,13,"13","8","david-coulthard","mclaren","mercedes","goodyear","1:35.351",95351,,,,,,,"+2.980",2980,"+0.013",13,12
582,1996,1,14,14,"14","14","johnny-herbert","sauber","ford","goodyear","1:35.453",95453,,,,,,,"+3.082",3082,"+0.102",102,12
582,1996,1,15,15,"15","18","ukyo-katayama","tyrrell","yamaha","goodyear","1:35.715",95715,,,,,,,"+3.344",3344,"+0.262",262,12
582,1996,1,16,16,"16","21","giancarlo-fisichella","minardi","ford","goodyear","1:35.898",95898,,,,,,,"+3.527",3527,"+0.183",183,5
582,1996,1,17,17,"17","20","pedro-lamy","minardi","ford","goodyear","1:36.109",96109,,,,,,,"+3.738",3738,"+0.211",211,12
582,1996,1,18,18,"18","16","ricardo-rosset","footwork","hart","goodyear","1:36.198",96198,,,,,,,"+3.827",3827,"+0.089",89,12
582,1996,1,19,19,"19","12","martin-brundle","jordan","peugeot","goodyear","1:36.286",96286,,,,,,,"+3.915",3915,"+0.088",88,12
582,1996,1,20,20,"20","10","pedro-diniz","ligier","mugen-honda","goodyear","1:36.298",96298,,,,,,,"+3.927",3927,"+0.012",12,12
582,1996,1,21,21,"21","22","luca-badoer","forti","ford","goodyear","1:39.202",99202,,,,,,,"+6.831",6831,"+2.904",2904,11
582,1996,1,22,22,"22","23","andrea-montermini","forti","ford","goodyear","1:42.087",102087,,,,,,,"+9.716",9716,"+2.885",2885,4
583,1996,2,1,1,"1","5","damon-hill","williams","renault","goodyear","1:18.111",78111,,,,,,,,,,,7
583,1996,2,2,2,"2","11","rubens-barrichello","jordan","peugeot","goodyear","1:19.092",79092,,,,,,,"+0.981",981,"+0.981",981,11
583,1996,2,3,3,"3","6","jacques-villeneuve","williams","renault","goodyear","1:19.254",79254,,,,,,,"+1.143",1143,"+0.162",162,11
583,1996,2,4,4,"4","1","michael-schumacher","ferrari","ferrari","goodyear","1:19.474",79474,,,,,,,"+1.363",1363,"+0.220",220,11
583,1996,2,5,5,"5","3","jean-alesi","benetton","renault","goodyear","1:19.484",79484,,,,,,,"+1.373",1373,"+0.010",10,9
583,1996,2,6,6,"6","12","martin-brundle","jordan","peugeot","goodyear","1:19.519",79519,,,,,,,"+1.408",1408,"+0.035",35,12
583,1996,2,7,7,"7","7","mika-hakkinen","mclaren","mercedes","goodyear","1:19.607",79607,,,,,,,"+1.496",1496,"+0.088",88,12
583,1996,2,8,8,"8","4","gerhard-berger","benetton","renault","goodyear","1:19.762",79762,,,,,,,"+1.651",1651,"+0.155",155,11
583,1996,2,9,9,"9","15","heinz-harald-frentzen","sauber","ford","goodyear","1:19.799",79799,,,,,,,"+1.688",1688,"+0.037",37,11
583,1996,2,10,10,"10","2","eddie-irvine","ferrari","ferrari","goodyear","1:19.951",79951,,,,,,,"+1.840",1840,"+0.152",152,12
583,1996,2,11,11,"11","19","mika-salo","tyrrell","yamaha","goodyear","1:20.000",80000,,,,,,,"+1.889",1889,"+0.049",49,12
583,1996,2,12,12,"12","14","johnny-herbert","sauber","ford","goodyear","1:20.144",80144,,,,,,,"+2.033",2033,"+0.144",144,12
583,1996,2,13,13,"13","17","jos-verstappen","footwork","hart","goodyear","1:20.157",80157,,,,,,,"+2.046",2046,"+0.013",13,12
583,1996,2,14,14,"14","8","david-coulthard","mclaren","mercedes","goodyear","1:20.167",80167,,,,,,,"+2.056",2056,"+0.010",10,12
583,1996,2,15,15,"15","9","olivier-panis","ligier","mugen-honda","goodyear","1:20.426",80426,,,,,,,"+2.315",2315,"+0.259",259,12
583,1996,2,16,16,"16","18","ukyo-katayama","tyrrell","yamaha","goodyear","1:20.427",80427,,,,,,,"+2.316",2316,"+0.001",1,12
583,1996,2,17,17,"17","16","ricardo-rosset","footwork","hart","goodyear","1:20.440",80440,,,,,,,"+2.329",2329,"+0.013",13,10
583,1996,2,18,18,"18","20","pedro-lamy","minardi","ford","goodyear","1:21.491",81491,,,,,,,"+3.380",3380,"+1.051",1051,12
583,1996,2,19,19,"19","22","luca-badoer","forti","ford","goodyear","1:23.174",83174,,,,,,,"+5.063",5063,"+1.683",1683,12
583,1996,2,20,20,"20","23","andrea-montermini","forti","ford","goodyear","1:23.454",83454,,,,,,,"+5.343",5343,"+0.280",280,11
583,1996,2,21,21,"21","21","tarso-marques","minardi","ford","goodyear",,,,,,,,,,,,,
583,1996,2,22,22,"22","10","pedro-diniz","ligier","mugen-honda","goodyear",,,,,,,,,,,,,
584,1996,3,1,1,"1","5","damon-hill","williams","renault","goodyear","1:30.346",90346,,,,,,,,,,,12
584,1996,3,2,2,"2","1","michael-schumacher","ferrari","ferrari","goodyear","1:30.598",90598,,,,,,,"+0.252",252,"+0.252",252,11
584,1996,3,3,3,"3","6","jacques-villeneuve","williams","renault","goodyear","1:30.907",90907,,,,,,,"+0.561",561,"+0.309",309,12
584,1996,3,4,4,"4","3","jean-alesi","benetton","renault","goodyear","1:31.038",91038,,,,,,,"+0.692",692,"+0.131",131,6
584,1996,3,5,5,"5","4","gerhard-berger","benetton","renault","goodyear","1:31.262",91262,,,,,,,"+0.916",916,"+0.224",224,11
584,1996,3,6,6,"6","11","rubens-barrichello","jordan","peugeot","goodyear","1:31.404",91404,,,,,,,"+1.058",1058,"+0.142",142,12
584,1996,3,7,7,"7","17","jos-verstappen","footwork","hart","goodyear","1:31.615",91615,,,,,,,"+1.269",1269,"+0.211",211,7
584,1996,3,8,8,"8","7","mika-hakkinen","mclaren","mercedes","goodyear","1:31.801",91801,,,,,,,"+1.455",1455,"+0.186",186,11
584,1996,3,9,9,"9","8","david-coulthard","mclaren","mercedes","goodyear","1:32.001",92001,,,,,,,"+1.655",1655,"+0.200",200,12
584,1996,3,10,10,"10","2","eddie-irvine","ferrari","ferrari","goodyear","1:32.058",92058,,,,,,,"+1.712",1712,"+0.057",57,11
584,1996,3,11,11,"11","15","heinz-harald-frentzen","sauber","ford","goodyear","1:32.130",92130,,,,,,,"+1.784",1784,"+0.072",72,12
584,1996,3,12,12,"12","9","olivier-panis","ligier","mugen-honda","goodyear","1:32.177",92177,,,,,,,"+1.831",1831,"+0.047",47,11
584,1996,3,13,13,"13","18","ukyo-katayama","tyrrell","yamaha","goodyear","1:32.407",92407,,,,,,,"+2.061",2061,"+0.230",230,12
584,1996,3,14,14,"14","21","tarso-marques","minardi","ford","goodyear","1:32.502",92502,,,,,,,"+2.156",2156,"+0.095",95,11
584,1996,3,15,15,"15","12","martin-brundle","jordan","peugeot","goodyear","1:32.696",92696,,,,,,,"+2.350",2350,"+0.194",194,12
584,1996,3,16,16,"16","19","mika-salo","tyrrell","yamaha","goodyear","1:32.903",92903,,,,,,,"+2.557",2557,"+0.207",207,10
584,1996,3,17,17,"17","14","johnny-herbert","sauber","ford","goodyear","1:33.256",93256,,,,,,,"+2.910",2910,"+0.353",353,10
584,1996,3,18,18,"18","10","pedro-diniz","ligier","mugen-honda","goodyear","1:33.424",93424,,,,,,,"+3.078",3078,"+0.168",168,12
584,1996,3,19,19,"19","20","pedro-lamy","minardi","ford","goodyear","1:33.727",93727,,,,,,,"+3.381",3381,"+0.303",303,12
584,1996,3,20,20,"20","16","ricardo-rosset","footwork","hart","goodyear","1:33.752",93752,,,,,,,"+3.406",3406,"+0.025",25,11
584,1996,3,21,21,"21","22","luca-badoer","forti","ford","goodyear","1:34.830",94830,,,,,,,"+4.484",4484,"+1.078",1078,11
584,1996,3,22,22,"22","23","andrea-montermini","forti","ford","goodyear","1:35.651",95651,,,,,,,"+5.305",5305,"+0.821",821,11
585,1996,4,1,1,"1","5","damon-hill","williams","renault","goodyear","1:18.941",78941,,,,,,,,,,,9
585,1996,4,2,2,"2","6","jacques-villeneuve","williams","renault","goodyear","1:19.721",79721,,,,,,,"+0.780",780,"+0.780",780,12
585,1996,4,3,3,"3","1","michael-schumacher","ferrari","ferrari","goodyear","1:20.149",80149,,,,,,,"+1.208",1208,"+0.428",428,11
585,1996,4,4,4,"4","3","jean-alesi","benetton","renault","goodyear","1:20.711",80711,,,,,,,"+1.770",1770,"+0.562",562,9
585,1996,4,5,5,"5","11","rubens-barrichello","jordan","peugeot","goodyear","1:20.818",80818,,,,,,,"+1.877",1877,"+0.107",107,12
585,1996,4,6,6,"6","8","david-coulthard","mclaren","mercedes","goodyear","1:20.888",80888,,,,,,,"+1.947",1947,"+0.070",70,12
585,1996,4,7,7,"7","2","eddie-irvine","ferrari","ferrari","goodyear","1:20.931",80931,,,,,,,"+1.990",1990,"+0.043",43,12
585,1996,4,8,8,"8","4","gerhard-berger","benetton","renault","goodyear","1:21.054",81054,,,,,,,"+2.113",2113,"+0.123",123,12
585,1996,4,9,9,"9","7","mika-hakkinen","mclaren","mercedes","goodyear","1:21.078",81078,,,,,,,"+2.137",2137,"+0.024",24,11
585,1996,4,10,10,"10","15","heinz-harald-frentzen","sauber","ford","goodyear","1:21.113",81113,,,,,,,"+2.172",2172,"+0.035",35,12
585,1996,4,11,11,"11","12","martin-brundle","jordan","peugeot","goodyear","1:21.177",81177,,,,,,,"+2.236",2236,"+0.064",64,11
585,1996,4,12,12,"12","14","johnny-herbert","sauber","ford","goodyear","1:21.210",81210,,,,,,,"+2.269",2269,"+0.033",33,12
585,1996,4,13,13,"13","17","jos-verstappen","footwork","hart","goodyear","1:21.367",81367,,,,,,,"+2.426",2426,"+0.157",157,12
585,1996,4,14,14,"14","19","mika-salo","tyrrell","yamaha","goodyear","1:21.458",81458,,,,,,,"+2.517",2517,"+0.091",91,12
585,1996,4,15,15,"15","9","olivier-panis","ligier","mugen-honda","goodyear","1:21.509",81509,,,,,,,"+2.568",2568,"+0.051",51,11
585,1996,4,16,16,"16","18","ukyo-katayama","tyrrell","yamaha","goodyear","1:21.812",81812,,,,,,,"+2.871",2871,"+0.303",303,11
585,1996,4,17,17,"17","10","pedro-diniz","ligier","mugen-honda","goodyear","1:22.733",82733,,,,,,,"+3.792",3792,"+0.921",921,12
585,1996,4,18,18,"18","21","giancarlo-fisichella","minardi","ford","goodyear","1:22.921",82921,,,,,,,"+3.980",3980,"+0.188",188,11
585,1996,4,19,19,"19","20","pedro-lamy","minardi","ford","goodyear","1:23.139",83139,,,,,,,"+4.198",4198,"+0.218",218,12
585,1996,4,20,20,"20","16","ricardo-rosset","footwork","hart","goodyear","1:23.620",83620,,,,,,,"+4.679",4679,"+0.481",481,11
585,1996,4,21,21,"21","23","andrea-montermini","forti","ford","goodyear","1:25.053",85053,,,,,,,"+6.112",6112,"+1.433",1433,12
585,1996,4,22,22,"22","22","luca-badoer","forti","ford","goodyear","1:25.840",85840,,,,,,,"+6.899",6899,"+0.787",787,12
586,1996,5,1,1,"1","1","michael-schumacher","ferrari","ferrari","goodyear","1:26.890",86890,,,,,,,,,,,11
586,1996,5,2,2,"2","5","damon-hill","williams","renault","goodyear","1:27.105",87105,,,,,,,"+0.215",215,"+0.215",215,11
586,1996,5,3,3,"3","6","jacques-villeneuve","williams","renault","goodyear","1:27.220",87220,,,,,,,"+0.330",330,"+0.115",115,12
586,1996,5,4,4,"4","8","david-coulthard","mclaren","mercedes","goodyear","1:27.688",87688,,,,,,,"+0.798",798,"+0.468",468,11
586,1996,5,5,5,"5","3","jean-alesi","benetton","renault","goodyear","1:28.009",88009,,,,,,,"+1.119",1119,"+0.321",321,10
586,1996,5,6,6,"6","2","eddie-irvine","ferrari","ferrari","goodyear","1:28.205",88205,,,,,,,"+1.315",1315,"+0.196",196,12
586,1996,5,7,7,"7","4","gerhard-berger","benetton","renault","goodyear","1:28.336",88336,,,,,,,"+1.446",1446,"+0.131",131,12
586,1996,5,8,8,"8","19","mika-salo","tyrrell","yamaha","goodyear","1:28.423",88423,,,,,,,"+1.533",1533,"+0.087",87,12
586,1996,5,9,9,"9","11","rubens-barrichello","jordan","peugeot","goodyear","1:28.632",88632,,,,,,,"+1.742",1742,"+0.209",209,12
586,1996,5,10,10,"10","15","heinz-harald-frentzen","sauber","ford","goodyear","1:28.785",88785,,,,,,,"+1.895",1895,"+0.153",153,12
586,1996,5,11,11,"11","7","mika-hakkinen","mclaren","mercedes","goodyear","1:29.079",89079,,,,,,,"+2.189",2189,"+0.294",294,12
586,1996,5,12,12,"12","12","martin-brundle","jordan","peugeot","goodyear","1:29.099",89099,,,,,,,"+2.209",2209,"+0.020",20,12
586,1996,5,13,13,"13","9","olivier-panis","ligier","mugen-honda","goodyear","1:29.472",89472,,,,,,,"+2.582",2582,"+0.373",373,11
586,1996,5,14,14,"14","17","jos-verstappen","footwork","hart","goodyear","1:29.539",89539,,,,,,,"+2.649",2649,"+0.067",67,12
586,1996,5,15,15,"15","14","johnny-herbert","sauber","ford","goodyear","1:29.541",89541,,,,,,,"+2.651",2651,"+0.002",2,12
586,1996,5,16,16,"16","18","ukyo-katayama","tyrrell","yamaha","goodyear","1:29.892",89892,,,,,,,"+3.002",3002,"+0.351",351,11
586,1996,5,17,17,"17","10","pedro-diniz","ligier","mugen-honda","goodyear","1:29.989",89989,,,,,,,"+3.099",3099,"+0.097",97,12
586,1996,5,18,18,"18","20","pedro-lamy","minardi","ford","goodyear","1:30.471",90471,,,,,,,"+3.581",3581,"+0.482",482,11
586,1996,5,19,19,"19","21","giancarlo-fisichella","minardi","ford","goodyear","1:30.814",90814,,,,,,,"+3.924",3924,"+0.343",343,12
586,1996,5,20,20,"20","16","ricardo-rosset","footwork","hart","goodyear","1:31.316",91316,,,,,,,"+4.426",4426,"+0.502",502,10
586,1996,5,21,21,"21","22","luca-badoer","forti","ford","goodyear","1:32.037",92037,,,,,,,"+5.147",5147,"+0.721",721,12
586,1996,5,22,22,"22","23","andrea-montermini","forti","ford","goodyear","1:33.685",93685,,,,,,,"+6.795",6795,"+1.648",1648,9
587,1996,6,1,1,"1","1","michael-schumacher","ferrari","ferrari","goodyear","1:20.356",80356,,,,,,,,,,,11
587,1996,6,2,2,"2","5","damon-hill","williams","renault","goodyear","1:20.866",80866,,,,,,,"+0.510",510,"+0.510",510,12
587,1996,6,3,3,"3","3","jean-alesi","benetton","renault","goodyear","1:20.918",80918,,,,,,,"+0.562",562,"+0.052",52,12
587,1996,6,4,4,"4","4","gerhard-berger","benetton","renault","goodyear","1:21.067",81067,,,,,,,"+0.711",711,"+0.149",149,11
587,1996,6,5,5,"5","8","david-coulthard","mclaren","mercedes","goodyear","1:21.460",81460,,,,,,,"+1.104",1104,"+0.393",393,12
587,1996,6,6,6,"6","11","rubens-barrichello","jordan","peugeot","goodyear","1:21.504",81504,,,,,,,"+1.148",1148,"+0.044",44,11
587,1996,6,7,7,"7","2","eddie-irvine","ferrari","ferrari","goodyear","1:21.542",81542,,,,,,,"+1.186",1186,"+0.038",38,12
587,1996,6,8,8,"8","7","mika-hakkinen","mclaren","mercedes","goodyear","1:21.688",81688,,,,,,,"+1.332",1332,"+0.146",146,12
587,1996,6,9,9,"9","15","heinz-harald-frentzen","sauber","ford","goodyear","1:21.929",81929,,,,,,,"+1.573",1573,"+0.241",241,12
587,1996,6,10,10,"10","6","jacques-villeneuve","williams","renault","goodyear","1:21.963",81963,,,,,,,"+1.607",1607,"+0.034",34,12
587,1996,6,11,11,"11","19","mika-salo","tyrrell","yamaha","goodyear","1:22.235",82235,,,,,,,"+1.879",1879,"+0.272",272,12
587,1996,6,12,12,"12","17","jos-verstappen","footwork","hart","goodyear","1:22.327",82327,,,,,,,"+1.971",1971,"+0.092",92,11
587,1996,6,13,13,"13","14","johnny-herbert","sauber","ford","goodyear","1:22.346",82346,,,,,,,"+1.990",1990,"+0.019",19,10
587,1996,6,14,14,"14","9","olivier-panis","ligier","mugen-honda","goodyear","1:22.358",82358,,,,,,,"+2.002",2002,"+0.012",12,7
587,1996,6,15,15,"15","18","ukyo-katayama","tyrrell","yamaha","goodyear","1:22.460",82460,,,,,,,"+2.104",2104,"+0.102",102,12
587,1996,6,16,16,"16","12","martin-brundle","jordan","peugeot","goodyear","1:22.519",82519,,,,,,,"+2.163",2163,"+0.059",59,12
587,1996,6,17,17,"17","10","pedro-diniz","ligier","mugen-honda","goodyear","1:22.682",82682,,,,,,,"+2.326",2326,"+0.163",163,11
587,1996,6,18,18,"18","21","giancarlo-fisichella","minardi","ford","goodyear","1:22.684",82684,,,,,,,"+2.328",2328,"+0.002",2,12
587,1996,6,19,19,"19","20","pedro-lamy","minardi","ford","goodyear","1:23.350",83350,,,,,,,"+2.994",2994,"+0.666",666,12
587,1996,6,20,20,"20","16","ricardo-rosset","footwork","hart","goodyear","1:24.976",84976,,,,,,,"+4.620",4620,"+1.626",1626,11
587,1996,6,21,21,"21","22","luca-badoer","forti","ford","goodyear","1:25.059",85059,,,,,,,"+4.703",4703,"+0.083",83,5
587,1996,6,22,22,"22","23","andrea-montermini","forti","ford","goodyear","1:25.393",85393,,,,,,,"+5.037",5037,"+0.334",334,11
588,1996,7,1,1,"1","5","damon-hill","williams","renault","goodyear","1:20.650",80650,,,,,,,,,,,11
588,1996,7,2,2,"2","6","jacques-villeneuve","williams","renault","goodyear","1:21.084",81084,,,,,,,"+0.434",434,"+0.434",434,12
588,1996,7,3,3,"3","1","michael-schumacher","ferrari","ferrari","goodyear","1:21.587",81587,,,,,,,"+0.937",937,"+0.503",503,11
588,1996,7,4,4,"4","3","jean-alesi","benetton","renault","goodyear","1:22.061",82061,,,,,,,"+1.411",1411,"+0.474",474,8
588,1996,7,5,5,"5","4","gerhard-berger","benetton","renault","goodyear","1:22.125",82125,,,,,,,"+1.475",1475,"+0.064",64,12
588,1996,7,6,6,"6","2","eddie-irvine","ferrari","ferrari","goodyear","1:22.333",82333,,,,,,,"+1.683",1683,"+0.208",208,11
588,1996,7,7,7,"7","11","rubens-barrichello","jordan","peugeot","goodyear","1:22.379",82379,,,,,,,"+1.729",1729,"+0.046",46,12
588,1996,7,8,8,"8","9","olivier-panis","ligier","mugen-honda","goodyear","1:22.685",82685,,,,,,,"+2.035",2035,"+0.306",306,11
588,1996,7,9,9,"9","14","johnny-herbert","sauber","ford","goodyear","1:23.027",83027,,,,,,,"+2.377",2377,"+0.342",342,11
588,1996,7,10,10,"10","7","mika-hakkinen","mclaren","mercedes","goodyear","1:23.070",83070,,,,,,,"+2.420",2420,"+0.043",43,12
588,1996,7,11,11,"11","15","heinz-harald-frentzen","sauber","ford","goodyear","1:23.195",83195,,,,,,,"+2.545",2545,"+0.125",125,11
588,1996,7,12,12,"12","19","mika-salo","tyrrell","yamaha","goodyear","1:23.224",83224,,,,,,,"+2.574",2574,"+0.029",29,12
588,1996,7,13,13,"13","17","jos-verstappen","footwork","hart","goodyear","1:23.371",83371,,,,,,,"+2.721",2721,"+0.147",147,12
588,1996,7,14,14,"14","8","david-coulthard","mclaren","mercedes","goodyear","1:23.416",83416,,,,,,,"+2.766",2766,"+0.045",45,12
588,1996,7,15,15,"15","12","martin-brundle","jordan","peugeot","goodyear","1:23.438",83438,,,,,,,"+2.788",2788,"+0.022",22,12
588,1996,7,16,16,"16","18","ukyo-katayama","tyrrell","yamaha","goodyear","1:24.401",84401,,,,,,,"+3.751",3751,"+0.963",963,10
588,1996,7,17,17,"17","10","pedro-diniz","ligier","mugen-honda","goodyear","1:24.468",84468,,,,,,,"+3.818",3818,"+0.067",67,12
588,1996,7,18,18,"18","20","pedro-lamy","minardi","ford","goodyear","1:25.274",85274,,,,,,,"+4.624",4624,"+0.806",806,12
588,1996,7,19,19,"19","21","giancarlo-fisichella","minardi","ford","goodyear","1:25.531",85531,,,,,,,"+4.881",4881,"+0.257",257,12
588,1996,7,20,20,"20","16","ricardo-rosset","footwork","hart","goodyear","1:25.621",85621,,,,,,,"+4.971",4971,"+0.090",90,12
588,1996,7,21,21,"21","22","luca-badoer","forti","ford","goodyear","1:26.615",86615,,,,,,,"+5.965",5965,"+0.994",994,12
588,1996,7,22,22,"22","23","andrea-montermini","forti","ford","goodyear","1:27.358",87358,,,,,,,"+6.708",6708,"+0.743",743,12
589,1996,8,1,1,"1","5","damon-hill","williams","renault","goodyear","1:21.059",81059,,,,,,,,,,,11
589,1996,8,2,2,"2","6","jacques-villeneuve","williams","renault","goodyear","1:21.079",81079,,,,,,,"+0.020",20,"+0.020",20,12
589,1996,8,3,3,"3","1","michael-schumacher","ferrari","ferrari","goodyear","1:21.198",81198,,,,,,,"+0.139",139,"+0.119",119,10
589,1996,8,4,4,"4","3","jean-alesi","benetton","renault","goodyear","1:21.529",81529,,,,,,,"+0.470",470,"+0.331",331,8
589,1996,8,5,5,"5","2","eddie-irvine","ferrari","ferrari","goodyear","1:21.657",81657,,,,,,,"+0.598",598,"+0.128",128,9
589,1996,8,6,6,"6","7","mika-hakkinen","mclaren","mercedes","goodyear","1:21.807",81807,,,,,,,"+0.748",748,"+0.150",150,12
589,1996,8,7,7,"7","4","gerhard-berger","benetton","renault","goodyear","1:21.926",81926,,,,,,,"+0.867",867,"+0.119",119,10
589,1996,8,8,8,"8","11","rubens-barrichello","jordan","peugeot","goodyear","1:21.982",81982,,,,,,,"+0.923",923,"+0.056",56,12
589,1996,8,9,9,"9","12","martin-brundle","jordan","peugeot","goodyear","1:22.321",82321,,,,,,,"+1.262",1262,"+0.339",339,12
589,1996,8,10,10,"10","8","david-coulthard","mclaren","mercedes","goodyear","1:22.332",82332,,,,,,,"+1.273",1273,"+0.011",11,11
589,1996,8,11,11,"11","9","olivier-panis","ligier","mugen-honda","goodyear","1:22.481",82481,,,,,,,"+1.422",1422,"+0.149",149,11
589,1996,8,12,12,"12","15","heinz-harald-frentzen","sauber","ford","goodyear","1:22.875",82875,,,,,,,"+1.816",1816,"+0.394",394,11
589,1996,8,13,13,"13","17","jos-verstappen","footwork","hart","goodyear","1:23.067",83067,,,,,,,"+2.008",2008,"+0.192",192,11
589,1996,8,14,14,"14","19","mika-salo","tyrrell","yamaha","goodyear","1:23.118",83118,,,,,,,"+2.059",2059,"+0.051",51,11
589,1996,8,15,15,"15","14","johnny-herbert","sauber","ford","goodyear","1:23.201",83201,,,,,,,"+2.142",2142,"+0.083",83,12
589,1996,8,16,16,"16","21","giancarlo-fisichella","minardi","ford","goodyear","1:23.519",83519,,,,,,,"+2.460",2460,"+0.318",318,11
589,1996,8,17,17,"17","18","ukyo-katayama","tyrrell","yamaha","goodyear","1:23.599",83599,,,,,,,"+2.540",2540,"+0.080",80,12
589,1996,8,18,18,"18","10","pedro-diniz","ligier","mugen-honda","goodyear","1:23.959",83959,,,,,,,"+2.900",2900,"+0.360",360,11
589,1996,8,19,19,"19","20","pedro-lamy","minardi","ford","goodyear","1:24.262",84262,,,,,,,"+3.203",3203,"+0.303",303,12
589,1996,8,20,20,"20","22","luca-badoer","forti","ford","goodyear","1:25.012",85012,,,,,,,"+3.953",3953,"+0.750",750,7
589,1996,8,21,21,"21","16","ricardo-rosset","footwork","hart","goodyear","1:25.193",85193,,,,,,,"+4.134",4134,"+0.181",181,12
589,1996,8,22,22,"22","23","andrea-montermini","forti","ford","goodyear","1:26.109",86109,,,,,,,"+5.050",5050,"+0.916",916,4
590,1996,9,1,1,"1","1","michael-schumacher","ferrari","ferrari","goodyear","1:15.989",75989,,,,,,,,,,,10
590,1996,9,2,2,"2","5","damon-hill","williams","renault","goodyear","1:16.058",76058,,,,,,,"+0.069",69,"+0.069",69,12
590,1996,9,3,3,"3","3","jean-alesi","benetton","renault","goodyear","1:16.310",76310,,,,,,,"+0.321",321,"+0.252",252,10
590,1996,9,4,4,"4","4","gerhard-berger","benetton","renault","goodyear","1:16.592",76592,,,,,,,"+0.603",603,"+0.282",282,12
590,1996,9,5,5,"5","7","mika-hakkinen","mclaren","mercedes","goodyear","1:16.634",76634,,,,,,,"+0.645",645,"+0.042",42,12
590,1996,9,6,6,"6","6","jacques-villeneuve","williams","renault","goodyear","1:16.905",76905,,,,,,,"+0.916",916,"+0.271",271,12
590,1996,9,7,7,"7","8","david-coulthard","mclaren","mercedes","goodyear","1:17.007",77007,,,,,,,"+1.018",1018,"+0.102",102,12
590,1996,9,8,8,"8","12","martin-brundle","jordan","peugeot","goodyear","1:17.187",77187,,,,,,,"+1.198",1198,"+0.180",180,12
590,1996,9,9,9,"9","9","olivier-panis","ligier","mugen-honda","goodyear","1:17.390",77390,,,,,,,"+1.401",1401,"+0.203",203,10
590,1996,9,10,10,"10","2","eddie-irvine","ferrari","ferrari","goodyear","1:17.443",77443,,,,,,,"+1.454",1454,"+0.053",53,12
590,1996,9,11,11,"11","11","rubens-barrichello","jordan","peugeot","goodyear","1:17.665",77665,,,,,,,"+1.676",1676,"+0.222",222,12
590,1996,9,12,12,"12","10","pedro-diniz","ligier","mugen-honda","goodyear","1:17.676",77676,,,,,,,"+1.687",1687,"+0.011",11,12
590,1996,9,13,13,"13","15","heinz-harald-frentzen","sauber","ford","goodyear","1:17.739",77739,,,,,,,"+1.750",1750,"+0.063",63,12
590,1996,9,14,14,"14","19","mika-salo","tyrrell","yamaha","goodyear","1:18.021",78021,,,,,,,"+2.032",2032,"+0.282",282,12
590,1996,9,15,15,"15","18","ukyo-katayama","tyrrell","yamaha","goodyear","1:18.242",78242,,,,,,,"+2.253",2253,"+0.221",221,12
590,1996,9,16,16,"16","17","jos-verstappen","footwork","hart","goodyear","1:18.324",78324,,,,,,,"+2.335",2335,"+0.082",82,12
590,1996,9,17,17,"17","14","johnny-herbert","sauber","ford","goodyear","1:18.556",78556,,,,,,,"+2.567",2567,"+0.232",232,12
590,1996,9,18,18,"18","21","giancarlo-fisichella","minardi","ford","goodyear","1:18.604",78604,,,,,,,"+2.615",2615,"+0.048",48,10
590,1996,9,19,19,"19","20","pedro-lamy","minardi","ford","goodyear","1:19.210",79210,,,,,,,"+3.221",3221,"+0.606",606,12
590,1996,9,20,20,"20","16","ricardo-rosset","footwork","hart","goodyear","1:19.242",79242,,,,,,,"+3.253",3253,"+0.032",32,12
590,1996,9,21,21,"21","22","luca-badoer","forti","ford","goodyear","1:20.562",80562,,,,,,,"+4.573",4573,"+1.320",1320,11
590,1996,9,22,22,"22","23","andrea-montermini","forti","ford","goodyear","1:20.647",80647,,,,,,,"+4.658",4658,"+0.085",85,12
591,1996,10,1,1,"1","5","damon-hill","williams","renault","goodyear","1:26.875",86875,,,,,,,,,,,10
591,1996,10,2,2,"2","6","jacques-villeneuve","williams","renault","goodyear","1:27.070",87070,,,,,,,"+0.195",195,"+0.195",195,12
591,1996,10,3,3,"3","1","michael-schumacher","ferrari","ferrari","goodyear","1:27.707",87707,,,,,,,"+0.832",832,"+0.637",637,9
591,1996,10,4,4,"4","7","mika-hakkinen","mclaren","mercedes","goodyear","1:27.856",87856,,,,,,,"+0.981",981,"+0.149",149,12
591,1996,10,5,5,"5","3","jean-alesi","benetton","renault","goodyear","1:28.307",88307,,,,,,,"+1.432",1432,"+0.451",451,10
591,1996,10,6,6,"6","11","rubens-barrichello","jordan","peugeot","goodyear","1:28.409",88409,,,,,,,"+1.534",1534,"+0.102",102,12
591,1996,10,7,7,"7","4","gerhard-berger","benetton","renault","goodyear","1:28.653",88653,,,,,,,"+1.778",1778,"+0.244",244,9
591,1996,10,8,8,"8","12","martin-brundle","jordan","peugeot","goodyear","1:28.946",88946,,,,,,,"+2.071",2071,"+0.293",293,11
591,1996,10,9,9,"9","8","david-coulthard","mclaren","mercedes","goodyear","1:28.966",88966,,,,,,,"+2.091",2091,"+0.020",20,12
591,1996,10,10,10,"10","2","eddie-irvine","ferrari","ferrari","goodyear","1:29.186",89186,,,,,,,"+2.311",2311,"+0.220",220,12
591,1996,10,11,11,"11","15","heinz-harald-frentzen","sauber","ford","goodyear","1:29.591",89591,,,,,,,"+2.716",2716,"+0.405",405,12
591,1996,10,12,12,"12","18","ukyo-katayama","tyrrell","yamaha","goodyear","1:29.913",89913,,,,,,,"+3.038",3038,"+0.322",322,12
591,1996,10,13,13,"13","14","johnny-herbert","sauber","ford","goodyear","1:29.947",89947,,,,,,,"+3.072",3072,"+0.034",34,12
591,1996,10,14,14,"14","19","mika-salo","tyrrell","yamaha","goodyear","1:29.949",89949,,,,,,,"+3.074",3074,"+0.002",2,12
591,1996,10,15,15,"15","17","jos-verstappen","footwork","hart","goodyear","1:30.102",90102,,,,,,,"+3.227",3227,"+0.153",153,12
591,1996,10,16,16,"16","9","olivier-panis","ligier","mugen-honda","goodyear","1:30.167",90167,,,,,,,"+3.292",3292,"+0.065",65,10
591,1996,10,17,17,"17","16","ricardo-rosset","footwork","hart","goodyear","1:30.529",90529,,,,,,,"+3.654",3654,"+0.362",362,11
591,1996,10,18,18,"18","10","pedro-diniz","ligier","mugen-honda","goodyear","1:31.076",91076,,,,,,,"+4.201",4201,"+0.547",547,12
591,1996,10,19,19,"19","21","giancarlo-fisichella","minardi","ford","goodyear","1:31.365",91365,,,,,,,"+4.490",4490,"+0.289",289,11
591,1996,10,20,20,"20","20","pedro-lamy","minardi","ford","goodyear","1:31.454",91454,,,,,,,"+4.579",4579,"+0.089",89,12
591,1996,10,21,21,"21","23","andrea-montermini","forti","ford","goodyear","1:35.206",95206,,,,,,,"+8.331",8331,"+3.752",3752,3
591,1996,10,22,22,"22","22","luca-badoer","forti","ford","goodyear","1:35.304",95304,,,,,,,"+8.429",8429,"+0.098",98,3
592,1996,11,1,1,"1","5","damon-hill","williams","renault","goodyear","1:43.912",103912,,,,,,,,,,,12
592,1996,11,2,2,"2","4","gerhard-berger","benetton","renault","goodyear","1:44.299",104299,,,,,,,"+0.387",387,"+0.387",387,11
592,1996,11,3,3,"3","1","michael-schumacher","ferrari","ferrari","goodyear","1:44.477",104477,,,,,,,"+0.565",565,"+0.178",178,11
592,1996,11,4,4,"4","7","mika-hakkinen","mclaren","mercedes","goodyear","1:44.644",104644,,,,,,,"+0.732",732,"+0.167",167,11
592,1996,11,5,5,"5","3","jean-alesi","benetton","renault","goodyear","1:44.670",104670,,,,,,,"+0.758",758,"+0.026",26,10
592,1996,11,6,6,"6","6","jacques-villeneuve","williams","renault","goodyear","1:44.842",104842,,,,,,,"+0.930",930,"+0.172",172,12
592,1996,11,7,7,"7","8","david-coulthard","mclaren","mercedes","goodyear","1:44.951",104951,,,,,,,"+1.039",1039,"+0.109",109,12
592,1996,11,8,8,"8","2","eddie-irvine","ferrari","ferrari","goodyear","1:45.389",105389,,,,,,,"+1.477",1477,"+0.438",438,12
592,1996,11,9,9,"9","11","rubens-barrichello","jordan","peugeot","goodyear","1:45.452",105452,,,,,,,"+1.540",1540,"+0.063",63,12
592,1996,11,10,10,"10","12","martin-brundle","jordan","peugeot","goodyear","1:45.876",105876,,,,,,,"+1.964",1964,"+0.424",424,12
592,1996,11,11,11,"11","10","pedro-diniz","ligier","mugen-honda","goodyear","1:46.575",106575,,,,,,,"+2.663",2663,"+0.699",699,12
592,1996,11,12,12,"12","9","olivier-panis","ligier","mugen-honda","goodyear","1:46.746",106746,,,,,,,"+2.834",2834,"+0.171",171,11
592,1996,11,13,13,"13","15","heinz-harald-frentzen","sauber","ford","goodyear","1:46.899",106899,,,,,,,"+2.987",2987,"+0.153",153,11
592,1996,11,14,14,"14","14","johnny-herbert","sauber","ford","goodyear","1:47.711",107711,,,,,,,"+3.799",3799,"+0.812",812,11
592,1996,11,15,15,"15","19","mika-salo","tyrrell","yamaha","goodyear","1:48.139",108139,,,,,,,"+4.227",4227,"+0.428",428,12
592,1996,11,16,16,"16","18","ukyo-katayama","tyrrell","yamaha","goodyear","1:48.381",108381,,,,,,,"+4.469",4469,"+0.242",242,12
592,1996,11,17,17,"17","17","jos-verstappen","footwork","hart","goodyear","1:48.512",108512,,,,,,,"+4.600",4600,"+0.131",131,12
592,1996,11,18,18,"18","20","pedro-lamy","minardi","ford","goodyear","1:49.461",109461,,,,,,,"+5.549",5549,"+0.949",949,12
592,1996,11,19,19,"19","16","ricardo-rosset","footwork","hart","goodyear","1:49.551",109551,,,,,,,"+5.639",5639,"+0.090",90,12
592,1996,11,20,20,"20","21","giovanni-lavaggi","minardi","ford","goodyear","1:51.357",111357,,,,,,,"+7.445",7445,"+1.806",1806,12
593,1996,12,1,1,"1","1","michael-schumacher","ferrari","ferrari","goodyear","1:17.129",77129,,,,,,,,,,,9
593,1996,12,2,2,"2","5","damon-hill","williams","renault","goodyear","1:17.182",77182,,,,,,,"+0.053",53,"+0.053",53,12
593,1996,12,3,3,"3","6","jacques-villeneuve","williams","renault","goodyear","1:17.259",77259,,,,,,,"+0.130",130,"+0.077",77,11
593,1996,12,4,4,"4","2","eddie-irvine","ferrari","ferrari","goodyear","1:18.617",78617,,,,,,,"+1.488",1488,"+1.358",1358,12
593,1996,12,5,5,"5","3","jean-alesi","benetton","renault","goodyear","1:18.754",78754,,,,,,,"+1.625",1625,"+0.137",137,9
593,1996,12,6,6,"6","4","gerhard-berger","benetton","renault","goodyear","1:18.794",78794,,,,,,,"+1.665",1665,"+0.040",40,12
593,1996,12,7,7,"7","7","mika-hakkinen","mclaren","mercedes","goodyear","1:19.116",79116,,,,,,,"+1.987",1987,"+0.322",322,11
593,1996,12,8,8,"8","14","johnny-herbert","sauber","ford","goodyear","1:19.292",79292,,,,,,,"+2.163",2163,"+0.176",176,12
593,1996,12,9,9,"9","8","david-coulthard","mclaren","mercedes","goodyear","1:19.384",79384,,,,,,,"+2.255",2255,"+0.092",92,12
593,1996,12,10,10,"10","15","heinz-harald-frentzen","sauber","ford","goodyear","1:19.436",79436,,,,,,,"+2.307",2307,"+0.052",52,10
593,1996,12,11,11,"11","9","olivier-panis","ligier","mugen-honda","goodyear","1:19.538",79538,,,,,,,"+2.409",2409,"+0.102",102,11
593,1996,12,12,12,"12","12","martin-brundle","jordan","peugeot","goodyear","1:19.828",79828,,,,,,,"+2.699",2699,"+0.290",290,12
593,1996,12,13,13,"13","11","rubens-barrichello","jordan","peugeot","goodyear","1:19.966",79966,,,,,,,"+2.837",2837,"+0.138",138,12
593,1996,12,14,14,"14","18","ukyo-katayama","tyrrell","yamaha","goodyear","1:20.499",80499,,,,,,,"+3.370",3370,"+0.533",533,12
593,1996,12,15,15,"15","10","pedro-diniz","ligier","mugen-honda","goodyear","1:20.665",80665,,,,,,,"+3.536",3536,"+0.166",166,12
593,1996,12,16,16,"16","19","mika-salo","tyrrell","yamaha","goodyear","1:20.678",80678,,,,,,,"+3.549",3549,"+0.013",13,12
593,1996,12,17,17,"17","17","jos-verstappen","footwork","hart","goodyear","1:20.781",80781,,,,,,,"+3.652",3652,"+0.103",103,11
593,1996,12,18,18,"18","16","ricardo-rosset","footwork","hart","goodyear","1:21.590",81590,,,,,,,"+4.461",4461,"+0.809",809,12
593,1996,12,19,19,"19","20","pedro-lamy","minardi","ford","goodyear","1:21.713",81713,,,,,,,"+4.584",4584,"+0.123",123,12
593,1996,12,20,20,"20","21","giovanni-lavaggi","minardi","ford","goodyear","1:22.468",82468,,,,,,,"+5.339",5339,"+0.755",755,12
594,1996,13,1,1,"1","6","jacques-villeneuve","williams","renault","goodyear","1:50.574",110574,,,,,,,,,,,11
594,1996,13,2,2,"2","5","damon-hill","williams","renault","goodyear","1:50.980",110980,,,,,,,"+0.406",406,"+0.406",406,10
594,1996,13,3,3,"3","1","michael-schumacher","ferrari","ferrari","goodyear","1:51.778",111778,,,,,,,"+1.204",1204,"+0.798",798,10
594,1996,13,4,4,"4","8","david-coulthard","mclaren","mercedes","goodyear","1:51.884",111884,,,,,,,"+1.310",1310,"+0.106",106,7
594,1996,13,5,5,"5","4","gerhard-berger","benetton","renault","goodyear","1:51.960",111960,,,,,,,"+1.386",1386,"+0.076",76,11
594,1996,13,6,6,"6","7","mika-hakkinen","mclaren","mercedes","goodyear","1:52.318",112318,,,,,,,"+1.744",1744,"+0.358",358,8
594,1996,13,7,7,"7","3","jean-alesi","benetton","renault","goodyear","1:52.354",112354,,,,,,,"+1.780",1780,"+0.036",36,7
594,1996,13,8,8,"8","12","martin-brundle","jordan","peugeot","goodyear","1:52.977",112977,,,,,,,"+2.403",2403,"+0.623",623,12
594,1996,13,9,9,"9","2","eddie-irvine","ferrari","ferrari","goodyear","1:53.043",113043,,,,,,,"+2.469",2469,"+0.066",66,10
594,1996,13,10,10,"10","11","rubens-barrichello","jordan","peugeot","goodyear","1:53.152",113152,,,,,,,"+2.578",2578,"+0.109",109,9
594,1996,13,11,11,"11","15","heinz-harald-frentzen","sauber","ford","goodyear","1:53.199",113199,,,,,,,"+2.625",2625,"+0.047",47,9
594,1996,13,12,12,"12","14","johnny-herbert","sauber","ford","goodyear","1:53.993",113993,,,,,,,"+3.419",3419,"+0.794",794,8
594,1996,13,13,13,"13","19","mika-salo","tyrrell","yamaha","goodyear","1:54.095",114095,,,,,,,"+3.521",3521,"+0.102",102,12
594,1996,13,14,14,"14","9","olivier-panis","ligier","mugen-honda","goodyear","1:54.220",114220,,,,,,,"+3.646",3646,"+0.125",125,7
594,1996,13,15,15,"15","10","pedro-diniz","ligier","mugen-honda","goodyear","1:54.700",114700,,,,,,,"+4.126",4126,"+0.480",480,12
594,1996,13,16,16,"16","17","jos-verstappen","footwork","hart","goodyear","1:55.150",115150,,,,,,,"+4.576",4576,"+0.450",450,8
594,1996,13,17,17,"17","18","ukyo-katayama","tyrrell","yamaha","goodyear","1:55.371",115371,,,,,,,"+4.797",4797,"+0.221",221,8
594,1996,13,18,18,"18","16","ricardo-rosset","footwork","hart","goodyear","1:56.286",116286,,,,,,,"+5.712",5712,"+0.915",915,8
594,1996,13,19,19,"19","20","pedro-lamy","minardi","ford","goodyear","1:56.830",116830,,,,,,,"+6.256",6256,"+0.544",544,8
594,1996,13,20,20,"20","21","giovanni-lavaggi","minardi","ford","goodyear","1:58.579",118579,,,,,,,"+8.005",8005,"+1.749",1749,7
595,1996,14,1,1,"1","5","damon-hill","williams","renault","goodyear","1:24.204",84204,,,,,,,,,,,12
595,1996,14,2,2,"2","6","jacques-villeneuve","williams","renault","goodyear","1:24.521",84521,,,,,,,"+0.317",317,"+0.317",317,11
595,1996,14,3,3,"3","1","michael-schumacher","ferrari","ferrari","goodyear","1:24.781",84781,,,,,,,"+0.577",577,"+0.260",260,9
595,1996,14,4,4,"4","7","mika-hakkinen","mclaren","mercedes","goodyear","1:24.939",84939,,,,,,,"+0.735",735,"+0.158",158,11
595,1996,14,5,5,"5","8","david-coulthard","mclaren","mercedes","goodyear","1:24.976",84976,,,,,,,"+0.772",772,"+0.037",37,11
595,1996,14,6,6,"6","3","jean-alesi","benetton","renault","goodyear","1:25.201",85201,,,,,,,"+0.997",997,"+0.225",225,11
595,1996,14,7,7,"7","2","eddie-irvine","ferrari","ferrari","goodyear","1:25.226",85226,,,,,,,"+1.022",1022,"+0.025",25,12
595,1996,14,8,8,"8","4","gerhard-berger","benetton","renault","goodyear","1:25.470",85470,,,,,,,"+1.266",1266,"+0.244",244,12
595,1996,14,9,9,"9","12","martin-brundle","jordan","peugeot","goodyear","1:26.037",86037,,,,,,,"+1.833",1833,"+0.567",567,12
595,1996,14,10,10,"10","11","rubens-barrichello","jordan","peugeot","goodyear","1:26.194",86194,,,,,,,"+1.990",1990,"+0.157",157,12
595,1996,14,11,11,"11","9","olivier-panis","ligier","mugen-honda","goodyear","1:26.206",86206,,,,,,,"+2.002",2002,"+0.012",12,9
595,1996,14,12,12,"12","14","johnny-herbert","sauber","ford","goodyear","1:26.345",86345,,,,,,,"+2.141",2141,"+0.139",139,12
595,1996,14,13,13,"13","15","heinz-harald-frentzen","sauber","ford","goodyear","1:26.505",86505,,,,,,,"+2.301",2301,"+0.160",160,9
595,1996,14,14,14,"14","10","pedro-diniz","ligier","mugen-honda","goodyear","1:26.726",86726,,,,,,,"+2.522",2522,"+0.221",221,11
595,1996,14,15,15,"15","17","jos-verstappen","footwork","hart","goodyear","1:27.270",87270,,,,,,,"+3.066",3066,"+0.544",544,9
595,1996,14,16,16,"16","18","ukyo-katayama","tyrrell","yamaha","goodyear","1:28.234",88234,,,,,,,"+4.030",4030,"+0.964",964,12
595,1996,14,17,17,"17","19","mika-salo","tyrrell","yamaha","goodyear","1:28.472",88472,,,,,,,"+4.268",4268,"+0.238",238,7
595,1996,14,18,18,"18","20","pedro-lamy","minardi","ford","goodyear","1:28.933",88933,,,,,,,"+4.729",4729,"+0.461",461,12
595,1996,14,19,19,"19","16","ricardo-rosset","footwork","hart","goodyear","1:29.181",89181,,,,,,,"+4.977",4977,"+0.248",248,7
595,1996,14,20,20,"20","21","giovanni-lavaggi","minardi","ford","goodyear","1:29.833",89833,,,,,,,"+5.629",5629,"+0.652",652,12
596,1996,15,1,1,"1","5","damon-hill","williams","renault","goodyear","1:20.330",80330,,,,,,,,,,,8
596,1996,15,2,2,"2","6","jacques-villeneuve","williams","renault","goodyear","1:20.339",80339,,,,,,,"+0.009",9,"+0.009",9,10
596,1996,15,3,3,"3","3","jean-alesi","benetton","renault","goodyear","1:21.088",81088,,,,,,,"+0.758",758,"+0.749",749,9
596,1996,15,4,4,"4","1","michael-schumacher","ferrari","ferrari","goodyear","1:21.236",81236,,,,,,,"+0.906",906,"+0.148",148,9
596,1996,15,5,5,"5","4","gerhard-berger","benetton","renault","goodyear","1:21.293",81293,,,,,,,"+0.963",963,"+0.057",57,9
596,1996,15,6,6,"6","2","eddie-irvine","ferrari","ferrari","goodyear","1:21.362",81362,,,,,,,"+1.032",1032,"+0.069",69,10
596,1996,15,7,7,"7","7","mika-hakkinen","mclaren","mercedes","goodyear","1:21.640",81640,,,,,,,"+1.310",1310,"+0.278",278,9
596,1996,15,8,8,"8","8","david-coulthard","mclaren","mercedes","goodyear","1:22.066",82066,,,,,,,"+1.736",1736,"+0.426",426,9
596,1996,15,9,9,"9","11","rubens-barrichello","jordan","peugeot","goodyear","1:22.205",82205,,,,,,,"+1.875",1875,"+0.139",139,12
596,1996,15,10,10,"10","12","martin-brundle","jordan","peugeot","goodyear","1:22.324",82324,,,,,,,"+1.994",1994,"+0.119",119,10
596,1996,15,11,11,"11","15","heinz-harald-frentzen","sauber","ford","goodyear","1:22.325",82325,,,,,,,"+1.995",1995,"+0.001",1,11
596,1996,15,12,12,"12","14","johnny-herbert","sauber","ford","goodyear","1:22.655",82655,,,,,,,"+2.325",2325,"+0.330",330,12
596,1996,15,13,13,"13","19","mika-salo","tyrrell","yamaha","goodyear","1:22.765",82765,,,,,,,"+2.435",2435,"+0.110",110,12
596,1996,15,14,14,"14","18","ukyo-katayama","tyrrell","yamaha","goodyear","1:23.013",83013,,,,,,,"+2.683",2683,"+0.248",248,11
596,1996,15,15,15,"15","9","olivier-panis","ligier","mugen-honda","goodyear","1:23.055",83055,,,,,,,"+2.725",2725,"+0.042",42,10
596,1996,15,16,16,"16","17","jos-verstappen","footwork","hart","goodyear","1:23.531",83531,,,,,,,"+3.201",3201,"+0.476",476,10
596,1996,15,17,17,"17","16","ricardo-rosset","footwork","hart","goodyear","1:24.230",84230,,,,,,,"+3.900",3900,"+0.699",699,10
596,1996,15,18,18,"18","10","pedro-diniz","ligier","mugen-honda","goodyear","1:24.293",84293,,,,,,,"+3.963",3963,"+0.063",63,11
596,1996,15,19,19,"19","20","pedro-lamy","minardi","ford","goodyear","1:24.510",84510,,,,,,,"+4.180",4180,"+0.217",217,11
596,1996,15,20,20,"20","21","giovanni-lavaggi","minardi","ford","goodyear","1:25.612",85612,,,,,,,"+5.282",5282,"+1.102",1102,12
597,1996,16,1,1,"1","6","jacques-villeneuve","williams","renault","goodyear","1:38.909",98909,,,,,,,,,,,11
597,1996,16,2,2,"2","5","damon-hill","williams","renault","goodyear","1:39.370",99370,,,,,,,"+0.461",461,"+0.461",461,11
597,1996,16,3,3,"3","1","michael-schumacher","ferrari","ferrari","goodyear","1:40.071",100071,,,,,,,"+1.162",1162,"+0.701",701,11
597,1996,16,4,4,"4","4","gerhard-berger","benetton","renault","goodyear","1:40.364",100364,,,,,,,"+1.455",1455,"+0.293",293,10
597,1996,16,5,5,"5","7","mika-hakkinen","mclaren","mercedes","goodyear","1:40.458",100458,,,,,,,"+1.549",1549,"+0.094",94,10
597,1996,16,6,6,"6","2","eddie-irvine","ferrari","ferrari","goodyear","1:41.005",101005,,,,,,,"+2.096",2096,"+0.547",547,11
597,1996,16,7,7,"7","15","heinz-harald-frentzen","sauber","ford","goodyear","1:41.277",101277,,,,,,,"+2.368",2368,"+0.272",272,12
597,1996,16,8,8,"8","8","david-coulthard","mclaren","mercedes","goodyear","1:41.384",101384,,,,,,,"+2.475",2475,"+0.107",107,9
597,1996,16,9,9,"9","3","jean-alesi","benetton","renault","goodyear","1:41.562",101562,,,,,,,"+2.653",2653,"+0.178",178,8
597,1996,16,10,10,"10","12","martin-brundle","jordan","peugeot","goodyear","1:41.600",101600,,,,,,,"+2.691",2691,"+0.038",38,11
597,1996,16,11,11,"11","11","rubens-barrichello","jordan","peugeot","goodyear","1:41.919",101919,,,,,,,"+3.010",3010,"+0.319",319,11
597,1996,16,12,12,"12","9","olivier-panis","ligier","mugen-honda","goodyear","1:42.206",102206,,,,,,,"+3.297",3297,"+0.287",287,11
597,1996,16,13,13,"13","14","johnny-herbert","sauber","ford","goodyear","1:42.658",102658,,,,,,,"+3.749",3749,"+0.452",452,12
597,1996,16,14,14,"14","18","ukyo-katayama","tyrrell","yamaha","goodyear","1:42.711",102711,,,,,,,"+3.802",3802,"+0.053",53,12
597,1996,16,15,15,"15","19","mika-salo","tyrrell","yamaha","goodyear","1:42.840",102840,,,,,,,"+3.931",3931,"+0.129",129,12
597,1996,16,16,16,"16","10","pedro-diniz","ligier","mugen-honda","goodyear","1:43.196",103196,,,,,,,"+4.287",4287,"+0.356",356,11
597,1996,16,17,17,"17","17","jos-verstappen","footwork","hart","goodyear","1:43.383",103383,,,,,,,"+4.474",4474,"+0.187",187,10
597,1996,16,18,18,"18","20","pedro-lamy","minardi","ford","goodyear","1:44.874",104874,,,,,,,"+5.965",5965,"+1.491",1491,11
597,1996,16,19,19,"19","16","ricardo-rosset","footwork","hart","goodyear","1:45.412",105412,,,,,,,"+6.503",6503,"+0.538",538,12
597,1996,16,20,20,"20","21","giovanni-lavaggi","minardi","ford","goodyear","1:46.795",106795,,,,,,,"+7.886",7886,"+1.383",1383,11
598,1997,1,1,1,"1","3","jacques-villeneuve","williams","renault","goodyear","1:29.369",89369,,,,,,,,,,,12
598,1997,1,2,2,"2","4","heinz-harald-frentzen","williams","renault","goodyear","1:31.123",91123,,,,,,,"+1.754",1754,"+1.754",1754,12
598,1997,1,3,3,"3","5","michael-schumacher","ferrari","ferrari","goodyear","1:31.472",91472,,,,,,,"+2.103",2103,"+0.349",349,10
598,1997,1,4,4,"4","10","david-coulthard","mclaren","mercedes","goodyear","1:31.531",91531,,,,,,,"+2.162",2162,"+0.059",59,12
598,1997,1,5,5,"5","6","eddie-irvine","ferrari","ferrari","goodyear","1:31.881",91881,,,,,,,"+2.512",2512,"+0.350",350,12
598,1997,1,6,6,"6","9","mika-hakkinen","mclaren","mercedes","goodyear","1:31.971",91971,,,,,,,"+2.602",2602,"+0.090",90,12
598,1997,1,7,7,"7","16","johnny-herbert","sauber","petronas","goodyear","1:32.287",92287,,,,,,,"+2.918",2918,"+0.316",316,12
598,1997,1,8,8,"8","7","jean-alesi","benetton","renault","goodyear","1:32.593",92593,,,,,,,"+3.224",3224,"+0.306",306,9
598,1997,1,9,9,"9","14","olivier-panis","prost","mugen-honda","bridgestone","1:32.842",92842,,,,,,,"+3.473",3473,"+0.249",249,11
598,1997,1,10,10,"10","8","gerhard-berger","benetton","renault","goodyear","1:32.870",92870,,,,,,,"+3.501",3501,"+0.028",28,8
598,1997,1,11,11,"11","22","rubens-barrichello","stewart","ford","bridgestone","1:33.075",93075,,,,,,,"+3.706",3706,"+0.205",205,9
598,1997,1,12,12,"12","11","ralf-schumacher","jordan","peugeot","goodyear","1:33.130",93130,,,,,,,"+3.761",3761,"+0.055",55,11
598,1997,1,13,13,"13","17","nicola-larini","sauber","petronas","goodyear","1:33.327",93327,,,,,,,"+3.958",3958,"+0.197",197,11
598,1997,1,14,14,"14","12","giancarlo-fisichella","jordan","peugeot","goodyear","1:33.552",93552,,,,,,,"+4.183",4183,"+0.225",225,11
598,1997,1,15,15,"15","20","ukyo-katayama","minardi","hart","bridgestone","1:33.798",93798,,,,,,,"+4.429",4429,"+0.246",246,12
598,1997,1,16,16,"16","15","shinji-nakano","prost","mugen-honda","bridgestone","1:33.989",93989,,,,,,,"+4.620",4620,"+0.191",191,11
598,1997,1,17,17,"17","21","jarno-trulli","minardi","hart","bridgestone","1:34.120",94120,,,,,,,"+4.751",4751,"+0.131",131,12
598,1997,1,18,18,"18","19","mika-salo","tyrrell","ford","goodyear","1:34.229",94229,,,,,,,"+4.860",4860,"+0.109",109,11
598,1997,1,19,19,"19","23","jan-magnussen","stewart","ford","bridgestone","1:34.623",94623,,,,,,,"+5.254",5254,"+0.394",394,9
598,1997,1,20,20,"20","1","damon-hill","arrows","yamaha","bridgestone","1:34.806",94806,,,,,,,"+5.437",5437,"+0.183",183,12
598,1997,1,21,21,"21","18","jos-verstappen","tyrrell","ford","goodyear","1:34.943",94943,,,,,,,"+5.574",5574,"+0.137",137,11
598,1997,1,22,22,"22","2","pedro-diniz","arrows","yamaha","bridgestone","1:35.972",95972,,,,,,,"+6.603",6603,"+1.029",1029,8
598,1997,1,23,23,"23","24","vincenzo-sospiri","lola","ford","bridgestone","1:40.972",100972,,,,,,,"+11.603",11603,"+5.000",5000,11
598,1997,1,24,24,"24","25","ricardo-rosset","lola","ford","bridgestone","1:42.086",102086,,,,,,,"+12.717",12717,"+1.114",1114,9
599,1997,2,1,1,"1","3","jacques-villeneuve","williams","renault","goodyear","1:16.004",76004,,,,,,,,,,,9
599,1997,2,2,2,"2","5","michael-schumacher","ferrari","ferrari","goodyear","1:16.594",76594,,,,,,,"+0.590",590,"+0.590",590,11
599,1997,2,3,3,"3","8","gerhard-berger","benetton","renault","goodyear","1:16.644",76644,,,,,,,"+0.640",640,"+0.050",50,10
599,1997,2,4,4,"4","9","mika-hakkinen","mclaren","mercedes","goodyear","1:16.692",76692,,,,,,,"+0.688",688,"+0.048",48,10
599,1997,2,5,5,"5","14","olivier-panis","prost","mugen-honda","bridgestone","1:16.756",76756,,,,,,,"+0.752",752,"+0.064",64,12
599,1997,2,6,6,"6","7","jean-alesi","benetton","renault","goodyear","1:16.757",76757,,,,,,,"+0.753",753,"+0.001",1,10
599,1997,2,7,7,"7","12","giancarlo-fisichella","jordan","peugeot","goodyear","1:16.912",76912,,,,,,,"+0.908",908,"+0.155",155,10
599,1997,2,8,8,"8","4","heinz-harald-frentzen","williams","renault","goodyear","1:16.924",76924,,,,,,,"+0.920",920,"+0.012",12,10
599,1997,2,9,9,"9","1","damon-hill","arrows","yamaha","bridgestone","1:17.090",77090,,,,,,,"+1.086",1086,"+0.166",166,12
599,1997,2,10,10,"10","11","ralf-schumacher","jordan","peugeot","goodyear","1:17.175",77175,,,,,,,"+1.171",1171,"+0.085",85,11
599,1997,2,11,11,"11","22","rubens-barrichello","stewart","ford","bridgestone","1:17.259",77259,,,,,,,"+1.255",1255,"+0.084",84,12
599,1997,2,12,12,"12","10","david-coulthard","mclaren","mercedes","goodyear","1:17.262",77262,,,,,,,"+1.258",1258,"+0.003",3,11
599,1997,2,13,13,"13","16","johnny-herbert","sauber","petronas","goodyear","1:17.409",77409,,,,,,,"+1.405",1405,"+0.147",147,12
599,1997,2,14,14,"14","6","eddie-irvine","ferrari","ferrari","goodyear","1:17.527",77527,,,,,,,"+1.523",1523,"+0.118",118,11
599,1997,2,15,15,"15","15","shinji-nakano","prost","mugen-honda","bridgestone","1:17.999",77999,,,,,,,"+1.995",1995,"+0.472",472,10
599,1997,2,16,16,"16","2","pedro-diniz","arrows","yamaha","bridgestone","1:18.095",78095,,,,,,,"+2.091",2091,"+0.096",96,12
599,1997,2,17,17,"17","21","jarno-trulli","minardi","hart","bridgestone","1:18.336",78336,,,,,,,"+2.332",2332,"+0.241",241,12
599,1997,2,18,18,"18","20","ukyo-katayama","minardi","hart","bridgestone","1:18.557",78557,,,,,,,"+2.553",2553,"+0.221",221,11
599,1997,2,19,19,"19","17","nicola-larini","sauber","petronas","goodyear","1:18.644",78644,,,,,,,"+2.640",2640,"+0.087",87,11
599,1997,2,20,20,"20","23","jan-magnussen","stewart","ford","bridgestone","1:18.773",78773,,,,,,,"+2.769",2769,"+0.129",129,12
599,1997,2,21,21,"21","18","jos-verstappen","tyrrell","ford","goodyear","1:18.885",78885,,,,,,,"+2.881",2881,"+0.112",112,11
599,1997,2,22,22,"22","19","mika-salo","tyrrell","ford","goodyear","1:19.274",79274,,,,,,,"+3.270",3270,"+0.389",389,9
600,1997,3,1,1,"1","3","jacques-villeneuve","williams","renault","goodyear","1:24.473",84473,,,,,,,,,,,12
600,1997,3,2,2,"2","4","heinz-harald-frentzen","williams","renault","goodyear","1:25.271",85271,,,,,,,"+0.798",798,"+0.798",798,12
600,1997,3,3,3,"3","14","olivier-panis","prost","mugen-honda","bridgestone","1:25.491",85491,,,,,,,"+1.018",1018,"+0.220",220,11
600,1997,3,4,4,"4","5","michael-schumacher","ferrari","ferrari","goodyear","1:25.773",85773,,,,,,,"+1.300",1300,"+0.282",282,10
600,1997,3,5,5,"5","22","rubens-barrichello","stewart","ford","bridgestone","1:25.942",85942,,,,,,,"+1.469",1469,"+0.169",169,12
600,1997,3,6,6,"6","11","ralf-schumacher","jordan","peugeot","goodyear","1:26.218",86218,,,,,,,"+1.745",1745,"+0.276",276,11
600,1997,3,7,7,"7","6","eddie-irvine","ferrari","ferrari","goodyear","1:26.327",86327,,,,,,,"+1.854",1854,"+0.109",109,11
600,1997,3,8,8,"8","16","johnny-herbert","sauber","petronas","goodyear","1:26.564",86564,,,,,,,"+2.091",2091,"+0.237",237,12
600,1997,3,9,9,"9","12","giancarlo-fisichella","jordan","peugeot","goodyear","1:26.619",86619,,,,,,,"+2.146",2146,"+0.055",55,11
600,1997,3,10,10,"10","10","david-coulthard","mclaren","mercedes","goodyear","1:26.799",86799,,,,,,,"+2.326",2326,"+0.180",180,11
600,1997,3,11,11,"11","7","jean-alesi","benetton","renault","goodyear","1:27.076",87076,,,,,,,"+2.603",2603,"+0.277",277,12
600,1997,3,12,12,"12","8","gerhard-berger","benetton","renault","goodyear","1:27.259",87259,,,,,,,"+2.786",2786,"+0.183",183,10
600,1997,3,13,13,"13","1","damon-hill","arrows","yamaha","bridgestone","1:27.281",87281,,,,,,,"+2.808",2808,"+0.022",22,12
600,1997,3,14,14,"14","17","nicola-larini","sauber","petronas","goodyear","1:27.690",87690,,,,,,,"+3.217",3217,"+0.409",409,11
600,1997,3,15,15,"15","23","jan-magnussen","stewart","ford","bridgestone","1:28.035",88035,,,,,,,"+3.562",3562,"+0.345",345,12
600,1997,3,16,16,"16","18","jos-verstappen","tyrrell","ford","goodyear","1:28.094",88094,,,,,,,"+3.621",3621,"+0.059",59,11
600,1997,3,17,17,"17","9","mika-hakkinen","mclaren","mercedes","goodyear","1:28.135",88135,,,,,,,"+3.662",3662,"+0.041",41,9
600,1997,3,18,18,"18","21","jarno-trulli","minardi","hart","bridgestone","1:28.160",88160,,,,,,,"+3.687",3687,"+0.025",25,12
600,1997,3,19,19,"19","19","mika-salo","tyrrell","ford","goodyear","1:28.224",88224,,,,,,,"+3.751",3751,"+0.064",64,11
600,1997,3,20,20,"20","15","shinji-nakano","prost","mugen-honda","bridgestone","1:28.366",88366,,,,,,,"+3.893",3893,"+0.142",142,12
600,1997,3,21,21,"21","20","ukyo-katayama","minardi","hart","bridgestone","1:28.413",88413,,,,,,,"+3.940",3940,"+0.047",47,12
600,1997,3,22,22,"22","2","pedro-diniz","arrows","yamaha","bridgestone","1:28.969",88969,,,,,,,"+4.496",4496,"+0.556",556,12
601,1997,4,1,1,"1","3","jacques-villeneuve","williams","renault","goodyear","1:23.303",83303,,,,,,,,,,,11
601,1997,4,2,2,"2","4","heinz-harald-frentzen","williams","renault","goodyear","1:23.646",83646,,,,,,,"+0.343",343,"+0.343",343,12
601,1997,4,3,3,"3","5","michael-schumacher","ferrari","ferrari","goodyear","1:23.955",83955,,,,,,,"+0.652",652,"+0.309",309,11
601,1997,4,4,4,"4","14","olivier-panis","prost","mugen-honda","bridgestone","1:24.075",84075,,,,,,,"+0.772",772,"+0.120",120,12
601,1997,4,5,5,"5","11","ralf-schumacher","jordan","peugeot","goodyear","1:24.081",84081,,,,,,,"+0.778",778,"+0.006",6,11
601,1997,4,6,6,"6","12","giancarlo-fisichella","jordan","peugeot","goodyear","1:24.596",84596,,,,,,,"+1.293",1293,"+0.515",515,11
601,1997,4,7,7,"7","16","johnny-herbert","sauber","petronas","goodyear","1:24.723",84723,,,,,,,"+1.420",1420,"+0.127",127,12
601,1997,4,8,8,"8","9","mika-hakkinen","mclaren","mercedes","goodyear","1:24.812",84812,,,,,,,"+1.509",1509,"+0.089",89,12
601,1997,4,9,9,"9","6","eddie-irvine","ferrari","ferrari","goodyear","1:24.861",84861,,,,,,,"+1.558",1558,"+0.049",49,12
601,1997,4,10,10,"10","10","david-coulthard","mclaren","mercedes","goodyear","1:25.077",85077,,,,,,,"+1.774",1774,"+0.216",216,12
601,1997,4,11,11,"11","8","gerhard-berger","benetton","renault","goodyear","1:25.371",85371,,,,,,,"+2.068",2068,"+0.294",294,11
601,1997,4,12,12,"12","17","nicola-larini","sauber","petronas","goodyear","1:25.544",85544,,,,,,,"+2.241",2241,"+0.173",173,11
601,1997,4,13,13,"13","22","rubens-barrichello","stewart","ford","bridgestone","1:25.579",85579,,,,,,,"+2.276",2276,"+0.035",35,12
601,1997,4,14,14,"14","7","jean-alesi","benetton","renault","goodyear","1:25.729",85729,,,,,,,"+2.426",2426,"+0.150",150,10
601,1997,4,15,15,"15","1","damon-hill","arrows","yamaha","bridgestone","1:25.743",85743,,,,,,,"+2.440",2440,"+0.014",14,11
601,1997,4,16,16,"16","23","jan-magnussen","stewart","ford","bridgestone","1:26.192",86192,,,,,,,"+2.889",2889,"+0.449",449,8
601,1997,4,17,17,"17","2","pedro-diniz","arrows","yamaha","bridgestone","1:26.253",86253,,,,,,,"+2.950",2950,"+0.061",61,11
601,1997,4,18,18,"18","15","shinji-nakano","prost","mugen-honda","bridgestone","1:26.712",86712,,,,,,,"+3.409",3409,"+0.459",459,12
601,1997,4,19,19,"19","19","mika-salo","tyrrell","ford","goodyear","1:26.852",86852,,,,,,,"+3.549",3549,"+0.140",140,12
601,1997,4,20,20,"20","21","jarno-trulli","minardi","hart","bridgestone","1:26.960",86960,,,,,,,"+3.657",3657,"+0.108",108,12
601,1997,4,21,21,"21","18","jos-verstappen","tyrrell","ford","goodyear","1:27.428",87428,,,,,,,"+4.125",4125,"+0.468",468,10
601,1997,4,22,22,"22","20","ukyo-katayama","minardi","hart","bridgestone","1:28.727",88727,,,,,,,"+5.424",5424,"+1.299",1299,11
602,1997,5,1,1,"1","4","heinz-harald-frentzen","williams","renault","goodyear","1:18.216",78216,,,,,,,,,,,12
602,1997,5,2,2,"2","5","michael-schumacher","ferrari","ferrari","goodyear","1:18.235",78235,,,,,,,"+0.019",19,"+0.019",19,11
602,1997,5,3,3,"3","3","jacques-villeneuve","williams","renault","goodyear","1:18.583",78583,,,,,,,"+0.367",367,"+0.348",348,11
602,1997,5,4,4,"4","12","giancarlo-fisichella","jordan","peugeot","goodyear","1:18.665",78665,,,,,,,"+0.449",449,"+0.082",82,12
602,1997,5,5,5,"5","10","david-coulthard","mclaren","mercedes","goodyear","1:18.779",78779,,,,,,,"+0.563",563,"+0.114",114,12
602,1997,5,6,6,"6","11","ralf-schumacher","jordan","peugeot","goodyear","1:18.943",78943,,,,,,,"+0.727",727,"+0.164",164,11
602,1997,5,7,7,"7","16","johnny-herbert","sauber","petronas","goodyear","1:19.105",79105,,,,,,,"+0.889",889,"+0.162",162,12
602,1997,5,8,8,"8","9","mika-hakkinen","mclaren","mercedes","goodyear","1:19.119",79119,,,,,,,"+0.903",903,"+0.014",14,12
602,1997,5,9,9,"9","7","jean-alesi","benetton","renault","goodyear","1:19.263",79263,,,,,,,"+1.047",1047,"+0.144",144,9
602,1997,5,10,10,"10","22","rubens-barrichello","stewart","ford","bridgestone","1:19.295",79295,,,,,,,"+1.079",1079,"+0.032",32,12
602,1997,5,11,11,"11","17","nicola-larini","sauber","petronas","goodyear","1:19.468",79468,,,,,,,"+1.252",1252,"+0.173",173,12
602,1997,5,12,12,"12","14","olivier-panis","prost","mugen-honda","bridgestone","1:19.626",79626,,,,,,,"+1.410",1410,"+0.158",158,12
602,1997,5,13,13,"13","1","damon-hill","arrows","yamaha","bridgestone","1:19.674",79674,,,,,,,"+1.458",1458,"+0.048",48,12
602,1997,5,14,14,"14","19","mika-salo","tyrrell","ford","goodyear","1:19.694",79694,,,,,,,"+1.478",1478,"+0.020",20,12
602,1997,5,15,15,"15","6","eddie-irvine","ferrari","ferrari","goodyear","1:19.723",79723,,,,,,,"+1.507",1507,"+0.029",29,12
602,1997,5,16,16,"16","2","pedro-diniz","arrows","yamaha","bridgestone","1:19.860",79860,,,,,,,"+1.644",1644,"+0.137",137,12
602,1997,5,17,17,"17","8","gerhard-berger","benetton","renault","goodyear","1:20.199",80199,,,,,,,"+1.983",1983,"+0.339",339,11
602,1997,5,18,18,"18","21","jarno-trulli","minardi","hart","bridgestone","1:20.349",80349,,,,,,,"+2.133",2133,"+0.150",150,12
602,1997,5,19,19,"19","23","jan-magnussen","stewart","ford","bridgestone","1:20.516",80516,,,,,,,"+2.300",2300,"+0.167",167,11
602,1997,5,20,20,"20","20","ukyo-katayama","minardi","hart","bridgestone","1:20.606",80606,,,,,,,"+2.390",2390,"+0.090",90,12
602,1997,5,21,21,"21","15","shinji-nakano","prost","mugen-honda","bridgestone","1:20.961",80961,,,,,,,"+2.745",2745,"+0.355",355,12
602,1997,5,22,22,"22","18","jos-verstappen","tyrrell","ford","goodyear","1:21.290",81290,,,,,,,"+3.074",3074,"+0.329",329,11
603,1997,6,1,1,"1","3","jacques-villeneuve","williams","renault","goodyear","1:16.525",76525,,,,,,,,,,,12
603,1997,6,2,2,"2","4","heinz-harald-frentzen","williams","renault","goodyear","1:16.791",76791,,,,,,,"+0.266",266,"+0.266",266,11
603,1997,6,3,3,"3","10","david-coulthard","mclaren","mercedes","goodyear","1:17.521",77521,,,,,,,"+0.996",996,"+0.730",730,12
603,1997,6,4,4,"4","7","jean-alesi","benetton","renault","goodyear","1:17.717",77717,,,,,,,"+1.192",1192,"+0.196",196,11
603,1997,6,5,5,"5","9","mika-hakkinen","mclaren","mercedes","goodyear","1:17.737",77737,,,,,,,"+1.212",1212,"+0.020",20,11
603,1997,6,6,6,"6","8","gerhard-berger","benetton","renault","goodyear","1:18.041",78041,,,,,,,"+1.516",1516,"+0.304",304,11
603,1997,6,7,7,"7","5","michael-schumacher","ferrari","ferrari","goodyear","1:18.313",78313,,,,,,,"+1.788",1788,"+0.272",272,11
603,1997,6,8,8,"8","12","giancarlo-fisichella","jordan","peugeot","goodyear","1:18.385",78385,,,,,,,"+1.860",1860,"+0.072",72,10
603,1997,6,9,9,"9","11","ralf-schumacher","jordan","peugeot","goodyear","1:18.423",78423,,,,,,,"+1.898",1898,"+0.038",38,11
603,1997,6,10,10,"10","16","johnny-herbert","sauber","petronas","goodyear","1:18.494",78494,,,,,,,"+1.969",1969,"+0.071",71,12
603,1997,6,11,11,"11","6","eddie-irvine","ferrari","ferrari","goodyear","1:18.873",78873,,,,,,,"+2.348",2348,"+0.379",379,12
603,1997,6,12,12,"12","14","olivier-panis","prost","mugen-honda","bridgestone","1:19.157",79157,,,,,,,"+2.632",2632,"+0.284",284,12
603,1997,6,13,13,"13","17","gianni-morbidelli","sauber","petronas","goodyear","1:19.323",79323,,,,,,,"+2.798",2798,"+0.166",166,12
603,1997,6,14,14,"14","19","mika-salo","tyrrell","ford","goodyear","1:20.079",80079,,,,,,,"+3.554",3554,"+0.756",756,10
603,1997,6,15,15,"15","1","damon-hill","arrows","yamaha","bridgestone","1:20.089",80089,,,,,,,"+3.564",3564,"+0.010",10,11
603,1997,6,16,16,"16","15","shinji-nakano","prost","mugen-honda","bridgestone","1:20.103",80103,,,,,,,"+3.578",3578,"+0.014",14,12
603,1997,6,17,17,"17","22","rubens-barrichello","stewart","ford","bridgestone","1:20.255",80255,,,,,,,"+3.730",3730,"+0.152",152,12
603,1997,6,18,18,"18","21","jarno-trulli","minardi","hart","bridgestone","1:20.452",80452,,,,,,,"+3.927",3927,"+0.197",197,11
603,1997,6,19,19,"19","18","jos-verstappen","tyrrell","ford","goodyear","1:20.582",80582,,,,,,,"+4.057",4057,"+0.130",130,12
603,1997,6,20,20,"20","20","ukyo-katayama","minardi","hart","bridgestone","1:20.672",80672,,,,,,,"+4.147",4147,"+0.090",90,12
603,1997,6,21,21,"21","2","pedro-diniz","arrows","yamaha","bridgestone","1:21.029",81029,,,,,,,"+4.504",4504,"+0.357",357,12
603,1997,6,22,22,"22","23","jan-magnussen","stewart","ford","bridgestone","1:21.060",81060,,,,,,,"+4.535",4535,"+0.031",31,12
604,1997,7,1,1,"1","5","michael-schumacher","ferrari","ferrari","goodyear","1:18.095",78095,,,,,,,,,,,11
604,1997,7,2,2,"2","3","jacques-villeneuve","williams","renault","goodyear","1:18.108",78108,,,,,,,"+0.013",13,"+0.013",13,12
604,1997,7,3,3,"3","22","rubens-barrichello","stewart","ford","bridgestone","1:18.388",78388,,,,,,,"+0.293",293,"+0.280",280,12
604,1997,7,4,4,"4","4","heinz-harald-frentzen","williams","renault","goodyear","1:18.464",78464,,,,,,,"+0.369",369,"+0.076",76,11
604,1997,7,5,5,"5","10","david-coulthard","mclaren","mercedes","goodyear","1:18.466",78466,,,,,,,"+0.371",371,"+0.002",2,8
604,1997,7,6,6,"6","12","giancarlo-fisichella","jordan","peugeot","goodyear","1:18.750",78750,,,,,,,"+0.655",655,"+0.284",284,12
604,1997,7,7,7,"7","11","ralf-schumacher","jordan","peugeot","goodyear","1:18.869",78869,,,,,,,"+0.774",774,"+0.119",119,11
604,1997,7,8,8,"8","7","jean-alesi","benetton","renault","goodyear","1:18.899",78899,,,,,,,"+0.804",804,"+0.030",30,10
604,1997,7,9,9,"9","9","mika-hakkinen","mclaren","mercedes","goodyear","1:18.916",78916,,,,,,,"+0.821",821,"+0.017",17,9
604,1997,7,10,10,"10","14","olivier-panis","prost","mugen-honda","bridgestone","1:19.034",79034,,,,,,,"+0.939",939,"+0.118",118,11
604,1997,7,11,11,"11","8","alexander-wurz","benetton","renault","goodyear","1:19.286",79286,,,,,,,"+1.191",1191,"+0.252",252,10
604,1997,7,12,12,"12","6","eddie-irvine","ferrari","ferrari","goodyear","1:19.503",79503,,,,,,,"+1.408",1408,"+0.217",217,12
604,1997,7,13,13,"13","16","johnny-herbert","sauber","petronas","goodyear","1:19.622",79622,,,,,,,"+1.527",1527,"+0.119",119,11
604,1997,7,14,14,"14","18","jos-verstappen","tyrrell","ford","goodyear","1:20.102",80102,,,,,,,"+2.007",2007,"+0.480",480,10
604,1997,7,15,15,"15","1","damon-hill","arrows","yamaha","bridgestone","1:20.129",80129,,,,,,,"+2.034",2034,"+0.027",27,12
604,1997,7,16,16,"16","2","pedro-diniz","arrows","yamaha","bridgestone","1:20.175",80175,,,,,,,"+2.080",2080,"+0.046",46,12
604,1997,7,17,17,"17","19","mika-salo","tyrrell","ford","goodyear","1:20.336",80336,,,,,,,"+2.241",2241,"+0.161",161,10
604,1997,7,18,18,"18","17","gianni-morbidelli","sauber","petronas","goodyear","1:20.357",80357,,,,,,,"+2.262",2262,"+0.021",21,12
604,1997,7,19,19,"19","15","shinji-nakano","prost","mugen-honda","bridgestone","1:20.370",80370,,,,,,,"+2.275",2275,"+0.013",13,12
604,1997,7,20,20,"20","21","jarno-trulli","minardi","hart","bridgestone","1:20.370",80370,,,,,,,"+2.275",2275,"+0.000",0,10
604,1997,7,21,21,"21","23","jan-magnussen","stewart","ford","bridgestone","1:20.491",80491,,,,,,,"+2.396",2396,"+0.121",121,9
604,1997,7,22,22,"22","20","ukyo-katayama","minardi","hart","bridgestone","1:21.034",81034,,,,,,,"+2.939",2939,"+0.543",543,11
605,1997,8,1,1,"1","5","michael-schumacher","ferrari","ferrari","goodyear","1:14.548",74548,,,,,,,,,,,9
605,1997,8,2,2,"2","4","heinz-harald-frentzen","williams","renault","goodyear","1:14.749",74749,,,,,,,"+0.201",201,"+0.201",201,11
605,1997,8,3,3,"3","11","ralf-schumacher","jordan","peugeot","goodyear","1:14.755",74755,,,,,,,"+0.207",207,"+0.006",6,11
605,1997,8,4,4,"4","3","jacques-villeneuve","williams","renault","goodyear","1:14.800",74800,,,,,,,"+0.252",252,"+0.045",45,12
605,1997,8,5,5,"5","6","eddie-irvine","ferrari","ferrari","goodyear","1:14.860",74860,,,,,,,"+0.312",312,"+0.060",60,11
605,1997,8,6,6,"6","14","jarno-trulli","prost","mugen-honda","bridgestone","1:14.957",74957,,,,,,,"+0.409",409,"+0.097",97,12
605,1997,8,7,7,"7","8","alexander-wurz","benetton","renault","goodyear","1:14.986",74986,,,,,,,"+0.438",438,"+0.029",29,12
605,1997,8,8,8,"8","7","jean-alesi","benetton","renault","goodyear","1:15.228",75228,,,,,,,"+0.680",680,"+0.242",242,12
605,1997,8,9,9,"9","10","david-coulthard","mclaren","mercedes","goodyear","1:15.270",75270,,,,,,,"+0.722",722,"+0.042",42,11
605,1997,8,10,10,"10","9","mika-hakkinen","mclaren","mercedes","goodyear","1:15.339",75339,,,,,,,"+0.791",791,"+0.069",69,9
605,1997,8,11,11,"11","12","giancarlo-fisichella","jordan","peugeot","goodyear","1:15.453",75453,,,,,,,"+0.905",905,"+0.114",114,12
605,1997,8,12,12,"12","15","shinji-nakano","prost","mugen-honda","bridgestone","1:15.857",75857,,,,,,,"+1.309",1309,"+0.404",404,12
605,1997,8,13,13,"13","22","rubens-barrichello","stewart","ford","bridgestone","1:15.876",75876,,,,,,,"+1.328",1328,"+0.019",19,12
605,1997,8,14,14,"14","16","johnny-herbert","sauber","petronas","goodyear","1:16.018",76018,,,,,,,"+1.470",1470,"+0.142",142,12
605,1997,8,15,15,"15","23","jan-magnussen","stewart","ford","bridgestone","1:16.149",76149,,,,,,,"+1.601",1601,"+0.131",131,12
605,1997,8,16,16,"16","2","pedro-diniz","arrows","yamaha","bridgestone","1:16.536",76536,,,,,,,"+1.988",1988,"+0.387",387,12
605,1997,8,17,17,"17","1","damon-hill","arrows","yamaha","bridgestone","1:16.729",76729,,,,,,,"+2.181",2181,"+0.193",193,11
605,1997,8,18,18,"18","18","jos-verstappen","tyrrell","ford","goodyear","1:16.941",76941,,,,,,,"+2.393",2393,"+0.212",212,11
605,1997,8,19,19,"19","19","mika-salo","tyrrell","ford","goodyear","1:17.256",77256,,,,,,,"+2.708",2708,"+0.315",315,12
605,1997,8,20,20,"20","17","norberto-fontana","sauber","petronas","goodyear","1:17.538",77538,,,,,,,"+2.990",2990,"+0.282",282,12
605,1997,8,21,21,"21","20","ukyo-katayama","minardi","hart","bridgestone","1:17.563",77563,,,,,,,"+3.015",3015,"+0.025",25,12
605,1997,8,22,22,"22","21","tarso-marques","minardi","hart","bridgestone","1:18.280",78280,,,,,,,"+3.732",3732,"+0.717",717,12
606,1997,9,1,1,"1","3","jacques-villeneuve","williams","renault","goodyear","1:21.598",81598,,,,,,,,,,,12
606,1997,9,2,2,"2","4","heinz-harald-frentzen","williams","renault","goodyear","1:21.732",81732,,,,,,,"+0.134",134,"+0.134",134,11
606,1997,9,3,3,"3","9","mika-hakkinen","mclaren","mercedes","goodyear","1:21.797",81797,,,,,,,"+0.199",199,"+0.065",65,8
606,1997,9,4,4,"4","5","michael-schumacher","ferrari","ferrari","goodyear","1:21.977",81977,,,,,,,"+0.379",379,"+0.180",180,12
606,1997,9,5,5,"5","11","ralf-schumacher","jordan","peugeot","goodyear","1:22.277",82277,,,,,,,"+0.679",679,"+0.300",300,12
606,1997,9,6,6,"6","10","david-coulthard","mclaren","mercedes","goodyear","1:22.279",82279,,,,,,,"+0.681",681,"+0.002",2,11
606,1997,9,7,7,"7","6","eddie-irvine","ferrari","ferrari","goodyear","1:22.342",82342,,,,,,,"+0.744",744,"+0.063",63,12
606,1997,9,8,8,"8","8","alexander-wurz","benetton","renault","goodyear","1:22.344",82344,,,,,,,"+0.746",746,"+0.002",2,12
606,1997,9,9,9,"9","16","johnny-herbert","sauber","petronas","goodyear","1:22.368",82368,,,,,,,"+0.770",770,"+0.024",24,12
606,1997,9,10,10,"10","12","giancarlo-fisichella","jordan","peugeot","goodyear","1:22.371",82371,,,,,,,"+0.773",773,"+0.003",3,11
606,1997,9,11,11,"11","7","jean-alesi","benetton","renault","goodyear","1:22.392",82392,,,,,,,"+0.794",794,"+0.021",21,11
606,1997,9,12,12,"12","1","damon-hill","arrows","yamaha","bridgestone","1:23.271",83271,,,,,,,"+1.673",1673,"+0.879",879,11
606,1997,9,13,13,"13","14","jarno-trulli","prost","mugen-honda","bridgestone","1:23.366",83366,,,,,,,"+1.768",1768,"+0.095",95,12
606,1997,9,14,14,"14","17","norberto-fontana","sauber","petronas","goodyear","1:23.790",83790,,,,,,,"+2.192",2192,"+0.424",424,12
606,1997,9,15,15,"15","15","shinji-nakano","prost","mugen-honda","bridgestone","1:23.887",83887,,,,,,,"+2.289",2289,"+0.097",97,11
606,1997,9,16,16,"16","23","jan-magnussen","stewart","ford","bridgestone","1:24.067",84067,,,,,,,"+2.469",2469,"+0.180",180,10
606,1997,9,17,17,"17","2","pedro-diniz","arrows","yamaha","bridgestone","1:24.239",84239,,,,,,,"+2.641",2641,"+0.172",172,12
606,1997,9,18,18,"18","19","mika-salo","tyrrell","ford","goodyear","1:24.478",84478,,,,,,,"+2.880",2880,"+0.239",239,12
606,1997,9,19,19,"19","20","ukyo-katayama","minardi","hart","bridgestone","1:24.553",84553,,,,,,,"+2.955",2955,"+0.075",75,12
606,1997,9,20,20,"20","18","jos-verstappen","tyrrell","ford","goodyear","1:25.010",85010,,,,,,,"+3.412",3412,"+0.457",457,12
606,1997,9,21,21,"21","21","tarso-marques","minardi","hart","bridgestone","1:25.154",85154,,,,,,,"+3.556",3556,"+0.144",144,12
606,1997,9,22,22,"22","22","rubens-barrichello","stewart","ford","bridgestone","1:25.525",85525,,,,,,,"+3.927",3927,"+0.371",371,4
607,1997,10,1,1,"1","8","gerhard-berger","benetton","renault","goodyear","1:41.873",101873,,,,,,,,,,,10
607,1997,10,2,2,"2","12","giancarlo-fisichella","jordan","peugeot","goodyear","1:41.896",101896,,,,,,,"+0.023",23,"+0.023",23,12
607,1997,10,3,3,"3","9","mika-hakkinen","mclaren","mercedes","goodyear","1:42.034",102034,,,,,,,"+0.161",161,"+0.138",138,10
607,1997,10,4,4,"4","5","michael-schumacher","ferrari","ferrari","goodyear","1:42.181",102181,,,,,,,"+0.308",308,"+0.147",147,11
607,1997,10,5,5,"5","4","heinz-harald-frentzen","williams","renault","goodyear","1:42.421",102421,,,,,,,"+0.548",548,"+0.240",240,12
607,1997,10,6,6,"6","7","jean-alesi","benetton","renault","goodyear","1:42.493",102493,,,,,,,"+0.620",620,"+0.072",72,10
607,1997,10,7,7,"7","11","ralf-schumacher","jordan","peugeot","goodyear","1:42.498",102498,,,,,,,"+0.625",625,"+0.005",5,12
607,1997,10,8,8,"8","10","david-coulthard","mclaren","mercedes","goodyear","1:42.687",102687,,,,,,,"+0.814",814,"+0.189",189,10
607,1997,10,9,9,"9","3","jacques-villeneuve","williams","renault","goodyear","1:42.967",102967,,,,,,,"+1.094",1094,"+0.280",280,12
607,1997,10,10,10,"10","6","eddie-irvine","ferrari","ferrari","goodyear","1:43.209",103209,,,,,,,"+1.336",1336,"+0.242",242,12
607,1997,10,11,11,"11","14","jarno-trulli","prost","mugen-honda","bridgestone","1:43.226",103226,,,,,,,"+1.353",1353,"+0.017",17,12
607,1997,10,12,12,"12","22","rubens-barrichello","stewart","ford","bridgestone","1:43.272",103272,,,,,,,"+1.399",1399,"+0.046",46,10
607,1997,10,13,13,"13","1","damon-hill","arrows","yamaha","bridgestone","1:43.361",103361,,,,,,,"+1.488",1488,"+0.089",89,12
607,1997,10,14,14,"14","16","johnny-herbert","sauber","petronas","goodyear","1:43.660",103660,,,,,,,"+1.787",1787,"+0.299",299,12
607,1997,10,15,15,"15","23","jan-magnussen","stewart","ford","bridgestone","1:43.927",103927,,,,,,,"+2.054",2054,"+0.267",267,10
607,1997,10,16,16,"16","2","pedro-diniz","arrows","yamaha","bridgestone","1:44.069",104069,,,,,,,"+2.196",2196,"+0.142",142,10
607,1997,10,17,17,"17","15","shinji-nakano","prost","mugen-honda","bridgestone","1:44.112",104112,,,,,,,"+2.239",2239,"+0.043",43,12
607,1997,10,18,18,"18","17","norberto-fontana","sauber","petronas","goodyear","1:44.552",104552,,,,,,,"+2.679",2679,"+0.440",440,12
607,1997,10,19,19,"19","19","mika-salo","tyrrell","ford","goodyear","1:45.372",105372,,,,,,,"+3.499",3499,"+0.820",820,12
607,1997,10,20,20,"20","18","jos-verstappen","tyrrell","ford","goodyear","1:45.811",105811,,,,,,,"+3.938",3938,"+0.439",439,12
607,1997,10,21,21,"21","21","tarso-marques","minardi","hart","bridgestone","1:45.942",105942,,,,,,,"+4.069",4069,"+0.131",131,12
607,1997,10,22,22,"22","20","ukyo-katayama","minardi","hart","bridgestone","1:46.499",106499,,,,,,,"+4.626",4626,"+0.557",557,12
608,1997,11,1,1,"1","5","michael-schumacher","ferrari","ferrari","goodyear","1:14.672",74672,,,,,,,,,,,11
608,1997,11,2,2,"2","3","jacques-villeneuve","williams","renault","goodyear","1:14.859",74859,,,,,,,"+0.187",187,"+0.187",187,11
608,1997,11,3,3,"3","1","damon-hill","arrows","yamaha","bridgestone","1:15.044",75044,,,,,,,"+0.372",372,"+0.185",185,12
608,1997,11,4,4,"4","9","mika-hakkinen","mclaren","mercedes","goodyear","1:15.140",75140,,,,,,,"+0.468",468,"+0.096",96,10
608,1997,11,5,5,"5","6","eddie-irvine","ferrari","ferrari","goodyear","1:15.424",75424,,,,,,,"+0.752",752,"+0.284",284,11
608,1997,11,6,6,"6","4","heinz-harald-frentzen","williams","renault","goodyear","1:15.520",75520,,,,,,,"+0.848",848,"+0.096",96,12
608,1997,11,7,7,"7","8","gerhard-berger","benetton","renault","goodyear","1:15.699",75699,,,,,,,"+1.027",1027,"+0.179",179,9
608,1997,11,8,8,"8","10","david-coulthard","mclaren","mercedes","goodyear","1:15.705",75705,,,,,,,"+1.033",1033,"+0.006",6,11
608,1997,11,9,9,"9","7","jean-alesi","benetton","renault","goodyear","1:15.905",75905,,,,,,,"+1.233",1233,"+0.200",200,12
608,1997,11,10,10,"10","16","johnny-herbert","sauber","petronas","goodyear","1:16.138",76138,,,,,,,"+1.466",1466,"+0.233",233,12
608,1997,11,11,11,"11","22","rubens-barrichello","stewart","ford","bridgestone","1:16.138",76138,,,,,,,"+1.466",1466,"+0.000",0,12
608,1997,11,12,12,"12","14","jarno-trulli","prost","mugen-honda","bridgestone","1:16.297",76297,,,,,,,"+1.625",1625,"+0.159",159,12
608,1997,11,13,13,"13","12","giancarlo-fisichella","jordan","peugeot","goodyear","1:16.300",76300,,,,,,,"+1.628",1628,"+0.003",3,12
608,1997,11,14,14,"14","11","ralf-schumacher","jordan","peugeot","goodyear","1:16.686",76686,,,,,,,"+2.014",2014,"+0.386",386,12
608,1997,11,15,15,"15","17","gianni-morbidelli","sauber","petronas","goodyear","1:16.766",76766,,,,,,,"+2.094",2094,"+0.080",80,12
608,1997,11,16,16,"16","15","shinji-nakano","prost","mugen-honda","bridgestone","1:16.784",76784,,,,,,,"+2.112",2112,"+0.018",18,12
608,1997,11,17,17,"17","23","jan-magnussen","stewart","ford","bridgestone","1:16.858",76858,,,,,,,"+2.186",2186,"+0.074",74,12
608,1997,11,18,18,"18","18","jos-verstappen","tyrrell","ford","goodyear","1:17.095",77095,,,,,,,"+2.423",2423,"+0.237",237,12
608,1997,11,19,19,"19","2","pedro-diniz","arrows","yamaha","bridgestone","1:17.118",77118,,,,,,,"+2.446",2446,"+0.023",23,12
608,1997,11,20,20,"20","20","ukyo-katayama","minardi","hart","bridgestone","1:17.232",77232,,,,,,,"+2.560",2560,"+0.114",114,12
608,1997,11,21,21,"21","19","mika-salo","tyrrell","ford","goodyear","1:17.482",77482,,,,,,,"+2.810",2810,"+0.250",250,11
608,1997,11,22,22,"22","21","tarso-marques","minardi","hart","bridgestone","1:18.020",78020,,,,,,,"+3.348",3348,"+0.538",538,11
609,1997,12,1,1,"1","3","jacques-villeneuve","williams","renault","goodyear","1:49.450",109450,,,,,,,,,,,11
609,1997,12,2,2,"2","7","jean-alesi","benetton","renault","goodyear","1:49.759",109759,,,,,,,"+0.309",309,"+0.309",309,11
609,1997,12,3,3,"3","5","michael-schumacher","ferrari","ferrari","goodyear","1:50.293",110293,,,,,,,"+0.843",843,"+0.534",534,11
609,1997,12,4,4,"4","12","giancarlo-fisichella","jordan","peugeot","goodyear","1:50.470",110470,,,,,,,"+1.020",1020,"+0.177",177,12
609,1997,12,5,5,"5","9","mika-hakkinen","mclaren","mercedes","goodyear","1:50.503",110503,,,,,,,"+1.053",1053,"+0.033",33,11
609,1997,12,6,6,"6","11","ralf-schumacher","jordan","peugeot","goodyear","1:50.520",110520,,,,,,,"+1.070",1070,"+0.017",17,10
609,1997,12,7,7,"7","4","heinz-harald-frentzen","williams","renault","goodyear","1:50.656",110656,,,,,,,"+1.206",1206,"+0.136",136,11
609,1997,12,8,8,"8","2","pedro-diniz","arrows","yamaha","bridgestone","1:50.853",110853,,,,,,,"+1.403",1403,"+0.197",197,12
609,1997,12,9,9,"9","1","damon-hill","arrows","yamaha","bridgestone","1:50.970",110970,,,,,,,"+1.520",1520,"+0.117",117,12
609,1997,12,10,10,"10","10","david-coulthard","mclaren","mercedes","goodyear","1:51.410",111410,,,,,,,"+1.960",1960,"+0.440",440,9
609,1997,12,11,11,"11","16","johnny-herbert","sauber","petronas","goodyear","1:51.725",111725,,,,,,,"+2.275",2275,"+0.315",315,11
609,1997,12,12,12,"12","22","rubens-barrichello","stewart","ford","bridgestone","1:51.916",111916,,,,,,,"+2.466",2466,"+0.191",191,12
609,1997,12,13,13,"13","17","gianni-morbidelli","sauber","petronas","goodyear","1:52.094",112094,,,,,,,"+2.644",2644,"+0.178",178,7
609,1997,12,14,14,"14","14","jarno-trulli","prost","mugen-honda","bridgestone","1:52.274",112274,,,,,,,"+2.824",2824,"+0.180",180,12
609,1997,12,15,15,"15","8","gerhard-berger","benetton","renault","goodyear","1:52.391",112391,,,,,,,"+2.941",2941,"+0.117",117,11
609,1997,12,16,16,"16","15","shinji-nakano","prost","mugen-honda","bridgestone","1:52.749",112749,,,,,,,"+3.299",3299,"+0.358",358,11
609,1997,12,17,17,"17","6","eddie-irvine","ferrari","ferrari","goodyear","1:52.793",112793,,,,,,,"+3.343",3343,"+0.044",44,11
609,1997,12,18,18,"18","23","jan-magnussen","stewart","ford","bridgestone","1:52.886",112886,,,,,,,"+3.436",3436,"+0.093",93,11
609,1997,12,19,19,"19","19","mika-salo","tyrrell","ford","goodyear","1:52.897",112897,,,,,,,"+3.447",3447,"+0.011",11,11
609,1997,12,20,20,"20","20","ukyo-katayama","minardi","hart","bridgestone","1:53.544",113544,,,,,,,"+4.094",4094,"+0.647",647,10
609,1997,12,21,21,"21","18","jos-verstappen","tyrrell","ford","goodyear","1:53.725",113725,,,,,,,"+4.275",4275,"+0.181",181,7
609,1997,12,22,22,"22","21","tarso-marques","minardi","hart","bridgestone","1:54.505",114505,,,,,,,"+5.055",5055,"+0.780",780,12
610,1997,13,1,1,"1","7","jean-alesi","benetton","renault","goodyear","1:22.990",82990,,,,,,,,,,,10
610,1997,13,2,2,"2","4","heinz-harald-frentzen","williams","renault","goodyear","1:23.042",83042,,,,,,,"+0.052",52,"+0.052",52,11
610,1997,13,3,3,"3","12","giancarlo-fisichella","jordan","peugeot","goodyear","1:23.066",83066,,,,,,,"+0.076",76,"+0.024",24,12
610,1997,13,4,4,"4","3","jacques-villeneuve","williams","renault","goodyear","1:23.231",83231,,,,,,,"+0.241",241,"+0.165",165,11
610,1997,13,5,5,"5","9","mika-hakkinen","mclaren","mercedes","goodyear","1:23.340",83340,,,,,,,"+0.350",350,"+0.109",109,10
610,1997,13,6,6,"6","10","david-coulthard","mclaren","mercedes","goodyear","1:23.347",83347,,,,,,,"+0.357",357,"+0.007",7,11
610,1997,13,7,7,"7","8","gerhard-berger","benetton","renault","goodyear","1:23.443",83443,,,,,,,"+0.453",453,"+0.096",96,11
610,1997,13,8,8,"8","11","ralf-schumacher","jordan","peugeot","goodyear","1:23.603",83603,,,,,,,"+0.613",613,"+0.160",160,11
610,1997,13,9,9,"9","5","michael-schumacher","ferrari","ferrari","goodyear","1:23.624",83624,,,,,,,"+0.634",634,"+0.021",21,12
610,1997,13,10,10,"10","6","eddie-irvine","ferrari","ferrari","goodyear","1:23.891",83891,,,,,,,"+0.901",901,"+0.267",267,12
610,1997,13,11,11,"11","22","rubens-barrichello","stewart","ford","bridgestone","1:24.177",84177,,,,,,,"+1.187",1187,"+0.286",286,11
610,1997,13,12,12,"12","16","johnny-herbert","sauber","petronas","goodyear","1:24.242",84242,,,,,,,"+1.252",1252,"+0.065",65,11
610,1997,13,13,13,"13","23","jan-magnussen","stewart","ford","bridgestone","1:24.394",84394,,,,,,,"+1.404",1404,"+0.152",152,11
610,1997,13,14,14,"14","1","damon-hill","arrows","yamaha","bridgestone","1:24.482",84482,,,,,,,"+1.492",1492,"+0.088",88,12
610,1997,13,15,15,"15","15","shinji-nakano","prost","mugen-honda","bridgestone","1:24.553",84553,,,,,,,"+1.563",1563,"+0.071",71,11
610,1997,13,16,16,"16","14","jarno-trulli","prost","mugen-honda","bridgestone","1:24.567",84567,,,,,,,"+1.577",1577,"+0.014",14,12
610,1997,13,17,17,"17","2","pedro-diniz","arrows","yamaha","bridgestone","1:24.639",84639,,,,,,,"+1.649",1649,"+0.072",72,12
610,1997,13,18,18,"18","17","gianni-morbidelli","sauber","petronas","goodyear","1:24.735",84735,,,,,,,"+1.745",1745,"+0.096",96,11
610,1997,13,19,19,"19","19","mika-salo","tyrrell","ford","goodyear","1:25.693",85693,,,,,,,"+2.703",2703,"+0.958",958,8
610,1997,13,20,20,"20","18","jos-verstappen","tyrrell","ford","goodyear","1:25.845",85845,,,,,,,"+2.855",2855,"+0.152",152,12
610,1997,13,21,21,"21","20","ukyo-katayama","minardi","hart","bridgestone","1:26.655",86655,,,,,,,"+3.665",3665,"+0.810",810,10
610,1997,13,22,22,"22","21","tarso-marques","minardi","hart","bridgestone","1:27.677",87677,,,,,,,"+4.687",4687,"+1.022",1022,10
611,1997,14,1,1,"1","3","jacques-villeneuve","williams","renault","goodyear","1:10.304",70304,,,,,,,,,,,12
611,1997,14,2,2,"2","9","mika-hakkinen","mclaren","mercedes","goodyear","1:10.398",70398,,,,,,,"+0.094",94,"+0.094",94,12
611,1997,14,3,3,"3","14","jarno-trulli","prost","mugen-honda","bridgestone","1:10.511",70511,,,,,,,"+0.207",207,"+0.113",113,12
611,1997,14,4,4,"4","4","heinz-harald-frentzen","williams","renault","goodyear","1:10.670",70670,,,,,,,"+0.366",366,"+0.159",159,11
611,1997,14,5,5,"5","22","rubens-barrichello","stewart","ford","bridgestone","1:10.700",70700,,,,,,,"+0.396",396,"+0.030",30,12
611,1997,14,6,6,"6","23","jan-magnussen","stewart","ford","bridgestone","1:10.893",70893,,,,,,,"+0.589",589,"+0.193",193,12
611,1997,14,7,7,"7","1","damon-hill","arrows","yamaha","bridgestone","1:11.025",71025,,,,,,,"+0.721",721,"+0.132",132,10
611,1997,14,8,8,"8","6","eddie-irvine","ferrari","ferrari","goodyear","1:11.051",71051,,,,,,,"+0.747",747,"+0.026",26,11
611,1997,14,9,9,"9","5","michael-schumacher","ferrari","ferrari","goodyear","1:11.056",71056,,,,,,,"+0.752",752,"+0.005",5,11
611,1997,14,10,10,"10","10","david-coulthard","mclaren","mercedes","goodyear","1:11.076",71076,,,,,,,"+0.772",772,"+0.020",20,12
611,1997,14,11,11,"11","11","ralf-schumacher","jordan","peugeot","goodyear","1:11.186",71186,,,,,,,"+0.882",882,"+0.110",110,12
611,1997,14,12,12,"12","16","johnny-herbert","sauber","petronas","goodyear","1:11.210",71210,,,,,,,"+0.906",906,"+0.024",24,10
611,1997,14,13,13,"13","17","gianni-morbidelli","sauber","petronas","goodyear","1:11.261",71261,,,,,,,"+0.957",957,"+0.051",51,12
611,1997,14,14,14,"14","12","giancarlo-fisichella","jordan","peugeot","goodyear","1:11.299",71299,,,,,,,"+0.995",995,"+0.038",38,12
611,1997,14,15,15,"15","7","jean-alesi","benetton","renault","goodyear","1:11.382",71382,,,,,,,"+1.078",1078,"+0.083",83,11
611,1997,14,16,16,"16","15","shinji-nakano","prost","mugen-honda","bridgestone","1:11.596",71596,,,,,,,"+1.292",1292,"+0.214",214,11
611,1997,14,17,17,"17","2","pedro-diniz","arrows","yamaha","bridgestone","1:11.615",71615,,,,,,,"+1.311",1311,"+0.019",19,7
611,1997,14,18,18,"18","8","gerhard-berger","benetton","renault","goodyear","1:11.620",71620,,,,,,,"+1.316",1316,"+0.005",5,11
611,1997,14,19,19,"19","20","ukyo-katayama","minardi","hart","bridgestone","1:12.036",72036,,,,,,,"+1.732",1732,"+0.416",416,12
611,1997,14,20,20,"20","18","jos-verstappen","tyrrell","ford","goodyear","1:12.230",72230,,,,,,,"+1.926",1926,"+0.194",194,12
611,1997,14,21,21,"21","21","tarso-marques","minardi","hart","bridgestone","1:12.304",72304,,,,,,,"+2.000",2000,"+0.074",74,12
611,1997,14,22,22,"22","19","mika-salo","tyrrell","ford","goodyear","1:14.246",74246,,,,,,,"+3.942",3942,"+1.942",1942,6
612,1997,15,1,1,"1","9","mika-hakkinen","mclaren","mercedes","goodyear","1:16.602",76602,,,,,,,,,,,11
612,1997,15,2,2,"2","3","jacques-villeneuve","williams","renault","goodyear","1:16.691",76691,,,,,,,"+0.089",89,"+0.089",89,10
612,1997,15,3,3,"3","4","heinz-harald-frentzen","williams","renault","goodyear","1:16.741",76741,,,,,,,"+0.139",139,"+0.050",50,12
612,1997,15,4,4,"4","12","giancarlo-fisichella","jordan","peugeot","goodyear","1:17.289",77289,,,,,,,"+0.687",687,"+0.548",548,11
612,1997,15,5,5,"5","5","michael-schumacher","ferrari","ferrari","goodyear","1:17.385",77385,,,,,,,"+0.783",783,"+0.096",96,11
612,1997,15,6,6,"6","10","david-coulthard","mclaren","mercedes","goodyear","1:17.387",77387,,,,,,,"+0.785",785,"+0.002",2,12
612,1997,15,7,7,"7","8","gerhard-berger","benetton","renault","goodyear","1:17.587",77587,,,,,,,"+0.985",985,"+0.200",200,9
612,1997,15,8,8,"8","11","ralf-schumacher","jordan","peugeot","goodyear","1:17.595",77595,,,,,,,"+0.993",993,"+0.008",8,11
612,1997,15,9,9,"9","22","rubens-barrichello","stewart","ford","bridgestone","1:17.614",77614,,,,,,,"+1.012",1012,"+0.019",19,12
612,1997,15,10,10,"10","7","jean-alesi","benetton","renault","goodyear","1:17.620",77620,,,,,,,"+1.018",1018,"+0.006",6,11
612,1997,15,11,11,"11","14","olivier-panis","prost","mugen-honda","bridgestone","1:17.650",77650,,,,,,,"+1.048",1048,"+0.030",30,11
612,1997,15,12,12,"12","23","jan-magnussen","stewart","ford","bridgestone","1:17.722",77722,,,,,,,"+1.120",1120,"+0.072",72,11
612,1997,15,13,13,"13","1","damon-hill","arrows","yamaha","bridgestone","1:17.795",77795,,,,,,,"+1.193",1193,"+0.073",73,12
612,1997,15,14,14,"14","6","eddie-irvine","ferrari","ferrari","goodyear","1:17.855",77855,,,,,,,"+1.253",1253,"+0.060",60,12
612,1997,15,15,15,"15","2","pedro-diniz","arrows","yamaha","bridgestone","1:18.128",78128,,,,,,,"+1.526",1526,"+0.273",273,11
612,1997,15,16,16,"16","16","johnny-herbert","sauber","petronas","goodyear","1:18.303",78303,,,,,,,"+1.701",1701,"+0.175",175,10
612,1997,15,17,17,"17","15","shinji-nakano","prost","mugen-honda","bridgestone","1:18.699",78699,,,,,,,"+2.097",2097,"+0.396",396,12
612,1997,15,18,18,"18","21","tarso-marques","minardi","hart","bridgestone","1:19.347",79347,,,,,,,"+2.745",2745,"+0.648",648,12
612,1997,15,19,19,"19","17","gianni-morbidelli","sauber","petronas","goodyear","1:19.490",79490,,,,,,,"+2.888",2888,"+0.143",143,12
612,1997,15,20,20,"20","19","mika-salo","tyrrell","ford","goodyear","1:19.526",79526,,,,,,,"+2.924",2924,"+0.036",36,12
612,1997,15,21,21,"21","18","jos-verstappen","tyrrell","ford","goodyear","1:19.531",79531,,,,,,,"+2.929",2929,"+0.005",5,12
612,1997,15,22,22,"22","20","ukyo-katayama","minardi","hart","bridgestone","1:20.615",80615,,,,,,,"+4.013",4013,"+1.084",1084,11
613,1997,16,1,1,"1","3","jacques-villeneuve","williams","renault","goodyear","1:36.071",96071,,,,,,,,,,,10
613,1997,16,2,2,"2","5","michael-schumacher","ferrari","ferrari","goodyear","1:36.133",96133,,,,,,,"+0.062",62,"+0.062",62,6
613,1997,16,3,3,"3","6","eddie-irvine","ferrari","ferrari","goodyear","1:36.466",96466,,,,,,,"+0.395",395,"+0.333",333,10
613,1997,16,4,4,"4","9","mika-hakkinen","mclaren","mercedes","goodyear","1:36.469",96469,,,,,,,"+0.398",398,"+0.003",3,10
613,1997,16,5,5,"5","8","gerhard-berger","benetton","renault","goodyear","1:36.561",96561,,,,,,,"+0.490",490,"+0.092",92,11
613,1997,16,6,6,"6","4","heinz-harald-frentzen","williams","renault","goodyear","1:36.628",96628,,,,,,,"+0.557",557,"+0.067",67,12
613,1997,16,7,7,"7","7","jean-alesi","benetton","renault","goodyear","1:36.682",96682,,,,,,,"+0.611",611,"+0.054",54,6
613,1997,16,8,8,"8","16","johnny-herbert","sauber","petronas","goodyear","1:36.906",96906,,,,,,,"+0.835",835,"+0.224",224,11
613,1997,16,9,9,"9","12","giancarlo-fisichella","jordan","peugeot","goodyear","1:36.917",96917,,,,,,,"+0.846",846,"+0.011",11,11
613,1997,16,10,10,"10","14","olivier-panis","prost","mugen-honda","bridgestone","1:37.073",97073,,,,,,,"+1.002",1002,"+0.156",156,10
613,1997,16,11,11,"11","10","david-coulthard","mclaren","mercedes","goodyear","1:37.095",97095,,,,,,,"+1.024",1024,"+0.022",22,11
613,1997,16,12,12,"12","22","rubens-barrichello","stewart","ford","bridgestone","1:37.343",97343,,,,,,,"+1.272",1272,"+0.248",248,11
613,1997,16,13,13,"13","11","ralf-schumacher","jordan","peugeot","goodyear","1:37.443",97443,,,,,,,"+1.372",1372,"+0.100",100,11
613,1997,16,14,14,"14","23","jan-magnussen","stewart","ford","bridgestone","1:37.480",97480,,,,,,,"+1.409",1409,"+0.037",37,10
613,1997,16,15,15,"15","15","shinji-nakano","prost","mugen-honda","bridgestone","1:37.588",97588,,,,,,,"+1.517",1517,"+0.108",108,10
613,1997,16,16,16,"16","2","pedro-diniz","arrows","yamaha","bridgestone","1:37.853",97853,,,,,,,"+1.782",1782,"+0.265",265,10
613,1997,16,17,17,"17","1","damon-hill","arrows","yamaha","bridgestone","1:38.022",98022,,,,,,,"+1.951",1951,"+0.169",169,12
613,1997,16,18,18,"18","17","gianni-morbidelli","sauber","petronas","goodyear","1:38.556",98556,,,,,,,"+2.485",2485,"+0.534",534,10
613,1997,16,19,19,"19","20","ukyo-katayama","minardi","hart","bridgestone","1:38.983",98983,,,,,,,"+2.912",2912,"+0.427",427,12
613,1997,16,20,20,"20","21","tarso-marques","minardi","hart","bridgestone","1:39.678",99678,,,,,,,"+3.607",3607,"+0.695",695,11
613,1997,16,21,21,"21","18","jos-verstappen","tyrrell","ford","goodyear","1:40.259",100259,,,,,,,"+4.188",4188,"+0.581",581,11
613,1997,16,22,22,"22","19","mika-salo","tyrrell","ford","goodyear","1:40.529",100529,,,,,,,"+4.458",4458,"+0.270",270,9
614,1997,17,1,1,"1","3","jacques-villeneuve","williams","renault","goodyear","1:21.072",81072,,,,,,,,,,,11
614,1997,17,2,2,"2","5","michael-schumacher","ferrari","ferrari","goodyear","1:21.072",81072,,,,,,,"+0.000",0,"+0.000",0,11
614,1997,17,3,3,"3","4","heinz-harald-frentzen","williams","renault","goodyear","1:21.072",81072,,,,,,,"+0.000",0,"+0.000",0,12
614,1997,17,4,4,"4","1","damon-hill","arrows","yamaha","bridgestone","1:21.130",81130,,,,,,,"+0.058",58,"+0.058",58,12
614,1997,17,5,5,"5","9","mika-hakkinen","mclaren","mercedes","goodyear","1:21.369",81369,,,,,,,"+0.297",297,"+0.239",239,11
614,1997,17,6,6,"6","10","david-coulthard","mclaren","mercedes","goodyear","1:21.476",81476,,,,,,,"+0.404",404,"+0.107",107,10
614,1997,17,7,7,"7","6","eddie-irvine","ferrari","ferrari","goodyear","1:21.610",81610,,,,,,,"+0.538",538,"+0.134",134,11
614,1997,17,8,8,"8","8","gerhard-berger","benetton","renault","goodyear","1:21.656",81656,,,,,,,"+0.584",584,"+0.046",46,11
614,1997,17,9,9,"9","14","olivier-panis","prost","mugen-honda","bridgestone","1:21.735",81735,,,,,,,"+0.663",663,"+0.079",79,11
614,1997,17,10,10,"10","7","jean-alesi","benetton","renault","goodyear","1:22.011",82011,,,,,,,"+0.939",939,"+0.276",276,11
614,1997,17,11,11,"11","23","jan-magnussen","stewart","ford","bridgestone","1:22.167",82167,,,,,,,"+1.095",1095,"+0.156",156,11
614,1997,17,12,12,"12","22","rubens-barrichello","stewart","ford","bridgestone","1:22.222",82222,,,,,,,"+1.150",1150,"+0.055",55,12
614,1997,17,13,13,"13","2","pedro-diniz","arrows","yamaha","bridgestone","1:22.234",82234,,,,,,,"+1.162",1162,"+0.012",12,11
614,1997,17,14,14,"14","16","johnny-herbert","sauber","petronas","goodyear","1:22.263",82263,,,,,,,"+1.191",1191,"+0.029",29,12
614,1997,17,15,15,"15","15","shinji-nakano","prost","mugen-honda","bridgestone","1:22.351",82351,,,,,,,"+1.279",1279,"+0.088",88,12
614,1997,17,16,16,"16","11","ralf-schumacher","jordan","peugeot","goodyear","1:22.740",82740,,,,,,,"+1.668",1668,"+0.389",389,11
614,1997,17,17,17,"17","12","giancarlo-fisichella","jordan","peugeot","goodyear","1:22.804",82804,,,,,,,"+1.732",1732,"+0.064",64,12
614,1997,17,18,18,"18","17","norberto-fontana","sauber","petronas","goodyear","1:23.281",83281,,,,,,,"+2.209",2209,"+0.477",477,12
614,1997,17,19,19,"19","20","ukyo-katayama","minardi","hart","bridgestone","1:23.409",83409,,,,,,,"+2.337",2337,"+0.128",128,12
614,1997,17,20,20,"20","21","tarso-marques","minardi","hart","bridgestone","1:23.854",83854,,,,,,,"+2.782",2782,"+0.445",445,12
614,1997,17,21,21,"21","19","mika-salo","tyrrell","ford","goodyear","1:24.222",84222,,,,,,,"+3.150",3150,"+0.368",368,9
614,1997,17,22,22,"22","18","jos-verstappen","tyrrell","ford","goodyear","1:24.301",84301,,,,,,,"+3.229",3229,"+0.079",79,12
615,1998,1,1,1,"1","8","mika-hakkinen","mclaren","mercedes","bridgestone","1:30.010",90010,,,,,,,,,,,10
615,1998,1,2,2,"2","7","david-coulthard","mclaren","mercedes","bridgestone","1:30.053",90053,,,,,,,"+0.043",43,"+0.043",43,10
615,1998,1,3,3,"3","3","michael-schumacher","ferrari","ferrari","goodyear","1:30.767",90767,,,,,,,"+0.757",757,"+0.714",714,11
615,1998,1,4,4,"4","1","jacques-villeneuve","williams","mecachrome","goodyear","1:30.919",90919,,,,,,,"+0.909",909,"+0.152",152,12
615,1998,1,5,5,"5","15","johnny-herbert","sauber","petronas","goodyear","1:31.384",91384,,,,,,,"+1.374",1374,"+0.465",465,12
615,1998,1,6,6,"6","2","heinz-harald-frentzen","williams","mecachrome","goodyear","1:31.397",91397,,,,,,,"+1.387",1387,"+0.013",13,12
615,1998,1,7,7,"7","5","giancarlo-fisichella","benetton","playlife","bridgestone","1:31.733",91733,,,,,,,"+1.723",1723,"+0.336",336,12
615,1998,1,8,8,"8","4","eddie-irvine","ferrari","ferrari","goodyear","1:31.767",91767,,,,,,,"+1.757",1757,"+0.034",34,11
615,1998,1,9,9,"9","10","ralf-schumacher","jordan","mugen-honda","goodyear","1:32.392",92392,,,,,,,"+2.382",2382,"+0.625",625,11
615,1998,1,10,10,"10","9","damon-hill","jordan","mugen-honda","goodyear","1:32.399",92399,,,,,,,"+2.389",2389,"+0.007",7,12
615,1998,1,11,11,"11","6","alexander-wurz","benetton","playlife","bridgestone","1:32.726",92726,,,,,,,"+2.716",2716,"+0.327",327,9
615,1998,1,12,12,"12","14","jean-alesi","sauber","petronas","goodyear","1:33.240",93240,,,,,,,"+3.230",3230,"+0.514",514,11
615,1998,1,13,13,"13","21","toranosuke-takagi","tyrrell","ford","goodyear","1:33.291",93291,,,,,,,"+3.281",3281,"+0.051",51,11
615,1998,1,14,14,"14","18","rubens-barrichello","stewart","ford","bridgestone","1:33.383",93383,,,,,,,"+3.373",3373,"+0.092",92,8
615,1998,1,15,15,"15","12","jarno-trulli","prost","peugeot","bridgestone","1:33.739",93739,,,,,,,"+3.729",3729,"+0.356",356,11
615,1998,1,16,16,"16","11","olivier-panis","prost","peugeot","bridgestone","1:33.851",93851,,,,,,,"+3.841",3841,"+0.112",112,12
615,1998,1,17,17,"17","17","mika-salo","arrows","arrows","bridgestone","1:33.927",93927,,,,,,,"+3.917",3917,"+0.076",76,8
615,1998,1,18,18,"18","23","esteban-tuero","minardi","ford","bridgestone","1:34.646",94646,,,,,,,"+4.636",4636,"+0.719",719,12
615,1998,1,19,19,"19","19","jan-magnussen","stewart","ford","bridgestone","1:34.906",94906,,,,,,,"+4.896",4896,"+0.260",260,9
615,1998,1,20,20,"20","20","ricardo-rosset","tyrrell","ford","goodyear","1:35.119",95119,,,,,,,"+5.109",5109,"+0.213",213,11
615,1998,1,21,21,"21","16","pedro-diniz","arrows","arrows","bridgestone","1:35.140",95140,,,,,,,"+5.130",5130,"+0.021",21,7
615,1998,1,22,22,"22","22","shinji-nakano","minardi","ford","bridgestone","1:35.301",95301,,,,,,,"+5.291",5291,"+0.161",161,12
616,1998,2,1,1,"1","8","mika-hakkinen","mclaren","mercedes","bridgestone","1:17.092",77092,,,,,,,,,,,8
616,1998,2,2,2,"2","7","david-coulthard","mclaren","mercedes","bridgestone","1:17.757",77757,,,,,,,"+0.665",665,"+0.665",665,9
616,1998,2,3,3,"3","2","heinz-harald-frentzen","williams","mecachrome","goodyear","1:18.109",78109,,,,,,,"+1.017",1017,"+0.352",352,12
616,1998,2,4,4,"4","3","michael-schumacher","ferrari","ferrari","goodyear","1:18.250",78250,,,,,,,"+1.158",1158,"+0.141",141,12
616,1998,2,5,5,"5","6","alexander-wurz","benetton","playlife","bridgestone","1:18.261",78261,,,,,,,"+1.169",1169,"+0.011",11,12
616,1998,2,6,6,"6","4","eddie-irvine","ferrari","ferrari","goodyear","1:18.449",78449,,,,,,,"+1.357",1357,"+0.188",188,12
616,1998,2,7,7,"7","5","giancarlo-fisichella","benetton","playlife","bridgestone","1:18.652",78652,,,,,,,"+1.560",1560,"+0.203",203,9
616,1998,2,8,8,"8","10","ralf-schumacher","jordan","mugen-honda","goodyear","1:18.735",78735,,,,,,,"+1.643",1643,"+0.083",83,12
616,1998,2,9,9,"9","11","olivier-panis","prost","peugeot","bridgestone","1:18.753",78753,,,,,,,"+1.661",1661,"+0.018",18,12
616,1998,2,10,10,"10","1","jacques-villeneuve","williams","mecachrome","goodyear","1:18.761",78761,,,,,,,"+1.669",1669,"+0.008",8,11
616,1998,2,11,11,"11","9","damon-hill","jordan","mugen-honda","goodyear","1:18.988",78988,,,,,,,"+1.896",1896,"+0.227",227,12
616,1998,2,12,12,"12","12","jarno-trulli","prost","peugeot","bridgestone","1:19.069",79069,,,,,,,"+1.977",1977,"+0.081",81,12
616,1998,2,13,13,"13","18","rubens-barrichello","stewart","ford","bridgestone","1:19.344",79344,,,,,,,"+2.252",2252,"+0.275",275,12
616,1998,2,14,14,"14","15","johnny-herbert","sauber","petronas","goodyear","1:19.375",79375,,,,,,,"+2.283",2283,"+0.031",31,12
616,1998,2,15,15,"15","14","jean-alesi","sauber","petronas","goodyear","1:19.449",79449,,,,,,,"+2.357",2357,"+0.074",74,12
616,1998,2,16,16,"16","19","jan-magnussen","stewart","ford","bridgestone","1:19.644",79644,,,,,,,"+2.552",2552,"+0.195",195,12
616,1998,2,17,17,"17","21","toranosuke-takagi","tyrrell","ford","goodyear","1:20.203",80203,,,,,,,"+3.111",3111,"+0.559",559,11
616,1998,2,18,18,"18","22","shinji-nakano","minardi","ford","bridgestone","1:20.390",80390,,,,,,,"+3.298",3298,"+0.187",187,12
616,1998,2,19,19,"19","23","esteban-tuero","minardi","ford","bridgestone","1:20.459",80459,,,,,,,"+3.367",3367,"+0.069",69,11
616,1998,2,20,20,"20","17","mika-salo","arrows","arrows","bridgestone","1:20.481",80481,,,,,,,"+3.389",3389,"+0.022",22,12
616,1998,2,21,21,"21","20","ricardo-rosset","tyrrell","ford","goodyear","1:20.748",80748,,,,,,,"+3.656",3656,"+0.267",267,11
616,1998,2,22,22,"22","16","pedro-diniz","arrows","arrows","bridgestone","1:20.847",80847,,,,,,,"+3.755",3755,"+0.099",99,12
617,1998,3,1,1,"1","7","david-coulthard","mclaren","mercedes","bridgestone","1:25.852",85852,,,,,,,,,,,12
617,1998,3,2,2,"2","3","michael-schumacher","ferrari","ferrari","goodyear","1:26.251",86251,,,,,,,"+0.399",399,"+0.399",399,12
617,1998,3,3,3,"3","8","mika-hakkinen","mclaren","mercedes","bridgestone","1:26.632",86632,,,,,,,"+0.780",780,"+0.381",381,12
617,1998,3,4,4,"4","4","eddie-irvine","ferrari","ferrari","goodyear","1:26.780",86780,,,,,,,"+0.928",928,"+0.148",148,11
617,1998,3,5,5,"5","10","ralf-schumacher","jordan","mugen-honda","goodyear","1:26.827",86827,,,,,,,"+0.975",975,"+0.047",47,12
617,1998,3,6,6,"6","2","heinz-harald-frentzen","williams","mecachrome","goodyear","1:26.876",86876,,,,,,,"+1.024",1024,"+0.049",49,12
617,1998,3,7,7,"7","1","jacques-villeneuve","williams","mecachrome","goodyear","1:26.941",86941,,,,,,,"+1.089",1089,"+0.065",65,12
617,1998,3,8,8,"8","6","alexander-wurz","benetton","playlife","bridgestone","1:27.198",87198,,,,,,,"+1.346",1346,"+0.257",257,12
617,1998,3,9,9,"9","9","damon-hill","jordan","mugen-honda","goodyear","1:27.483",87483,,,,,,,"+1.631",1631,"+0.285",285,12
617,1998,3,10,10,"10","5","giancarlo-fisichella","benetton","playlife","bridgestone","1:27.836",87836,,,,,,,"+1.984",1984,"+0.353",353,12
617,1998,3,11,11,"11","14","jean-alesi","sauber","petronas","goodyear","1:27.839",87839,,,,,,,"+1.987",1987,"+0.003",3,11
617,1998,3,12,12,"12","15","johnny-herbert","sauber","petronas","goodyear","1:28.016",88016,,,,,,,"+2.164",2164,"+0.177",177,11
617,1998,3,13,13,"13","21","toranosuke-takagi","tyrrell","ford","goodyear","1:28.811",88811,,,,,,,"+2.959",2959,"+0.795",795,12
617,1998,3,14,14,"14","18","rubens-barrichello","stewart","ford","bridgestone","1:29.249",89249,,,,,,,"+3.397",3397,"+0.438",438,12
617,1998,3,15,15,"15","11","olivier-panis","prost","peugeot","bridgestone","1:29.320",89320,,,,,,,"+3.468",3468,"+0.071",71,12
617,1998,3,16,16,"16","12","jarno-trulli","prost","peugeot","bridgestone","1:29.352",89352,,,,,,,"+3.500",3500,"+0.032",32,10
617,1998,3,17,17,"17","17","mika-salo","arrows","arrows","bridgestone","1:29.617",89617,,,,,,,"+3.765",3765,"+0.265",265,12
617,1998,3,18,18,"18","16","pedro-diniz","arrows","arrows","bridgestone","1:30.022",90022,,,,,,,"+4.170",4170,"+0.405",405,11
617,1998,3,19,19,"19","22","shinji-nakano","minardi","ford","bridgestone","1:30.054",90054,,,,,,,"+4.202",4202,"+0.032",32,12
617,1998,3,20,20,"20","23","esteban-tuero","minardi","ford","bridgestone","1:30.158",90158,,,,,,,"+4.306",4306,"+0.104",104,12
617,1998,3,21,21,"21","20","ricardo-rosset","tyrrell","ford","goodyear","1:30.437",90437,,,,,,,"+4.585",4585,"+0.279",279,12
617,1998,3,22,22,"22","19","jan-magnussen","stewart","ford","bridgestone","1:31.178",91178,,,,,,,"+5.326",5326,"+0.741",741,11
618,1998,4,1,1,"1","7","david-coulthard","mclaren","mercedes","bridgestone","1:25.973",85973,,,,,,,,,,,11
618,1998,4,2,2,"2","8","mika-hakkinen","mclaren","mercedes","bridgestone","1:26.075",86075,,,,,,,"+0.102",102,"+0.102",102,12
618,1998,4,3,3,"3","3","michael-schumacher","ferrari","ferrari","goodyear","1:26.437",86437,,,,,,,"+0.464",464,"+0.362",362,11
618,1998,4,4,4,"4","4","eddie-irvine","ferrari","ferrari","goodyear","1:27.169",87169,,,,,,,"+1.196",1196,"+0.732",732,12
618,1998,4,5,5,"5","6","alexander-wurz","benetton","playlife","bridgestone","1:27.273",87273,,,,,,,"+1.300",1300,"+0.104",104,11
618,1998,4,6,6,"6","1","jacques-villeneuve","williams","mecachrome","goodyear","1:27.390",87390,,,,,,,"+1.417",1417,"+0.117",117,12
618,1998,4,7,7,"7","9","damon-hill","jordan","mugen-honda","goodyear","1:27.592",87592,,,,,,,"+1.619",1619,"+0.202",202,11
618,1998,4,8,8,"8","2","heinz-harald-frentzen","williams","mecachrome","goodyear","1:27.645",87645,,,,,,,"+1.672",1672,"+0.053",53,12
618,1998,4,9,9,"9","10","ralf-schumacher","jordan","mugen-honda","goodyear","1:27.866",87866,,,,,,,"+1.893",1893,"+0.221",221,11
618,1998,4,10,10,"10","5","giancarlo-fisichella","benetton","playlife","bridgestone","1:27.937",87937,,,,,,,"+1.964",1964,"+0.071",71,12
618,1998,4,11,11,"11","15","johnny-herbert","sauber","petronas","goodyear","1:28.111",88111,,,,,,,"+2.138",2138,"+0.174",174,11
618,1998,4,12,12,"12","14","jean-alesi","sauber","petronas","goodyear","1:28.191",88191,,,,,,,"+2.218",2218,"+0.080",80,11
618,1998,4,13,13,"13","11","olivier-panis","prost","peugeot","bridgestone","1:28.270",88270,,,,,,,"+2.297",2297,"+0.079",79,12
618,1998,4,14,14,"14","17","mika-salo","arrows","arrows","bridgestone","1:28.798",88798,,,,,,,"+2.825",2825,"+0.528",528,11
618,1998,4,15,15,"15","21","toranosuke-takagi","tyrrell","ford","goodyear","1:29.073",89073,,,,,,,"+3.100",3100,"+0.275",275,12
618,1998,4,16,16,"16","12","jarno-trulli","prost","peugeot","bridgestone","1:29.584",89584,,,,,,,"+3.611",3611,"+0.511",511,11
618,1998,4,17,17,"17","18","rubens-barrichello","stewart","ford","bridgestone","1:29.641",89641,,,,,,,"+3.668",3668,"+0.057",57,11
618,1998,4,18,18,"18","16","pedro-diniz","arrows","arrows","bridgestone","1:29.932",89932,,,,,,,"+3.959",3959,"+0.291",291,12
618,1998,4,19,19,"19","23","esteban-tuero","minardi","ford","bridgestone","1:30.649",90649,,,,,,,"+4.676",4676,"+0.717",717,12
618,1998,4,20,20,"20","19","jan-magnussen","stewart","ford","bridgestone","1:31.017",91017,,,,,,,"+5.044",5044,"+0.368",368,11
618,1998,4,21,21,"21","22","shinji-nakano","minardi","ford","bridgestone","1:31.255",91255,,,,,,,"+5.282",5282,"+0.238",238,6
618,1998,4,22,22,"22","20","ricardo-rosset","tyrrell","ford","goodyear","1:31.482",91482,,,,,,,"+5.509",5509,"+0.227",227,12
619,1998,5,1,1,"1","8","mika-hakkinen","mclaren","mercedes","bridgestone","1:20.262",80262,,,,,,,,,,,11
619,1998,5,2,2,"2","7","david-coulthard","mclaren","mercedes","bridgestone","1:20.996",80996,,,,,,,"+0.734",734,"+0.734",734,12
619,1998,5,3,3,"3","3","michael-schumacher","ferrari","ferrari","goodyear","1:21.785",81785,,,,,,,"+1.523",1523,"+0.789",789,11
619,1998,5,4,4,"4","5","giancarlo-fisichella","benetton","playlife","bridgestone","1:21.894",81894,,,,,,,"+1.632",1632,"+0.109",109,11
619,1998,5,5,5,"5","6","alexander-wurz","benetton","playlife","bridgestone","1:21.965",81965,,,,,,,"+1.703",1703,"+0.071",71,12
619,1998,5,6,6,"6","4","eddie-irvine","ferrari","ferrari","goodyear","1:22.350",82350,,,,,,,"+2.088",2088,"+0.385",385,12
619,1998,5,7,7,"7","15","johnny-herbert","sauber","petronas","goodyear","1:22.794",82794,,,,,,,"+2.532",2532,"+0.444",444,9
619,1998,5,8,8,"8","9","damon-hill","jordan","mugen-honda","goodyear","1:22.835",82835,,,,,,,"+2.573",2573,"+0.041",41,11
619,1998,5,9,9,"9","18","rubens-barrichello","stewart","ford","bridgestone","1:22.860",82860,,,,,,,"+2.598",2598,"+0.025",25,12
619,1998,5,10,10,"10","1","jacques-villeneuve","williams","mecachrome","goodyear","1:22.885",82885,,,,,,,"+2.623",2623,"+0.025",25,10
619,1998,5,11,11,"11","10","ralf-schumacher","jordan","mugen-honda","goodyear","1:22.927",82927,,,,,,,"+2.665",2665,"+0.042",42,12
619,1998,5,12,12,"12","11","olivier-panis","prost","peugeot","bridgestone","1:22.963",82963,,,,,,,"+2.701",2701,"+0.036",36,12
619,1998,5,13,13,"13","2","heinz-harald-frentzen","williams","mecachrome","goodyear","1:23.197",83197,,,,,,,"+2.935",2935,"+0.234",234,11
619,1998,5,14,14,"14","14","jean-alesi","sauber","petronas","goodyear","1:23.327",83327,,,,,,,"+3.065",3065,"+0.130",130,11
619,1998,5,15,15,"15","16","pedro-diniz","arrows","arrows","bridgestone","1:23.704",83704,,,,,,,"+3.442",3442,"+0.377",377,12
619,1998,5,16,16,"16","12","jarno-trulli","prost","peugeot","bridgestone","1:23.748",83748,,,,,,,"+3.486",3486,"+0.044",44,12
619,1998,5,17,17,"17","17","mika-salo","arrows","arrows","bridgestone","1:23.887",83887,,,,,,,"+3.625",3625,"+0.139",139,12
619,1998,5,18,18,"18","19","jan-magnussen","stewart","ford","bridgestone","1:24.112",84112,,,,,,,"+3.850",3850,"+0.225",225,12
619,1998,5,19,19,"19","23","esteban-tuero","minardi","ford","bridgestone","1:24.265",84265,,,,,,,"+4.003",4003,"+0.153",153,12
619,1998,5,20,20,"20","22","shinji-nakano","minardi","ford","bridgestone","1:24.538",84538,,,,,,,"+4.276",4276,"+0.273",273,12
619,1998,5,21,21,"21","21","toranosuke-takagi","tyrrell","ford","goodyear","1:24.722",84722,,,,,,,"+4.460",4460,"+0.184",184,12
619,1998,5,22,22,"22","20","ricardo-rosset","tyrrell","ford","goodyear","1:25.946",85946,,,,,,,"+5.684",5684,"+1.224",1224,12
620,1998,6,1,1,"1","8","mika-hakkinen","mclaren","mercedes","bridgestone","1:19.798",79798,,,,,,,,,,,12
620,1998,6,2,2,"2","7","david-coulthard","mclaren","mercedes","bridgestone","1:20.137",80137,,,,,,,"+0.339",339,"+0.339",339,11
620,1998,6,3,3,"3","5","giancarlo-fisichella","benetton","playlife","bridgestone","1:20.368",80368,,,,,,,"+0.570",570,"+0.231",231,12
620,1998,6,4,4,"4","3","michael-schumacher","ferrari","ferrari","goodyear","1:20.702",80702,,,,,,,"+0.904",904,"+0.334",334,11
620,1998,6,5,5,"5","2","heinz-harald-frentzen","williams","mecachrome","goodyear","1:20.729",80729,,,,,,,"+0.931",931,"+0.027",27,12
620,1998,6,6,6,"6","6","alexander-wurz","benetton","playlife","bridgestone","1:20.955",80955,,,,,,,"+1.157",1157,"+0.226",226,12
620,1998,6,7,7,"7","4","eddie-irvine","ferrari","ferrari","goodyear","1:21.712",81712,,,,,,,"+1.914",1914,"+0.757",757,11
620,1998,6,8,8,"8","17","mika-salo","arrows","arrows","bridgestone","1:22.144",82144,,,,,,,"+2.346",2346,"+0.432",432,11
620,1998,6,9,9,"9","15","johnny-herbert","sauber","petronas","goodyear","1:22.157",82157,,,,,,,"+2.359",2359,"+0.013",13,11
620,1998,6,10,10,"10","12","jarno-trulli","prost","peugeot","bridgestone","1:22.238",82238,,,,,,,"+2.440",2440,"+0.081",81,12
620,1998,6,11,11,"11","14","jean-alesi","sauber","petronas","goodyear","1:22.257",82257,,,,,,,"+2.459",2459,"+0.019",19,12
620,1998,6,12,12,"12","16","pedro-diniz","arrows","arrows","bridgestone","1:22.355",82355,,,,,,,"+2.557",2557,"+0.098",98,12
620,1998,6,13,13,"13","1","jacques-villeneuve","williams","mecachrome","goodyear","1:22.468",82468,,,,,,,"+2.670",2670,"+0.113",113,12
620,1998,6,14,14,"14","18","rubens-barrichello","stewart","ford","bridgestone","1:22.540",82540,,,,,,,"+2.742",2742,"+0.072",72,11
620,1998,6,15,15,"15","9","damon-hill","jordan","mugen-honda","goodyear","1:23.151",83151,,,,,,,"+3.353",3353,"+0.611",611,12
620,1998,6,16,16,"16","10","ralf-schumacher","jordan","mugen-honda","goodyear","1:23.263",83263,,,,,,,"+3.465",3465,"+0.112",112,12
620,1998,6,17,17,"17","19","jan-magnussen","stewart","ford","bridgestone","1:23.411",83411,,,,,,,"+3.613",3613,"+0.148",148,12
620,1998,6,18,18,"18","11","olivier-panis","prost","peugeot","bridgestone","1:23.536",83536,,,,,,,"+3.738",3738,"+0.125",125,11
620,1998,6,19,19,"19","22","shinji-nakano","minardi","ford","bridgestone","1:23.957",83957,,,,,,,"+4.159",4159,"+0.421",421,12
620,1998,6,20,20,"20","21","toranosuke-takagi","tyrrell","ford","goodyear","1:24.024",84024,,,,,,,"+4.226",4226,"+0.067",67,12
620,1998,6,21,21,"21","23","esteban-tuero","minardi","ford","bridgestone","1:24.031",84031,,,,,,,"+4.233",4233,"+0.007",7,12
620,1998,6,22,22,"22","20","ricardo-rosset","tyrrell","ford","goodyear","1:25.737",85737,,,,,,,"+5.939",5939,"+1.706",1706,9
621,1998,7,1,1,"1","7","david-coulthard","mclaren","mercedes","bridgestone","1:18.213",78213,,,,,,,,,,,11
621,1998,7,2,2,"2","8","mika-hakkinen","mclaren","mercedes","bridgestone","1:18.282",78282,,,,,,,"+0.069",69,"+0.069",69,11
621,1998,7,3,3,"3","3","michael-schumacher","ferrari","ferrari","goodyear","1:18.497",78497,,,,,,,"+0.284",284,"+0.215",215,12
621,1998,7,4,4,"4","5","giancarlo-fisichella","benetton","playlife","bridgestone","1:18.826",78826,,,,,,,"+0.613",613,"+0.329",329,12
621,1998,7,5,5,"5","10","ralf-schumacher","jordan","mugen-honda","goodyear","1:19.242",79242,,,,,,,"+1.029",1029,"+0.416",416,12
621,1998,7,6,6,"6","1","jacques-villeneuve","williams","mecachrome","goodyear","1:19.588",79588,,,,,,,"+1.375",1375,"+0.346",346,12
621,1998,7,7,7,"7","2","heinz-harald-frentzen","williams","mecachrome","goodyear","1:19.614",79614,,,,,,,"+1.401",1401,"+0.026",26,12
621,1998,7,8,8,"8","4","eddie-irvine","ferrari","ferrari","goodyear","1:19.616",79616,,,,,,,"+1.403",1403,"+0.002",2,12
621,1998,7,9,9,"9","14","jean-alesi","sauber","petronas","goodyear","1:19.693",79693,,,,,,,"+1.480",1480,"+0.077",77,12
621,1998,7,10,10,"10","9","damon-hill","jordan","mugen-honda","goodyear","1:19.717",79717,,,,,,,"+1.504",1504,"+0.024",24,12
621,1998,7,11,11,"11","6","alexander-wurz","benetton","playlife","bridgestone","1:19.765",79765,,,,,,,"+1.552",1552,"+0.048",48,12
621,1998,7,12,12,"12","15","johnny-herbert","sauber","petronas","goodyear","1:19.845",79845,,,,,,,"+1.632",1632,"+0.080",80,12
621,1998,7,13,13,"13","18","rubens-barrichello","stewart","ford","bridgestone","1:19.953",79953,,,,,,,"+1.740",1740,"+0.108",108,8
621,1998,7,14,14,"14","12","jarno-trulli","prost","peugeot","bridgestone","1:20.188",80188,,,,,,,"+1.975",1975,"+0.235",235,11
621,1998,7,15,15,"15","11","olivier-panis","prost","peugeot","bridgestone","1:20.303",80303,,,,,,,"+2.090",2090,"+0.115",115,11
621,1998,7,16,16,"16","21","toranosuke-takagi","tyrrell","ford","goodyear","1:20.328",80328,,,,,,,"+2.115",2115,"+0.025",25,12
621,1998,7,17,17,"17","17","mika-salo","arrows","arrows","bridgestone","1:20.536",80536,,,,,,,"+2.323",2323,"+0.208",208,12
621,1998,7,18,18,"18","22","shinji-nakano","minardi","ford","bridgestone","1:21.230",81230,,,,,,,"+3.017",3017,"+0.694",694,12
621,1998,7,19,19,"19","16","pedro-diniz","arrows","arrows","bridgestone","1:21.301",81301,,,,,,,"+3.088",3088,"+0.071",71,12
621,1998,7,20,20,"20","19","jan-magnussen","stewart","ford","bridgestone","1:21.629",81629,,,,,,,"+3.416",3416,"+0.328",328,11
621,1998,7,21,21,"21","23","esteban-tuero","minardi","ford","bridgestone","1:21.822",81822,,,,,,,"+3.609",3609,"+0.193",193,12
621,1998,7,22,22,"22","20","ricardo-rosset","tyrrell","ford","goodyear","1:21.824",81824,,,,,,,"+3.611",3611,"+0.002",2,12
622,1998,8,1,1,"1","8","mika-hakkinen","mclaren","mercedes","bridgestone","1:14.929",74929,,,,,,,,,,,12
622,1998,8,2,2,"2","3","michael-schumacher","ferrari","ferrari","goodyear","1:15.159",75159,,,,,,,"+0.230",230,"+0.230",230,12
622,1998,8,3,3,"3","7","david-coulthard","mclaren","mercedes","bridgestone","1:15.333",75333,,,,,,,"+0.404",404,"+0.174",174,12
622,1998,8,4,4,"4","4","eddie-irvine","ferrari","ferrari","goodyear","1:15.527",75527,,,,,,,"+0.598",598,"+0.194",194,12
622,1998,8,5,5,"5","1","jacques-villeneuve","williams","mecachrome","goodyear","1:15.630",75630,,,,,,,"+0.701",701,"+0.103",103,12
622,1998,8,6,6,"6","10","ralf-schumacher","jordan","mugen-honda","goodyear","1:15.925",75925,,,,,,,"+0.996",996,"+0.295",295,12
622,1998,8,7,7,"7","9","damon-hill","jordan","mugen-honda","goodyear","1:16.245",76245,,,,,,,"+1.316",1316,"+0.320",320,9
622,1998,8,8,8,"8","2","heinz-harald-frentzen","williams","mecachrome","goodyear","1:16.319",76319,,,,,,,"+1.390",1390,"+0.074",74,12
622,1998,8,9,9,"9","5","giancarlo-fisichella","benetton","playlife","bridgestone","1:16.375",76375,,,,,,,"+1.446",1446,"+0.056",56,12
622,1998,8,10,10,"10","6","alexander-wurz","benetton","playlife","bridgestone","1:16.460",76460,,,,,,,"+1.531",1531,"+0.085",85,12
622,1998,8,11,11,"11","14","jean-alesi","sauber","petronas","goodyear","1:16.627",76627,,,,,,,"+1.698",1698,"+0.167",167,12
622,1998,8,12,12,"12","12","jarno-trulli","prost","peugeot","bridgestone","1:16.892",76892,,,,,,,"+1.963",1963,"+0.265",265,12
622,1998,8,13,13,"13","15","johnny-herbert","sauber","petronas","goodyear","1:16.977",76977,,,,,,,"+2.048",2048,"+0.085",85,12
622,1998,8,14,14,"14","18","rubens-barrichello","stewart","ford","bridgestone","1:17.024",77024,,,,,,,"+2.095",2095,"+0.047",47,12
622,1998,8,15,15,"15","19","jos-verstappen","stewart","ford","bridgestone","1:17.604",77604,,,,,,,"+2.675",2675,"+0.580",580,11
622,1998,8,16,16,"16","11","olivier-panis","prost","peugeot","bridgestone","1:17.671",77671,,,,,,,"+2.742",2742,"+0.067",67,11
622,1998,8,17,17,"17","16","pedro-diniz","arrows","arrows","bridgestone","1:17.880",77880,,,,,,,"+2.951",2951,"+0.209",209,8
622,1998,8,18,18,"18","20","ricardo-rosset","tyrrell","ford","goodyear","1:17.908",77908,,,,,,,"+2.979",2979,"+0.028",28,11
622,1998,8,19,19,"19","17","mika-salo","arrows","arrows","bridgestone","1:17.970",77970,,,,,,,"+3.041",3041,"+0.062",62,11
622,1998,8,20,20,"20","21","toranosuke-takagi","tyrrell","ford","goodyear","1:18.221",78221,,,,,,,"+3.292",3292,"+0.251",251,10
622,1998,8,21,21,"21","22","shinji-nakano","minardi","ford","bridgestone","1:18.273",78273,,,,,,,"+3.344",3344,"+0.052",52,12
622,1998,8,22,22,"22","23","esteban-tuero","minardi","ford","bridgestone","1:19.146",79146,,,,,,,"+4.217",4217,"+0.873",873,10
623,1998,9,1,1,"1","8","mika-hakkinen","mclaren","mercedes","bridgestone","1:23.271",83271,,,,,,,,,,,10
623,1998,9,2,2,"2","3","michael-schumacher","ferrari","ferrari","goodyear","1:23.720",83720,,,,,,,"+0.449",449,"+0.449",449,11
623,1998,9,3,3,"3","1","jacques-villeneuve","williams","mecachrome","goodyear","1:24.102",84102,,,,,,,"+0.831",831,"+0.382",382,12
623,1998,9,4,4,"4","7","david-coulthard","mclaren","mercedes","bridgestone","1:24.310",84310,,,,,,,"+1.039",1039,"+0.208",208,12
623,1998,9,5,5,"5","4","eddie-irvine","ferrari","ferrari","goodyear","1:24.436",84436,,,,,,,"+1.165",1165,"+0.126",126,12
623,1998,9,6,6,"6","2","heinz-harald-frentzen","williams","mecachrome","goodyear","1:24.442",84442,,,,,,,"+1.171",1171,"+0.006",6,12
623,1998,9,7,7,"7","9","damon-hill","jordan","mugen-honda","goodyear","1:24.542",84542,,,,,,,"+1.271",1271,"+0.100",100,12
623,1998,9,8,8,"8","14","jean-alesi","sauber","petronas","goodyear","1:25.081",85081,,,,,,,"+1.810",1810,"+0.539",539,12
623,1998,9,9,9,"9","15","johnny-herbert","sauber","petronas","goodyear","1:25.084",85084,,,,,,,"+1.813",1813,"+0.003",3,12
623,1998,9,10,10,"10","5","giancarlo-fisichella","benetton","playlife","bridgestone","1:25.654",85654,,,,,,,"+2.383",2383,"+0.570",570,12
623,1998,9,11,11,"11","6","alexander-wurz","benetton","playlife","bridgestone","1:25.760",85760,,,,,,,"+2.489",2489,"+0.106",106,12
623,1998,9,12,12,"12","16","pedro-diniz","arrows","arrows","bridgestone","1:26.376",86376,,,,,,,"+3.105",3105,"+0.616",616,12
623,1998,9,13,13,"13","17","mika-salo","arrows","arrows","bridgestone","1:26.487",86487,,,,,,,"+3.216",3216,"+0.111",111,12
623,1998,9,14,14,"14","12","jarno-trulli","prost","peugeot","bridgestone","1:26.808",86808,,,,,,,"+3.537",3537,"+0.321",321,11
623,1998,9,15,15,"15","19","jos-verstappen","stewart","ford","bridgestone","1:26.948",86948,,,,,,,"+3.677",3677,"+0.140",140,12
623,1998,9,16,16,"16","18","rubens-barrichello","stewart","ford","bridgestone","1:26.990",86990,,,,,,,"+3.719",3719,"+0.042",42,12
623,1998,9,17,17,"17","21","toranosuke-takagi","tyrrell","ford","goodyear","1:27.061",87061,,,,,,,"+3.790",3790,"+0.071",71,12
623,1998,9,18,18,"18","23","esteban-tuero","minardi","ford","bridgestone","1:28.051",88051,,,,,,,"+4.780",4780,"+0.990",990,11
623,1998,9,19,19,"19","22","shinji-nakano","minardi","ford","bridgestone","1:28.123",88123,,,,,,,"+4.852",4852,"+0.072",72,12
623,1998,9,20,20,"20","20","ricardo-rosset","tyrrell","ford","goodyear","1:28.608",88608,,,,,,,"+5.337",5337,"+0.485",485,12
623,1998,9,21,21,"21","10","ralf-schumacher","jordan","mugen-honda","goodyear",,,,,,,,,,,,,12
623,1998,9,22,22,"22","11","olivier-panis","prost","peugeot","bridgestone",,,,,,,,,,,,,12
624,1998,10,1,1,"1","5","giancarlo-fisichella","benetton","playlife","bridgestone","1:29.598",89598,,,,,,,,,,,12
624,1998,10,2,2,"2","14","jean-alesi","sauber","petronas","goodyear","1:30.317",90317,,,,,,,"+0.719",719,"+0.719",719,12
624,1998,10,3,3,"3","8","mika-hakkinen","mclaren","mercedes","bridgestone","1:30.517",90517,,,,,,,"+0.919",919,"+0.200",200,12
624,1998,10,4,4,"4","3","michael-schumacher","ferrari","ferrari","goodyear","1:30.551",90551,,,,,,,"+0.953",953,"+0.034",34,10
624,1998,10,5,5,"5","18","rubens-barrichello","stewart","ford","bridgestone","1:31.005",91005,,,,,,,"+1.407",1407,"+0.454",454,12
624,1998,10,6,6,"6","17","mika-salo","arrows","arrows","bridgestone","1:31.028",91028,,,,,,,"+1.430",1430,"+0.023",23,11
624,1998,10,7,7,"7","2","heinz-harald-frentzen","williams","mecachrome","goodyear","1:31.515",91515,,,,,,,"+1.917",1917,"+0.487",487,11
624,1998,10,8,8,"8","4","eddie-irvine","ferrari","ferrari","goodyear","1:31.651",91651,,,,,,,"+2.053",2053,"+0.136",136,9
624,1998,10,9,9,"9","10","ralf-schumacher","jordan","mugen-honda","goodyear","1:31.917",91917,,,,,,,"+2.319",2319,"+0.266",266,12
624,1998,10,10,10,"10","11","olivier-panis","prost","peugeot","bridgestone","1:32.081",92081,,,,,,,"+2.483",2483,"+0.164",164,12
624,1998,10,11,11,"11","1","jacques-villeneuve","williams","mecachrome","goodyear","1:32.083",92083,,,,,,,"+2.485",2485,"+0.002",2,11
624,1998,10,12,12,"12","19","jos-verstappen","stewart","ford","bridgestone","1:32.099",92099,,,,,,,"+2.501",2501,"+0.016",16,12
624,1998,10,13,13,"13","16","pedro-diniz","arrows","arrows","bridgestone","1:32.206",92206,,,,,,,"+2.608",2608,"+0.107",107,12
624,1998,10,14,14,"14","7","david-coulthard","mclaren","mercedes","bridgestone","1:32.399",92399,,,,,,,"+2.801",2801,"+0.193",193,12
624,1998,10,15,15,"15","9","damon-hill","jordan","mugen-honda","goodyear","1:32.718",92718,,,,,,,"+3.120",3120,"+0.319",319,11
624,1998,10,16,16,"16","12","jarno-trulli","prost","peugeot","bridgestone","1:32.906",92906,,,,,,,"+3.308",3308,"+0.188",188,12
624,1998,10,17,17,"17","6","alexander-wurz","benetton","playlife","bridgestone","1:33.185",93185,,,,,,,"+3.587",3587,"+0.279",279,10
624,1998,10,18,18,"18","15","johnny-herbert","sauber","petronas","goodyear","1:33.205",93205,,,,,,,"+3.607",3607,"+0.020",20,10
624,1998,10,19,19,"19","23","esteban-tuero","minardi","ford","bridgestone","1:33.399",93399,,,,,,,"+3.801",3801,"+0.194",194,12
624,1998,10,20,20,"20","21","toranosuke-takagi","tyrrell","ford","goodyear","1:34.090",94090,,,,,,,"+4.492",4492,"+0.691",691,12
624,1998,10,21,21,"21","22","shinji-nakano","minardi","ford","bridgestone","1:34.536",94536,,,,,,,"+4.938",4938,"+0.446",446,9
624,1998,10,22,22,"22","20","ricardo-rosset","tyrrell","ford","goodyear","1:34.910",94910,,,,,,,"+5.312",5312,"+0.374",374,11
625,1998,11,1,1,"1","8","mika-hakkinen","mclaren","mercedes","bridgestone","1:41.838",101838,,,,,,,,,,,12
625,1998,11,2,2,"2","7","david-coulthard","mclaren","mercedes","bridgestone","1:42.347",102347,,,,,,,"+0.509",509,"+0.509",509,9
625,1998,11,3,3,"3","1","jacques-villeneuve","williams","mecachrome","goodyear","1:42.365",102365,,,,,,,"+0.527",527,"+0.018",18,12
625,1998,11,4,4,"4","10","ralf-schumacher","jordan","mugen-honda","goodyear","1:42.994",102994,,,,,,,"+1.156",1156,"+0.629",629,12
625,1998,11,5,5,"5","9","damon-hill","jordan","mugen-honda","goodyear","1:43.183",103183,,,,,,,"+1.345",1345,"+0.189",189,12
625,1998,11,6,6,"6","4","eddie-irvine","ferrari","ferrari","goodyear","1:43.270",103270,,,,,,,"+1.432",1432,"+0.087",87,11
625,1998,11,7,7,"7","6","alexander-wurz","benetton","playlife","bridgestone","1:43.341",103341,,,,,,,"+1.503",1503,"+0.071",71,11
625,1998,11,8,8,"8","5","giancarlo-fisichella","benetton","playlife","bridgestone","1:43.369",103369,,,,,,,"+1.531",1531,"+0.028",28,12
625,1998,11,9,9,"9","3","michael-schumacher","ferrari","ferrari","goodyear","1:43.459",103459,,,,,,,"+1.621",1621,"+0.090",90,12
625,1998,11,10,10,"10","2","heinz-harald-frentzen","williams","mecachrome","goodyear","1:43.467",103467,,,,,,,"+1.629",1629,"+0.008",8,11
625,1998,11,11,11,"11","14","jean-alesi","sauber","petronas","goodyear","1:43.663",103663,,,,,,,"+1.825",1825,"+0.196",196,12
625,1998,11,12,12,"12","15","johnny-herbert","sauber","petronas","goodyear","1:44.599",104599,,,,,,,"+2.761",2761,"+0.936",936,11
625,1998,11,13,13,"13","18","rubens-barrichello","stewart","ford","bridgestone","1:44.776",104776,,,,,,,"+2.938",2938,"+0.177",177,12
625,1998,11,14,14,"14","12","jarno-trulli","prost","peugeot","bridgestone","1:44.844",104844,,,,,,,"+3.006",3006,"+0.068",68,12
625,1998,11,15,15,"15","21","toranosuke-takagi","tyrrell","ford","goodyear","1:44.961",104961,,,,,,,"+3.123",3123,"+0.117",117,11
625,1998,11,16,16,"16","11","olivier-panis","prost","peugeot","bridgestone","1:45.197",105197,,,,,,,"+3.359",3359,"+0.236",236,12
625,1998,11,17,17,"17","17","mika-salo","arrows","arrows","bridgestone","1:45.276",105276,,,,,,,"+3.438",3438,"+0.079",79,12
625,1998,11,18,18,"18","16","pedro-diniz","arrows","arrows","bridgestone","1:45.588",105588,,,,,,,"+3.750",3750,"+0.312",312,12
625,1998,11,19,19,"19","19","jos-verstappen","stewart","ford","bridgestone","1:45.623",105623,,,,,,,"+3.785",3785,"+0.035",35,11
625,1998,11,20,20,"20","22","shinji-nakano","minardi","ford","bridgestone","1:46.713",106713,,,,,,,"+4.875",4875,"+1.090",1090,12
625,1998,11,21,21,"21","23","esteban-tuero","minardi","ford","bridgestone","1:47.265",107265,,,,,,,"+5.427",5427,"+0.552",552,12
626,1998,12,1,1,"1","8","mika-hakkinen","mclaren","mercedes","bridgestone","1:16.973",76973,,,,,,,,,,,11
626,1998,12,2,2,"2","7","david-coulthard","mclaren","mercedes","bridgestone","1:17.131",77131,,,,,,,"+0.158",158,"+0.158",158,11
626,1998,12,3,3,"3","3","michael-schumacher","ferrari","ferrari","goodyear","1:17.366",77366,,,,,,,"+0.393",393,"+0.235",235,10
626,1998,12,4,4,"4","9","damon-hill","jordan","mugen-honda","goodyear","1:18.214",78214,,,,,,,"+1.241",1241,"+0.848",848,12
626,1998,12,5,5,"5","4","eddie-irvine","ferrari","ferrari","goodyear","1:18.325",78325,,,,,,,"+1.352",1352,"+0.111",111,12
626,1998,12,6,6,"6","1","jacques-villeneuve","williams","mecachrome","goodyear","1:18.337",78337,,,,,,,"+1.364",1364,"+0.012",12,12
626,1998,12,7,7,"7","2","heinz-harald-frentzen","williams","mecachrome","goodyear","1:19.029",79029,,,,,,,"+2.056",2056,"+0.692",692,12
626,1998,12,8,8,"8","5","giancarlo-fisichella","benetton","playlife","bridgestone","1:19.050",79050,,,,,,,"+2.077",2077,"+0.021",21,12
626,1998,12,9,9,"9","6","alexander-wurz","benetton","playlife","bridgestone","1:19.063",79063,,,,,,,"+2.090",2090,"+0.013",13,12
626,1998,12,10,10,"10","10","ralf-schumacher","jordan","mugen-honda","goodyear","1:19.171",79171,,,,,,,"+2.198",2198,"+0.108",108,12
626,1998,12,11,11,"11","14","jean-alesi","sauber","petronas","goodyear","1:19.210",79210,,,,,,,"+2.237",2237,"+0.039",39,12
626,1998,12,12,12,"12","16","pedro-diniz","arrows","arrows","bridgestone","1:19.706",79706,,,,,,,"+2.733",2733,"+0.496",496,12
626,1998,12,13,13,"13","17","mika-salo","arrows","arrows","bridgestone","1:19.712",79712,,,,,,,"+2.739",2739,"+0.006",6,12
626,1998,12,14,14,"14","18","rubens-barrichello","stewart","ford","bridgestone","1:19.876",79876,,,,,,,"+2.903",2903,"+0.164",164,11
626,1998,12,15,15,"15","15","johnny-herbert","sauber","petronas","goodyear","1:19.878",79878,,,,,,,"+2.905",2905,"+0.002",2,11
626,1998,12,16,16,"16","12","jarno-trulli","prost","peugeot","bridgestone","1:20.042",80042,,,,,,,"+3.069",3069,"+0.164",164,12
626,1998,12,17,17,"17","19","jos-verstappen","stewart","ford","bridgestone","1:20.198",80198,,,,,,,"+3.225",3225,"+0.156",156,12
626,1998,12,18,18,"18","21","toranosuke-takagi","tyrrell","ford","goodyear","1:20.354",80354,,,,,,,"+3.381",3381,"+0.156",156,12
626,1998,12,19,19,"19","22","shinji-nakano","minardi","ford","bridgestone","1:20.635",80635,,,,,,,"+3.662",3662,"+0.281",281,12
626,1998,12,20,20,"20","11","olivier-panis","prost","peugeot","bridgestone","1:20.663",80663,,,,,,,"+3.690",3690,"+0.028",28,12
626,1998,12,21,21,"21","23","esteban-tuero","minardi","ford","bridgestone","1:21.725",81725,,,,,,,"+4.752",4752,"+1.062",1062,12
626,1998,12,22,,"NC","20","ricardo-rosset","tyrrell","ford","goodyear","1:23.140",83140,,,,,,,"+6.167",6167,"+1.415",1415,11
627,1998,13,1,1,"1","8","mika-hakkinen","mclaren","mercedes","bridgestone","1:48.682",108682,,,,,,,,,,,11
627,1998,13,2,2,"2","7","david-coulthard","mclaren","mercedes","bridgestone","1:48.845",108845,,,,,,,"+0.163",163,"+0.163",163,12
627,1998,13,3,3,"3","9","damon-hill","jordan","mugen-honda","goodyear","1:49.728",109728,,,,,,,"+1.046",1046,"+0.883",883,11
627,1998,13,4,4,"4","3","michael-schumacher","ferrari","ferrari","goodyear","1:50.027",110027,,,,,,,"+1.345",1345,"+0.299",299,12
627,1998,13,5,5,"5","4","eddie-irvine","ferrari","ferrari","goodyear","1:50.189",110189,,,,,,,"+1.507",1507,"+0.162",162,12
627,1998,13,6,6,"6","1","jacques-villeneuve","williams","mecachrome","goodyear","1:50.204",110204,,,,,,,"+1.522",1522,"+0.015",15,12
627,1998,13,7,7,"7","5","giancarlo-fisichella","benetton","playlife","bridgestone","1:50.462",110462,,,,,,,"+1.780",1780,"+0.258",258,12
627,1998,13,8,8,"8","10","ralf-schumacher","jordan","mugen-honda","goodyear","1:50.501",110501,,,,,,,"+1.819",1819,"+0.039",39,12
627,1998,13,9,9,"9","2","heinz-harald-frentzen","williams","mecachrome","goodyear","1:50.686",110686,,,,,,,"+2.004",2004,"+0.185",185,11
627,1998,13,10,10,"10","14","jean-alesi","sauber","petronas","goodyear","1:51.189",111189,,,,,,,"+2.507",2507,"+0.503",503,11
627,1998,13,11,11,"11","6","alexander-wurz","benetton","playlife","bridgestone","1:51.648",111648,,,,,,,"+2.966",2966,"+0.459",459,12
627,1998,13,12,12,"12","15","johnny-herbert","sauber","petronas","goodyear","1:51.851",111851,,,,,,,"+3.169",3169,"+0.203",203,11
627,1998,13,13,13,"13","12","jarno-trulli","prost","peugeot","bridgestone","1:52.572",112572,,,,,,,"+3.890",3890,"+0.721",721,10
627,1998,13,14,14,"14","18","rubens-barrichello","stewart","ford","bridgestone","1:52.670",112670,,,,,,,"+3.988",3988,"+0.098",98,12
627,1998,13,15,15,"15","11","olivier-panis","prost","peugeot","bridgestone","1:52.784",112784,,,,,,,"+4.102",4102,"+0.114",114,12
627,1998,13,16,16,"16","16","pedro-diniz","arrows","arrows","bridgestone","1:53.037",113037,,,,,,,"+4.355",4355,"+0.253",253,12
627,1998,13,17,17,"17","19","jos-verstappen","stewart","ford","bridgestone","1:53.149",113149,,,,,,,"+4.467",4467,"+0.112",112,12
627,1998,13,18,18,"18","17","mika-salo","arrows","arrows","bridgestone","1:53.207",113207,,,,,,,"+4.525",4525,"+0.058",58,8
627,1998,13,19,19,"19","21","toranosuke-takagi","tyrrell","ford","goodyear","1:53.237",113237,,,,,,,"+4.555",4555,"+0.030",30,12
627,1998,13,20,20,"20","20","ricardo-rosset","tyrrell","ford","goodyear","1:54.850",114850,,,,,,,"+6.168",6168,"+1.613",1613,11
627,1998,13,21,21,"21","22","shinji-nakano","minardi","ford","bridgestone","1:55.084",115084,,,,,,,"+6.402",6402,"+0.234",234,12
627,1998,13,22,22,"22","23","esteban-tuero","minardi","ford","bridgestone","1:55.520",115520,,,,,,,"+6.838",6838,"+0.436",436,12
628,1998,14,1,1,"1","3","michael-schumacher","ferrari","ferrari","goodyear","1:25.289",85289,,,,,,,,,,,9
628,1998,14,2,2,"2","1","jacques-villeneuve","williams","mecachrome","goodyear","1:25.561",85561,,,,,,,"+0.272",272,"+0.272",272,12
628,1998,14,3,3,"3","8","mika-hakkinen","mclaren","mercedes","bridgestone","1:25.679",85679,,,,,,,"+0.390",390,"+0.118",118,10
628,1998,14,4,4,"4","7","david-coulthard","mclaren","mercedes","bridgestone","1:25.987",85987,,,,,,,"+0.698",698,"+0.308",308,11
628,1998,14,5,5,"5","4","eddie-irvine","ferrari","ferrari","goodyear","1:26.159",86159,,,,,,,"+0.870",870,"+0.172",172,11
628,1998,14,6,6,"6","10","ralf-schumacher","jordan","mugen-honda","goodyear","1:26.309",86309,,,,,,,"+1.020",1020,"+0.150",150,11
628,1998,14,7,7,"7","6","alexander-wurz","benetton","playlife","bridgestone","1:26.567",86567,,,,,,,"+1.278",1278,"+0.258",258,10
628,1998,14,8,8,"8","14","jean-alesi","sauber","petronas","goodyear","1:26.637",86637,,,,,,,"+1.348",1348,"+0.070",70,12
628,1998,14,9,9,"9","11","olivier-panis","prost","peugeot","bridgestone","1:26.681",86681,,,,,,,"+1.392",1392,"+0.044",44,11
628,1998,14,10,10,"10","12","jarno-trulli","prost","peugeot","bridgestone","1:26.794",86794,,,,,,,"+1.505",1505,"+0.113",113,12
628,1998,14,11,11,"11","5","giancarlo-fisichella","benetton","playlife","bridgestone","1:26.817",86817,,,,,,,"+1.528",1528,"+0.023",23,10
628,1998,14,12,12,"12","2","heinz-harald-frentzen","williams","mecachrome","goodyear","1:26.836",86836,,,,,,,"+1.547",1547,"+0.019",19,10
628,1998,14,13,13,"13","18","rubens-barrichello","stewart","ford","bridgestone","1:27.247",87247,,,,,,,"+1.958",1958,"+0.411",411,10
628,1998,14,14,14,"14","9","damon-hill","jordan","mugen-honda","goodyear","1:27.362",87362,,,,,,,"+2.073",2073,"+0.115",115,12
628,1998,14,15,15,"15","15","johnny-herbert","sauber","petronas","goodyear","1:27.510",87510,,,,,,,"+2.221",2221,"+0.148",148,9
628,1998,14,16,16,"16","17","mika-salo","arrows","arrows","bridgestone","1:27.744",87744,,,,,,,"+2.455",2455,"+0.234",234,9
628,1998,14,17,17,"17","19","jos-verstappen","stewart","ford","bridgestone","1:28.212",88212,,,,,,,"+2.923",2923,"+0.468",468,11
628,1998,14,18,18,"18","20","ricardo-rosset","tyrrell","ford","goodyear","1:28.286",88286,,,,,,,"+2.997",2997,"+0.074",74,12
628,1998,14,19,19,"19","21","toranosuke-takagi","tyrrell","ford","goodyear","1:28.346",88346,,,,,,,"+3.057",3057,"+0.060",60,8
628,1998,14,20,20,"20","16","pedro-diniz","arrows","arrows","bridgestone","1:28.387",88387,,,,,,,"+3.098",3098,"+0.041",41,9
628,1998,14,21,21,"21","22","shinji-nakano","minardi","ford","bridgestone","1:29.101",89101,,,,,,,"+3.812",3812,"+0.714",714,9
628,1998,14,22,22,"22","23","esteban-tuero","minardi","ford","bridgestone","1:29.417",89417,,,,,,,"+4.128",4128,"+0.316",316,12
629,1998,15,1,1,"1","3","michael-schumacher","ferrari","ferrari","goodyear","1:18.561",78561,,,,,,,,,,,11
629,1998,15,2,2,"2","4","eddie-irvine","ferrari","ferrari","goodyear","1:18.907",78907,,,,,,,"+0.346",346,"+0.346",346,12
629,1998,15,3,3,"3","8","mika-hakkinen","mclaren","mercedes","bridgestone","1:18.940",78940,,,,,,,"+0.379",379,"+0.033",33,12
629,1998,15,4,4,"4","5","giancarlo-fisichella","benetton","playlife","bridgestone","1:19.048",79048,,,,,,,"+0.487",487,"+0.108",108,12
629,1998,15,5,5,"5","7","david-coulthard","mclaren","mercedes","bridgestone","1:19.169",79169,,,,,,,"+0.608",608,"+0.121",121,12
629,1998,15,6,6,"6","10","ralf-schumacher","jordan","mugen-honda","goodyear","1:19.455",79455,,,,,,,"+0.894",894,"+0.286",286,11
629,1998,15,7,7,"7","2","heinz-harald-frentzen","williams","mecachrome","goodyear","1:19.522",79522,,,,,,,"+0.961",961,"+0.067",67,12
629,1998,15,8,8,"8","6","alexander-wurz","benetton","playlife","bridgestone","1:19.569",79569,,,,,,,"+1.008",1008,"+0.047",47,12
629,1998,15,9,9,"9","1","jacques-villeneuve","williams","mecachrome","goodyear","1:19.631",79631,,,,,,,"+1.070",1070,"+0.062",62,12
629,1998,15,10,10,"10","9","damon-hill","jordan","mugen-honda","goodyear","1:19.807",79807,,,,,,,"+1.246",1246,"+0.176",176,12
629,1998,15,11,11,"11","14","jean-alesi","sauber","petronas","goodyear","1:20.493",80493,,,,,,,"+1.932",1932,"+0.686",686,11
629,1998,15,12,12,"12","18","rubens-barrichello","stewart","ford","bridgestone","1:20.530",80530,,,,,,,"+1.969",1969,"+0.037",37,12
629,1998,15,13,13,"13","15","johnny-herbert","sauber","petronas","goodyear","1:20.650",80650,,,,,,,"+2.089",2089,"+0.120",120,12
629,1998,15,14,14,"14","12","jarno-trulli","prost","peugeot","bridgestone","1:20.709",80709,,,,,,,"+2.148",2148,"+0.059",59,12
629,1998,15,15,15,"15","11","olivier-panis","prost","peugeot","bridgestone","1:21.048",81048,,,,,,,"+2.487",2487,"+0.339",339,12
629,1998,15,16,16,"16","17","mika-salo","arrows","arrows","bridgestone","1:21.120",81120,,,,,,,"+2.559",2559,"+0.072",72,12
629,1998,15,17,17,"17","16","pedro-diniz","arrows","arrows","bridgestone","1:21.258",81258,,,,,,,"+2.697",2697,"+0.138",138,12
629,1998,15,18,18,"18","19","jos-verstappen","stewart","ford","bridgestone","1:21.501",81501,,,,,,,"+2.940",2940,"+0.243",243,12
629,1998,15,19,19,"19","21","toranosuke-takagi","tyrrell","ford","goodyear","1:21.525",81525,,,,,,,"+2.964",2964,"+0.024",24,12
629,1998,15,20,20,"20","22","shinji-nakano","minardi","ford","bridgestone","1:22.078",82078,,,,,,,"+3.517",3517,"+0.553",553,12
629,1998,15,21,21,"21","23","esteban-tuero","minardi","ford","bridgestone","1:22.146",82146,,,,,,,"+3.585",3585,"+0.068",68,12
629,1998,15,22,22,"22","20","ricardo-rosset","tyrrell","ford","goodyear","1:22.822",82822,,,,,,,"+4.261",4261,"+0.676",676,12
630,1998,16,1,1,"1","3","michael-schumacher","ferrari","ferrari","goodyear","1:36.293",96293,,,,,,,,,,,8
630,1998,16,2,2,"2","8","mika-hakkinen","mclaren","mercedes","bridgestone","1:36.471",96471,,,,,,,"+0.178",178,"+0.178",178,11
630,1998,16,3,3,"3","7","david-coulthard","mclaren","mercedes","bridgestone","1:37.496",97496,,,,,,,"+1.203",1203,"+1.025",1025,10
630,1998,16,4,4,"4","4","eddie-irvine","ferrari","ferrari","goodyear","1:38.197",98197,,,,,,,"+1.904",1904,"+0.701",701,8
630,1998,16,5,5,"5","2","heinz-harald-frentzen","williams","mecachrome","goodyear","1:38.272",98272,,,,,,,"+1.979",1979,"+0.075",75,11
630,1998,16,6,6,"6","1","jacques-villeneuve","williams","mecachrome","goodyear","1:38.448",98448,,,,,,,"+2.155",2155,"+0.176",176,12
630,1998,16,7,7,"7","10","ralf-schumacher","jordan","mugen-honda","goodyear","1:38.461",98461,,,,,,,"+2.168",2168,"+0.013",13,12
630,1998,16,8,8,"8","9","damon-hill","jordan","mugen-honda","goodyear","1:38.603",98603,,,,,,,"+2.310",2310,"+0.142",142,12
630,1998,16,9,9,"9","6","alexander-wurz","benetton","playlife","bridgestone","1:38.959",98959,,,,,,,"+2.666",2666,"+0.356",356,12
630,1998,16,10,10,"10","5","giancarlo-fisichella","benetton","playlife","bridgestone","1:39.080",99080,,,,,,,"+2.787",2787,"+0.121",121,11
630,1998,16,11,11,"11","15","johnny-herbert","sauber","petronas","goodyear","1:39.234",99234,,,,,,,"+2.941",2941,"+0.154",154,12
630,1998,16,12,12,"12","14","jean-alesi","sauber","petronas","goodyear","1:39.448",99448,,,,,,,"+3.155",3155,"+0.214",214,12
630,1998,16,13,13,"13","11","olivier-panis","prost","peugeot","bridgestone","1:40.037",100037,,,,,,,"+3.744",3744,"+0.589",589,12
630,1998,16,14,14,"14","12","jarno-trulli","prost","peugeot","bridgestone","1:40.111",100111,,,,,,,"+3.818",3818,"+0.074",74,12
630,1998,16,15,15,"15","17","mika-salo","arrows","arrows","bridgestone","1:40.387",100387,,,,,,,"+4.094",4094,"+0.276",276,12
630,1998,16,16,16,"16","18","rubens-barrichello","stewart","ford","bridgestone","1:40.502",100502,,,,,,,"+4.209",4209,"+0.115",115,12
630,1998,16,17,17,"17","21","toranosuke-takagi","tyrrell","ford","goodyear","1:40.619",100619,,,,,,,"+4.326",4326,"+0.117",117,11
630,1998,16,18,18,"18","16","pedro-diniz","arrows","arrows","bridgestone","1:40.687",100687,,,,,,,"+4.394",4394,"+0.068",68,12
630,1998,16,19,19,"19","19","jos-verstappen","stewart","ford","bridgestone","1:40.943",100943,,,,,,,"+4.650",4650,"+0.256",256,11
630,1998,16,20,20,"20","22","shinji-nakano","minardi","ford","bridgestone","1:41.315",101315,,,,,,,"+5.022",5022,"+0.372",372,12
630,1998,16,21,21,"21","23","esteban-tuero","minardi","ford","bridgestone","1:42.358",102358,,,,,,,"+6.065",6065,"+1.043",1043,12
630,1998,16,22,22,"22","20","ricardo-rosset","tyrrell","ford","goodyear","1:43.259",103259,,,,,,,"+6.966",6966,"+0.901",901,9
631,1999,1,1,1,"1","1","mika-hakkinen","mclaren","mercedes","bridgestone","1:30.462",90462,,,,,,,,,,,12
631,1999,1,2,2,"2","2","david-coulthard","mclaren","mercedes","bridgestone","1:30.946",90946,,,,,,,"+0.484",484,"+0.484",484,11
631,1999,1,3,3,"3","3","michael-schumacher","ferrari","ferrari","bridgestone","1:31.781",91781,,,,,,,"+1.319",1319,"+0.835",835,11
631,1999,1,4,4,"4","16","rubens-barrichello","stewart","ford","bridgestone","1:32.148",92148,,,,,,,"+1.686",1686,"+0.367",367,12
631,1999,1,5,5,"5","8","heinz-harald-frentzen","jordan","mugen-honda","bridgestone","1:32.276",92276,,,,,,,"+1.814",1814,"+0.128",128,11
631,1999,1,6,6,"6","4","eddie-irvine","ferrari","ferrari","bridgestone","1:32.289",92289,,,,,,,"+1.827",1827,"+0.013",13,12
631,1999,1,7,7,"7","9","giancarlo-fisichella","benetton","playlife","bridgestone","1:32.540",92540,,,,,,,"+2.078",2078,"+0.251",251,12
631,1999,1,8,8,"8","6","ralf-schumacher","williams","supertec","bridgestone","1:32.691",92691,,,,,,,"+2.229",2229,"+0.151",151,10
631,1999,1,9,9,"9","7","damon-hill","jordan","mugen-honda","bridgestone","1:32.695",92695,,,,,,,"+2.233",2233,"+0.004",4,12
631,1999,1,10,10,"10","10","alexander-wurz","benetton","playlife","bridgestone","1:32.789",92789,,,,,,,"+2.327",2327,"+0.094",94,12
631,1999,1,11,11,"11","22","jacques-villeneuve","bar","supertec","bridgestone","1:32.888",92888,,,,,,,"+2.426",2426,"+0.099",99,10
631,1999,1,12,12,"12","19","jarno-trulli","prost","peugeot","bridgestone","1:32.971",92971,,,,,,,"+2.509",2509,"+0.083",83,11
631,1999,1,13,13,"13","17","johnny-herbert","stewart","ford","bridgestone","1:32.991",92991,,,,,,,"+2.529",2529,"+0.020",20,12
631,1999,1,14,14,"14","12","pedro-diniz","sauber","petronas","bridgestone","1:33.374",93374,,,,,,,"+2.912",2912,"+0.383",383,9
631,1999,1,15,15,"15","5","alex-zanardi","williams","supertec","bridgestone","1:33.549",93549,,,,,,,"+3.087",3087,"+0.175",175,12
631,1999,1,16,16,"16","11","jean-alesi","sauber","petronas","bridgestone","1:33.910",93910,,,,,,,"+3.448",3448,"+0.361",361,10
631,1999,1,17,17,"17","15","toranosuke-takagi","arrows","arrows","bridgestone","1:34.182",94182,,,,,,,"+3.720",3720,"+0.272",272,12
631,1999,1,18,18,"18","14","pedro-de-la-rosa","arrows","arrows","bridgestone","1:34.244",94244,,,,,,,"+3.782",3782,"+0.062",62,12
631,1999,1,19,19,"19","23","ricardo-zonta","bar","supertec","bridgestone","1:34.412",94412,,,,,,,"+3.950",3950,"+0.168",168,11
631,1999,1,20,20,"20","18","olivier-panis","prost","peugeot","bridgestone","1:35.068",95068,,,,,,,"+4.606",4606,"+0.656",656,10
631,1999,1,21,21,"21","20","luca-badoer","minardi","ford","bridgestone","1:35.316",95316,,,,,,,"+4.854",4854,"+0.248",248,11
631,1999,1,22,,"NC","21","marc-gene","minardi","ford","bridgestone","1:37.013",97013,,,,,,,"+6.551",6551,"+1.697",1697,11
632,1999,2,1,1,"1","1","mika-hakkinen","mclaren","mercedes","bridgestone","1:16.568",76568,,,,,,,,,,,12
632,1999,2,2,2,"2","2","david-coulthard","mclaren","mercedes","bridgestone","1:16.715",76715,,,,,,,"+0.147",147,"+0.147",147,12
632,1999,2,3,3,"3","16","rubens-barrichello","stewart","ford","bridgestone","1:17.305",77305,,,,,,,"+0.737",737,"+0.590",590,11
632,1999,2,4,4,"4","3","michael-schumacher","ferrari","ferrari","bridgestone","1:17.578",77578,,,,,,,"+1.010",1010,"+0.273",273,11
632,1999,2,5,5,"5","9","giancarlo-fisichella","benetton","playlife","bridgestone","1:17.810",77810,,,,,,,"+1.242",1242,"+0.232",232,12
632,1999,2,6,6,"6","4","eddie-irvine","ferrari","ferrari","bridgestone","1:17.843",77843,,,,,,,"+1.275",1275,"+0.033",33,11
632,1999,2,7,7,"7","7","damon-hill","jordan","mugen-honda","bridgestone","1:17.884",77884,,,,,,,"+1.316",1316,"+0.041",41,11
632,1999,2,8,8,"8","8","heinz-harald-frentzen","jordan","mugen-honda","bridgestone","1:17.902",77902,,,,,,,"+1.334",1334,"+0.018",18,11
632,1999,2,9,9,"9","10","alexander-wurz","benetton","playlife","bridgestone","1:18.334",78334,,,,,,,"+1.766",1766,"+0.432",432,12
632,1999,2,10,10,"10","17","johnny-herbert","stewart","ford","bridgestone","1:18.374",78374,,,,,,,"+1.806",1806,"+0.040",40,12
632,1999,2,11,11,"11","6","ralf-schumacher","williams","supertec","bridgestone","1:18.506",78506,,,,,,,"+1.938",1938,"+0.132",132,12
632,1999,2,12,12,"12","18","olivier-panis","prost","peugeot","bridgestone","1:18.636",78636,,,,,,,"+2.068",2068,"+0.130",130,12
632,1999,2,13,13,"13","19","jarno-trulli","prost","peugeot","bridgestone","1:18.684",78684,,,,,,,"+2.116",2116,"+0.048",48,12
632,1999,2,14,14,"14","11","jean-alesi","sauber","petronas","bridgestone","1:18.716",78716,,,,,,,"+2.148",2148,"+0.032",32,12
632,1999,2,15,15,"15","12","pedro-diniz","sauber","petronas","bridgestone","1:19.194",79194,,,,,,,"+2.626",2626,"+0.478",478,11
632,1999,2,16,16,"16","22","jacques-villeneuve","bar","supertec","bridgestone","1:19.377",79377,,,,,,,"+2.809",2809,"+0.183",183,12
632,1999,2,17,17,"17","5","alex-zanardi","williams","supertec","bridgestone","1:19.452",79452,,,,,,,"+2.884",2884,"+0.075",75,10
632,1999,2,18,18,"18","20","stephane-sarrazin","minardi","ford","bridgestone","1:20.016",80016,,,,,,,"+3.448",3448,"+0.564",564,12
632,1999,2,19,19,"19","14","pedro-de-la-rosa","arrows","arrows","bridgestone","1:20.075",80075,,,,,,,"+3.507",3507,"+0.059",59,11
632,1999,2,20,20,"20","15","toranosuke-takagi","arrows","arrows","bridgestone","1:20.096",80096,,,,,,,"+3.528",3528,"+0.021",21,12
632,1999,2,21,21,"21","21","marc-gene","minardi","ford","bridgestone","1:20.710",80710,,,,,,,"+4.142",4142,"+0.614",614,11
633,1999,3,1,1,"1","1","mika-hakkinen","mclaren","mercedes","bridgestone","1:26.362",86362,,,,,,,,,,,11
633,1999,3,2,2,"2","2","david-coulthard","mclaren","mercedes","bridgestone","1:26.384",86384,,,,,,,"+0.022",22,"+0.022",22,10
633,1999,3,3,3,"3","3","michael-schumacher","ferrari","ferrari","bridgestone","1:26.538",86538,,,,,,,"+0.176",176,"+0.154",154,12
633,1999,3,4,4,"4","4","eddie-irvine","ferrari","ferrari","bridgestone","1:26.993",86993,,,,,,,"+0.631",631,"+0.455",455,11
633,1999,3,5,5,"5","22","jacques-villeneuve","bar","supertec","bridgestone","1:27.313",87313,,,,,,,"+0.951",951,"+0.320",320,12
633,1999,3,6,6,"6","16","rubens-barrichello","stewart","ford","bridgestone","1:27.409",87409,,,,,,,"+1.047",1047,"+0.096",96,11
633,1999,3,7,7,"7","8","heinz-harald-frentzen","jordan","mugen-honda","bridgestone","1:27.613",87613,,,,,,,"+1.251",1251,"+0.204",204,10
633,1999,3,8,8,"8","7","damon-hill","jordan","mugen-honda","bridgestone","1:27.708",87708,,,,,,,"+1.346",1346,"+0.095",95,11
633,1999,3,9,9,"9","6","ralf-schumacher","williams","supertec","bridgestone","1:27.770",87770,,,,,,,"+1.408",1408,"+0.062",62,12
633,1999,3,10,10,"10","5","alex-zanardi","williams","supertec","bridgestone","1:28.142",88142,,,,,,,"+1.780",1780,"+0.372",372,11
633,1999,3,11,11,"11","18","olivier-panis","prost","peugeot","bridgestone","1:28.205",88205,,,,,,,"+1.843",1843,"+0.063",63,12
633,1999,3,12,12,"12","17","johnny-herbert","stewart","ford","bridgestone","1:28.246",88246,,,,,,,"+1.884",1884,"+0.041",41,11
633,1999,3,13,13,"13","11","jean-alesi","sauber","petronas","bridgestone","1:28.253",88253,,,,,,,"+1.891",1891,"+0.007",7,12
633,1999,3,14,14,"14","19","jarno-trulli","prost","peugeot","bridgestone","1:28.403",88403,,,,,,,"+2.041",2041,"+0.150",150,6
633,1999,3,15,15,"15","12","pedro-diniz","sauber","petronas","bridgestone","1:28.599",88599,,,,,,,"+2.237",2237,"+0.196",196,12
633,1999,3,16,16,"16","9","giancarlo-fisichella","benetton","playlife","bridgestone","1:28.750",88750,,,,,,,"+2.388",2388,"+0.151",151,12
633,1999,3,17,17,"17","10","alexander-wurz","benetton","playlife","bridgestone","1:28.765",88765,,,,,,,"+2.403",2403,"+0.015",15,11
633,1999,3,18,18,"18","14","pedro-de-la-rosa","arrows","arrows","bridgestone","1:29.293",89293,,,,,,,"+2.931",2931,"+0.528",528,11
633,1999,3,19,19,"19","23","mika-salo","bar","supertec","bridgestone","1:29.451",89451,,,,,,,"+3.089",3089,"+0.158",158,7
633,1999,3,20,20,"20","15","toranosuke-takagi","arrows","arrows","bridgestone","1:29.656",89656,,,,,,,"+3.294",3294,"+0.205",205,12
633,1999,3,21,21,"21","21","marc-gene","minardi","ford","bridgestone","1:30.035",90035,,,,,,,"+3.673",3673,"+0.379",379,12
633,1999,3,22,22,"22","20","luca-badoer","minardi","ford","bridgestone","1:30.945",90945,,,,,,,"+4.583",4583,"+0.910",910,12
634,1999,4,1,1,"1","1","mika-hakkinen","mclaren","mercedes","bridgestone","1:20.547",80547,,,,,,,,,,,12
634,1999,4,2,2,"2","3","michael-schumacher","ferrari","ferrari","bridgestone","1:20.611",80611,,,,,,,"+0.064",64,"+0.064",64,11
634,1999,4,3,3,"3","2","david-coulthard","mclaren","mercedes","bridgestone","1:20.956",80956,,,,,,,"+0.409",409,"+0.345",345,12
634,1999,4,4,4,"4","4","eddie-irvine","ferrari","ferrari","bridgestone","1:21.011",81011,,,,,,,"+0.464",464,"+0.055",55,12
634,1999,4,5,5,"5","16","rubens-barrichello","stewart","ford","bridgestone","1:21.530",81530,,,,,,,"+0.983",983,"+0.519",519,12
634,1999,4,6,6,"6","8","heinz-harald-frentzen","jordan","mugen-honda","bridgestone","1:21.556",81556,,,,,,,"+1.009",1009,"+0.026",26,12
634,1999,4,7,7,"7","19","jarno-trulli","prost","peugeot","bridgestone","1:21.769",81769,,,,,,,"+1.222",1222,"+0.213",213,11
634,1999,4,8,8,"8","22","jacques-villeneuve","bar","supertec","bridgestone","1:21.827",81827,,,,,,,"+1.280",1280,"+0.058",58,12
634,1999,4,9,9,"9","9","giancarlo-fisichella","benetton","playlife","bridgestone","1:21.938",81938,,,,,,,"+1.391",1391,"+0.111",111,11
634,1999,4,10,10,"10","10","alexander-wurz","benetton","playlife","bridgestone","1:21.968",81968,,,,,,,"+1.421",1421,"+0.030",30,12
634,1999,4,11,11,"11","5","alex-zanardi","williams","supertec","bridgestone","1:22.152",82152,,,,,,,"+1.605",1605,"+0.184",184,12
634,1999,4,12,12,"12","23","mika-salo","bar","supertec","bridgestone","1:22.241",82241,,,,,,,"+1.694",1694,"+0.089",89,12
634,1999,4,13,13,"13","17","johnny-herbert","stewart","ford","bridgestone","1:22.248",82248,,,,,,,"+1.701",1701,"+0.007",7,12
634,1999,4,14,14,"14","11","jean-alesi","sauber","petronas","bridgestone","1:22.354",82354,,,,,,,"+1.807",1807,"+0.106",106,12
634,1999,4,15,15,"15","12","pedro-diniz","sauber","petronas","bridgestone","1:22.659",82659,,,,,,,"+2.112",2112,"+0.305",305,12
634,1999,4,16,16,"16","6","ralf-schumacher","williams","supertec","bridgestone","1:22.719",82719,,,,,,,"+2.172",2172,"+0.060",60,11
634,1999,4,17,17,"17","7","damon-hill","jordan","mugen-honda","bridgestone","1:22.832",82832,,,,,,,"+2.285",2285,"+0.113",113,12
634,1999,4,18,18,"18","18","olivier-panis","prost","peugeot","bridgestone","1:22.916",82916,,,,,,,"+2.369",2369,"+0.084",84,12
634,1999,4,19,19,"19","15","toranosuke-takagi","arrows","arrows","bridgestone","1:23.290",83290,,,,,,,"+2.743",2743,"+0.374",374,11
634,1999,4,20,20,"20","20","luca-badoer","minardi","ford","bridgestone","1:23.765",83765,,,,,,,"+3.218",3218,"+0.475",475,12
634,1999,4,21,21,"21","14","pedro-de-la-rosa","arrows","arrows","bridgestone","1:24.260",84260,,,,,,,"+3.713",3713,"+0.495",495,12
634,1999,4,22,22,"22","21","marc-gene","minardi","ford","bridgestone","1:24.914",84914,,,,,,,"+4.367",4367,"+0.654",654,11
635,1999,5,1,1,"1","1","mika-hakkinen","mclaren","mercedes","bridgestone","1:22.088",82088,,,,,,,,,,,11
635,1999,5,2,2,"2","4","eddie-irvine","ferrari","ferrari","bridgestone","1:22.219",82219,,,,,,,"+0.131",131,"+0.131",131,12
635,1999,5,3,3,"3","2","david-coulthard","mclaren","mercedes","bridgestone","1:22.244",82244,,,,,,,"+0.156",156,"+0.025",25,11
635,1999,5,4,4,"4","3","michael-schumacher","ferrari","ferrari","bridgestone","1:22.277",82277,,,,,,,"+0.189",189,"+0.033",33,11
635,1999,5,5,5,"5","11","jean-alesi","sauber","petronas","bridgestone","1:22.388",82388,,,,,,,"+0.300",300,"+0.111",111,9
635,1999,5,6,6,"6","22","jacques-villeneuve","bar","supertec","bridgestone","1:22.703",82703,,,,,,,"+0.615",615,"+0.315",315,11
635,1999,5,7,7,"7","16","rubens-barrichello","stewart","ford","bridgestone","1:22.920",82920,,,,,,,"+0.832",832,"+0.217",217,11
635,1999,5,8,8,"8","8","heinz-harald-frentzen","jordan","mugen-honda","bridgestone","1:22.938",82938,,,,,,,"+0.850",850,"+0.018",18,11
635,1999,5,9,9,"9","19","jarno-trulli","prost","peugeot","bridgestone","1:23.194",83194,,,,,,,"+1.106",1106,"+0.256",256,12
635,1999,5,10,10,"10","6","ralf-schumacher","williams","supertec","bridgestone","1:23.303",83303,,,,,,,"+1.215",1215,"+0.109",109,12
635,1999,5,11,11,"11","7","damon-hill","jordan","mugen-honda","bridgestone","1:23.317",83317,,,,,,,"+1.229",1229,"+0.014",14,12
635,1999,5,12,12,"12","12","pedro-diniz","sauber","petronas","bridgestone","1:23.331",83331,,,,,,,"+1.243",1243,"+0.014",14,12
635,1999,5,13,13,"13","9","giancarlo-fisichella","benetton","playlife","bridgestone","1:23.333",83333,,,,,,,"+1.245",1245,"+0.002",2,12
635,1999,5,14,14,"14","17","johnny-herbert","stewart","ford","bridgestone","1:23.505",83505,,,,,,,"+1.417",1417,"+0.172",172,11
635,1999,5,15,15,"15","18","olivier-panis","prost","peugeot","bridgestone","1:23.559",83559,,,,,,,"+1.471",1471,"+0.054",54,12
635,1999,5,16,16,"16","23","mika-salo","bar","supertec","bridgestone","1:23.683",83683,,,,,,,"+1.595",1595,"+0.124",124,12
635,1999,5,17,17,"17","5","alex-zanardi","williams","supertec","bridgestone","1:23.703",83703,,,,,,,"+1.615",1615,"+0.020",20,12
635,1999,5,18,18,"18","10","alexander-wurz","benetton","playlife","bridgestone","1:23.824",83824,,,,,,,"+1.736",1736,"+0.121",121,11
635,1999,5,19,19,"19","14","pedro-de-la-rosa","arrows","arrows","bridgestone","1:24.619",84619,,,,,,,"+2.531",2531,"+0.795",795,12
635,1999,5,20,20,"20","15","toranosuke-takagi","arrows","arrows","bridgestone","1:25.280",85280,,,,,,,"+3.192",3192,"+0.661",661,11
635,1999,5,21,21,"21","21","marc-gene","minardi","ford","bridgestone","1:25.672",85672,,,,,,,"+3.584",3584,"+0.392",392,11
635,1999,5,22,22,"22","20","luca-badoer","minardi","ford","bridgestone","1:25.833",85833,,,,,,,"+3.745",3745,"+0.161",161,12
636,1999,6,1,1,"1","3","michael-schumacher","ferrari","ferrari","bridgestone","1:19.298",79298,,,,,,,,,,,7
636,1999,6,2,2,"2","1","mika-hakkinen","mclaren","mercedes","bridgestone","1:19.327",79327,,,,,,,"+0.029",29,"+0.029",29,12
636,1999,6,3,3,"3","4","eddie-irvine","ferrari","ferrari","bridgestone","1:19.440",79440,,,,,,,"+0.142",142,"+0.113",113,11
636,1999,6,4,4,"4","2","david-coulthard","mclaren","mercedes","bridgestone","1:19.729",79729,,,,,,,"+0.431",431,"+0.289",289,11
636,1999,6,5,5,"5","16","rubens-barrichello","stewart","ford","bridgestone","1:19.930",79930,,,,,,,"+0.632",632,"+0.201",201,11
636,1999,6,6,6,"6","8","heinz-harald-frentzen","jordan","mugen-honda","bridgestone","1:20.158",80158,,,,,,,"+0.860",860,"+0.228",228,12
636,1999,6,7,7,"7","9","giancarlo-fisichella","benetton","playlife","bridgestone","1:20.378",80378,,,,,,,"+1.080",1080,"+0.220",220,7
636,1999,6,8,8,"8","11","jean-alesi","sauber","petronas","bridgestone","1:20.459",80459,,,,,,,"+1.161",1161,"+0.081",81,10
636,1999,6,9,9,"9","19","jarno-trulli","prost","peugeot","bridgestone","1:20.557",80557,,,,,,,"+1.259",1259,"+0.098",98,11
636,1999,6,10,10,"10","17","johnny-herbert","stewart","ford","bridgestone","1:20.829",80829,,,,,,,"+1.531",1531,"+0.272",272,12
636,1999,6,11,11,"11","10","alexander-wurz","benetton","playlife","bridgestone","1:21.000",81000,,,,,,,"+1.702",1702,"+0.171",171,11
636,1999,6,12,12,"12","5","alex-zanardi","williams","supertec","bridgestone","1:21.076",81076,,,,,,,"+1.778",1778,"+0.076",76,12
636,1999,6,13,13,"13","6","ralf-schumacher","williams","supertec","bridgestone","1:21.081",81081,,,,,,,"+1.783",1783,"+0.005",5,10
636,1999,6,14,14,"14","7","damon-hill","jordan","mugen-honda","bridgestone","1:21.094",81094,,,,,,,"+1.796",1796,"+0.013",13,12
636,1999,6,15,15,"15","18","olivier-panis","prost","peugeot","bridgestone","1:21.252",81252,,,,,,,"+1.954",1954,"+0.158",158,11
636,1999,6,16,16,"16","22","jacques-villeneuve","bar","supertec","bridgestone","1:21.302",81302,,,,,,,"+2.004",2004,"+0.050",50,11
636,1999,6,17,17,"17","23","ricardo-zonta","bar","supertec","bridgestone","1:21.467",81467,,,,,,,"+2.169",2169,"+0.165",165,12
636,1999,6,18,18,"18","12","pedro-diniz","sauber","petronas","bridgestone","1:21.571",81571,,,,,,,"+2.273",2273,"+0.104",104,12
636,1999,6,19,19,"19","15","toranosuke-takagi","arrows","arrows","bridgestone","1:21.693",81693,,,,,,,"+2.395",2395,"+0.122",122,11
636,1999,6,20,20,"20","14","pedro-de-la-rosa","arrows","arrows","bridgestone","1:22.613",82613,,,,,,,"+3.315",3315,"+0.920",920,12
636,1999,6,21,21,"21","20","luca-badoer","minardi","ford","bridgestone","1:22.808",82808,,,,,,,"+3.510",3510,"+0.195",195,12
636,1999,6,22,22,"22","21","marc-gene","minardi","ford","bridgestone","1:23.387",83387,,,,,,,"+4.089",4089,"+0.579",579,12
637,1999,7,1,1,"1","16","rubens-barrichello","stewart","ford","bridgestone","1:38.441",98441,,,,,,,,,,,5
637,1999,7,2,2,"2","11","jean-alesi","sauber","petronas","bridgestone","1:38.881",98881,,,,,,,"+0.440",440,"+0.440",440,6
637,1999,7,3,3,"3","18","olivier-panis","prost","peugeot","bridgestone","1:40.400",100400,,,,,,,"+1.959",1959,"+1.519",1519,5
637,1999,7,4,4,"4","2","david-coulthard","mclaren","mercedes","bridgestone","1:40.403",100403,,,,,,,"+1.962",1962,"+0.003",3,11
637,1999,7,5,5,"5","8","heinz-harald-frentzen","jordan","mugen-honda","bridgestone","1:40.690",100690,,,,,,,"+2.249",2249,"+0.287",287,10
637,1999,7,6,6,"6","3","michael-schumacher","ferrari","ferrari","bridgestone","1:41.127",101127,,,,,,,"+2.686",2686,"+0.437",437,10
637,1999,7,7,7,"7","9","giancarlo-fisichella","benetton","playlife","bridgestone","1:41.825",101825,,,,,,,"+3.384",3384,"+0.698",698,9
637,1999,7,8,8,"8","19","jarno-trulli","prost","peugeot","bridgestone","1:42.096",102096,,,,,,,"+3.655",3655,"+0.271",271,8
637,1999,7,9,9,"9","17","johnny-herbert","stewart","ford","bridgestone","1:42.199",102199,,,,,,,"+3.758",3758,"+0.103",103,7
637,1999,7,10,10,"10","23","ricardo-zonta","bar","supertec","bridgestone","1:42.228",102228,,,,,,,"+3.787",3787,"+0.029",29,9
637,1999,7,11,11,"11","12","pedro-diniz","sauber","petronas","bridgestone","1:42.942",102942,,,,,,,"+4.501",4501,"+0.714",714,8
637,1999,7,12,12,"12","22","jacques-villeneuve","bar","supertec","bridgestone","1:43.748",103748,,,,,,,"+5.307",5307,"+0.806",806,10
637,1999,7,13,13,"13","10","alexander-wurz","benetton","playlife","bridgestone","1:44.319",104319,,,,,,,"+5.878",5878,"+0.571",571,10
637,1999,7,14,14,"14","1","mika-hakkinen","mclaren","mercedes","bridgestone","1:44.368",104368,,,,,,,"+5.927",5927,"+0.049",49,8
637,1999,7,15,15,"15","5","alex-zanardi","williams","supertec","bridgestone","1:44.912",104912,,,,,,,"+6.471",6471,"+0.544",544,11
637,1999,7,16,16,"16","6","ralf-schumacher","williams","supertec","bridgestone","1:45.189",105189,,,,,,,"+6.748",6748,"+0.277",277,9
637,1999,7,17,17,"17","4","eddie-irvine","ferrari","ferrari","bridgestone","1:45.218",105218,,,,,,,"+6.777",6777,"+0.029",29,7
637,1999,7,18,,"NC","7","damon-hill","jordan","mugen-honda","bridgestone","1:45.334",105334,,,,,,,"+6.893",6893,"+0.116",116,10
637,1999,7,19,,"NC","21","marc-gene","minardi","ford","bridgestone","1:46.324",106324,,,,,,,"+7.883",7883,"+0.990",990,10
637,1999,7,20,,"NC","20","luca-badoer","minardi","ford","bridgestone","1:46.784",106784,,,,,,,"+8.343",8343,"+0.460",460,8
637,1999,7,21,,"NC","14","pedro-de-la-rosa","arrows","arrows","bridgestone","1:48.215",108215,,,,,,,"+9.774",9774,"+1.431",1431,9
637,1999,7,22,,"NC","15","toranosuke-takagi","arrows","arrows","bridgestone","1:48.322",108322,,,,,,,"+9.881",9881,"+0.107",107,10
638,1999,8,1,1,"1","1","mika-hakkinen","mclaren","mercedes","bridgestone","1:24.804",84804,,,,,,,,,,,9
638,1999,8,2,2,"2","3","michael-schumacher","ferrari","ferrari","bridgestone","1:25.223",85223,,,,,,,"+0.419",419,"+0.419",419,11
638,1999,8,3,3,"3","2","david-coulthard","mclaren","mercedes","bridgestone","1:25.594",85594,,,,,,,"+0.790",790,"+0.371",371,12
638,1999,8,4,4,"4","4","eddie-irvine","ferrari","ferrari","bridgestone","1:25.677",85677,,,,,,,"+0.873",873,"+0.083",83,12
638,1999,8,5,5,"5","8","heinz-harald-frentzen","jordan","mugen-honda","bridgestone","1:25.991",85991,,,,,,,"+1.187",1187,"+0.314",314,11
638,1999,8,6,6,"6","7","damon-hill","jordan","mugen-honda","bridgestone","1:26.099",86099,,,,,,,"+1.295",1295,"+0.108",108,12
638,1999,8,7,7,"7","16","rubens-barrichello","stewart","ford","bridgestone","1:26.194",86194,,,,,,,"+1.390",1390,"+0.095",95,12
638,1999,8,8,8,"8","6","ralf-schumacher","williams","supertec","bridgestone","1:26.438",86438,,,,,,,"+1.634",1634,"+0.244",244,12
638,1999,8,9,9,"9","22","jacques-villeneuve","bar","supertec","bridgestone","1:26.719",86719,,,,,,,"+1.915",1915,"+0.281",281,11
638,1999,8,10,10,"10","11","jean-alesi","sauber","petronas","bridgestone","1:26.761",86761,,,,,,,"+1.957",1957,"+0.042",42,11
638,1999,8,11,11,"11","17","johnny-herbert","stewart","ford","bridgestone","1:26.873",86873,,,,,,,"+2.069",2069,"+0.112",112,12
638,1999,8,12,12,"12","12","pedro-diniz","sauber","petronas","bridgestone","1:27.196",87196,,,,,,,"+2.392",2392,"+0.323",323,12
638,1999,8,13,13,"13","5","alex-zanardi","williams","supertec","bridgestone","1:27.223",87223,,,,,,,"+2.419",2419,"+0.027",27,12
638,1999,8,14,14,"14","19","jarno-trulli","prost","peugeot","bridgestone","1:27.227",87227,,,,,,,"+2.423",2423,"+0.004",4,10
638,1999,8,15,15,"15","18","olivier-panis","prost","peugeot","bridgestone","1:27.543",87543,,,,,,,"+2.739",2739,"+0.316",316,11
638,1999,8,16,16,"16","23","ricardo-zonta","bar","supertec","bridgestone","1:27.699",87699,,,,,,,"+2.895",2895,"+0.156",156,11
638,1999,8,17,17,"17","9","giancarlo-fisichella","benetton","playlife","bridgestone","1:27.857",87857,,,,,,,"+3.053",3053,"+0.158",158,12
638,1999,8,18,18,"18","10","alexander-wurz","benetton","playlife","bridgestone","1:28.010",88010,,,,,,,"+3.206",3206,"+0.153",153,12
638,1999,8,19,19,"19","15","toranosuke-takagi","arrows","arrows","bridgestone","1:28.037",88037,,,,,,,"+3.233",3233,"+0.027",27,11
638,1999,8,20,20,"20","14","pedro-de-la-rosa","arrows","arrows","bridgestone","1:28.148",88148,,,,,,,"+3.344",3344,"+0.111",111,12
638,1999,8,21,21,"21","20","luca-badoer","minardi","ford","bridgestone","1:28.695",88695,,,,,,,"+3.891",3891,"+0.547",547,11
638,1999,8,22,22,"22","21","marc-gene","minardi","ford","bridgestone","1:28.772",88772,,,,,,,"+3.968",3968,"+0.077",77,12
639,1999,9,1,1,"1","1","mika-hakkinen","mclaren","mercedes","bridgestone","1:10.954",70954,,,,,,,,,,,10
639,1999,9,2,2,"2","2","david-coulthard","mclaren","mercedes","bridgestone","1:11.153",71153,,,,,,,"+0.199",199,"+0.199",199,12
639,1999,9,3,3,"3","4","eddie-irvine","ferrari","ferrari","bridgestone","1:11.973",71973,,,,,,,"+1.019",1019,"+0.820",820,12
639,1999,9,4,4,"4","8","heinz-harald-frentzen","jordan","mugen-honda","bridgestone","1:12.266",72266,,,,,,,"+1.312",1312,"+0.293",293,12
639,1999,9,5,5,"5","16","rubens-barrichello","stewart","ford","bridgestone","1:12.342",72342,,,,,,,"+1.388",1388,"+0.076",76,12
639,1999,9,6,6,"6","17","johnny-herbert","stewart","ford","bridgestone","1:12.488",72488,,,,,,,"+1.534",1534,"+0.146",146,12
639,1999,9,7,7,"7","3","mika-salo","ferrari","ferrari","bridgestone","1:12.514",72514,,,,,,,"+1.560",1560,"+0.026",26,12
639,1999,9,8,8,"8","6","ralf-schumacher","williams","supertec","bridgestone","1:12.515",72515,,,,,,,"+1.561",1561,"+0.001",1,10
639,1999,9,9,9,"9","22","jacques-villeneuve","bar","supertec","bridgestone","1:12.833",72833,,,,,,,"+1.879",1879,"+0.318",318,11
639,1999,9,10,10,"10","10","alexander-wurz","benetton","playlife","bridgestone","1:12.850",72850,,,,,,,"+1.896",1896,"+0.017",17,12
639,1999,9,11,11,"11","7","damon-hill","jordan","mugen-honda","bridgestone","1:12.901",72901,,,,,,,"+1.947",1947,"+0.051",51,11
639,1999,9,12,12,"12","9","giancarlo-fisichella","benetton","playlife","bridgestone","1:12.924",72924,,,,,,,"+1.970",1970,"+0.023",23,11
639,1999,9,13,13,"13","19","jarno-trulli","prost","peugeot","bridgestone","1:12.999",72999,,,,,,,"+2.045",2045,"+0.075",75,11
639,1999,9,14,14,"14","5","alex-zanardi","williams","supertec","bridgestone","1:13.101",73101,,,,,,,"+2.147",2147,"+0.102",102,12
639,1999,9,15,15,"15","23","ricardo-zonta","bar","supertec","bridgestone","1:13.172",73172,,,,,,,"+2.218",2218,"+0.071",71,12
639,1999,9,16,16,"16","12","pedro-diniz","sauber","petronas","bridgestone","1:13.223",73223,,,,,,,"+2.269",2269,"+0.051",51,12
639,1999,9,17,17,"17","11","jean-alesi","sauber","petronas","bridgestone","1:13.226",73226,,,,,,,"+2.272",2272,"+0.003",3,11
639,1999,9,18,18,"18","18","olivier-panis","prost","peugeot","bridgestone","1:13.457",73457,,,,,,,"+2.503",2503,"+0.231",231,12
639,1999,9,19,19,"19","20","luca-badoer","minardi","ford","bridgestone","1:13.606",73606,,,,,,,"+2.652",2652,"+0.149",149,12
639,1999,9,20,20,"20","15","toranosuke-takagi","arrows","arrows","bridgestone","1:13.641",73641,,,,,,,"+2.687",2687,"+0.035",35,12
639,1999,9,21,21,"21","14","pedro-de-la-rosa","arrows","arrows","bridgestone","1:14.139",74139,,,,,,,"+3.185",3185,"+0.498",498,11
639,1999,9,22,22,"22","21","marc-gene","minardi","ford","bridgestone","1:14.363",74363,,,,,,,"+3.409",3409,"+0.224",224,10
640,1999,10,1,1,"1","1","mika-hakkinen","mclaren","mercedes","bridgestone","1:42.950",102950,,,,,,,,,,,11
640,1999,10,2,2,"2","8","heinz-harald-frentzen","jordan","mugen-honda","bridgestone","1:43.000",103000,,,,,,,"+0.050",50,"+0.050",50,11
640,1999,10,3,3,"3","2","david-coulthard","mclaren","mercedes","bridgestone","1:43.288",103288,,,,,,,"+0.338",338,"+0.288",288,12
640,1999,10,4,4,"4","3","mika-salo","ferrari","ferrari","bridgestone","1:43.577",103577,,,,,,,"+0.627",627,"+0.289",289,11
640,1999,10,5,5,"5","4","eddie-irvine","ferrari","ferrari","bridgestone","1:43.769",103769,,,,,,,"+0.819",819,"+0.192",192,11
640,1999,10,6,6,"6","16","rubens-barrichello","stewart","ford","bridgestone","1:43.938",103938,,,,,,,"+0.988",988,"+0.169",169,12
640,1999,10,7,7,"7","18","olivier-panis","prost","peugeot","bridgestone","1:43.979",103979,,,,,,,"+1.029",1029,"+0.041",41,12
640,1999,10,8,8,"8","7","damon-hill","jordan","mugen-honda","bridgestone","1:44.001",104001,,,,,,,"+1.051",1051,"+0.022",22,12
640,1999,10,9,9,"9","19","jarno-trulli","prost","peugeot","bridgestone","1:44.209",104209,,,,,,,"+1.259",1259,"+0.208",208,10
640,1999,10,10,10,"10","9","giancarlo-fisichella","benetton","playlife","bridgestone","1:44.338",104338,,,,,,,"+1.388",1388,"+0.129",129,11
640,1999,10,11,11,"11","6","ralf-schumacher","williams","supertec","bridgestone","1:44.468",104468,,,,,,,"+1.518",1518,"+0.130",130,12
640,1999,10,12,12,"12","22","jacques-villeneuve","bar","supertec","bridgestone","1:44.508",104508,,,,,,,"+1.558",1558,"+0.040",40,10
640,1999,10,13,13,"13","10","alexander-wurz","benetton","playlife","bridgestone","1:44.522",104522,,,,,,,"+1.572",1572,"+0.014",14,11
640,1999,10,14,14,"14","5","alex-zanardi","williams","supertec","bridgestone","1:45.034",105034,,,,,,,"+2.084",2084,"+0.512",512,12
640,1999,10,15,15,"15","21","marc-gene","minardi","ford","bridgestone","1:45.331",105331,,,,,,,"+2.381",2381,"+0.297",297,12
640,1999,10,16,16,"16","12","pedro-diniz","sauber","petronas","bridgestone","1:45.335",105335,,,,,,,"+2.385",2385,"+0.004",4,12
640,1999,10,17,17,"17","17","johnny-herbert","stewart","ford","bridgestone","1:45.454",105454,,,,,,,"+2.504",2504,"+0.119",119,11
640,1999,10,18,18,"18","23","ricardo-zonta","bar","supertec","bridgestone","1:45.460",105460,,,,,,,"+2.510",2510,"+0.006",6,12
640,1999,10,19,19,"19","20","luca-badoer","minardi","ford","bridgestone","1:45.917",105917,,,,,,,"+2.967",2967,"+0.457",457,12
640,1999,10,20,20,"20","14","pedro-de-la-rosa","arrows","arrows","bridgestone","1:45.935",105935,,,,,,,"+2.985",2985,"+0.018",18,12
640,1999,10,21,21,"21","11","jean-alesi","sauber","petronas","bridgestone","1:45.962",105962,,,,,,,"+3.012",3012,"+0.027",27,12
640,1999,10,22,22,"22","15","toranosuke-takagi","arrows","arrows","bridgestone","1:46.209",106209,,,,,,,"+3.259",3259,"+0.247",247,12
641,1999,11,1,1,"1","1","mika-hakkinen","mclaren","mercedes","bridgestone","1:18.156",78156,,,,,,,,,,,11
641,1999,11,2,2,"2","4","eddie-irvine","ferrari","ferrari","bridgestone","1:18.263",78263,,,,,,,"+0.107",107,"+0.107",107,11
641,1999,11,3,3,"3","2","david-coulthard","mclaren","mercedes","bridgestone","1:18.384",78384,,,,,,,"+0.228",228,"+0.121",121,12
641,1999,11,4,4,"4","9","giancarlo-fisichella","benetton","playlife","bridgestone","1:18.515",78515,,,,,,,"+0.359",359,"+0.131",131,11
641,1999,11,5,5,"5","8","heinz-harald-frentzen","jordan","mugen-honda","bridgestone","1:18.664",78664,,,,,,,"+0.508",508,"+0.149",149,12
641,1999,11,6,6,"6","7","damon-hill","jordan","mugen-honda","bridgestone","1:18.667",78667,,,,,,,"+0.511",511,"+0.003",3,11
641,1999,11,7,7,"7","10","alexander-wurz","benetton","playlife","bridgestone","1:18.733",78733,,,,,,,"+0.577",577,"+0.066",66,11
641,1999,11,8,8,"8","16","rubens-barrichello","stewart","ford","bridgestone","1:19.095",79095,,,,,,,"+0.939",939,"+0.362",362,11
641,1999,11,9,9,"9","22","jacques-villeneuve","bar","supertec","bridgestone","1:19.127",79127,,,,,,,"+0.971",971,"+0.032",32,11
641,1999,11,10,10,"10","17","johnny-herbert","stewart","ford","bridgestone","1:19.389",79389,,,,,,,"+1.233",1233,"+0.262",262,11
641,1999,11,11,11,"11","11","jean-alesi","sauber","petronas","bridgestone","1:19.390",79390,,,,,,,"+1.234",1234,"+0.001",1,12
641,1999,11,12,12,"12","12","pedro-diniz","sauber","petronas","bridgestone","1:19.782",79782,,,,,,,"+1.626",1626,"+0.392",392,11
641,1999,11,13,13,"13","19","jarno-trulli","prost","peugeot","bridgestone","1:19.788",79788,,,,,,,"+1.632",1632,"+0.006",6,12
641,1999,11,14,14,"14","18","olivier-panis","prost","peugeot","bridgestone","1:19.841",79841,,,,,,,"+1.685",1685,"+0.053",53,12
641,1999,11,15,15,"15","5","alex-zanardi","williams","supertec","bridgestone","1:19.924",79924,,,,,,,"+1.768",1768,"+0.083",83,11
641,1999,11,16,16,"16","6","ralf-schumacher","williams","supertec","bridgestone","1:19.945",79945,,,,,,,"+1.789",1789,"+0.021",21,12
641,1999,11,17,17,"17","23","ricardo-zonta","bar","supertec","bridgestone","1:20.060",80060,,,,,,,"+1.904",1904,"+0.115",115,12
641,1999,11,18,18,"18","3","mika-salo","ferrari","ferrari","bridgestone","1:20.369",80369,,,,,,,"+2.213",2213,"+0.309",309,12
641,1999,11,19,19,"19","20","luca-badoer","minardi","ford","bridgestone","1:20.961",80961,,,,,,,"+2.805",2805,"+0.592",592,12
641,1999,11,20,20,"20","14","pedro-de-la-rosa","arrows","arrows","bridgestone","1:21.328",81328,,,,,,,"+3.172",3172,"+0.367",367,12
641,1999,11,21,21,"21","15","toranosuke-takagi","arrows","arrows","bridgestone","1:21.675",81675,,,,,,,"+3.519",3519,"+0.347",347,11
641,1999,11,22,22,"22","21","marc-gene","minardi","ford","bridgestone","1:21.867",81867,,,,,,,"+3.711",3711,"+0.192",192,12
642,1999,12,1,1,"1","1","mika-hakkinen","mclaren","mercedes","bridgestone","1:50.329",110329,,,,,,,,,,,8
642,1999,12,2,2,"2","2","david-coulthard","mclaren","mercedes","bridgestone","1:50.484",110484,,,,,,,"+0.155",155,"+0.155",155,9
642,1999,12,3,3,"3","8","heinz-harald-frentzen","jordan","mugen-honda","bridgestone","1:51.332",111332,,,,,,,"+1.003",1003,"+0.848",848,10
642,1999,12,4,4,"4","7","damon-hill","jordan","mugen-honda","bridgestone","1:51.372",111372,,,,,,,"+1.043",1043,"+0.040",40,10
642,1999,12,5,5,"5","6","ralf-schumacher","williams","supertec","bridgestone","1:51.414",111414,,,,,,,"+1.085",1085,"+0.042",42,9
642,1999,12,6,6,"6","4","eddie-irvine","ferrari","ferrari","bridgestone","1:51.895",111895,,,,,,,"+1.566",1566,"+0.481",481,12
642,1999,12,7,7,"7","16","rubens-barrichello","stewart","ford","bridgestone","1:51.974",111974,,,,,,,"+1.645",1645,"+0.079",79,11
642,1999,12,8,8,"8","5","alex-zanardi","williams","supertec","bridgestone","1:52.014",112014,,,,,,,"+1.685",1685,"+0.040",40,12
642,1999,12,9,9,"9","3","mika-salo","ferrari","ferrari","bridgestone","1:52.124",112124,,,,,,,"+1.795",1795,"+0.110",110,10
642,1999,12,10,10,"10","17","johnny-herbert","stewart","ford","bridgestone","1:52.164",112164,,,,,,,"+1.835",1835,"+0.040",40,12
642,1999,12,11,11,"11","22","jacques-villeneuve","bar","supertec","bridgestone","1:52.235",112235,,,,,,,"+1.906",1906,"+0.071",71,8
642,1999,12,12,12,"12","19","jarno-trulli","prost","peugeot","bridgestone","1:52.644",112644,,,,,,,"+2.315",2315,"+0.409",409,11
642,1999,12,13,13,"13","9","giancarlo-fisichella","benetton","playlife","bridgestone","1:52.762",112762,,,,,,,"+2.433",2433,"+0.118",118,12
642,1999,12,14,14,"14","23","ricardo-zonta","bar","supertec","bridgestone","1:52.840",112840,,,,,,,"+2.511",2511,"+0.078",78,8
642,1999,12,15,15,"15","10","alexander-wurz","benetton","playlife","bridgestone","1:52.847",112847,,,,,,,"+2.518",2518,"+0.007",7,11
642,1999,12,16,16,"16","11","jean-alesi","sauber","petronas","bridgestone","1:52.921",112921,,,,,,,"+2.592",2592,"+0.074",74,12
642,1999,12,17,17,"17","18","olivier-panis","prost","peugeot","bridgestone","1:53.148",113148,,,,,,,"+2.819",2819,"+0.227",227,12
642,1999,12,18,18,"18","12","pedro-diniz","sauber","petronas","bridgestone","1:53.778",113778,,,,,,,"+3.449",3449,"+0.630",630,10
642,1999,12,19,19,"19","15","toranosuke-takagi","arrows","arrows","bridgestone","1:54.099",114099,,,,,,,"+3.770",3770,"+0.321",321,11
642,1999,12,20,20,"20","20","luca-badoer","minardi","ford","bridgestone","1:54.197",114197,,,,,,,"+3.868",3868,"+0.098",98,11
642,1999,12,21,21,"21","21","marc-gene","minardi","ford","bridgestone","1:54.557",114557,,,,,,,"+4.228",4228,"+0.360",360,12
642,1999,12,22,22,"22","14","pedro-de-la-rosa","arrows","arrows","bridgestone","1:54.579",114579,,,,,,,"+4.250",4250,"+0.022",22,12
643,1999,13,1,1,"1","1","mika-hakkinen","mclaren","mercedes","bridgestone","1:22.432",82432,,,,,,,,,,,10
643,1999,13,2,2,"2","8","heinz-harald-frentzen","jordan","mugen-honda","bridgestone","1:22.926",82926,,,,,,,"+0.494",494,"+0.494",494,11
643,1999,13,3,3,"3","2","david-coulthard","mclaren","mercedes","bridgestone","1:23.177",83177,,,,,,,"+0.745",745,"+0.251",251,12
643,1999,13,4,4,"4","5","alex-zanardi","williams","supertec","bridgestone","1:23.432",83432,,,,,,,"+1.000",1000,"+0.255",255,12
643,1999,13,5,5,"5","6","ralf-schumacher","williams","supertec","bridgestone","1:23.636",83636,,,,,,,"+1.204",1204,"+0.204",204,12
643,1999,13,6,6,"6","3","mika-salo","ferrari","ferrari","bridgestone","1:23.657",83657,,,,,,,"+1.225",1225,"+0.021",21,12
643,1999,13,7,7,"7","16","rubens-barrichello","stewart","ford","bridgestone","1:23.739",83739,,,,,,,"+1.307",1307,"+0.082",82,11
643,1999,13,8,8,"8","4","eddie-irvine","ferrari","ferrari","bridgestone","1:23.765",83765,,,,,,,"+1.333",1333,"+0.026",26,12
643,1999,13,9,9,"9","7","damon-hill","jordan","mugen-honda","bridgestone","1:23.979",83979,,,,,,,"+1.547",1547,"+0.214",214,11
643,1999,13,10,10,"10","18","olivier-panis","prost","peugeot","bridgestone","1:24.016",84016,,,,,,,"+1.584",1584,"+0.037",37,12
643,1999,13,11,11,"11","22","jacques-villeneuve","bar","supertec","bridgestone","1:24.188",84188,,,,,,,"+1.756",1756,"+0.172",172,11
643,1999,13,12,12,"12","19","jarno-trulli","prost","peugeot","bridgestone","1:24.293",84293,,,,,,,"+1.861",1861,"+0.105",105,11
643,1999,13,13,13,"13","11","jean-alesi","sauber","petronas","bridgestone","1:24.591",84591,,,,,,,"+2.159",2159,"+0.298",298,12
643,1999,13,14,14,"14","10","alexander-wurz","benetton","playlife","bridgestone","1:24.593",84593,,,,,,,"+2.161",2161,"+0.002",2,12
643,1999,13,15,15,"15","17","johnny-herbert","stewart","ford","bridgestone","1:24.594",84594,,,,,,,"+2.162",2162,"+0.001",1,12
643,1999,13,16,16,"16","12","pedro-diniz","sauber","petronas","bridgestone","1:24.596",84596,,,,,,,"+2.164",2164,"+0.002",2,11
643,1999,13,17,17,"17","9","giancarlo-fisichella","benetton","playlife","bridgestone","1:24.862",84862,,,,,,,"+2.430",2430,"+0.266",266,12
643,1999,13,18,18,"18","23","ricardo-zonta","bar","supertec","bridgestone","1:25.114",85114,,,,,,,"+2.682",2682,"+0.252",252,12
643,1999,13,19,19,"19","20","luca-badoer","minardi","ford","bridgestone","1:25.348",85348,,,,,,,"+2.916",2916,"+0.234",234,11
643,1999,13,20,20,"20","21","marc-gene","minardi","ford","bridgestone","1:25.695",85695,,,,,,,"+3.263",3263,"+0.347",347,12
643,1999,13,21,21,"21","14","pedro-de-la-rosa","arrows","arrows","bridgestone","1:26.383",86383,,,,,,,"+3.951",3951,"+0.688",688,11
643,1999,13,22,22,"22","15","toranosuke-takagi","arrows","arrows","bridgestone","1:26.509",86509,,,,,,,"+4.077",4077,"+0.126",126,12
644,1999,14,1,1,"1","8","heinz-harald-frentzen","jordan","mugen-honda","bridgestone","1:19.910",79910,,,,,,,,,,,9
644,1999,14,2,2,"2","2","david-coulthard","mclaren","mercedes","bridgestone","1:20.176",80176,,,,,,,"+0.266",266,"+0.266",266,12
644,1999,14,3,3,"3","1","mika-hakkinen","mclaren","mercedes","bridgestone","1:20.376",80376,,,,,,,"+0.466",466,"+0.200",200,12
644,1999,14,4,4,"4","6","ralf-schumacher","williams","supertec","bridgestone","1:20.444",80444,,,,,,,"+0.534",534,"+0.068",68,12
644,1999,14,5,5,"5","18","olivier-panis","prost","peugeot","bridgestone","1:20.638",80638,,,,,,,"+0.728",728,"+0.194",194,12
644,1999,14,6,6,"6","9","giancarlo-fisichella","benetton","playlife","bridgestone","1:20.781",80781,,,,,,,"+0.871",871,"+0.143",143,11
644,1999,14,7,7,"7","7","damon-hill","jordan","mugen-honda","bridgestone","1:20.818",80818,,,,,,,"+0.908",908,"+0.037",37,11
644,1999,14,8,8,"8","22","jacques-villeneuve","bar","supertec","bridgestone","1:20.825",80825,,,,,,,"+0.915",915,"+0.007",7,10
644,1999,14,9,9,"9","4","eddie-irvine","ferrari","ferrari","bridgestone","1:20.842",80842,,,,,,,"+0.932",932,"+0.017",17,11
644,1999,14,10,10,"10","19","jarno-trulli","prost","peugeot","bridgestone","1:20.965",80965,,,,,,,"+1.055",1055,"+0.123",123,12
644,1999,14,11,11,"11","10","alexander-wurz","benetton","playlife","bridgestone","1:21.144",81144,,,,,,,"+1.234",1234,"+0.179",179,12
644,1999,14,12,12,"12","3","mika-salo","ferrari","ferrari","bridgestone","1:21.314",81314,,,,,,,"+1.404",1404,"+0.170",170,12
644,1999,14,13,13,"13","12","pedro-diniz","sauber","petronas","bridgestone","1:21.345",81345,,,,,,,"+1.435",1435,"+0.031",31,11
644,1999,14,14,14,"14","17","johnny-herbert","stewart","ford","bridgestone","1:21.379",81379,,,,,,,"+1.469",1469,"+0.034",34,11
644,1999,14,15,15,"15","16","rubens-barrichello","stewart","ford","bridgestone","1:21.490",81490,,,,,,,"+1.580",1580,"+0.111",111,12
644,1999,14,16,16,"16","11","jean-alesi","sauber","petronas","bridgestone","1:21.634",81634,,,,,,,"+1.724",1724,"+0.144",144,11
644,1999,14,17,17,"17","23","ricardo-zonta","bar","supertec","bridgestone","1:22.267",82267,,,,,,,"+2.357",2357,"+0.633",633,10
644,1999,14,18,18,"18","5","alex-zanardi","williams","supertec","bridgestone","1:22.284",82284,,,,,,,"+2.374",2374,"+0.017",17,12
644,1999,14,19,19,"19","20","luca-badoer","minardi","ford","bridgestone","1:22.631",82631,,,,,,,"+2.721",2721,"+0.347",347,11
644,1999,14,20,20,"20","21","marc-gene","minardi","ford","bridgestone","1:22.760",82760,,,,,,,"+2.850",2850,"+0.129",129,12
644,1999,14,21,21,"21","15","toranosuke-takagi","arrows","arrows","bridgestone","1:23.401",83401,,,,,,,"+3.491",3491,"+0.641",641,11
644,1999,14,22,22,"22","14","pedro-de-la-rosa","arrows","arrows","bridgestone","1:23.698",83698,,,,,,,"+3.788",3788,"+0.297",297,10
645,1999,15,1,1,"1","3","michael-schumacher","ferrari","ferrari","bridgestone","1:39.688",99688,,,,,,,,,,,8
645,1999,15,2,2,"2","4","eddie-irvine","ferrari","ferrari","bridgestone","1:40.635",100635,,,,,,,"+0.947",947,"+0.947",947,8
645,1999,15,3,3,"3","2","david-coulthard","mclaren","mercedes","bridgestone","1:40.806",100806,,,,,,,"+1.118",1118,"+0.171",171,12
645,1999,15,4,4,"4","1","mika-hakkinen","mclaren","mercedes","bridgestone","1:40.866",100866,,,,,,,"+1.178",1178,"+0.060",60,11
645,1999,15,5,5,"5","17","johnny-herbert","stewart","ford","bridgestone","1:40.937",100937,,,,,,,"+1.249",1249,"+0.071",71,12
645,1999,15,6,6,"6","16","rubens-barrichello","stewart","ford","bridgestone","1:41.351",101351,,,,,,,"+1.663",1663,"+0.414",414,12
645,1999,15,7,7,"7","10","alexander-wurz","benetton","playlife","bridgestone","1:41.444",101444,,,,,,,"+1.756",1756,"+0.093",93,12
645,1999,15,8,8,"8","6","ralf-schumacher","williams","supertec","bridgestone","1:41.558",101558,,,,,,,"+1.870",1870,"+0.114",114,11
645,1999,15,9,9,"9","7","damon-hill","jordan","mugen-honda","bridgestone","1:42.050",102050,,,,,,,"+2.362",2362,"+0.492",492,11
645,1999,15,10,10,"10","22","jacques-villeneuve","bar","supertec","bridgestone","1:42.087",102087,,,,,,,"+2.399",2399,"+0.037",37,11
645,1999,15,11,11,"11","9","giancarlo-fisichella","benetton","playlife","bridgestone","1:42.110",102110,,,,,,,"+2.422",2422,"+0.023",23,11
645,1999,15,12,12,"12","18","olivier-panis","prost","peugeot","bridgestone","1:42.208",102208,,,,,,,"+2.520",2520,"+0.098",98,12
645,1999,15,13,13,"13","23","ricardo-zonta","bar","supertec","bridgestone","1:42.310",102310,,,,,,,"+2.622",2622,"+0.102",102,11
645,1999,15,14,14,"14","8","heinz-harald-frentzen","jordan","mugen-honda","bridgestone","1:42.380",102380,,,,,,,"+2.692",2692,"+0.070",70,12
645,1999,15,15,15,"15","11","jean-alesi","sauber","petronas","bridgestone","1:42.522",102522,,,,,,,"+2.834",2834,"+0.142",142,12
645,1999,15,16,16,"16","5","alex-zanardi","williams","supertec","bridgestone","1:42.885",102885,,,,,,,"+3.197",3197,"+0.363",363,12
645,1999,15,17,17,"17","12","pedro-diniz","sauber","petronas","bridgestone","1:42.933",102933,,,,,,,"+3.245",3245,"+0.048",48,12
645,1999,15,18,18,"18","19","jarno-trulli","prost","peugeot","bridgestone","1:42.948",102948,,,,,,,"+3.260",3260,"+0.015",15,12
645,1999,15,19,19,"19","21","marc-gene","minardi","ford","bridgestone","1:43.563",103563,,,,,,,"+3.875",3875,"+0.615",615,12
645,1999,15,20,20,"20","14","pedro-de-la-rosa","arrows","arrows","bridgestone","1:43.579",103579,,,,,,,"+3.891",3891,"+0.016",16,12
645,1999,15,21,21,"21","20","luca-badoer","minardi","ford","bridgestone","1:44.321",104321,,,,,,,"+4.633",4633,"+0.742",742,12
645,1999,15,22,22,"22","15","toranosuke-takagi","arrows","arrows","bridgestone","1:44.637",104637,,,,,,,"+4.949",4949,"+0.316",316,12
646,1999,16,1,1,"1","3","michael-schumacher","ferrari","ferrari","bridgestone","1:37.470",97470,,,,,,,,,,,11
646,1999,16,2,2,"2","1","mika-hakkinen","mclaren","mercedes","bridgestone","1:37.820",97820,,,,,,,"+0.350",350,"+0.350",350,9
646,1999,16,3,3,"3","2","david-coulthard","mclaren","mercedes","bridgestone","1:38.239",98239,,,,,,,"+0.769",769,"+0.419",419,12
646,1999,16,4,4,"4","8","heinz-harald-frentzen","jordan","mugen-honda","bridgestone","1:38.696",98696,,,,,,,"+1.226",1226,"+0.457",457,12
646,1999,16,5,5,"5","4","eddie-irvine","ferrari","ferrari","bridgestone","1:38.975",98975,,,,,,,"+1.505",1505,"+0.279",279,11
646,1999,16,6,6,"6","18","olivier-panis","prost","peugeot","bridgestone","1:39.623",99623,,,,,,,"+2.153",2153,"+0.648",648,11
646,1999,16,7,7,"7","19","jarno-trulli","prost","peugeot","bridgestone","1:39.644",99644,,,,,,,"+2.174",2174,"+0.021",21,12
646,1999,16,8,8,"8","17","johnny-herbert","stewart","ford","bridgestone","1:39.706",99706,,,,,,,"+2.236",2236,"+0.062",62,12
646,1999,16,9,9,"9","6","ralf-schumacher","williams","supertec","bridgestone","1:39.717",99717,,,,,,,"+2.247",2247,"+0.011",11,11
646,1999,16,10,10,"10","11","jean-alesi","sauber","petronas","bridgestone","1:39.721",99721,,,,,,,"+2.251",2251,"+0.004",4,10
646,1999,16,11,11,"11","22","jacques-villeneuve","bar","supertec","bridgestone","1:39.732",99732,,,,,,,"+2.262",2262,"+0.011",11,12
646,1999,16,12,12,"12","7","damon-hill","jordan","mugen-honda","bridgestone","1:40.140",100140,,,,,,,"+2.670",2670,"+0.408",408,12
646,1999,16,13,13,"13","16","rubens-barrichello","stewart","ford","bridgestone","1:40.140",100140,,,,,,,"+2.670",2670,"+0.000",0,11
646,1999,16,14,14,"14","9","giancarlo-fisichella","benetton","playlife","bridgestone","1:40.261",100261,,,,,,,"+2.791",2791,"+0.121",121,10
646,1999,16,15,15,"15","10","alexander-wurz","benetton","playlife","bridgestone","1:40.303",100303,,,,,,,"+2.833",2833,"+0.042",42,12
646,1999,16,16,16,"16","5","alex-zanardi","williams","supertec","bridgestone","1:40.403",100403,,,,,,,"+2.933",2933,"+0.100",100,12
646,1999,16,17,17,"17","12","pedro-diniz","sauber","petronas","bridgestone","1:40.740",100740,,,,,,,"+3.270",3270,"+0.337",337,11
646,1999,16,18,18,"18","23","ricardo-zonta","bar","supertec","bridgestone","1:40.861",100861,,,,,,,"+3.391",3391,"+0.121",121,11
646,1999,16,19,19,"19","15","toranosuke-takagi","arrows","arrows","bridgestone","1:41.067",101067,,,,,,,"+3.597",3597,"+0.206",206,11
646,1999,16,20,20,"20","21","marc-gene","minardi","ford","bridgestone","1:41.529",101529,,,,,,,"+4.059",4059,"+0.462",462,12
646,1999,16,21,21,"21","14","pedro-de-la-rosa","arrows","arrows","bridgestone","1:41.708",101708,,,,,,,"+4.238",4238,"+0.179",179,11
646,1999,16,22,22,"22","20","luca-badoer","minardi","ford","bridgestone","1:42.515",102515,,,,,,,"+5.045",5045,"+0.807",807,8
647,2000,1,1,1,"1","1","mika-hakkinen","mclaren","mercedes","bridgestone","1:30.556",90556,,,,,,,,,,,11
647,2000,1,2,2,"2","2","david-coulthard","mclaren","mercedes","bridgestone","1:30.910",90910,,,,,,,"+0.354",354,"+0.354",354,11
647,2000,1,3,3,"3","3","michael-schumacher","ferrari","ferrari","bridgestone","1:31.075",91075,,,,,,,"+0.519",519,"+0.165",165,9
647,2000,1,4,4,"4","4","rubens-barrichello","ferrari","ferrari","bridgestone","1:31.102",91102,,,,,,,"+0.546",546,"+0.027",27,8
647,2000,1,5,5,"5","5","heinz-harald-frentzen","jordan","mugen-honda","bridgestone","1:31.359",91359,,,,,,,"+0.803",803,"+0.257",257,12
647,2000,1,6,6,"6","6","jarno-trulli","jordan","mugen-honda","bridgestone","1:31.504",91504,,,,,,,"+0.948",948,"+0.145",145,8
647,2000,1,7,7,"7","7","eddie-irvine","jaguar","cosworth","bridgestone","1:31.514",91514,,,,,,,"+0.958",958,"+0.010",10,10
647,2000,1,8,8,"8","22","jacques-villeneuve","bar","honda","bridgestone","1:31.968",91968,,,,,,,"+1.412",1412,"+0.454",454,11
647,2000,1,9,9,"9","11","giancarlo-fisichella","benetton","playlife","bridgestone","1:31.992",91992,,,,,,,"+1.436",1436,"+0.024",24,10
647,2000,1,10,10,"10","17","mika-salo","sauber","petronas","bridgestone","1:32.018",92018,,,,,,,"+1.462",1462,"+0.026",26,11
647,2000,1,11,11,"11","9","ralf-schumacher","williams","bmw","bridgestone","1:32.220",92220,,,,,,,"+1.664",1664,"+0.202",202,9
647,2000,1,12,12,"12","18","pedro-de-la-rosa","arrows","supertec","bridgestone","1:32.323",92323,,,,,,,"+1.767",1767,"+0.103",103,11
647,2000,1,13,13,"13","19","jos-verstappen","arrows","supertec","bridgestone","1:32.477",92477,,,,,,,"+1.921",1921,"+0.154",154,11
647,2000,1,14,14,"14","12","alexander-wurz","benetton","playlife","bridgestone","1:32.775",92775,,,,,,,"+2.219",2219,"+0.298",298,11
647,2000,1,15,15,"15","15","nick-heidfeld","prost","peugeot","bridgestone","1:33.024",93024,,,,,,,"+2.468",2468,"+0.249",249,11
647,2000,1,16,16,"16","23","ricardo-zonta","bar","honda","bridgestone","1:33.117",93117,,,,,,,"+2.561",2561,"+0.093",93,10
647,2000,1,17,17,"17","14","jean-alesi","prost","peugeot","bridgestone","1:33.197",93197,,,,,,,"+2.641",2641,"+0.080",80,11
647,2000,1,18,18,"18","20","marc-gene","minardi","fondmetal","bridgestone","1:33.261",93261,,,,,,,"+2.705",2705,"+0.064",64,11
647,2000,1,19,19,"19","16","pedro-diniz","sauber","petronas","bridgestone","1:33.378",93378,,,,,,,"+2.822",2822,"+0.117",117,8
647,2000,1,20,20,"20","8","johnny-herbert","jaguar","cosworth","bridgestone","1:33.638",93638,,,,,,,"+3.082",3082,"+0.260",260,9
647,2000,1,21,21,"21","10","jenson-button","williams","bmw","bridgestone","1:33.828",93828,,,,,,,"+3.272",3272,"+0.190",190,11
647,2000,1,22,22,"22","21","gaston-mazzacane","minardi","fondmetal","bridgestone","1:34.705",94705,,,,,,,"+4.149",4149,"+0.877",877,12
648,2000,2,1,1,"1","1","mika-hakkinen","mclaren","mercedes","bridgestone","1:14.111",74111,,,,,,,,,,,10
648,2000,2,2,2,"2","2","david-coulthard","mclaren","mercedes","bridgestone","1:14.285",74285,,,,,,,"+0.174",174,"+0.174",174,12
648,2000,2,3,3,"3","3","michael-schumacher","ferrari","ferrari","bridgestone","1:14.508",74508,,,,,,,"+0.397",397,"+0.223",223,12
648,2000,2,4,4,"4","4","rubens-barrichello","ferrari","ferrari","bridgestone","1:14.636",74636,,,,,,,"+0.525",525,"+0.128",128,12
648,2000,2,5,5,"5","11","giancarlo-fisichella","benetton","playlife","bridgestone","1:15.375",75375,,,,,,,"+1.264",1264,"+0.739",739,12
648,2000,2,6,6,"6","7","eddie-irvine","jaguar","cosworth","bridgestone","1:15.425",75425,,,,,,,"+1.314",1314,"+0.050",50,10
648,2000,2,7,7,"7","5","heinz-harald-frentzen","jordan","mugen-honda","bridgestone","1:15.455",75455,,,,,,,"+1.344",1344,"+0.030",30,9
648,2000,2,8,8,"8","23","ricardo-zonta","bar","honda","bridgestone","1:15.484",75484,,,,,,,"+1.373",1373,"+0.029",29,10
648,2000,2,9,9,"9","10","jenson-button","williams","bmw","bridgestone","1:15.490",75490,,,,,,,"+1.379",1379,"+0.006",6,11
648,2000,2,10,10,"10","22","jacques-villeneuve","bar","honda","bridgestone","1:15.515",75515,,,,,,,"+1.404",1404,"+0.025",25,10
648,2000,2,11,11,"11","9","ralf-schumacher","williams","bmw","bridgestone","1:15.561",75561,,,,,,,"+1.450",1450,"+0.046",46,10
648,2000,2,12,12,"12","6","jarno-trulli","jordan","mugen-honda","bridgestone","1:15.627",75627,,,,,,,"+1.516",1516,"+0.066",66,10
648,2000,2,13,13,"13","12","alexander-wurz","benetton","playlife","bridgestone","1:15.664",75664,,,,,,,"+1.553",1553,"+0.037",37,12
648,2000,2,14,14,"14","19","jos-verstappen","arrows","supertec","bridgestone","1:15.704",75704,,,,,,,"+1.593",1593,"+0.040",40,12
648,2000,2,15,15,"15","14","jean-alesi","prost","peugeot","bridgestone","1:15.715",75715,,,,,,,"+1.604",1604,"+0.011",11,12
648,2000,2,16,16,"16","18","pedro-de-la-rosa","arrows","supertec","bridgestone","1:16.002",76002,,,,,,,"+1.891",1891,"+0.287",287,12
648,2000,2,17,17,"17","8","johnny-herbert","jaguar","cosworth","bridgestone","1:16.250",76250,,,,,,,"+2.139",2139,"+0.248",248,11
648,2000,2,18,18,"18","20","marc-gene","minardi","fondmetal","bridgestone","1:16.380",76380,,,,,,,"+2.269",2269,"+0.130",130,11
648,2000,2,19,19,"19","15","nick-heidfeld","prost","peugeot","bridgestone","1:17.112",77112,,,,,,,"+3.001",3001,"+0.732",732,12
648,2000,2,20,20,"20","16","pedro-diniz","sauber","petronas","bridgestone","1:17.178",77178,,,,,,,"+3.067",3067,"+0.066",66,3
648,2000,2,21,21,"21","21","gaston-mazzacane","minardi","fondmetal","bridgestone","1:17.512",77512,,,,,,,"+3.401",3401,"+0.334",334,12
648,2000,2,22,22,"22","17","mika-salo","sauber","petronas","bridgestone","1:18.703",78703,,,,,,,"+4.592",4592,"+1.191",1191,3
649,2000,3,1,1,"1","1","mika-hakkinen","mclaren","mercedes","bridgestone","1:24.714",84714,,,,,,,,,,,12
649,2000,3,2,2,"2","3","michael-schumacher","ferrari","ferrari","bridgestone","1:24.805",84805,,,,,,,"+0.091",91,"+0.091",91,11
649,2000,3,3,3,"3","2","david-coulthard","mclaren","mercedes","bridgestone","1:25.014",85014,,,,,,,"+0.300",300,"+0.209",209,12
649,2000,3,4,4,"4","4","rubens-barrichello","ferrari","ferrari","bridgestone","1:25.242",85242,,,,,,,"+0.528",528,"+0.228",228,12
649,2000,3,5,5,"5","9","ralf-schumacher","williams","bmw","bridgestone","1:25.871",85871,,,,,,,"+1.157",1157,"+0.629",629,9
649,2000,3,6,6,"6","5","heinz-harald-frentzen","jordan","mugen-honda","bridgestone","1:25.892",85892,,,,,,,"+1.178",1178,"+0.021",21,12
649,2000,3,7,7,"7","7","eddie-irvine","jaguar","cosworth","bridgestone","1:25.929",85929,,,,,,,"+1.215",1215,"+0.037",37,12
649,2000,3,8,8,"8","6","jarno-trulli","jordan","mugen-honda","bridgestone","1:26.002",86002,,,,,,,"+1.288",1288,"+0.073",73,12
649,2000,3,9,9,"9","22","jacques-villeneuve","bar","honda","bridgestone","1:26.124",86124,,,,,,,"+1.410",1410,"+0.122",122,12
649,2000,3,10,10,"10","16","pedro-diniz","sauber","petronas","bridgestone","1:26.238",86238,,,,,,,"+1.524",1524,"+0.114",114,12
649,2000,3,11,11,"11","12","alexander-wurz","benetton","playlife","bridgestone","1:26.281",86281,,,,,,,"+1.567",1567,"+0.043",43,12
649,2000,3,12,12,"12","17","mika-salo","sauber","petronas","bridgestone","1:26.336",86336,,,,,,,"+1.622",1622,"+0.055",55,12
649,2000,3,13,13,"13","18","pedro-de-la-rosa","arrows","supertec","bridgestone","1:26.349",86349,,,,,,,"+1.635",1635,"+0.013",13,12
649,2000,3,14,14,"14","23","ricardo-zonta","bar","honda","bridgestone","1:26.814",86814,,,,,,,"+2.100",2100,"+0.465",465,11
649,2000,3,15,15,"15","14","jean-alesi","prost","peugeot","bridgestone","1:26.824",86824,,,,,,,"+2.110",2110,"+0.010",10,12
649,2000,3,16,16,"16","19","jos-verstappen","arrows","supertec","bridgestone","1:26.845",86845,,,,,,,"+2.131",2131,"+0.021",21,11
649,2000,3,17,17,"17","8","johnny-herbert","jaguar","cosworth","bridgestone","1:27.051",87051,,,,,,,"+2.337",2337,"+0.206",206,11
649,2000,3,18,18,"18","10","jenson-button","williams","bmw","bridgestone","1:27.135",87135,,,,,,,"+2.421",2421,"+0.084",84,11
649,2000,3,19,19,"19","11","giancarlo-fisichella","benetton","playlife","bridgestone","1:27.253",87253,,,,,,,"+2.539",2539,"+0.118",118,11
649,2000,3,20,20,"20","21","gaston-mazzacane","minardi","fondmetal","bridgestone","1:28.161",88161,,,,,,,"+3.447",3447,"+0.908",908,12
649,2000,3,21,21,"21","20","marc-gene","minardi","fondmetal","bridgestone","1:28.333",88333,,,,,,,"+3.619",3619,"+0.172",172,11
649,2000,3,22,22,"22","15","nick-heidfeld","prost","peugeot","bridgestone","1:28.361",88361,,,,,,,"+3.647",3647,"+0.028",28,8
650,2000,4,1,1,"1","4","rubens-barrichello","ferrari","ferrari","bridgestone","1:25.703",85703,,,,,,,,,,,11
650,2000,4,2,2,"2","5","heinz-harald-frentzen","jordan","mugen-honda","bridgestone","1:25.706",85706,,,,,,,"+0.003",3,"+0.003",3,10
650,2000,4,3,3,"3","1","mika-hakkinen","mclaren","mercedes","bridgestone","1:25.741",85741,,,,,,,"+0.038",38,"+0.035",35,11
650,2000,4,4,4,"4","2","david-coulthard","mclaren","mercedes","bridgestone","1:26.088",86088,,,,,,,"+0.385",385,"+0.347",347,12
650,2000,4,5,5,"5","3","michael-schumacher","ferrari","ferrari","bridgestone","1:26.161",86161,,,,,,,"+0.458",458,"+0.073",73,10
650,2000,4,6,6,"6","10","jenson-button","williams","bmw","bridgestone","1:26.733",86733,,,,,,,"+1.030",1030,"+0.572",572,12
650,2000,4,7,7,"7","9","ralf-schumacher","williams","bmw","bridgestone","1:26.786",86786,,,,,,,"+1.083",1083,"+0.053",53,12
650,2000,4,8,8,"8","19","jos-verstappen","arrows","supertec","bridgestone","1:26.793",86793,,,,,,,"+1.090",1090,"+0.007",7,10
650,2000,4,9,9,"9","7","eddie-irvine","jaguar","cosworth","bridgestone","1:26.818",86818,,,,,,,"+1.115",1115,"+0.025",25,11
650,2000,4,10,10,"10","22","jacques-villeneuve","bar","honda","bridgestone","1:27.025",87025,,,,,,,"+1.322",1322,"+0.207",207,11
650,2000,4,11,11,"11","6","jarno-trulli","jordan","mugen-honda","bridgestone","1:27.164",87164,,,,,,,"+1.461",1461,"+0.139",139,11
650,2000,4,12,12,"12","11","giancarlo-fisichella","benetton","playlife","bridgestone","1:27.253",87253,,,,,,,"+1.550",1550,"+0.089",89,12
650,2000,4,13,13,"13","16","pedro-diniz","sauber","petronas","bridgestone","1:27.301",87301,,,,,,,"+1.598",1598,"+0.048",48,12
650,2000,4,14,14,"14","8","johnny-herbert","jaguar","cosworth","bridgestone","1:27.461",87461,,,,,,,"+1.758",1758,"+0.160",160,12
650,2000,4,15,15,"15","14","jean-alesi","prost","peugeot","bridgestone","1:27.559",87559,,,,,,,"+1.856",1856,"+0.098",98,12
650,2000,4,16,16,"16","23","ricardo-zonta","bar","honda","bridgestone","1:27.772",87772,,,,,,,"+2.069",2069,"+0.213",213,12
650,2000,4,17,17,"17","15","nick-heidfeld","prost","peugeot","bridgestone","1:27.806",87806,,,,,,,"+2.103",2103,"+0.034",34,12
650,2000,4,18,18,"18","17","mika-salo","sauber","petronas","bridgestone","1:28.110",88110,,,,,,,"+2.407",2407,"+0.304",304,12
650,2000,4,19,19,"19","18","pedro-de-la-rosa","arrows","supertec","bridgestone","1:28.135",88135,,,,,,,"+2.432",2432,"+0.025",25,12
650,2000,4,20,20,"20","12","alexander-wurz","benetton","playlife","bridgestone","1:28.205",88205,,,,,,,"+2.502",2502,"+0.070",70,11
650,2000,4,21,21,"21","20","marc-gene","minardi","fondmetal","bridgestone","1:28.253",88253,,,,,,,"+2.550",2550,"+0.048",48,12
650,2000,4,22,22,"22","21","gaston-mazzacane","minardi","fondmetal","bridgestone","1:29.174",89174,,,,,,,"+3.471",3471,"+0.921",921,12
651,2000,5,1,1,"1","3","michael-schumacher","ferrari","ferrari","bridgestone","1:20.974",80974,,,,,,,,,,,10
651,2000,5,2,2,"2","1","mika-hakkinen","mclaren","mercedes","bridgestone","1:21.052",81052,,,,,,,"+0.078",78,"+0.078",78,11
651,2000,5,3,3,"3","4","rubens-barrichello","ferrari","ferrari","bridgestone","1:21.416",81416,,,,,,,"+0.442",442,"+0.364",364,11
651,2000,5,4,4,"4","2","david-coulthard","mclaren","mercedes","bridgestone","1:21.422",81422,,,,,,,"+0.448",448,"+0.006",6,11
651,2000,5,5,5,"5","9","ralf-schumacher","williams","bmw","bridgestone","1:21.605",81605,,,,,,,"+0.631",631,"+0.183",183,12
651,2000,5,6,6,"6","22","jacques-villeneuve","bar","honda","bridgestone","1:21.963",81963,,,,,,,"+0.989",989,"+0.358",358,12
651,2000,5,7,7,"7","6","jarno-trulli","jordan","mugen-honda","bridgestone","1:22.006",82006,,,,,,,"+1.032",1032,"+0.043",43,12
651,2000,5,8,8,"8","5","heinz-harald-frentzen","jordan","mugen-honda","bridgestone","1:22.135",82135,,,,,,,"+1.161",1161,"+0.129",129,12
651,2000,5,9,9,"9","18","pedro-de-la-rosa","arrows","supertec","bridgestone","1:22.185",82185,,,,,,,"+1.211",1211,"+0.050",50,12
651,2000,5,10,10,"10","7","eddie-irvine","jaguar","cosworth","bridgestone","1:22.370",82370,,,,,,,"+1.396",1396,"+0.185",185,11
651,2000,5,11,11,"11","10","jenson-button","williams","bmw","bridgestone","1:22.385",82385,,,,,,,"+1.411",1411,"+0.015",15,12
651,2000,5,12,12,"12","19","jos-verstappen","arrows","supertec","bridgestone","1:22.421",82421,,,,,,,"+1.447",1447,"+0.036",36,12
651,2000,5,13,13,"13","17","mika-salo","sauber","petronas","bridgestone","1:22.443",82443,,,,,,,"+1.469",1469,"+0.022",22,12
651,2000,5,14,14,"14","11","giancarlo-fisichella","benetton","playlife","bridgestone","1:22.569",82569,,,,,,,"+1.595",1595,"+0.126",126,11
651,2000,5,15,15,"15","8","johnny-herbert","jaguar","cosworth","bridgestone","1:22.781",82781,,,,,,,"+1.807",1807,"+0.212",212,12
651,2000,5,16,16,"16","16","pedro-diniz","sauber","petronas","bridgestone","1:22.841",82841,,,,,,,"+1.867",1867,"+0.060",60,12
651,2000,5,17,17,"17","23","ricardo-zonta","bar","honda","bridgestone","1:22.882",82882,,,,,,,"+1.908",1908,"+0.041",41,12
651,2000,5,18,18,"18","14","jean-alesi","prost","peugeot","bridgestone","1:22.894",82894,,,,,,,"+1.920",1920,"+0.012",12,6
651,2000,5,19,19,"19","12","alexander-wurz","benetton","playlife","bridgestone","1:23.010",83010,,,,,,,"+2.036",2036,"+0.116",116,12
651,2000,5,20,20,"20","15","nick-heidfeld","prost","peugeot","bridgestone","1:23.033",83033,,,,,,,"+2.059",2059,"+0.023",23,10
651,2000,5,21,21,"21","20","marc-gene","minardi","fondmetal","bridgestone","1:23.486",83486,,,,,,,"+2.512",2512,"+0.453",453,11
651,2000,5,22,22,"22","21","gaston-mazzacane","minardi","fondmetal","bridgestone","1:24.257",84257,,,,,,,"+3.283",3283,"+0.771",771,12
652,2000,6,1,1,"1","2","david-coulthard","mclaren","mercedes","bridgestone","1:17.529",77529,,,,,,,,,,,8
652,2000,6,2,2,"2","3","michael-schumacher","ferrari","ferrari","bridgestone","1:17.667",77667,,,,,,,"+0.138",138,"+0.138",138,8
652,2000,6,3,3,"3","1","mika-hakkinen","mclaren","mercedes","bridgestone","1:17.785",77785,,,,,,,"+0.256",256,"+0.118",118,9
652,2000,6,4,4,"4","4","rubens-barrichello","ferrari","ferrari","bridgestone","1:18.227",78227,,,,,,,"+0.698",698,"+0.442",442,9
652,2000,6,5,5,"5","9","ralf-schumacher","williams","bmw","bridgestone","1:18.515",78515,,,,,,,"+0.986",986,"+0.288",288,9
652,2000,6,6,6,"6","6","jarno-trulli","jordan","mugen-honda","bridgestone","1:18.612",78612,,,,,,,"+1.083",1083,"+0.097",97,9
652,2000,6,7,7,"7","11","giancarlo-fisichella","benetton","playlife","bridgestone","1:18.697",78697,,,,,,,"+1.168",1168,"+0.085",85,8
652,2000,6,8,8,"8","7","eddie-irvine","jaguar","cosworth","bridgestone","1:18.703",78703,,,,,,,"+1.174",1174,"+0.006",6,9
652,2000,6,9,9,"9","22","jacques-villeneuve","bar","honda","bridgestone","1:18.742",78742,,,,,,,"+1.213",1213,"+0.039",39,9
652,2000,6,10,10,"10","5","heinz-harald-frentzen","jordan","mugen-honda","bridgestone","1:18.830",78830,,,,,,,"+1.301",1301,"+0.088",88,8
652,2000,6,11,11,"11","10","jenson-button","williams","bmw","bridgestone","1:18.887",78887,,,,,,,"+1.358",1358,"+0.057",57,11
652,2000,6,12,12,"12","18","pedro-de-la-rosa","arrows","supertec","bridgestone","1:19.024",79024,,,,,,,"+1.495",1495,"+0.137",137,11
652,2000,6,13,13,"13","19","jos-verstappen","arrows","supertec","bridgestone","1:19.190",79190,,,,,,,"+1.661",1661,"+0.166",166,12
652,2000,6,14,14,"14","12","alexander-wurz","benetton","playlife","bridgestone","1:19.378",79378,,,,,,,"+1.849",1849,"+0.188",188,10
652,2000,6,15,15,"15","16","pedro-diniz","sauber","petronas","bridgestone","1:19.422",79422,,,,,,,"+1.893",1893,"+0.044",44,11
652,2000,6,16,16,"16","8","johnny-herbert","jaguar","cosworth","bridgestone","1:19.638",79638,,,,,,,"+2.109",2109,"+0.216",216,9
652,2000,6,17,17,"17","14","jean-alesi","prost","peugeot","bridgestone","1:19.651",79651,,,,,,,"+2.122",2122,"+0.013",13,7
652,2000,6,18,18,"18","23","ricardo-zonta","bar","honda","bridgestone","1:19.766",79766,,,,,,,"+2.237",2237,"+0.115",115,8
652,2000,6,19,19,"19","17","mika-salo","sauber","petronas","bridgestone","1:19.814",79814,,,,,,,"+2.285",2285,"+0.048",48,10
652,2000,6,20,20,"20","20","marc-gene","minardi","fondmetal","bridgestone","1:20.162",80162,,,,,,,"+2.633",2633,"+0.348",348,11
652,2000,6,21,21,"21","21","gaston-mazzacane","minardi","fondmetal","bridgestone","1:21.015",81015,,,,,,,"+3.486",3486,"+0.853",853,11
652,2000,6,22,,"EX","15","nick-heidfeld","prost","peugeot","bridgestone","1:19.147",79147,,,,,,,"+1.618",1618,,,11
653,2000,7,1,1,"1","3","michael-schumacher","ferrari","ferrari","bridgestone","1:19.475",79475,,,,,,,,,,,12
653,2000,7,2,2,"2","6","jarno-trulli","jordan","mugen-honda","bridgestone","1:19.746",79746,,,,,,,"+0.271",271,"+0.271",271,11
653,2000,7,3,3,"3","2","david-coulthard","mclaren","mercedes","bridgestone","1:19.888",79888,,,,,,,"+0.413",413,"+0.142",142,12
653,2000,7,4,4,"4","5","heinz-harald-frentzen","jordan","mugen-honda","bridgestone","1:19.961",79961,,,,,,,"+0.486",486,"+0.073",73,11
653,2000,7,5,5,"5","1","mika-hakkinen","mclaren","mercedes","bridgestone","1:20.241",80241,,,,,,,"+0.766",766,"+0.280",280,11
653,2000,7,6,6,"6","4","rubens-barrichello","ferrari","ferrari","bridgestone","1:20.416",80416,,,,,,,"+0.941",941,"+0.175",175,12
653,2000,7,7,7,"7","14","jean-alesi","prost","peugeot","bridgestone","1:20.494",80494,,,,,,,"+1.019",1019,"+0.078",78,11
653,2000,7,8,8,"8","11","giancarlo-fisichella","benetton","playlife","bridgestone","1:20.703",80703,,,,,,,"+1.228",1228,"+0.209",209,12
653,2000,7,9,9,"9","9","ralf-schumacher","williams","bmw","bridgestone","1:20.742",80742,,,,,,,"+1.267",1267,"+0.039",39,11
653,2000,7,10,10,"10","7","eddie-irvine","jaguar","cosworth","bridgestone","1:20.743",80743,,,,,,,"+1.268",1268,"+0.001",1,11
653,2000,7,11,11,"11","8","johnny-herbert","jaguar","cosworth","bridgestone","1:20.792",80792,,,,,,,"+1.317",1317,"+0.049",49,12
653,2000,7,12,12,"12","12","alexander-wurz","benetton","playlife","bridgestone","1:20.871",80871,,,,,,,"+1.396",1396,"+0.079",79,11
653,2000,7,13,13,"13","17","mika-salo","sauber","petronas","bridgestone","1:21.561",81561,,,,,,,"+2.086",2086,"+0.690",690,11
653,2000,7,14,14,"14","10","jenson-button","williams","bmw","bridgestone","1:21.605",81605,,,,,,,"+2.130",2130,"+0.044",44,12
653,2000,7,15,15,"15","19","jos-verstappen","arrows","supertec","bridgestone","1:21.738",81738,,,,,,,"+2.263",2263,"+0.133",133,12
653,2000,7,16,16,"16","18","pedro-de-la-rosa","arrows","supertec","bridgestone","1:21.832",81832,,,,,,,"+2.357",2357,"+0.094",94,10
653,2000,7,17,17,"17","22","jacques-villeneuve","bar","honda","bridgestone","1:21.848",81848,,,,,,,"+2.373",2373,"+0.016",16,9
653,2000,7,18,18,"18","15","nick-heidfeld","prost","peugeot","bridgestone","1:22.017",82017,,,,,,,"+2.542",2542,"+0.169",169,12
653,2000,7,19,19,"19","16","pedro-diniz","sauber","petronas","bridgestone","1:22.136",82136,,,,,,,"+2.661",2661,"+0.119",119,12
653,2000,7,20,20,"20","23","ricardo-zonta","bar","honda","bridgestone","1:22.324",82324,,,,,,,"+2.849",2849,"+0.188",188,12
653,2000,7,21,21,"21","20","marc-gene","minardi","fondmetal","bridgestone","1:23.721",83721,,,,,,,"+4.246",4246,"+1.397",1397,12
653,2000,7,22,22,"22","21","gaston-mazzacane","minardi","fondmetal","bridgestone","1:23.794",83794,,,,,,,"+4.319",4319,"+0.073",73,11
654,2000,8,1,1,"1","3","michael-schumacher","ferrari","ferrari","bridgestone","1:18.439",78439,,,,,,,,,,,11
654,2000,8,2,2,"2","2","david-coulthard","mclaren","mercedes","bridgestone","1:18.537",78537,,,,,,,"+0.098",98,"+0.098",98,12
654,2000,8,3,3,"3","4","rubens-barrichello","ferrari","ferrari","bridgestone","1:18.801",78801,,,,,,,"+0.362",362,"+0.264",264,10
654,2000,8,4,4,"4","1","mika-hakkinen","mclaren","mercedes","bridgestone","1:18.985",78985,,,,,,,"+0.546",546,"+0.184",184,12
654,2000,8,5,5,"5","5","heinz-harald-frentzen","jordan","mugen-honda","bridgestone","1:19.483",79483,,,,,,,"+1.044",1044,"+0.498",498,11
654,2000,8,6,6,"6","22","jacques-villeneuve","bar","honda","bridgestone","1:19.544",79544,,,,,,,"+1.105",1105,"+0.061",61,12
654,2000,8,7,7,"7","6","jarno-trulli","jordan","mugen-honda","bridgestone","1:19.581",79581,,,,,,,"+1.142",1142,"+0.037",37,12
654,2000,8,8,8,"8","23","ricardo-zonta","bar","honda","bridgestone","1:19.742",79742,,,,,,,"+1.303",1303,"+0.161",161,12
654,2000,8,9,9,"9","18","pedro-de-la-rosa","arrows","supertec","bridgestone","1:19.912",79912,,,,,,,"+1.473",1473,"+0.170",170,12
654,2000,8,10,10,"10","11","giancarlo-fisichella","benetton","playlife","bridgestone","1:19.932",79932,,,,,,,"+1.493",1493,"+0.020",20,12
654,2000,8,11,11,"11","8","johnny-herbert","jaguar","cosworth","bridgestone","1:19.954",79954,,,,,,,"+1.515",1515,"+0.022",22,11
654,2000,8,12,12,"12","9","ralf-schumacher","williams","bmw","bridgestone","1:20.073",80073,,,,,,,"+1.634",1634,"+0.119",119,12
654,2000,8,13,13,"13","19","jos-verstappen","arrows","supertec","bridgestone","1:20.107",80107,,,,,,,"+1.668",1668,"+0.034",34,12
654,2000,8,14,14,"14","12","alexander-wurz","benetton","playlife","bridgestone","1:20.113",80113,,,,,,,"+1.674",1674,"+0.006",6,12
654,2000,8,15,15,"15","17","mika-salo","sauber","petronas","bridgestone","1:20.445",80445,,,,,,,"+2.006",2006,"+0.332",332,11
654,2000,8,16,16,"16","7","eddie-irvine","jaguar","cosworth","bridgestone","1:20.500",80500,,,,,,,"+2.061",2061,"+0.055",55,11
654,2000,8,17,17,"17","14","jean-alesi","prost","peugeot","bridgestone","1:20.512",80512,,,,,,,"+2.073",2073,"+0.012",12,8
654,2000,8,18,18,"18","10","jenson-button","williams","bmw","bridgestone","1:20.534",80534,,,,,,,"+2.095",2095,"+0.022",22,10
654,2000,8,19,19,"19","16","pedro-diniz","sauber","petronas","bridgestone","1:20.692",80692,,,,,,,"+2.253",2253,"+0.158",158,12
654,2000,8,20,20,"20","20","marc-gene","minardi","fondmetal","bridgestone","1:21.058",81058,,,,,,,"+2.619",2619,"+0.366",366,11
654,2000,8,21,21,"21","15","nick-heidfeld","prost","peugeot","bridgestone","1:21.680",81680,,,,,,,"+3.241",3241,"+0.622",622,12
654,2000,8,22,22,"22","21","gaston-mazzacane","minardi","fondmetal","bridgestone","1:22.091",82091,,,,,,,"+3.652",3652,"+0.411",411,11
655,2000,9,1,1,"1","3","michael-schumacher","ferrari","ferrari","bridgestone","1:15.632",75632,,,,,,,,,,,8
655,2000,9,2,2,"2","2","david-coulthard","mclaren","mercedes","bridgestone","1:15.734",75734,,,,,,,"+0.102",102,"+0.102",102,10
655,2000,9,3,3,"3","4","rubens-barrichello","ferrari","ferrari","bridgestone","1:16.047",76047,,,,,,,"+0.415",415,"+0.313",313,12
655,2000,9,4,4,"4","1","mika-hakkinen","mclaren","mercedes","bridgestone","1:16.050",76050,,,,,,,"+0.418",418,"+0.003",3,12
655,2000,9,5,5,"5","9","ralf-schumacher","williams","bmw","bridgestone","1:16.291",76291,,,,,,,"+0.659",659,"+0.241",241,12
655,2000,9,6,6,"6","7","eddie-irvine","jaguar","cosworth","bridgestone","1:16.399",76399,,,,,,,"+0.767",767,"+0.108",108,12
655,2000,9,7,7,"7","22","jacques-villeneuve","bar","honda","bridgestone","1:16.653",76653,,,,,,,"+1.021",1021,"+0.254",254,11
655,2000,9,8,8,"8","5","heinz-harald-frentzen","jordan","mugen-honda","bridgestone","1:16.658",76658,,,,,,,"+1.026",1026,"+0.005",5,12
655,2000,9,9,9,"9","6","jarno-trulli","jordan","mugen-honda","bridgestone","1:16.669",76669,,,,,,,"+1.037",1037,"+0.011",11,11
655,2000,9,10,10,"10","10","jenson-button","williams","bmw","bridgestone","1:16.905",76905,,,,,,,"+1.273",1273,"+0.236",236,11
655,2000,9,11,11,"11","8","johnny-herbert","jaguar","cosworth","bridgestone","1:17.176",77176,,,,,,,"+1.544",1544,"+0.271",271,12
655,2000,9,12,12,"12","17","mika-salo","sauber","petronas","bridgestone","1:17.223",77223,,,,,,,"+1.591",1591,"+0.047",47,12
655,2000,9,13,13,"13","18","pedro-de-la-rosa","arrows","supertec","bridgestone","1:17.279",77279,,,,,,,"+1.647",1647,"+0.056",56,10
655,2000,9,14,14,"14","11","giancarlo-fisichella","benetton","playlife","bridgestone","1:17.317",77317,,,,,,,"+1.685",1685,"+0.038",38,12
655,2000,9,15,15,"15","16","pedro-diniz","sauber","petronas","bridgestone","1:17.361",77361,,,,,,,"+1.729",1729,"+0.044",44,12
655,2000,9,16,16,"16","15","nick-heidfeld","prost","peugeot","bridgestone","1:17.374",77374,,,,,,,"+1.742",1742,"+0.013",13,12
655,2000,9,17,17,"17","12","alexander-wurz","benetton","playlife","bridgestone","1:17.408",77408,,,,,,,"+1.776",1776,"+0.034",34,12
655,2000,9,18,18,"18","14","jean-alesi","prost","peugeot","bridgestone","1:17.569",77569,,,,,,,"+1.937",1937,"+0.161",161,12
655,2000,9,19,19,"19","23","ricardo-zonta","bar","honda","bridgestone","1:17.668",77668,,,,,,,"+2.036",2036,"+0.099",99,10
655,2000,9,20,20,"20","19","jos-verstappen","arrows","supertec","bridgestone","1:17.933",77933,,,,,,,"+2.301",2301,"+0.265",265,12
655,2000,9,21,21,"21","20","marc-gene","minardi","fondmetal","bridgestone","1:18.130",78130,,,,,,,"+2.498",2498,"+0.197",197,11
655,2000,9,22,22,"22","21","gaston-mazzacane","minardi","fondmetal","bridgestone","1:18.302",78302,,,,,,,"+2.670",2670,"+0.172",172,12
656,2000,10,1,1,"1","1","mika-hakkinen","mclaren","mercedes","bridgestone","1:10.410",70410,,,,,,,,,,,12
656,2000,10,2,2,"2","2","david-coulthard","mclaren","mercedes","bridgestone","1:10.795",70795,,,,,,,"+0.385",385,"+0.385",385,12
656,2000,10,3,3,"3","4","rubens-barrichello","ferrari","ferrari","bridgestone","1:10.844",70844,,,,,,,"+0.434",434,"+0.049",49,12
656,2000,10,4,4,"4","3","michael-schumacher","ferrari","ferrari","bridgestone","1:11.046",71046,,,,,,,"+0.636",636,"+0.202",202,11
656,2000,10,5,5,"5","6","jarno-trulli","jordan","mugen-honda","bridgestone","1:11.640",71640,,,,,,,"+1.230",1230,"+0.594",594,12
656,2000,10,6,6,"6","23","ricardo-zonta","bar","honda","bridgestone","1:11.647",71647,,,,,,,"+1.237",1237,"+0.007",7,12
656,2000,10,7,7,"7","22","jacques-villeneuve","bar","honda","bridgestone","1:11.649",71649,,,,,,,"+1.239",1239,"+0.002",2,12
656,2000,10,8,8,"8","11","giancarlo-fisichella","benetton","playlife","bridgestone","1:11.658",71658,,,,,,,"+1.248",1248,"+0.009",9,11
656,2000,10,9,9,"9","17","mika-salo","sauber","petronas","bridgestone","1:11.761",71761,,,,,,,"+1.351",1351,"+0.103",103,10
656,2000,10,10,10,"10","19","jos-verstappen","arrows","supertec","bridgestone","1:11.905",71905,,,,,,,"+1.495",1495,"+0.144",144,12
656,2000,10,11,11,"11","16","pedro-diniz","sauber","petronas","bridgestone","1:11.931",71931,,,,,,,"+1.521",1521,"+0.026",26,11
656,2000,10,12,12,"12","18","pedro-de-la-rosa","arrows","supertec","bridgestone","1:11.978",71978,,,,,,,"+1.568",1568,"+0.047",47,12
656,2000,10,13,13,"13","15","nick-heidfeld","prost","peugeot","bridgestone","1:12.037",72037,,,,,,,"+1.627",1627,"+0.059",59,12
656,2000,10,14,14,"14","12","alexander-wurz","benetton","playlife","bridgestone","1:12.038",72038,,,,,,,"+1.628",1628,"+0.001",1,10
656,2000,10,15,15,"15","5","heinz-harald-frentzen","jordan","mugen-honda","bridgestone","1:12.043",72043,,,,,,,"+1.633",1633,"+0.005",5,12
656,2000,10,16,16,"16","8","johnny-herbert","jaguar","cosworth","bridgestone","1:12.238",72238,,,,,,,"+1.828",1828,"+0.195",195,11
656,2000,10,17,17,"17","14","jean-alesi","prost","peugeot","bridgestone","1:12.304",72304,,,,,,,"+1.894",1894,"+0.066",66,12
656,2000,10,18,18,"18","10","jenson-button","williams","bmw","bridgestone","1:12.337",72337,,,,,,,"+1.927",1927,"+0.033",33,11
656,2000,10,19,19,"19","9","ralf-schumacher","williams","bmw","bridgestone","1:12.347",72347,,,,,,,"+1.937",1937,"+0.010",10,12
656,2000,10,20,20,"20","20","marc-gene","minardi","fondmetal","bridgestone","1:12.722",72722,,,,,,,"+2.312",2312,"+0.375",375,11
656,2000,10,21,21,"21","7","luciano-burti","jaguar","cosworth","bridgestone","1:12.822",72822,,,,,,,"+2.412",2412,"+0.100",100,12
656,2000,10,22,22,"22","21","gaston-mazzacane","minardi","fondmetal","bridgestone","1:13.419",73419,,,,,,,"+3.009",3009,"+0.597",597,12
657,2000,11,1,1,"1","2","david-coulthard","mclaren","mercedes","bridgestone","1:45.697",105697,,,,,,,,,,,6
657,2000,11,2,2,"2","3","michael-schumacher","ferrari","ferrari","bridgestone","1:47.063",107063,,,,,,,"+1.366",1366,"+1.366",1366,10
657,2000,11,3,3,"3","11","giancarlo-fisichella","benetton","playlife","bridgestone","1:47.130",107130,,,,,,,"+1.433",1433,"+0.067",67,8
657,2000,11,4,4,"4","1","mika-hakkinen","mclaren","mercedes","bridgestone","1:47.162",107162,,,,,,,"+1.465",1465,"+0.032",32,9
657,2000,11,5,5,"5","18","pedro-de-la-rosa","arrows","supertec","bridgestone","1:47.786",107786,,,,,,,"+2.089",2089,"+0.624",624,7
657,2000,11,6,6,"6","6","jarno-trulli","jordan","mugen-honda","bridgestone","1:47.833",107833,,,,,,,"+2.136",2136,"+0.047",47,7
657,2000,11,7,7,"7","12","alexander-wurz","benetton","playlife","bridgestone","1:48.037",108037,,,,,,,"+2.340",2340,"+0.204",204,7
657,2000,11,8,8,"8","8","johnny-herbert","jaguar","cosworth","bridgestone","1:48.078",108078,,,,,,,"+2.381",2381,"+0.041",41,6
657,2000,11,9,9,"9","22","jacques-villeneuve","bar","honda","bridgestone","1:48.121",108121,,,,,,,"+2.424",2424,"+0.043",43,7
657,2000,11,10,10,"10","7","eddie-irvine","jaguar","cosworth","bridgestone","1:48.305",108305,,,,,,,"+2.608",2608,"+0.184",184,9
657,2000,11,11,11,"11","19","jos-verstappen","arrows","supertec","bridgestone","1:48.321",108321,,,,,,,"+2.624",2624,"+0.016",16,7
657,2000,11,12,12,"12","23","ricardo-zonta","bar","honda","bridgestone","1:48.665",108665,,,,,,,"+2.968",2968,"+0.344",344,10
657,2000,11,13,13,"13","15","nick-heidfeld","prost","peugeot","bridgestone","1:48.690",108690,,,,,,,"+2.993",2993,"+0.025",25,11
657,2000,11,14,14,"14","9","ralf-schumacher","williams","bmw","bridgestone","1:48.841",108841,,,,,,,"+3.144",3144,"+0.151",151,9
657,2000,11,15,15,"15","17","mika-salo","sauber","petronas","bridgestone","1:49.204",109204,,,,,,,"+3.507",3507,"+0.363",363,8
657,2000,11,16,16,"16","10","jenson-button","williams","bmw","bridgestone","1:49.215",109215,,,,,,,"+3.518",3518,"+0.011",11,8
657,2000,11,17,17,"17","5","heinz-harald-frentzen","jordan","mugen-honda","bridgestone","1:49.280",109280,,,,,,,"+3.583",3583,"+0.065",65,11
657,2000,11,18,18,"18","4","rubens-barrichello","ferrari","ferrari","bridgestone","1:49.544",109544,,,,,,,"+3.847",3847,"+0.264",264,10
657,2000,11,19,19,"19","16","pedro-diniz","sauber","petronas","bridgestone","1:49.936",109936,,,,,,,"+4.239",4239,"+0.392",392,10
657,2000,11,20,20,"20","14","jean-alesi","prost","peugeot","bridgestone","1:50.289",110289,,,,,,,"+4.592",4592,"+0.353",353,9
657,2000,11,21,21,"21","21","gaston-mazzacane","minardi","fondmetal","bridgestone","1:51.611",111611,,,,,,,"+5.914",5914,"+1.322",1322,9
657,2000,11,22,22,"22","20","marc-gene","minardi","fondmetal","bridgestone","1:53.094",113094,,,,,,,"+7.397",7397,"+1.483",1483,7
658,2000,12,1,1,"1","3","michael-schumacher","ferrari","ferrari","bridgestone","1:17.514",77514,,,,,,,,,,,9
658,2000,12,2,2,"2","2","david-coulthard","mclaren","mercedes","bridgestone","1:17.886",77886,,,,,,,"+0.372",372,"+0.372",372,12
658,2000,12,3,3,"3","1","mika-hakkinen","mclaren","mercedes","bridgestone","1:17.922",77922,,,,,,,"+0.408",408,"+0.036",36,12
658,2000,12,4,4,"4","9","ralf-schumacher","williams","bmw","bridgestone","1:18.321",78321,,,,,,,"+0.807",807,"+0.399",399,11
658,2000,12,5,5,"5","4","rubens-barrichello","ferrari","ferrari","bridgestone","1:18.330",78330,,,,,,,"+0.816",816,"+0.009",9,12
658,2000,12,6,6,"6","5","heinz-harald-frentzen","jordan","mugen-honda","bridgestone","1:18.523",78523,,,,,,,"+1.009",1009,"+0.193",193,12
658,2000,12,7,7,"7","11","giancarlo-fisichella","benetton","playlife","bridgestone","1:18.607",78607,,,,,,,"+1.093",1093,"+0.084",84,11
658,2000,12,8,8,"8","10","jenson-button","williams","bmw","bridgestone","1:18.699",78699,,,,,,,"+1.185",1185,"+0.092",92,11
658,2000,12,9,9,"9","17","mika-salo","sauber","petronas","bridgestone","1:18.748",78748,,,,,,,"+1.234",1234,"+0.049",49,12
658,2000,12,10,10,"10","7","eddie-irvine","jaguar","cosworth","bridgestone","1:19.008",79008,,,,,,,"+1.494",1494,"+0.260",260,11
658,2000,12,11,11,"11","12","alexander-wurz","benetton","playlife","bridgestone","1:19.259",79259,,,,,,,"+1.745",1745,"+0.251",251,11
658,2000,12,12,12,"12","6","jarno-trulli","jordan","mugen-honda","bridgestone","1:19.266",79266,,,,,,,"+1.752",1752,"+0.007",7,12
658,2000,12,13,13,"13","16","pedro-diniz","sauber","petronas","bridgestone","1:19.451",79451,,,,,,,"+1.937",1937,"+0.185",185,12
658,2000,12,14,14,"14","14","jean-alesi","prost","peugeot","bridgestone","1:19.626",79626,,,,,,,"+2.112",2112,"+0.175",175,12
658,2000,12,15,15,"15","18","pedro-de-la-rosa","arrows","supertec","bridgestone","1:19.897",79897,,,,,,,"+2.383",2383,"+0.271",271,12
658,2000,12,16,16,"16","22","jacques-villeneuve","bar","honda","bridgestone","1:19.937",79937,,,,,,,"+2.423",2423,"+0.040",40,11
658,2000,12,17,17,"17","8","johnny-herbert","jaguar","cosworth","bridgestone","1:19.956",79956,,,,,,,"+2.442",2442,"+0.019",19,11
658,2000,12,18,18,"18","23","ricardo-zonta","bar","honda","bridgestone","1:20.272",80272,,,,,,,"+2.758",2758,"+0.316",316,12
658,2000,12,19,19,"19","15","nick-heidfeld","prost","peugeot","bridgestone","1:20.481",80481,,,,,,,"+2.967",2967,"+0.209",209,12
658,2000,12,20,20,"20","19","jos-verstappen","arrows","supertec","bridgestone","1:20.609",80609,,,,,,,"+3.095",3095,"+0.128",128,12
658,2000,12,21,21,"21","20","marc-gene","minardi","fondmetal","bridgestone","1:20.654",80654,,,,,,,"+3.140",3140,"+0.045",45,12
658,2000,12,22,22,"22","21","gaston-mazzacane","minardi","fondmetal","bridgestone","1:20.905",80905,,,,,,,"+3.391",3391,"+0.251",251,12
659,2000,13,1,1,"1","1","mika-hakkinen","mclaren","mercedes","bridgestone","1:50.646",110646,,,,,,,,,,,11
659,2000,13,2,2,"2","6","jarno-trulli","jordan","mugen-honda","bridgestone","1:51.419",111419,,,,,,,"+0.773",773,"+0.773",773,12
659,2000,13,3,3,"3","10","jenson-button","williams","bmw","bridgestone","1:51.444",111444,,,,,,,"+0.798",798,"+0.025",25,12
659,2000,13,4,4,"4","3","michael-schumacher","ferrari","ferrari","bridgestone","1:51.552",111552,,,,,,,"+0.906",906,"+0.108",108,12
659,2000,13,5,5,"5","2","david-coulthard","mclaren","mercedes","bridgestone","1:51.587",111587,,,,,,,"+0.941",941,"+0.035",35,11
659,2000,13,6,6,"6","9","ralf-schumacher","williams","bmw","bridgestone","1:51.743",111743,,,,,,,"+1.097",1097,"+0.156",156,12
659,2000,13,7,7,"7","22","jacques-villeneuve","bar","honda","bridgestone","1:51.799",111799,,,,,,,"+1.153",1153,"+0.056",56,12
659,2000,13,8,8,"8","5","heinz-harald-frentzen","jordan","mugen-honda","bridgestone","1:51.926",111926,,,,,,,"+1.280",1280,"+0.127",127,11
659,2000,13,9,9,"9","8","johnny-herbert","jaguar","cosworth","bridgestone","1:52.242",112242,,,,,,,"+1.596",1596,"+0.316",316,12
659,2000,13,10,10,"10","4","rubens-barrichello","ferrari","ferrari","bridgestone","1:52.444",112444,,,,,,,"+1.798",1798,"+0.202",202,12
659,2000,13,11,11,"11","11","giancarlo-fisichella","benetton","playlife","bridgestone","1:52.756",112756,,,,,,,"+2.110",2110,"+0.312",312,5
659,2000,13,12,12,"12","7","eddie-irvine","jaguar","cosworth","bridgestone","1:52.885",112885,,,,,,,"+2.239",2239,"+0.129",129,11
659,2000,13,13,13,"13","23","ricardo-zonta","bar","honda","bridgestone","1:53.002",113002,,,,,,,"+2.356",2356,"+0.117",117,11
659,2000,13,14,14,"14","15","nick-heidfeld","prost","peugeot","bridgestone","1:53.193",113193,,,,,,,"+2.547",2547,"+0.191",191,12
659,2000,13,15,15,"15","16","pedro-diniz","sauber","petronas","bridgestone","1:53.211",113211,,,,,,,"+2.565",2565,"+0.018",18,11
659,2000,13,16,16,"16","18","pedro-de-la-rosa","arrows","supertec","bridgestone","1:53.237",113237,,,,,,,"+2.591",2591,"+0.026",26,11
659,2000,13,17,17,"17","14","jean-alesi","prost","peugeot","bridgestone","1:53.309",113309,,,,,,,"+2.663",2663,"+0.072",72,11
659,2000,13,18,18,"18","17","mika-salo","sauber","petronas","bridgestone","1:53.357",113357,,,,,,,"+2.711",2711,"+0.048",48,11
659,2000,13,19,19,"19","12","alexander-wurz","benetton","playlife","bridgestone","1:53.403",113403,,,,,,,"+2.757",2757,"+0.046",46,5
659,2000,13,20,20,"20","19","jos-verstappen","arrows","supertec","bridgestone","1:53.912",113912,,,,,,,"+3.266",3266,"+0.509",509,12
659,2000,13,21,21,"21","20","marc-gene","minardi","fondmetal","bridgestone","1:54.680",114680,,,,,,,"+4.034",4034,"+0.768",768,10
659,2000,13,22,22,"22","21","gaston-mazzacane","minardi","fondmetal","bridgestone","1:54.784",114784,,,,,,,"+4.138",4138,"+0.104",104,12
660,2000,14,1,1,"1","3","michael-schumacher","ferrari","ferrari","bridgestone","1:23.770",83770,,,,,,,,,,,10
660,2000,14,2,2,"2","4","rubens-barrichello","ferrari","ferrari","bridgestone","1:23.797",83797,,,,,,,"+0.027",27,"+0.027",27,12
660,2000,14,3,3,"3","1","mika-hakkinen","mclaren","mercedes","bridgestone","1:23.967",83967,,,,,,,"+0.197",197,"+0.170",170,12
660,2000,14,4,4,"4","22","jacques-villeneuve","bar","honda","bridgestone","1:24.238",84238,,,,,,,"+0.468",468,"+0.271",271,12
660,2000,14,5,5,"5","2","david-coulthard","mclaren","mercedes","bridgestone","1:24.290",84290,,,,,,,"+0.520",520,"+0.052",52,12
660,2000,14,6,6,"6","6","jarno-trulli","jordan","mugen-honda","bridgestone","1:24.477",84477,,,,,,,"+0.707",707,"+0.187",187,12
660,2000,14,7,7,"7","9","ralf-schumacher","williams","bmw","bridgestone","1:24.516",84516,,,,,,,"+0.746",746,"+0.039",39,10
660,2000,14,8,8,"8","5","heinz-harald-frentzen","jordan","mugen-honda","bridgestone","1:24.786",84786,,,,,,,"+1.016",1016,"+0.270",270,12
660,2000,14,9,9,"9","11","giancarlo-fisichella","benetton","playlife","bridgestone","1:24.789",84789,,,,,,,"+1.019",1019,"+0.003",3,12
660,2000,14,10,10,"10","18","pedro-de-la-rosa","arrows","supertec","bridgestone","1:24.814",84814,,,,,,,"+1.044",1044,"+0.025",25,12
660,2000,14,11,11,"11","19","jos-verstappen","arrows","supertec","bridgestone","1:24.820",84820,,,,,,,"+1.050",1050,"+0.006",6,11
660,2000,14,12,12,"12","10","jenson-button","williams","bmw","bridgestone","1:24.907",84907,,,,,,,"+1.137",1137,"+0.087",87,12
660,2000,14,13,13,"13","12","alexander-wurz","benetton","playlife","bridgestone","1:25.150",85150,,,,,,,"+1.380",1380,"+0.243",243,10
660,2000,14,14,14,"14","7","eddie-irvine","jaguar","cosworth","bridgestone","1:25.251",85251,,,,,,,"+1.481",1481,"+0.101",101,12
660,2000,14,15,15,"15","17","mika-salo","sauber","petronas","bridgestone","1:25.322",85322,,,,,,,"+1.552",1552,"+0.071",71,11
660,2000,14,16,16,"16","16","pedro-diniz","sauber","petronas","bridgestone","1:25.324",85324,,,,,,,"+1.554",1554,"+0.002",2,11
660,2000,14,17,17,"17","23","ricardo-zonta","bar","honda","bridgestone","1:25.337",85337,,,,,,,"+1.567",1567,"+0.013",13,11
660,2000,14,18,18,"18","8","johnny-herbert","jaguar","cosworth","bridgestone","1:25.388",85388,,,,,,,"+1.618",1618,"+0.051",51,12
660,2000,14,19,19,"19","14","jean-alesi","prost","peugeot","bridgestone","1:25.558",85558,,,,,,,"+1.788",1788,"+0.170",170,12
660,2000,14,20,20,"20","15","nick-heidfeld","prost","peugeot","bridgestone","1:25.625",85625,,,,,,,"+1.855",1855,"+0.067",67,12
660,2000,14,21,21,"21","20","marc-gene","minardi","fondmetal","bridgestone","1:26.336",86336,,,,,,,"+2.566",2566,"+0.711",711,12
660,2000,14,22,22,"22","21","gaston-mazzacane","minardi","fondmetal","bridgestone","1:27.360",87360,,,,,,,"+3.590",3590,"+1.024",1024,12
661,2000,15,1,1,"1","3","michael-schumacher","ferrari","ferrari","bridgestone","1:14.266",74266,,,,,,,,,,,12
661,2000,15,2,2,"2","2","david-coulthard","mclaren","mercedes","bridgestone","1:14.392",74392,,,,,,,"+0.126",126,"+0.126",126,12
661,2000,15,3,3,"3","1","mika-hakkinen","mclaren","mercedes","bridgestone","1:14.428",74428,,,,,,,"+0.162",162,"+0.036",36,12
661,2000,15,4,4,"4","4","rubens-barrichello","ferrari","ferrari","bridgestone","1:14.600",74600,,,,,,,"+0.334",334,"+0.172",172,12
661,2000,15,5,5,"5","6","jarno-trulli","jordan","mugen-honda","bridgestone","1:15.006",75006,,,,,,,"+0.740",740,"+0.406",406,12
661,2000,15,6,6,"6","10","jenson-button","williams","bmw","bridgestone","1:15.017",75017,,,,,,,"+0.751",751,"+0.011",11,12
661,2000,15,7,7,"7","5","heinz-harald-frentzen","jordan","mugen-honda","bridgestone","1:15.067",75067,,,,,,,"+0.801",801,"+0.050",50,11
661,2000,15,8,8,"8","22","jacques-villeneuve","bar","honda","bridgestone","1:15.317",75317,,,,,,,"+1.051",1051,"+0.250",250,10
661,2000,15,9,9,"9","16","pedro-diniz","sauber","petronas","bridgestone","1:15.418",75418,,,,,,,"+1.152",1152,"+0.101",101,12
661,2000,15,10,10,"10","9","ralf-schumacher","williams","bmw","bridgestone","1:15.484",75484,,,,,,,"+1.218",1218,"+0.066",66,11
661,2000,15,11,11,"11","12","alexander-wurz","benetton","playlife","bridgestone","1:15.762",75762,,,,,,,"+1.496",1496,"+0.278",278,10
661,2000,15,12,12,"12","23","ricardo-zonta","bar","honda","bridgestone","1:15.784",75784,,,,,,,"+1.518",1518,"+0.022",22,12
661,2000,15,13,13,"13","19","jos-verstappen","arrows","supertec","bridgestone","1:15.808",75808,,,,,,,"+1.542",1542,"+0.024",24,12
661,2000,15,14,14,"14","17","mika-salo","sauber","petronas","bridgestone","1:15.881",75881,,,,,,,"+1.615",1615,"+0.073",73,12
661,2000,15,15,15,"15","11","giancarlo-fisichella","benetton","playlife","bridgestone","1:15.907",75907,,,,,,,"+1.641",1641,"+0.026",26,12
661,2000,15,16,16,"16","15","nick-heidfeld","prost","peugeot","bridgestone","1:16.060",76060,,,,,,,"+1.794",1794,"+0.153",153,12
661,2000,15,17,17,"17","7","eddie-irvine","jaguar","cosworth","bridgestone","1:16.098",76098,,,,,,,"+1.832",1832,"+0.038",38,12
661,2000,15,18,18,"18","18","pedro-de-la-rosa","arrows","supertec","bridgestone","1:16.143",76143,,,,,,,"+1.877",1877,"+0.045",45,12
661,2000,15,19,19,"19","8","johnny-herbert","jaguar","cosworth","bridgestone","1:16.225",76225,,,,,,,"+1.959",1959,"+0.082",82,12
661,2000,15,20,20,"20","14","jean-alesi","prost","peugeot","bridgestone","1:16.471",76471,,,,,,,"+2.205",2205,"+0.246",246,11
661,2000,15,21,21,"21","21","gaston-mazzacane","minardi","fondmetal","bridgestone","1:16.809",76809,,,,,,,"+2.543",2543,"+0.338",338,11
661,2000,15,22,22,"22","20","marc-gene","minardi","fondmetal","bridgestone","1:17.161",77161,,,,,,,"+2.895",2895,"+0.352",352,11
662,2000,16,1,1,"1","3","michael-schumacher","ferrari","ferrari","bridgestone","1:35.825",95825,,,,,,,,,,,9
662,2000,16,2,2,"2","1","mika-hakkinen","mclaren","mercedes","bridgestone","1:35.834",95834,,,,,,,"+0.009",9,"+0.009",9,12
662,2000,16,3,3,"3","2","david-coulthard","mclaren","mercedes","bridgestone","1:36.236",96236,,,,,,,"+0.411",411,"+0.402",402,12
662,2000,16,4,4,"4","4","rubens-barrichello","ferrari","ferrari","bridgestone","1:36.330",96330,,,,,,,"+0.505",505,"+0.094",94,10
662,2000,16,5,5,"5","10","jenson-button","williams","bmw","bridgestone","1:36.628",96628,,,,,,,"+0.803",803,"+0.298",298,11
662,2000,16,6,6,"6","9","ralf-schumacher","williams","bmw","bridgestone","1:36.788",96788,,,,,,,"+0.963",963,"+0.160",160,11
662,2000,16,7,7,"7","7","eddie-irvine","jaguar","cosworth","bridgestone","1:36.899",96899,,,,,,,"+1.074",1074,"+0.111",111,11
662,2000,16,8,8,"8","5","heinz-harald-frentzen","jordan","mugen-honda","bridgestone","1:37.243",97243,,,,,,,"+1.418",1418,"+0.344",344,12
662,2000,16,9,9,"9","22","jacques-villeneuve","bar","honda","bridgestone","1:37.267",97267,,,,,,,"+1.442",1442,"+0.024",24,11
662,2000,16,10,10,"10","8","johnny-herbert","jaguar","cosworth","bridgestone","1:37.329",97329,,,,,,,"+1.504",1504,"+0.062",62,12
662,2000,16,11,11,"11","12","alexander-wurz","benetton","playlife","bridgestone","1:37.348",97348,,,,,,,"+1.523",1523,"+0.019",19,12
662,2000,16,12,12,"12","11","giancarlo-fisichella","benetton","playlife","bridgestone","1:37.479",97479,,,,,,,"+1.654",1654,"+0.131",131,12
662,2000,16,13,13,"13","18","pedro-de-la-rosa","arrows","supertec","bridgestone","1:37.652",97652,,,,,,,"+1.827",1827,"+0.173",173,11
662,2000,16,14,14,"14","19","jos-verstappen","arrows","supertec","bridgestone","1:37.674",97674,,,,,,,"+1.849",1849,"+0.022",22,11
662,2000,16,15,15,"15","6","jarno-trulli","jordan","mugen-honda","bridgestone","1:37.679",97679,,,,,,,"+1.854",1854,"+0.005",5,11
662,2000,16,16,16,"16","15","nick-heidfeld","prost","peugeot","bridgestone","1:38.141",98141,,,,,,,"+2.316",2316,"+0.462",462,11
662,2000,16,17,17,"17","14","jean-alesi","prost","peugeot","bridgestone","1:38.209",98209,,,,,,,"+2.384",2384,"+0.068",68,12
662,2000,16,18,18,"18","23","ricardo-zonta","bar","honda","bridgestone","1:38.269",98269,,,,,,,"+2.444",2444,"+0.060",60,9
662,2000,16,19,19,"19","17","mika-salo","sauber","petronas","bridgestone","1:38.490",98490,,,,,,,"+2.665",2665,"+0.221",221,6
662,2000,16,20,20,"20","16","pedro-diniz","sauber","petronas","bridgestone","1:38.576",98576,,,,,,,"+2.751",2751,"+0.086",86,12
662,2000,16,21,21,"21","20","marc-gene","minardi","fondmetal","bridgestone","1:39.972",99972,,,,,,,"+4.147",4147,"+1.396",1396,9
662,2000,16,22,22,"22","21","gaston-mazzacane","minardi","fondmetal","bridgestone","1:40.462",100462,,,,,,,"+4.637",4637,"+0.490",490,12
663,2000,17,1,1,"1","3","michael-schumacher","ferrari","ferrari","bridgestone","1:37.397",97397,,,,,,,,,,,8
663,2000,17,2,2,"2","1","mika-hakkinen","mclaren","mercedes","bridgestone","1:37.860",97860,,,,,,,"+0.463",463,"+0.463",463,11
663,2000,17,3,3,"3","2","david-coulthard","mclaren","mercedes","bridgestone","1:37.889",97889,,,,,,,"+0.492",492,"+0.029",29,11
663,2000,17,4,4,"4","4","rubens-barrichello","ferrari","ferrari","bridgestone","1:37.896",97896,,,,,,,"+0.499",499,"+0.007",7,11
663,2000,17,5,5,"5","12","alexander-wurz","benetton","playlife","bridgestone","1:38.644",98644,,,,,,,"+1.247",1247,"+0.748",748,12
663,2000,17,6,6,"6","22","jacques-villeneuve","bar","honda","bridgestone","1:38.653",98653,,,,,,,"+1.256",1256,"+0.009",9,11
663,2000,17,7,7,"7","7","eddie-irvine","jaguar","cosworth","bridgestone","1:38.696",98696,,,,,,,"+1.299",1299,"+0.043",43,12
663,2000,17,8,8,"8","9","ralf-schumacher","williams","bmw","bridgestone","1:38.739",98739,,,,,,,"+1.342",1342,"+0.043",43,12
663,2000,17,9,9,"9","6","jarno-trulli","jordan","mugen-honda","bridgestone","1:38.909",98909,,,,,,,"+1.512",1512,"+0.170",170,11
663,2000,17,10,10,"10","5","heinz-harald-frentzen","jordan","mugen-honda","bridgestone","1:38.988",98988,,,,,,,"+1.591",1591,"+0.079",79,11
663,2000,17,11,11,"11","23","ricardo-zonta","bar","honda","bridgestone","1:39.158",99158,,,,,,,"+1.761",1761,"+0.170",170,11
663,2000,17,12,12,"12","8","johnny-herbert","jaguar","cosworth","bridgestone","1:39.331",99331,,,,,,,"+1.934",1934,"+0.173",173,12
663,2000,17,13,13,"13","11","giancarlo-fisichella","benetton","playlife","bridgestone","1:39.387",99387,,,,,,,"+1.990",1990,"+0.056",56,12
663,2000,17,14,14,"14","18","pedro-de-la-rosa","arrows","supertec","bridgestone","1:39.443",99443,,,,,,,"+2.046",2046,"+0.056",56,12
663,2000,17,15,15,"15","19","jos-verstappen","arrows","supertec","bridgestone","1:39.489",99489,,,,,,,"+2.092",2092,"+0.046",46,9
663,2000,17,16,16,"16","10","jenson-button","williams","bmw","bridgestone","1:39.563",99563,,,,,,,"+2.166",2166,"+0.074",74,10
663,2000,17,17,17,"17","17","mika-salo","sauber","petronas","bridgestone","1:39.591",99591,,,,,,,"+2.194",2194,"+0.028",28,12
663,2000,17,18,18,"18","14","jean-alesi","prost","peugeot","bridgestone","1:40.065",100065,,,,,,,"+2.668",2668,"+0.474",474,11
663,2000,17,19,19,"19","15","nick-heidfeld","prost","peugeot","bridgestone","1:40.148",100148,,,,,,,"+2.751",2751,"+0.083",83,11
663,2000,17,20,20,"20","16","pedro-diniz","sauber","petronas","bridgestone","1:40.521",100521,,,,,,,"+3.124",3124,"+0.373",373,11
663,2000,17,21,21,"21","20","marc-gene","minardi","fondmetal","bridgestone","1:40.662",100662,,,,,,,"+3.265",3265,"+0.141",141,12
663,2000,17,22,22,"22","21","gaston-mazzacane","minardi","fondmetal","bridgestone","1:42.078",102078,,,,,,,"+4.681",4681,"+1.416",1416,12
664,2001,1,1,1,"1","1","michael-schumacher","ferrari","ferrari","bridgestone","1:26.892",86892,,,,,,,,,,,10
664,2001,1,2,2,"2","2","rubens-barrichello","ferrari","ferrari","bridgestone","1:27.263",87263,,,,,,,"+0.371",371,"+0.371",371,11
664,2001,1,3,3,"3","3","mika-hakkinen","mclaren","mercedes","bridgestone","1:27.461",87461,,,,,,,"+0.569",569,"+0.198",198,12
664,2001,1,4,4,"4","11","heinz-harald-frentzen","jordan","honda","bridgestone","1:27.658",87658,,,,,,,"+0.766",766,"+0.197",197,10
664,2001,1,5,5,"5","5","ralf-schumacher","williams","bmw","michelin","1:27.719",87719,,,,,,,"+0.827",827,"+0.061",61,12
664,2001,1,6,6,"6","4","david-coulthard","mclaren","mercedes","bridgestone","1:28.010",88010,,,,,,,"+1.118",1118,"+0.291",291,12
664,2001,1,7,7,"7","12","jarno-trulli","jordan","honda","bridgestone","1:28.377",88377,,,,,,,"+1.485",1485,"+0.367",367,11
664,2001,1,8,8,"8","10","jacques-villeneuve","bar","honda","bridgestone","1:28.435",88435,,,,,,,"+1.543",1543,"+0.058",58,11
664,2001,1,9,9,"9","9","olivier-panis","bar","honda","bridgestone","1:28.518",88518,,,,,,,"+1.626",1626,"+0.083",83,11
664,2001,1,10,10,"10","16","nick-heidfeld","sauber","petronas","bridgestone","1:28.615",88615,,,,,,,"+1.723",1723,"+0.097",97,11
664,2001,1,11,11,"11","6","juan-pablo-montoya","williams","bmw","michelin","1:28.738",88738,,,,,,,"+1.846",1846,"+0.123",123,11
664,2001,1,12,12,"12","18","eddie-irvine","jaguar","cosworth","michelin","1:28.965",88965,,,,,,,"+2.073",2073,"+0.227",227,10
664,2001,1,13,13,"13","17","kimi-raikkonen","sauber","petronas","bridgestone","1:28.993",88993,,,,,,,"+2.101",2101,"+0.028",28,12
664,2001,1,14,14,"14","22","jean-alesi","prost","acer","michelin","1:29.893",89893,,,,,,,"+3.001",3001,"+0.900",900,11
664,2001,1,15,15,"15","14","jos-verstappen","arrows","asiatech","bridgestone","1:29.934",89934,,,,,,,"+3.042",3042,"+0.041",41,11
664,2001,1,16,16,"16","8","jenson-button","benetton","renault","michelin","1:30.035",90035,,,,,,,"+3.143",3143,"+0.101",101,12
664,2001,1,17,17,"17","7","giancarlo-fisichella","benetton","renault","michelin","1:30.209",90209,,,,,,,"+3.317",3317,"+0.174",174,10
664,2001,1,18,18,"18","15","enrique-bernoldi","arrows","asiatech","bridgestone","1:30.520",90520,,,,,,,"+3.628",3628,"+0.311",311,12
664,2001,1,19,19,"19","21","fernando-alonso","minardi","european","michelin","1:30.657",90657,,,,,,,"+3.765",3765,"+0.137",137,12
664,2001,1,20,20,"20","23","gaston-mazzacane","prost","acer","michelin","1:30.798",90798,,,,,,,"+3.906",3906,"+0.141",141,12
664,2001,1,21,21,"21","19","luciano-burti","jaguar","cosworth","michelin","1:30.978",90978,,,,,,,"+4.086",4086,"+0.180",180,7
664,2001,1,22,,"NC","20","tarso-marques","minardi","european","michelin","1:33.228",93228,,,,,,,"+6.336",6336,"+2.250",2250,11
665,2001,2,1,1,"1","1","michael-schumacher","ferrari","ferrari","bridgestone","1:35.220",95220,,,,,,,,,,,12
665,2001,2,2,2,"2","2","rubens-barrichello","ferrari","ferrari","bridgestone","1:35.319",95319,,,,,,,"+0.099",99,"+0.099",99,12
665,2001,2,3,3,"3","5","ralf-schumacher","williams","bmw","michelin","1:35.511",95511,,,,,,,"+0.291",291,"+0.192",192,12
665,2001,2,4,4,"4","3","mika-hakkinen","mclaren","mercedes","bridgestone","1:36.040",96040,,,,,,,"+0.820",820,"+0.529",529,11
665,2001,2,5,5,"5","12","jarno-trulli","jordan","honda","bridgestone","1:36.180",96180,,,,,,,"+0.960",960,"+0.140",140,11
665,2001,2,6,6,"6","6","juan-pablo-montoya","williams","bmw","michelin","1:36.218",96218,,,,,,,"+0.998",998,"+0.038",38,11
665,2001,2,7,7,"7","10","jacques-villeneuve","bar","honda","bridgestone","1:36.397",96397,,,,,,,"+1.177",1177,"+0.179",179,12
665,2001,2,8,8,"8","4","david-coulthard","mclaren","mercedes","bridgestone","1:36.417",96417,,,,,,,"+1.197",1197,"+0.020",20,12
665,2001,2,9,9,"9","11","heinz-harald-frentzen","jordan","honda","bridgestone","1:36.578",96578,,,,,,,"+1.358",1358,"+0.161",161,11
665,2001,2,10,10,"10","9","olivier-panis","bar","honda","bridgestone","1:36.681",96681,,,,,,,"+1.461",1461,"+0.103",103,12
665,2001,2,11,11,"11","16","nick-heidfeld","sauber","petronas","bridgestone","1:36.913",96913,,,,,,,"+1.693",1693,"+0.232",232,12
665,2001,2,12,12,"12","18","eddie-irvine","jaguar","cosworth","michelin","1:37.140",97140,,,,,,,"+1.920",1920,"+0.227",227,12
665,2001,2,13,13,"13","22","jean-alesi","prost","acer","michelin","1:37.406",97406,,,,,,,"+2.186",2186,"+0.266",266,12
665,2001,2,14,14,"14","17","kimi-raikkonen","sauber","petronas","bridgestone","1:37.728",97728,,,,,,,"+2.508",2508,"+0.322",322,9
665,2001,2,15,15,"15","19","luciano-burti","jaguar","cosworth","michelin","1:38.035",98035,,,,,,,"+2.815",2815,"+0.307",307,12
665,2001,2,16,16,"16","7","giancarlo-fisichella","benetton","renault","michelin","1:38.086",98086,,,,,,,"+2.866",2866,"+0.051",51,7
665,2001,2,17,17,"17","8","jenson-button","benetton","renault","michelin","1:38.258",98258,,,,,,,"+3.038",3038,"+0.172",172,12
665,2001,2,18,18,"18","14","jos-verstappen","arrows","asiatech","bridgestone","1:38.509",98509,,,,,,,"+3.289",3289,"+0.251",251,12
665,2001,2,19,19,"19","23","gaston-mazzacane","prost","acer","michelin","1:39.006",99006,,,,,,,"+3.786",3786,"+0.497",497,12
665,2001,2,20,20,"20","20","tarso-marques","minardi","european","michelin","1:39.714",99714,,,,,,,"+4.494",4494,"+0.708",708,12
665,2001,2,21,21,"21","21","fernando-alonso","minardi","european","michelin","1:40.249",100249,,,,,,,"+5.029",5029,"+0.535",535,11
665,2001,2,22,22,"22","15","enrique-bernoldi","arrows","asiatech","bridgestone",,,,,,,,,,,,,
666,2001,3,1,1,"1","1","michael-schumacher","ferrari","ferrari","bridgestone","1:13.780",73780,,,,,,,,,,,11
666,2001,3,2,2,"2","5","ralf-schumacher","williams","bmw","michelin","1:14.090",74090,,,,,,,"+0.310",310,"+0.310",310,12
666,2001,3,3,3,"3","3","mika-hakkinen","mclaren","mercedes","bridgestone","1:14.122",74122,,,,,,,"+0.342",342,"+0.032",32,10
666,2001,3,4,4,"4","6","juan-pablo-montoya","williams","bmw","michelin","1:14.165",74165,,,,,,,"+0.385",385,"+0.043",43,11
666,2001,3,5,5,"5","4","david-coulthard","mclaren","mercedes","bridgestone","1:14.178",74178,,,,,,,"+0.398",398,"+0.013",13,11
666,2001,3,6,6,"6","2","rubens-barrichello","ferrari","ferrari","bridgestone","1:14.191",74191,,,,,,,"+0.411",411,"+0.013",13,11
666,2001,3,7,7,"7","12","jarno-trulli","jordan","honda","bridgestone","1:14.630",74630,,,,,,,"+0.850",850,"+0.439",439,11
666,2001,3,8,8,"8","11","heinz-harald-frentzen","jordan","honda","bridgestone","1:14.633",74633,,,,,,,"+0.853",853,"+0.003",3,11
666,2001,3,9,9,"9","16","nick-heidfeld","sauber","petronas","bridgestone","1:14.810",74810,,,,,,,"+1.030",1030,"+0.177",177,12
666,2001,3,10,10,"10","17","kimi-raikkonen","sauber","petronas","bridgestone","1:14.924",74924,,,,,,,"+1.144",1144,"+0.114",114,11
666,2001,3,11,11,"11","9","olivier-panis","bar","honda","bridgestone","1:15.046",75046,,,,,,,"+1.266",1266,"+0.122",122,11
666,2001,3,12,12,"12","10","jacques-villeneuve","bar","honda","bridgestone","1:15.182",75182,,,,,,,"+1.402",1402,"+0.136",136,12
666,2001,3,13,13,"13","18","eddie-irvine","jaguar","cosworth","michelin","1:15.192",75192,,,,,,,"+1.412",1412,"+0.010",10,12
666,2001,3,14,14,"14","19","luciano-burti","jaguar","cosworth","michelin","1:15.371",75371,,,,,,,"+1.591",1591,"+0.179",179,12
666,2001,3,15,15,"15","22","jean-alesi","prost","acer","michelin","1:15.437",75437,,,,,,,"+1.657",1657,"+0.066",66,12
666,2001,3,16,16,"16","15","enrique-bernoldi","arrows","asiatech","bridgestone","1:15.657",75657,,,,,,,"+1.877",1877,"+0.220",220,12
666,2001,3,17,17,"17","14","jos-verstappen","arrows","asiatech","bridgestone","1:15.704",75704,,,,,,,"+1.924",1924,"+0.047",47,12
666,2001,3,18,18,"18","7","giancarlo-fisichella","benetton","renault","michelin","1:16.175",76175,,,,,,,"+2.395",2395,"+0.471",471,12
666,2001,3,19,19,"19","21","fernando-alonso","minardi","european","michelin","1:16.184",76184,,,,,,,"+2.404",2404,"+0.009",9,12
666,2001,3,20,20,"20","8","jenson-button","benetton","renault","michelin","1:16.229",76229,,,,,,,"+2.449",2449,"+0.045",45,12
666,2001,3,21,21,"21","23","gaston-mazzacane","prost","acer","michelin","1:16.520",76520,,,,,,,"+2.740",2740,"+0.291",291,12
666,2001,3,22,22,"22","20","tarso-marques","minardi","european","michelin","1:16.784",76784,,,,,,,"+3.004",3004,"+0.264",264,12
667,2001,4,1,1,"1","4","david-coulthard","mclaren","mercedes","bridgestone","1:23.054",83054,,,,,,,,,,,12
667,2001,4,2,2,"2","3","mika-hakkinen","mclaren","mercedes","bridgestone","1:23.282",83282,,,,,,,"+0.228",228,"+0.228",228,12
667,2001,4,3,3,"3","5","ralf-schumacher","williams","bmw","michelin","1:23.357",83357,,,,,,,"+0.303",303,"+0.075",75,12
667,2001,4,4,4,"4","1","michael-schumacher","ferrari","ferrari","bridgestone","1:23.593",83593,,,,,,,"+0.539",539,"+0.236",236,12
667,2001,4,5,5,"5","12","jarno-trulli","jordan","honda","bridgestone","1:23.658",83658,,,,,,,"+0.604",604,"+0.065",65,12
667,2001,4,6,6,"6","2","rubens-barrichello","ferrari","ferrari","bridgestone","1:23.786",83786,,,,,,,"+0.732",732,"+0.128",128,10
667,2001,4,7,7,"7","6","juan-pablo-montoya","williams","bmw","michelin","1:24.141",84141,,,,,,,"+1.087",1087,"+0.355",355,12
667,2001,4,8,8,"8","9","olivier-panis","bar","honda","bridgestone","1:24.213",84213,,,,,,,"+1.159",1159,"+0.072",72,12
667,2001,4,9,9,"9","11","heinz-harald-frentzen","jordan","honda","bridgestone","1:24.436",84436,,,,,,,"+1.382",1382,"+0.223",223,11
667,2001,4,10,10,"10","17","kimi-raikkonen","sauber","petronas","bridgestone","1:24.671",84671,,,,,,,"+1.617",1617,"+0.235",235,12
667,2001,4,11,11,"11","10","jacques-villeneuve","bar","honda","bridgestone","1:24.769",84769,,,,,,,"+1.715",1715,"+0.098",98,12
667,2001,4,12,12,"12","16","nick-heidfeld","sauber","petronas","bridgestone","1:25.007",85007,,,,,,,"+1.953",1953,"+0.238",238,12
667,2001,4,13,13,"13","18","eddie-irvine","jaguar","cosworth","michelin","1:25.392",85392,,,,,,,"+2.338",2338,"+0.385",385,12
667,2001,4,14,14,"14","22","jean-alesi","prost","acer","michelin","1:25.411",85411,,,,,,,"+2.357",2357,"+0.019",19,12
667,2001,4,15,15,"15","19","luciano-burti","jaguar","cosworth","michelin","1:25.572",85572,,,,,,,"+2.518",2518,"+0.161",161,12
667,2001,4,16,16,"16","15","enrique-bernoldi","arrows","asiatech","bridgestone","1:25.872",85872,,,,,,,"+2.818",2818,"+0.300",300,12
667,2001,4,17,17,"17","14","jos-verstappen","arrows","asiatech","bridgestone","1:26.062",86062,,,,,,,"+3.008",3008,"+0.190",190,12
667,2001,4,18,18,"18","21","fernando-alonso","minardi","european","michelin","1:26.855",86855,,,,,,,"+3.801",3801,"+0.793",793,12
667,2001,4,19,19,"19","7","giancarlo-fisichella","benetton","renault","michelin","1:26.902",86902,,,,,,,"+3.848",3848,"+0.047",47,11
667,2001,4,20,20,"20","23","gaston-mazzacane","prost","acer","michelin","1:27.750",87750,,,,,,,"+4.696",4696,"+0.848",848,12
667,2001,4,21,21,"21","8","jenson-button","benetton","renault","michelin","1:27.758",87758,,,,,,,"+4.704",4704,"+0.008",8,11
667,2001,4,22,22,"22","20","tarso-marques","minardi","european","michelin","1:28.281",88281,,,,,,,"+5.227",5227,"+0.523",523,12
668,2001,5,1,1,"1","1","michael-schumacher","ferrari","ferrari","bridgestone","1:18.201",78201,,,,,,,,,,,8
668,2001,5,2,2,"2","3","mika-hakkinen","mclaren","mercedes","bridgestone","1:18.286",78286,,,,,,,"+0.085",85,"+0.085",85,12
668,2001,5,3,3,"3","4","david-coulthard","mclaren","mercedes","bridgestone","1:18.635",78635,,,,,,,"+0.434",434,"+0.349",349,12
668,2001,5,4,4,"4","2","rubens-barrichello","ferrari","ferrari","bridgestone","1:18.674",78674,,,,,,,"+0.473",473,"+0.039",39,11
668,2001,5,5,5,"5","5","ralf-schumacher","williams","bmw","michelin","1:19.016",79016,,,,,,,"+0.815",815,"+0.342",342,12
668,2001,5,6,6,"6","12","jarno-trulli","jordan","honda","bridgestone","1:19.093",79093,,,,,,,"+0.892",892,"+0.077",77,12
668,2001,5,7,7,"7","10","jacques-villeneuve","bar","honda","bridgestone","1:19.122",79122,,,,,,,"+0.921",921,"+0.029",29,10
668,2001,5,8,8,"8","11","heinz-harald-frentzen","jordan","honda","bridgestone","1:19.150",79150,,,,,,,"+0.949",949,"+0.028",28,12
668,2001,5,9,9,"9","17","kimi-raikkonen","sauber","petronas","bridgestone","1:19.229",79229,,,,,,,"+1.028",1028,"+0.079",79,12
668,2001,5,10,10,"10","16","nick-heidfeld","sauber","petronas","bridgestone","1:19.232",79232,,,,,,,"+1.031",1031,"+0.003",3,11
668,2001,5,11,11,"11","9","olivier-panis","bar","honda","bridgestone","1:19.479",79479,,,,,,,"+1.278",1278,"+0.247",247,11
668,2001,5,12,12,"12","6","juan-pablo-montoya","williams","bmw","michelin","1:19.660",79660,,,,,,,"+1.459",1459,"+0.181",181,11
668,2001,5,13,13,"13","18","eddie-irvine","jaguar","cosworth","michelin","1:20.326",80326,,,,,,,"+2.125",2125,"+0.666",666,12
668,2001,5,14,14,"14","23","luciano-burti","prost","acer","michelin","1:20.585",80585,,,,,,,"+2.384",2384,"+0.259",259,12
668,2001,5,15,15,"15","22","jean-alesi","prost","acer","michelin","1:20.601",80601,,,,,,,"+2.400",2400,"+0.016",16,12
668,2001,5,16,16,"16","15","enrique-bernoldi","arrows","asiatech","bridgestone","1:20.696",80696,,,,,,,"+2.495",2495,"+0.095",95,12
668,2001,5,17,17,"17","14","jos-verstappen","arrows","asiatech","bridgestone","1:20.737",80737,,,,,,,"+2.536",2536,"+0.041",41,11
668,2001,5,18,18,"18","21","fernando-alonso","minardi","european","michelin","1:21.037",81037,,,,,,,"+2.836",2836,"+0.300",300,12
668,2001,5,19,19,"19","7","giancarlo-fisichella","benetton","renault","michelin","1:21.065",81065,,,,,,,"+2.864",2864,"+0.028",28,12
668,2001,5,20,20,"20","19","pedro-de-la-rosa","jaguar","cosworth","michelin","1:21.338",81338,,,,,,,"+3.137",3137,"+0.273",273,10
668,2001,5,21,21,"21","8","jenson-button","benetton","renault","michelin","1:21.916",81916,,,,,,,"+3.715",3715,"+0.578",578,11
668,2001,5,22,22,"22","20","tarso-marques","minardi","european","michelin","1:22.522",82522,,,,,,,"+4.321",4321,"+0.606",606,12
669,2001,6,1,1,"1","1","michael-schumacher","ferrari","ferrari","bridgestone","1:09.562",69562,,,,,,,,,,,12
669,2001,6,2,2,"2","6","juan-pablo-montoya","williams","bmw","michelin","1:09.686",69686,,,,,,,"+0.124",124,"+0.124",124,12
669,2001,6,3,3,"3","5","ralf-schumacher","williams","bmw","michelin","1:09.769",69769,,,,,,,"+0.207",207,"+0.083",83,11
669,2001,6,4,4,"4","2","rubens-barrichello","ferrari","ferrari","bridgestone","1:09.786",69786,,,,,,,"+0.224",224,"+0.017",17,11
669,2001,6,5,5,"5","12","jarno-trulli","jordan","honda","bridgestone","1:10.202",70202,,,,,,,"+0.640",640,"+0.416",416,11
669,2001,6,6,6,"6","16","nick-heidfeld","sauber","petronas","bridgestone","1:10.211",70211,,,,,,,"+0.649",649,"+0.009",9,12
669,2001,6,7,7,"7","4","david-coulthard","mclaren","mercedes","bridgestone","1:10.331",70331,,,,,,,"+0.769",769,"+0.120",120,12
669,2001,6,8,8,"8","3","mika-hakkinen","mclaren","mercedes","bridgestone","1:10.342",70342,,,,,,,"+0.780",780,"+0.011",11,11
669,2001,6,9,9,"9","17","kimi-raikkonen","sauber","petronas","bridgestone","1:10.396",70396,,,,,,,"+0.834",834,"+0.054",54,12
669,2001,6,10,10,"10","9","olivier-panis","bar","honda","bridgestone","1:10.435",70435,,,,,,,"+0.873",873,"+0.039",39,12
669,2001,6,11,11,"11","11","heinz-harald-frentzen","jordan","honda","bridgestone","1:10.923",70923,,,,,,,"+1.361",1361,"+0.488",488,11
669,2001,6,12,12,"12","10","jacques-villeneuve","bar","honda","bridgestone","1:11.058",71058,,,,,,,"+1.496",1496,"+0.135",135,11
669,2001,6,13,13,"13","18","eddie-irvine","jaguar","cosworth","michelin","1:11.632",71632,,,,,,,"+2.070",2070,"+0.574",574,12
669,2001,6,14,14,"14","19","pedro-de-la-rosa","jaguar","cosworth","michelin","1:11.752",71752,,,,,,,"+2.190",2190,"+0.120",120,12
669,2001,6,15,15,"15","15","enrique-bernoldi","arrows","asiatech","bridgestone","1:11.823",71823,,,,,,,"+2.261",2261,"+0.071",71,12
669,2001,6,16,16,"16","14","jos-verstappen","arrows","asiatech","bridgestone","1:12.187",72187,,,,,,,"+2.625",2625,"+0.364",364,11
669,2001,6,17,17,"17","23","luciano-burti","prost","acer","michelin","1:12.206",72206,,,,,,,"+2.644",2644,"+0.019",19,12
669,2001,6,18,18,"18","21","fernando-alonso","minardi","european","michelin","1:12.640",72640,,,,,,,"+3.078",3078,"+0.434",434,12
669,2001,6,19,19,"19","7","giancarlo-fisichella","benetton","renault","michelin","1:12.644",72644,,,,,,,"+3.082",3082,"+0.004",4,8
669,2001,6,20,20,"20","22","jean-alesi","prost","acer","michelin","1:12.910",72910,,,,,,,"+3.348",3348,"+0.266",266,10
669,2001,6,21,21,"21","8","jenson-button","benetton","renault","michelin","1:13.459",73459,,,,,,,"+3.897",3897,"+0.549",549,11
669,2001,6,22,22,"22","20","tarso-marques","minardi","european","michelin","1:13.585",73585,,,,,,,"+4.023",4023,"+0.126",126,5
670,2001,7,1,1,"1","4","david-coulthard","mclaren","mercedes","bridgestone","1:17.430",77430,,,,,,,,,,,12
670,2001,7,2,2,"2","1","michael-schumacher","ferrari","ferrari","bridgestone","1:17.631",77631,,,,,,,"+0.201",201,"+0.201",201,11
670,2001,7,3,3,"3","3","mika-hakkinen","mclaren","mercedes","bridgestone","1:17.749",77749,,,,,,,"+0.319",319,"+0.118",118,12
670,2001,7,4,4,"4","2","rubens-barrichello","ferrari","ferrari","bridgestone","1:17.856",77856,,,,,,,"+0.426",426,"+0.107",107,12
670,2001,7,5,5,"5","5","ralf-schumacher","williams","bmw","michelin","1:18.029",78029,,,,,,,"+0.599",599,"+0.173",173,11
670,2001,7,6,6,"6","18","eddie-irvine","jaguar","cosworth","michelin","1:18.432",78432,,,,,,,"+1.002",1002,"+0.403",403,12
670,2001,7,7,7,"7","6","juan-pablo-montoya","williams","bmw","michelin","1:18.751",78751,,,,,,,"+1.321",1321,"+0.319",319,12
670,2001,7,8,8,"8","12","jarno-trulli","jordan","honda","bridgestone","1:18.921",78921,,,,,,,"+1.491",1491,"+0.170",170,12
670,2001,7,9,9,"9","10","jacques-villeneuve","bar","honda","bridgestone","1:19.086",79086,,,,,,,"+1.656",1656,"+0.165",165,12
670,2001,7,10,10,"10","7","giancarlo-fisichella","benetton","renault","michelin","1:19.220",79220,,,,,,,"+1.790",1790,"+0.134",134,11
670,2001,7,11,11,"11","22","jean-alesi","prost","acer","michelin","1:19.245",79245,,,,,,,"+1.815",1815,"+0.025",25,12
670,2001,7,12,12,"12","9","olivier-panis","bar","honda","bridgestone","1:19.294",79294,,,,,,,"+1.864",1864,"+0.049",49,12
670,2001,7,13,13,"13","11","heinz-harald-frentzen","jordan","honda","bridgestone","1:19.316",79316,,,,,,,"+1.886",1886,"+0.022",22,11
670,2001,7,14,14,"14","19","pedro-de-la-rosa","jaguar","cosworth","michelin","1:20.033",80033,,,,,,,"+2.603",2603,"+0.717",717,12
670,2001,7,15,15,"15","17","kimi-raikkonen","sauber","petronas","bridgestone","1:20.081",80081,,,,,,,"+2.651",2651,"+0.048",48,12
670,2001,7,16,16,"16","16","nick-heidfeld","sauber","petronas","bridgestone","1:20.261",80261,,,,,,,"+2.831",2831,"+0.180",180,12
670,2001,7,17,17,"17","8","jenson-button","benetton","renault","michelin","1:20.342",80342,,,,,,,"+2.912",2912,"+0.081",81,12
670,2001,7,18,18,"18","21","fernando-alonso","minardi","european","michelin","1:20.788",80788,,,,,,,"+3.358",3358,"+0.446",446,12
670,2001,7,19,19,"19","14","jos-verstappen","arrows","asiatech","bridgestone","1:20.823",80823,,,,,,,"+3.393",3393,"+0.035",35,12
670,2001,7,20,20,"20","15","enrique-bernoldi","arrows","asiatech","bridgestone","1:21.336",81336,,,,,,,"+3.906",3906,"+0.513",513,11
670,2001,7,21,21,"21","23","luciano-burti","prost","acer","michelin","1:21.771",81771,,,,,,,"+4.341",4341,"+0.435",435,12
670,2001,7,22,22,"22","20","tarso-marques","minardi","european","michelin","1:22.201",82201,,,,,,,"+4.771",4771,"+0.430",430,12
671,2001,8,1,1,"1","1","michael-schumacher","ferrari","ferrari","bridgestone","1:15.782",75782,,,,,,,,,,,6
671,2001,8,2,2,"2","5","ralf-schumacher","williams","bmw","michelin","1:16.297",76297,,,,,,,"+0.515",515,"+0.515",515,8
671,2001,8,3,3,"3","4","david-coulthard","mclaren","mercedes","bridgestone","1:16.423",76423,,,,,,,"+0.641",641,"+0.126",126,12
671,2001,8,4,4,"4","12","jarno-trulli","jordan","honda","bridgestone","1:16.459",76459,,,,,,,"+0.677",677,"+0.036",36,10
671,2001,8,5,5,"5","2","rubens-barrichello","ferrari","ferrari","bridgestone","1:16.760",76760,,,,,,,"+0.978",978,"+0.301",301,11
671,2001,8,6,6,"6","9","olivier-panis","bar","honda","bridgestone","1:16.771",76771,,,,,,,"+0.989",989,"+0.011",11,10
671,2001,8,7,7,"7","17","kimi-raikkonen","sauber","petronas","bridgestone","1:16.875",76875,,,,,,,"+1.093",1093,"+0.104",104,11
671,2001,8,8,8,"8","3","mika-hakkinen","mclaren","mercedes","bridgestone","1:16.979",76979,,,,,,,"+1.197",1197,"+0.104",104,12
671,2001,8,9,9,"9","10","jacques-villeneuve","bar","honda","bridgestone","1:17.035",77035,,,,,,,"+1.253",1253,"+0.056",56,11
671,2001,8,10,10,"10","6","juan-pablo-montoya","williams","bmw","michelin","1:17.123",77123,,,,,,,"+1.341",1341,"+0.088",88,12
671,2001,8,11,11,"11","16","nick-heidfeld","sauber","petronas","bridgestone","1:17.165",77165,,,,,,,"+1.383",1383,"+0.042",42,11
671,2001,8,12,12,"12","11","ricardo-zonta","jordan","honda","bridgestone","1:17.328",77328,,,,,,,"+1.546",1546,"+0.163",163,11
671,2001,8,13,13,"13","14","jos-verstappen","arrows","asiatech","bridgestone","1:17.903",77903,,,,,,,"+2.121",2121,"+0.575",575,10
671,2001,8,14,14,"14","19","pedro-de-la-rosa","jaguar","cosworth","michelin","1:18.015",78015,,,,,,,"+2.233",2233,"+0.112",112,12
671,2001,8,15,15,"15","18","eddie-irvine","jaguar","cosworth","michelin","1:18.016",78016,,,,,,,"+2.234",2234,"+0.001",1,12
671,2001,8,16,16,"16","22","jean-alesi","prost","acer","michelin","1:18.178",78178,,,,,,,"+2.396",2396,"+0.162",162,10
671,2001,8,17,17,"17","15","enrique-bernoldi","arrows","asiatech","bridgestone","1:18.575",78575,,,,,,,"+2.793",2793,"+0.397",397,11
671,2001,8,18,18,"18","7","giancarlo-fisichella","benetton","renault","michelin","1:18.622",78622,,,,,,,"+2.840",2840,"+0.047",47,11
671,2001,8,19,19,"19","23","luciano-burti","prost","acer","michelin","1:18.753",78753,,,,,,,"+2.971",2971,"+0.131",131,11
671,2001,8,20,20,"20","8","jenson-button","benetton","renault","michelin","1:19.033",79033,,,,,,,"+3.251",3251,"+0.280",280,12
671,2001,8,21,21,"21","20","tarso-marques","minardi","european","michelin","1:20.690",80690,,,,,,,"+4.908",4908,"+1.657",1657,12
671,2001,8,22,,"EX","21","fernando-alonso","minardi","european","michelin","1:19.454",79454,,,,,,,"+3.672",3672,,,
672,2001,9,1,1,"1","1","michael-schumacher","ferrari","ferrari","bridgestone","1:14.960",74960,,,,,,,,,,,8
672,2001,9,2,2,"2","5","ralf-schumacher","williams","bmw","michelin","1:15.226",75226,,,,,,,"+0.266",266,"+0.266",266,12
672,2001,9,3,3,"3","6","juan-pablo-montoya","williams","bmw","michelin","1:15.490",75490,,,,,,,"+0.530",530,"+0.264",264,11
672,2001,9,4,4,"4","2","rubens-barrichello","ferrari","ferrari","bridgestone","1:15.622",75622,,,,,,,"+0.662",662,"+0.132",132,11
672,2001,9,5,5,"5","4","david-coulthard","mclaren","mercedes","bridgestone","1:15.717",75717,,,,,,,"+0.757",757,"+0.095",95,12
672,2001,9,6,6,"6","3","mika-hakkinen","mclaren","mercedes","bridgestone","1:15.776",75776,,,,,,,"+0.816",816,"+0.059",59,12
672,2001,9,7,7,"7","12","jarno-trulli","jordan","honda","bridgestone","1:16.138",76138,,,,,,,"+1.178",1178,"+0.362",362,10
672,2001,9,8,8,"8","11","heinz-harald-frentzen","jordan","honda","bridgestone","1:16.376",76376,,,,,,,"+1.416",1416,"+0.238",238,11
672,2001,9,9,9,"9","17","kimi-raikkonen","sauber","petronas","bridgestone","1:16.402",76402,,,,,,,"+1.442",1442,"+0.026",26,11
672,2001,9,10,10,"10","16","nick-heidfeld","sauber","petronas","bridgestone","1:16.438",76438,,,,,,,"+1.478",1478,"+0.036",36,11
672,2001,9,11,11,"11","10","jacques-villeneuve","bar","honda","bridgestone","1:16.439",76439,,,,,,,"+1.479",1479,"+0.001",1,12
672,2001,9,12,12,"12","18","eddie-irvine","jaguar","cosworth","michelin","1:16.588",76588,,,,,,,"+1.628",1628,"+0.149",149,11
672,2001,9,13,13,"13","9","olivier-panis","bar","honda","bridgestone","1:16.872",76872,,,,,,,"+1.912",1912,"+0.284",284,11
672,2001,9,14,14,"14","22","jean-alesi","prost","acer","michelin","1:17.251",77251,,,,,,,"+2.291",2291,"+0.379",379,11
672,2001,9,15,15,"15","7","giancarlo-fisichella","benetton","renault","michelin","1:17.378",77378,,,,,,,"+2.418",2418,"+0.127",127,11
672,2001,9,16,16,"16","19","pedro-de-la-rosa","jaguar","cosworth","michelin","1:17.627",77627,,,,,,,"+2.667",2667,"+0.249",249,12
672,2001,9,17,17,"17","23","luciano-burti","prost","acer","michelin","1:18.113",78113,,,,,,,"+3.153",3153,"+0.486",486,11
672,2001,9,18,18,"18","15","enrique-bernoldi","arrows","asiatech","bridgestone","1:18.151",78151,,,,,,,"+3.191",3191,"+0.038",38,12
672,2001,9,19,19,"19","14","jos-verstappen","arrows","asiatech","bridgestone","1:18.262",78262,,,,,,,"+3.302",3302,"+0.111",111,11
672,2001,9,20,20,"20","8","jenson-button","benetton","renault","michelin","1:18.626",78626,,,,,,,"+3.666",3666,"+0.364",364,11
672,2001,9,21,21,"21","21","fernando-alonso","minardi","european","michelin","1:18.630",78630,,,,,,,"+3.670",3670,"+0.004",4,11
672,2001,9,22,22,"22","20","tarso-marques","minardi","european","michelin","1:18.689",78689,,,,,,,"+3.729",3729,"+0.059",59,12
673,2001,10,1,1,"1","5","ralf-schumacher","williams","bmw","michelin","1:12.989",72989,,,,,,,,,,,10
673,2001,10,2,2,"2","1","michael-schumacher","ferrari","ferrari","bridgestone","1:12.999",72999,,,,,,,"+0.010",10,"+0.010",10,12
673,2001,10,3,3,"3","4","david-coulthard","mclaren","mercedes","bridgestone","1:13.186",73186,,,,,,,"+0.197",197,"+0.187",187,12
673,2001,10,4,4,"4","3","mika-hakkinen","mclaren","mercedes","bridgestone","1:13.268",73268,,,,,,,"+0.279",279,"+0.082",82,12
673,2001,10,5,5,"5","12","jarno-trulli","jordan","honda","bridgestone","1:13.310",73310,,,,,,,"+0.321",321,"+0.042",42,12
673,2001,10,6,6,"6","6","juan-pablo-montoya","williams","bmw","michelin","1:13.625",73625,,,,,,,"+0.636",636,"+0.315",315,12
673,2001,10,7,7,"7","11","heinz-harald-frentzen","jordan","honda","bridgestone","1:13.815",73815,,,,,,,"+0.826",826,"+0.190",190,11
673,2001,10,8,8,"8","2","rubens-barrichello","ferrari","ferrari","bridgestone","1:13.867",73867,,,,,,,"+0.878",878,"+0.052",52,11
673,2001,10,9,9,"9","16","nick-heidfeld","sauber","petronas","bridgestone","1:14.095",74095,,,,,,,"+1.106",1106,"+0.228",228,12
673,2001,10,10,10,"10","10","jacques-villeneuve","bar","honda","bridgestone","1:14.096",74096,,,,,,,"+1.107",1107,"+0.001",1,12
673,2001,10,11,11,"11","9","olivier-panis","bar","honda","bridgestone","1:14.181",74181,,,,,,,"+1.192",1192,"+0.085",85,12
673,2001,10,12,12,"12","18","eddie-irvine","jaguar","cosworth","michelin","1:14.441",74441,,,,,,,"+1.452",1452,"+0.260",260,10
673,2001,10,13,13,"13","17","kimi-raikkonen","sauber","petronas","bridgestone","1:14.536",74536,,,,,,,"+1.547",1547,"+0.095",95,12
673,2001,10,14,14,"14","19","pedro-de-la-rosa","jaguar","cosworth","michelin","1:15.020",75020,,,,,,,"+2.031",2031,"+0.484",484,11
673,2001,10,15,15,"15","23","luciano-burti","prost","acer","michelin","1:15.072",75072,,,,,,,"+2.083",2083,"+0.052",52,11
673,2001,10,16,16,"16","7","giancarlo-fisichella","benetton","renault","michelin","1:15.220",75220,,,,,,,"+2.231",2231,"+0.148",148,11
673,2001,10,17,17,"17","8","jenson-button","benetton","renault","michelin","1:15.420",75420,,,,,,,"+2.431",2431,"+0.200",200,12
673,2001,10,18,18,"18","14","jos-verstappen","arrows","asiatech","bridgestone","1:15.707",75707,,,,,,,"+2.718",2718,"+0.287",287,12
673,2001,10,19,19,"19","22","jean-alesi","prost","acer","michelin","1:15.774",75774,,,,,,,"+2.785",2785,"+0.067",67,11
673,2001,10,20,20,"20","15","enrique-bernoldi","arrows","asiatech","bridgestone","1:15.828",75828,,,,,,,"+2.839",2839,"+0.054",54,12
673,2001,10,21,21,"21","21","fernando-alonso","minardi","european","michelin","1:16.039",76039,,,,,,,"+3.050",3050,"+0.211",211,12
673,2001,10,22,22,"22","20","tarso-marques","minardi","european","michelin","1:16.500",76500,,,,,,,"+3.511",3511,"+0.461",461,11
674,2001,11,1,1,"1","1","michael-schumacher","ferrari","ferrari","bridgestone","1:20.447",80447,,,,,,,,,,,12
674,2001,11,2,2,"2","3","mika-hakkinen","mclaren","mercedes","bridgestone","1:20.529",80529,,,,,,,"+0.082",82,"+0.082",82,12
674,2001,11,3,3,"3","4","david-coulthard","mclaren","mercedes","bridgestone","1:20.927",80927,,,,,,,"+0.480",480,"+0.398",398,12
674,2001,11,4,4,"4","12","jarno-trulli","jordan","honda","bridgestone","1:20.930",80930,,,,,,,"+0.483",483,"+0.003",3,10
674,2001,11,5,5,"5","11","heinz-harald-frentzen","jordan","honda","bridgestone","1:21.217",81217,,,,,,,"+0.770",770,"+0.287",287,12
674,2001,11,6,6,"6","2","rubens-barrichello","ferrari","ferrari","bridgestone","1:21.715",81715,,,,,,,"+1.268",1268,"+0.498",498,12
674,2001,11,7,7,"7","17","kimi-raikkonen","sauber","petronas","bridgestone","1:22.023",82023,,,,,,,"+1.576",1576,"+0.308",308,12
674,2001,11,8,8,"8","6","juan-pablo-montoya","williams","bmw","michelin","1:22.219",82219,,,,,,,"+1.772",1772,"+0.196",196,9
674,2001,11,9,9,"9","16","nick-heidfeld","sauber","petronas","bridgestone","1:22.223",82223,,,,,,,"+1.776",1776,"+0.004",4,11
674,2001,11,10,10,"10","5","ralf-schumacher","williams","bmw","michelin","1:22.283",82283,,,,,,,"+1.836",1836,"+0.060",60,9
674,2001,11,11,11,"11","9","olivier-panis","bar","honda","bridgestone","1:22.316",82316,,,,,,,"+1.869",1869,"+0.033",33,12
674,2001,11,12,12,"12","10","jacques-villeneuve","bar","honda","bridgestone","1:22.916",82916,,,,,,,"+2.469",2469,"+0.600",600,11
674,2001,11,13,13,"13","19","pedro-de-la-rosa","jaguar","cosworth","michelin","1:23.273",83273,,,,,,,"+2.826",2826,"+0.357",357,12
674,2001,11,14,14,"14","22","jean-alesi","prost","acer","michelin","1:23.392",83392,,,,,,,"+2.945",2945,"+0.119",119,12
674,2001,11,15,15,"15","18","eddie-irvine","jaguar","cosworth","michelin","1:23.439",83439,,,,,,,"+2.992",2992,"+0.047",47,11
674,2001,11,16,16,"16","23","luciano-burti","prost","acer","michelin","1:23.735",83735,,,,,,,"+3.288",3288,"+0.296",296,12
674,2001,11,17,17,"17","14","jos-verstappen","arrows","asiatech","bridgestone","1:24.067",84067,,,,,,,"+3.620",3620,"+0.332",332,12
674,2001,11,18,18,"18","8","jenson-button","benetton","renault","michelin","1:24.123",84123,,,,,,,"+3.676",3676,"+0.056",56,12
674,2001,11,19,19,"19","7","giancarlo-fisichella","benetton","renault","michelin","1:24.275",84275,,,,,,,"+3.828",3828,"+0.152",152,12
674,2001,11,20,20,"20","15","enrique-bernoldi","arrows","asiatech","bridgestone","1:24.606",84606,,,,,,,"+4.159",4159,"+0.331",331,10
674,2001,11,21,21,"21","21","fernando-alonso","minardi","european","michelin","1:24.792",84792,,,,,,,"+4.345",4345,"+0.186",186,12
674,2001,11,22,22,"22","20","tarso-marques","minardi","european","michelin","1:26.506",86506,,,,,,,"+6.059",6059,"+1.714",1714,12
675,2001,12,1,1,"1","6","juan-pablo-montoya","williams","bmw","michelin","1:38.117",98117,,,,,,,,,,,8
675,2001,12,2,2,"2","5","ralf-schumacher","williams","bmw","michelin","1:38.136",98136,,,,,,,"+0.019",19,"+0.019",19,12
675,2001,12,3,3,"3","3","mika-hakkinen","mclaren","mercedes","bridgestone","1:38.811",98811,,,,,,,"+0.694",694,"+0.675",675,10
675,2001,12,4,4,"4","1","michael-schumacher","ferrari","ferrari","bridgestone","1:38.941",98941,,,,,,,"+0.824",824,"+0.130",130,11
675,2001,12,5,5,"5","4","david-coulthard","mclaren","mercedes","bridgestone","1:39.574",99574,,,,,,,"+1.457",1457,"+0.633",633,9
675,2001,12,6,6,"6","2","rubens-barrichello","ferrari","ferrari","bridgestone","1:39.682",99682,,,,,,,"+1.565",1565,"+0.108",108,11
675,2001,12,7,7,"7","16","nick-heidfeld","sauber","petronas","bridgestone","1:39.921",99921,,,,,,,"+1.804",1804,"+0.239",239,12
675,2001,12,8,8,"8","17","kimi-raikkonen","sauber","petronas","bridgestone","1:40.072",100072,,,,,,,"+1.955",1955,"+0.151",151,12
675,2001,12,9,9,"9","19","pedro-de-la-rosa","jaguar","cosworth","michelin","1:40.265",100265,,,,,,,"+2.148",2148,"+0.193",193,12
675,2001,12,10,10,"10","12","jarno-trulli","jordan","honda","bridgestone","1:40.322",100322,,,,,,,"+2.205",2205,"+0.057",57,8
675,2001,12,11,11,"11","18","eddie-irvine","jaguar","cosworth","michelin","1:40.371",100371,,,,,,,"+2.254",2254,"+0.049",49,12
675,2001,12,12,12,"12","10","jacques-villeneuve","bar","honda","bridgestone","1:40.437",100437,,,,,,,"+2.320",2320,"+0.066",66,12
675,2001,12,13,13,"13","9","olivier-panis","bar","honda","bridgestone","1:40.610",100610,,,,,,,"+2.493",2493,"+0.173",173,11
675,2001,12,14,14,"14","22","jean-alesi","prost","acer","michelin","1:40.724",100724,,,,,,,"+2.607",2607,"+0.114",114,12
675,2001,12,15,15,"15","11","ricardo-zonta","jordan","honda","bridgestone","1:41.174",101174,,,,,,,"+3.057",3057,"+0.450",450,12
675,2001,12,16,16,"16","23","luciano-burti","prost","acer","michelin","1:41.213",101213,,,,,,,"+3.096",3096,"+0.039",39,11
675,2001,12,17,17,"17","7","giancarlo-fisichella","benetton","renault","michelin","1:41.299",101299,,,,,,,"+3.182",3182,"+0.086",86,12
675,2001,12,18,18,"18","8","jenson-button","benetton","renault","michelin","1:41.438",101438,,,,,,,"+3.321",3321,"+0.139",139,10
675,2001,12,19,19,"19","15","enrique-bernoldi","arrows","asiatech","bridgestone","1:41.668",101668,,,,,,,"+3.551",3551,"+0.230",230,11
675,2001,12,20,20,"20","14","jos-verstappen","arrows","asiatech","bridgestone","1:41.870",101870,,,,,,,"+3.753",3753,"+0.202",202,11
675,2001,12,21,21,"21","21","fernando-alonso","minardi","european","michelin","1:41.913",101913,,,,,,,"+3.796",3796,"+0.043",43,12
675,2001,12,22,22,"22","20","tarso-marques","minardi","european","michelin","1:42.716",102716,,,,,,,"+4.599",4599,"+0.803",803,11
676,2001,13,1,1,"1","1","michael-schumacher","ferrari","ferrari","bridgestone","1:14.059",74059,,,,,,,,,,,6
676,2001,13,2,2,"2","4","david-coulthard","mclaren","mercedes","bridgestone","1:14.860",74860,,,,,,,"+0.801",801,"+0.801",801,11
676,2001,13,3,3,"3","2","rubens-barrichello","ferrari","ferrari","bridgestone","1:14.953",74953,,,,,,,"+0.894",894,"+0.093",93,11
676,2001,13,4,4,"4","5","ralf-schumacher","williams","bmw","michelin","1:15.095",75095,,,,,,,"+1.036",1036,"+0.142",142,12
676,2001,13,5,5,"5","11","jarno-trulli","jordan","honda","bridgestone","1:15.394",75394,,,,,,,"+1.335",1335,"+0.299",299,10
676,2001,13,6,6,"6","3","mika-hakkinen","mclaren","mercedes","bridgestone","1:15.411",75411,,,,,,,"+1.352",1352,"+0.017",17,11
676,2001,13,7,7,"7","16","nick-heidfeld","sauber","petronas","bridgestone","1:15.739",75739,,,,,,,"+1.680",1680,"+0.328",328,9
676,2001,13,8,8,"8","6","juan-pablo-montoya","williams","bmw","michelin","1:15.881",75881,,,,,,,"+1.822",1822,"+0.142",142,11
676,2001,13,9,9,"9","17","kimi-raikkonen","sauber","petronas","bridgestone","1:15.906",75906,,,,,,,"+1.847",1847,"+0.025",25,12
676,2001,13,10,10,"10","10","jacques-villeneuve","bar","honda","bridgestone","1:16.212",76212,,,,,,,"+2.153",2153,"+0.306",306,11
676,2001,13,11,11,"11","9","olivier-panis","bar","honda","bridgestone","1:16.382",76382,,,,,,,"+2.323",2323,"+0.170",170,8
676,2001,13,12,12,"12","12","jean-alesi","jordan","honda","bridgestone","1:16.471",76471,,,,,,,"+2.412",2412,"+0.089",89,12
676,2001,13,13,13,"13","19","pedro-de-la-rosa","jaguar","cosworth","michelin","1:16.543",76543,,,,,,,"+2.484",2484,"+0.072",72,10
676,2001,13,14,14,"14","18","eddie-irvine","jaguar","cosworth","michelin","1:16.607",76607,,,,,,,"+2.548",2548,"+0.064",64,11
676,2001,13,15,15,"15","7","giancarlo-fisichella","benetton","renault","michelin","1:16.632",76632,,,,,,,"+2.573",2573,"+0.025",25,11
676,2001,13,16,16,"16","22","heinz-harald-frentzen","prost","acer","michelin","1:17.196",77196,,,,,,,"+3.137",3137,"+0.564",564,12
676,2001,13,17,17,"17","8","jenson-button","benetton","renault","michelin","1:17.535",77535,,,,,,,"+3.476",3476,"+0.339",339,12
676,2001,13,18,18,"18","21","fernando-alonso","minardi","european","michelin","1:17.624",77624,,,,,,,"+3.565",3565,"+0.089",89,11
676,2001,13,19,19,"19","23","luciano-burti","prost","acer","michelin","1:18.238",78238,,,,,,,"+4.179",4179,"+0.614",614,12
676,2001,13,20,20,"20","15","enrique-bernoldi","arrows","asiatech","bridgestone","1:18.258",78258,,,,,,,"+4.199",4199,"+0.020",20,11
676,2001,13,21,21,"21","14","jos-verstappen","arrows","asiatech","bridgestone","1:18.389",78389,,,,,,,"+4.330",4330,"+0.131",131,12
676,2001,13,22,22,"22","20","tarso-marques","minardi","european","michelin","1:19.139",79139,,,,,,,"+5.080",5080,"+0.750",750,11
677,2001,14,1,1,"1","6","juan-pablo-montoya","williams","bmw","michelin","1:52.072",112072,,,,,,,,,,,7
677,2001,14,2,2,"2","5","ralf-schumacher","williams","bmw","michelin","1:52.959",112959,,,,,,,"+0.887",887,"+0.887",887,10
677,2001,14,3,3,"3","1","michael-schumacher","ferrari","ferrari","bridgestone","1:54.685",114685,,,,,,,"+2.613",2613,"+1.726",1726,8
677,2001,14,4,4,"4","22","heinz-harald-frentzen","prost","acer","michelin","1:55.233",115233,,,,,,,"+3.161",3161,"+0.548",548,10
677,2001,14,5,5,"5","2","rubens-barrichello","ferrari","ferrari","bridgestone","1:56.116",116116,,,,,,,"+4.044",4044,"+0.883",883,7
677,2001,14,6,6,"6","10","jacques-villeneuve","bar","honda","bridgestone","1:57.038",117038,,,,,,,"+4.966",4966,"+0.922",922,11
677,2001,14,7,7,"7","3","mika-hakkinen","mclaren","mercedes","bridgestone","1:57.043",117043,,,,,,,"+4.971",4971,"+0.005",5,12
677,2001,14,8,8,"8","7","giancarlo-fisichella","benetton","renault","michelin","1:57.668",117668,,,,,,,"+5.596",5596,"+0.625",625,7
677,2001,14,9,9,"9","4","david-coulthard","mclaren","mercedes","bridgestone","1:58.008",118008,,,,,,,"+5.936",5936,"+0.340",340,10
677,2001,14,10,10,"10","19","pedro-de-la-rosa","jaguar","cosworth","michelin","1:58.519",118519,,,,,,,"+6.447",6447,"+0.511",511,11
677,2001,14,11,11,"11","9","olivier-panis","bar","honda","bridgestone","1:58.838",118838,,,,,,,"+6.766",6766,"+0.319",319,8
677,2001,14,12,12,"12","17","kimi-raikkonen","sauber","petronas","bridgestone","1:59.050",119050,,,,,,,"+6.978",6978,"+0.212",212,8
677,2001,14,13,13,"13","12","jean-alesi","jordan","honda","bridgestone","1:59.128",119128,,,,,,,"+7.056",7056,"+0.078",78,10
677,2001,14,14,14,"14","16","nick-heidfeld","sauber","petronas","bridgestone","1:59.302",119302,,,,,,,"+7.230",7230,"+0.174",174,9
677,2001,14,15,15,"15","8","jenson-button","benetton","renault","michelin","1:59.587",119587,,,,,,,"+7.515",7515,"+0.285",285,7
677,2001,14,16,16,"16","11","jarno-trulli","jordan","honda","bridgestone","1:59.647",119647,,,,,,,"+7.575",7575,"+0.060",60,10
677,2001,14,17,17,"17","18","eddie-irvine","jaguar","cosworth","michelin","1:59.689",119689,,,,,,,"+7.617",7617,"+0.042",42,9
677,2001,14,18,18,"18","23","luciano-burti","prost","acer","michelin","1:59.900",119900,,,,,,,"+7.828",7828,"+0.211",211,7
677,2001,14,19,19,"19","14","jos-verstappen","arrows","asiatech","bridgestone","2:02.039",122039,,,,,,,"+9.967",9967,"+2.139",2139,10
677,2001,14,20,20,"20","21","fernando-alonso","minardi","european","michelin","2:02.594",122594,,,,,,,"+10.522",10522,"+0.555",555,8
677,2001,14,21,21,"21","15","enrique-bernoldi","arrows","asiatech","bridgestone","2:03.048",123048,,,,,,,"+10.976",10976,"+0.454",454,10
677,2001,14,22,22,"22","20","tarso-marques","minardi","european","michelin","2:04.204",124204,,,,,,,"+12.132",12132,"+1.156",1156,10
678,2001,15,1,1,"1","6","juan-pablo-montoya","williams","bmw","michelin","1:22.216",82216,,,,,,,,,,,12
678,2001,15,2,2,"2","2","rubens-barrichello","ferrari","ferrari","bridgestone","1:22.528",82528,,,,,,,"+0.312",312,"+0.312",312,11
678,2001,15,3,3,"3","1","michael-schumacher","ferrari","ferrari","bridgestone","1:22.624",82624,,,,,,,"+0.408",408,"+0.096",96,10
678,2001,15,4,4,"4","5","ralf-schumacher","williams","bmw","michelin","1:22.841",82841,,,,,,,"+0.625",625,"+0.217",217,12
678,2001,15,5,5,"5","11","jarno-trulli","jordan","honda","bridgestone","1:23.126",83126,,,,,,,"+0.910",910,"+0.285",285,12
678,2001,15,6,6,"6","4","david-coulthard","mclaren","mercedes","bridgestone","1:23.148",83148,,,,,,,"+0.932",932,"+0.022",22,12
678,2001,15,7,7,"7","3","mika-hakkinen","mclaren","mercedes","bridgestone","1:23.394",83394,,,,,,,"+1.178",1178,"+0.246",246,11
678,2001,15,8,8,"8","16","nick-heidfeld","sauber","petronas","bridgestone","1:23.417",83417,,,,,,,"+1.201",1201,"+0.023",23,12
678,2001,15,9,9,"9","17","kimi-raikkonen","sauber","petronas","bridgestone","1:23.595",83595,,,,,,,"+1.379",1379,"+0.178",178,11
678,2001,15,10,10,"10","19","pedro-de-la-rosa","jaguar","cosworth","michelin","1:23.693",83693,,,,,,,"+1.477",1477,"+0.098",98,11
678,2001,15,11,11,"11","8","jenson-button","benetton","renault","michelin","1:23.892",83892,,,,,,,"+1.676",1676,"+0.199",199,12
678,2001,15,12,12,"12","22","heinz-harald-frentzen","prost","acer","michelin","1:23.943",83943,,,,,,,"+1.727",1727,"+0.051",51,12
678,2001,15,13,13,"13","18","eddie-irvine","jaguar","cosworth","michelin","1:24.031",84031,,,,,,,"+1.815",1815,"+0.088",88,10
678,2001,15,14,14,"14","7","giancarlo-fisichella","benetton","renault","michelin","1:24.090",84090,,,,,,,"+1.874",1874,"+0.059",59,9
678,2001,15,15,15,"15","10","jacques-villeneuve","bar","honda","bridgestone","1:24.164",84164,,,,,,,"+1.948",1948,"+0.074",74,12
678,2001,15,16,16,"16","12","jean-alesi","jordan","honda","bridgestone","1:24.198",84198,,,,,,,"+1.982",1982,"+0.034",34,12
678,2001,15,17,17,"17","9","olivier-panis","bar","honda","bridgestone","1:24.677",84677,,,,,,,"+2.461",2461,"+0.479",479,11
678,2001,15,18,18,"18","15","enrique-bernoldi","arrows","asiatech","bridgestone","1:25.444",85444,,,,,,,"+3.228",3228,"+0.767",767,12
678,2001,15,19,19,"19","14","jos-verstappen","arrows","asiatech","bridgestone","1:25.511",85511,,,,,,,"+3.295",3295,"+0.067",67,12
678,2001,15,20,20,"20","23","tomas-enge","prost","acer","michelin","1:26.039",86039,,,,,,,"+3.823",3823,"+0.528",528,9
678,2001,15,21,21,"21","21","fernando-alonso","minardi","european","michelin","1:26.218",86218,,,,,,,"+4.002",4002,"+0.179",179,9
678,2001,15,22,22,"22","20","alex-yoong","minardi","european","michelin","1:27.463",87463,,,,,,,"+5.247",5247,"+1.245",1245,11
679,2001,16,1,1,"1","1","michael-schumacher","ferrari","ferrari","bridgestone","1:11.708",71708,,,,,,,,,,,9
679,2001,16,2,2,"2","3","mika-hakkinen","mclaren","mercedes","bridgestone","1:11.945",71945,,,,,,,"+0.237",237,"+0.237",237,11
679,2001,16,3,3,"3","5","ralf-schumacher","williams","bmw","michelin","1:11.986",71986,,,,,,,"+0.278",278,"+0.041",41,11
679,2001,16,4,4,"4","6","juan-pablo-montoya","williams","bmw","michelin","1:12.252",72252,,,,,,,"+0.544",544,"+0.266",266,11
679,2001,16,5,5,"5","2","rubens-barrichello","ferrari","ferrari","bridgestone","1:12.327",72327,,,,,,,"+0.619",619,"+0.075",75,12
679,2001,16,6,6,"6","16","nick-heidfeld","sauber","petronas","bridgestone","1:12.434",72434,,,,,,,"+0.726",726,"+0.107",107,11
679,2001,16,7,7,"7","4","david-coulthard","mclaren","mercedes","bridgestone","1:12.500",72500,,,,,,,"+0.792",792,"+0.066",66,12
679,2001,16,8,8,"8","11","jarno-trulli","jordan","honda","bridgestone","1:12.605",72605,,,,,,,"+0.897",897,"+0.105",105,11
679,2001,16,9,9,"9","12","jean-alesi","jordan","honda","bridgestone","1:12.607",72607,,,,,,,"+0.899",899,"+0.002",2,12
679,2001,16,10,10,"10","8","jenson-button","benetton","renault","michelin","1:12.805",72805,,,,,,,"+1.097",1097,"+0.198",198,12
679,2001,16,11,11,"11","17","kimi-raikkonen","sauber","petronas","bridgestone","1:12.881",72881,,,,,,,"+1.173",1173,"+0.076",76,12
679,2001,16,12,12,"12","7","giancarlo-fisichella","benetton","renault","michelin","1:12.942",72942,,,,,,,"+1.234",1234,"+0.061",61,12
679,2001,16,13,13,"13","9","olivier-panis","bar","honda","bridgestone","1:13.122",73122,,,,,,,"+1.414",1414,"+0.180",180,12
679,2001,16,14,14,"14","18","eddie-irvine","jaguar","cosworth","michelin","1:13.189",73189,,,,,,,"+1.481",1481,"+0.067",67,12
679,2001,16,15,15,"15","22","heinz-harald-frentzen","prost","acer","michelin","1:13.281",73281,,,,,,,"+1.573",1573,"+0.092",92,11
679,2001,16,16,16,"16","19","pedro-de-la-rosa","jaguar","cosworth","michelin","1:13.679",73679,,,,,,,"+1.971",1971,"+0.398",398,12
679,2001,16,17,17,"17","21","fernando-alonso","minardi","european","michelin","1:13.991",73991,,,,,,,"+2.283",2283,"+0.312",312,12
679,2001,16,18,18,"18","10","jacques-villeneuve","bar","honda","bridgestone","1:14.012",74012,,,,,,,"+2.304",2304,"+0.021",21,12
679,2001,16,19,19,"19","15","enrique-bernoldi","arrows","asiatech","bridgestone","1:14.129",74129,,,,,,,"+2.421",2421,"+0.117",117,10
679,2001,16,20,20,"20","14","jos-verstappen","arrows","asiatech","bridgestone","1:14.138",74138,,,,,,,"+2.430",2430,"+0.009",9,12
679,2001,16,21,21,"21","23","tomas-enge","prost","acer","michelin","1:14.185",74185,,,,,,,"+2.477",2477,"+0.047",47,11
679,2001,16,22,22,"22","20","alex-yoong","minardi","european","michelin","1:15.247",75247,,,,,,,"+3.539",3539,"+1.062",1062,12
680,2001,17,1,1,"1","1","michael-schumacher","ferrari","ferrari","bridgestone","1:32.484",92484,,,,,,,,,,,9
680,2001,17,2,2,"2","6","juan-pablo-montoya","williams","bmw","michelin","1:33.184",93184,,,,,,,"+0.700",700,"+0.700",700,12
680,2001,17,3,3,"3","5","ralf-schumacher","williams","bmw","michelin","1:33.297",93297,,,,,,,"+0.813",813,"+0.113",113,12
680,2001,17,4,4,"4","2","rubens-barrichello","ferrari","ferrari","bridgestone","1:33.323",93323,,,,,,,"+0.839",839,"+0.026",26,11
680,2001,17,5,5,"5","3","mika-hakkinen","mclaren","mercedes","bridgestone","1:33.662",93662,,,,,,,"+1.178",1178,"+0.339",339,11
680,2001,17,6,6,"6","7","giancarlo-fisichella","benetton","renault","michelin","1:33.830",93830,,,,,,,"+1.346",1346,"+0.168",168,11
680,2001,17,7,7,"7","4","david-coulthard","mclaren","mercedes","bridgestone","1:33.916",93916,,,,,,,"+1.432",1432,"+0.086",86,11
680,2001,17,8,8,"8","11","jarno-trulli","jordan","honda","bridgestone","1:34.002",94002,,,,,,,"+1.518",1518,"+0.086",86,12
680,2001,17,9,9,"9","8","jenson-button","benetton","renault","michelin","1:34.375",94375,,,,,,,"+1.891",1891,"+0.373",373,12
680,2001,17,10,10,"10","16","nick-heidfeld","sauber","petronas","bridgestone","1:34.386",94386,,,,,,,"+1.902",1902,"+0.011",11,12
680,2001,17,11,11,"11","12","jean-alesi","jordan","honda","bridgestone","1:34.420",94420,,,,,,,"+1.936",1936,"+0.034",34,12
680,2001,17,12,12,"12","17","kimi-raikkonen","sauber","petronas","bridgestone","1:34.581",94581,,,,,,,"+2.097",2097,"+0.161",161,11
680,2001,17,13,13,"13","18","eddie-irvine","jaguar","cosworth","michelin","1:34.851",94851,,,,,,,"+2.367",2367,"+0.270",270,11
680,2001,17,14,14,"14","10","jacques-villeneuve","bar","honda","bridgestone","1:35.109",95109,,,,,,,"+2.625",2625,"+0.258",258,12
680,2001,17,15,15,"15","22","heinz-harald-frentzen","prost","acer","michelin","1:35.132",95132,,,,,,,"+2.648",2648,"+0.023",23,11
680,2001,17,16,16,"16","19","pedro-de-la-rosa","jaguar","cosworth","michelin","1:35.639",95639,,,,,,,"+3.155",3155,"+0.507",507,12
680,2001,17,17,17,"17","9","olivier-panis","bar","honda","bridgestone","1:35.766",95766,,,,,,,"+3.282",3282,"+0.127",127,12
680,2001,17,18,18,"18","21","fernando-alonso","minardi","european","michelin","1:36.410",96410,,,,,,,"+3.926",3926,"+0.644",644,11
680,2001,17,19,19,"19","23","tomas-enge","prost","acer","michelin","1:36.446",96446,,,,,,,"+3.962",3962,"+0.036",36,10
680,2001,17,20,20,"20","15","enrique-bernoldi","arrows","asiatech","bridgestone","1:36.885",96885,,,,,,,"+4.401",4401,"+0.439",439,12
680,2001,17,21,21,"21","14","jos-verstappen","arrows","asiatech","bridgestone","1:36.973",96973,,,,,,,"+4.489",4489,"+0.088",88,11
680,2001,17,22,22,"22","20","alex-yoong","minardi","european","michelin","1:38.246",98246,,,,,,,"+5.762",5762,"+1.273",1273,11
681,2002,1,1,1,"1","2","rubens-barrichello","ferrari","ferrari","bridgestone","1:25.843",85843,,,,,,,,,,,9
681,2002,1,2,2,"2","1","michael-schumacher","ferrari","ferrari","bridgestone","1:25.848",85848,,,,,,,"+0.005",5,"+0.005",5,10
681,2002,1,3,3,"3","5","ralf-schumacher","williams","bmw","michelin","1:26.279",86279,,,,,,,"+0.436",436,"+0.431",431,3
681,2002,1,4,4,"4","3","david-coulthard","mclaren","mercedes","michelin","1:26.446",86446,,,,,,,"+0.603",603,"+0.167",167,6
681,2002,1,5,5,"5","4","kimi-raikkonen","mclaren","mercedes","michelin","1:27.161",87161,,,,,,,"+1.318",1318,"+0.715",715,7
681,2002,1,6,6,"6","6","juan-pablo-montoya","williams","bmw","michelin","1:27.249",87249,,,,,,,"+1.406",1406,"+0.088",88,4
681,2002,1,7,7,"7","14","jarno-trulli","renault","renault","michelin","1:27.710",87710,,,,,,,"+1.867",1867,"+0.461",461,6
681,2002,1,8,8,"8","9","giancarlo-fisichella","jordan","honda","bridgestone","1:27.869",87869,,,,,,,"+2.026",2026,"+0.159",159,9
681,2002,1,9,9,"9","8","felipe-massa","sauber","petronas","bridgestone","1:27.972",87972,,,,,,,"+2.129",2129,"+0.103",103,5
681,2002,1,10,10,"10","7","nick-heidfeld","sauber","petronas","bridgestone","1:28.232",88232,,,,,,,"+2.389",2389,"+0.260",260,5
681,2002,1,11,11,"11","15","jenson-button","renault","renault","michelin","1:28.361",88361,,,,,,,"+2.518",2518,"+0.129",129,5
681,2002,1,12,12,"12","12","olivier-panis","bar","honda","bridgestone","1:28.381",88381,,,,,,,"+2.538",2538,"+0.020",20,4
681,2002,1,13,13,"13","11","jacques-villeneuve","bar","honda","bridgestone","1:28.657",88657,,,,,,,"+2.814",2814,"+0.276",276,6
681,2002,1,14,14,"14","24","mika-salo","toyota","toyota","michelin","1:29.205",89205,,,,,,,"+3.362",3362,"+0.548",548,5
681,2002,1,15,15,"15","20","heinz-harald-frentzen","arrows","cosworth","bridgestone","1:29.474",89474,,,,,,,"+3.631",3631,"+0.269",269,3
681,2002,1,16,16,"16","25","allan-mcnish","toyota","toyota","michelin","1:29.636",89636,,,,,,,"+3.793",3793,"+0.162",162,5
681,2002,1,17,17,"17","21","enrique-bernoldi","arrows","cosworth","bridgestone","1:29.738",89738,,,,,,,"+3.895",3895,"+0.102",102,4
681,2002,1,18,18,"18","23","mark-webber","minardi","asiatech","michelin","1:30.086",90086,,,,,,,"+4.243",4243,"+0.348",348,6
681,2002,1,19,19,"19","16","eddie-irvine","jaguar","cosworth","michelin","1:30.113",90113,,,,,,,"+4.270",4270,"+0.027",27,6
681,2002,1,20,20,"20","17","pedro-de-la-rosa","jaguar","cosworth","michelin","1:30.192",90192,,,,,,,"+4.349",4349,"+0.079",79,4
681,2002,1,21,21,"21","22","alex-yoong","minardi","asiatech","michelin","1:31.504",91504,,,,,,,"+5.661",5661,"+1.312",1312,4
681,2002,1,22,,"NC","10","takuma-sato","jordan","honda","bridgestone","1:53.351",113351,,,,,,,"+27.508",27508,"+21.847",21847,7
682,2002,2,1,1,"1","1","michael-schumacher","ferrari","ferrari","bridgestone","1:35.266",95266,,,,,,,,,,,9
682,2002,2,2,2,"2","6","juan-pablo-montoya","williams","bmw","michelin","1:35.497",95497,,,,,,,"+0.231",231,"+0.231",231,11
682,2002,2,3,3,"3","2","rubens-barrichello","ferrari","ferrari","bridgestone","1:35.891",95891,,,,,,,"+0.625",625,"+0.394",394,12
682,2002,2,4,4,"4","5","ralf-schumacher","williams","bmw","michelin","1:36.028",96028,,,,,,,"+0.762",762,"+0.137",137,12
682,2002,2,5,5,"5","4","kimi-raikkonen","mclaren","mercedes","michelin","1:36.468",96468,,,,,,,"+1.202",1202,"+0.440",440,11
682,2002,2,6,6,"6","3","david-coulthard","mclaren","mercedes","michelin","1:36.477",96477,,,,,,,"+1.211",1211,"+0.009",9,12
682,2002,2,7,7,"7","7","nick-heidfeld","sauber","petronas","bridgestone","1:37.199",97199,,,,,,,"+1.933",1933,"+0.722",722,10
682,2002,2,8,8,"8","15","jenson-button","renault","renault","michelin","1:37.245",97245,,,,,,,"+1.979",1979,"+0.046",46,9
682,2002,2,9,9,"9","9","giancarlo-fisichella","jordan","honda","bridgestone","1:37.536",97536,,,,,,,"+2.270",2270,"+0.291",291,12
682,2002,2,10,10,"10","24","mika-salo","toyota","toyota","michelin","1:37.694",97694,,,,,,,"+2.428",2428,"+0.158",158,11
682,2002,2,11,11,"11","20","heinz-harald-frentzen","arrows","cosworth","bridgestone","1:37.919",97919,,,,,,,"+2.653",2653,"+0.225",225,12
682,2002,2,12,12,"12","14","jarno-trulli","renault","renault","michelin","1:37.920",97920,,,,,,,"+2.654",2654,"+0.001",1,11
682,2002,2,13,13,"13","11","jacques-villeneuve","bar","honda","bridgestone","1:38.039",98039,,,,,,,"+2.773",2773,"+0.119",119,11
682,2002,2,14,14,"14","8","felipe-massa","sauber","petronas","bridgestone","1:38.057",98057,,,,,,,"+2.791",2791,"+0.018",18,10
682,2002,2,15,15,"15","10","takuma-sato","jordan","honda","bridgestone","1:38.141",98141,,,,,,,"+2.875",2875,"+0.084",84,11
682,2002,2,16,16,"16","21","enrique-bernoldi","arrows","cosworth","bridgestone","1:38.284",98284,,,,,,,"+3.018",3018,"+0.143",143,10
682,2002,2,17,17,"17","17","pedro-de-la-rosa","jaguar","cosworth","michelin","1:38.374",98374,,,,,,,"+3.108",3108,"+0.090",90,12
682,2002,2,18,18,"18","12","olivier-panis","bar","honda","bridgestone","1:38.390",98390,,,,,,,"+3.124",3124,"+0.016",16,7
682,2002,2,19,19,"19","25","allan-mcnish","toyota","toyota","michelin","1:38.959",98959,,,,,,,"+3.693",3693,"+0.569",569,10
682,2002,2,20,20,"20","16","eddie-irvine","jaguar","cosworth","michelin","1:39.121",99121,,,,,,,"+3.855",3855,"+0.162",162,11
682,2002,2,21,21,"21","23","mark-webber","minardi","asiatech","michelin","1:39.454",99454,,,,,,,"+4.188",4188,"+0.333",333,12
682,2002,2,22,22,"22","22","alex-yoong","minardi","asiatech","michelin","1:40.158",100158,,,,,,,"+4.892",4892,"+0.704",704,12
683,2002,3,1,1,"1","6","juan-pablo-montoya","williams","bmw","michelin","1:13.114",73114,,,,,,,,,,,12
683,2002,3,2,2,"2","1","michael-schumacher","ferrari","ferrari","bridgestone","1:13.241",73241,,,,,,,"+0.127",127,"+0.127",127,9
683,2002,3,3,3,"3","5","ralf-schumacher","williams","bmw","michelin","1:13.328",73328,,,,,,,"+0.214",214,"+0.087",87,12
683,2002,3,4,4,"4","3","david-coulthard","mclaren","mercedes","michelin","1:13.565",73565,,,,,,,"+0.451",451,"+0.237",237,12
683,2002,3,5,5,"5","4","kimi-raikkonen","mclaren","mercedes","michelin","1:13.595",73595,,,,,,,"+0.481",481,"+0.030",30,11
683,2002,3,6,6,"6","14","jarno-trulli","renault","renault","michelin","1:13.611",73611,,,,,,,"+0.497",497,"+0.016",16,11
683,2002,3,7,7,"7","15","jenson-button","renault","renault","michelin","1:13.665",73665,,,,,,,"+0.551",551,"+0.054",54,12
683,2002,3,8,8,"8","2","rubens-barrichello","ferrari","ferrari","bridgestone","1:13.935",73935,,,,,,,"+0.821",821,"+0.270",270,9
683,2002,3,9,9,"9","7","nick-heidfeld","sauber","petronas","bridgestone","1:14.233",74233,,,,,,,"+1.119",1119,"+0.298",298,12
683,2002,3,10,10,"10","24","mika-salo","toyota","toyota","michelin","1:14.443",74443,,,,,,,"+1.329",1329,"+0.210",210,12
683,2002,3,11,11,"11","17","pedro-de-la-rosa","jaguar","cosworth","michelin","1:14.464",74464,,,,,,,"+1.350",1350,"+0.021",21,12
683,2002,3,12,12,"12","8","felipe-massa","sauber","petronas","bridgestone","1:14.533",74533,,,,,,,"+1.419",1419,"+0.069",69,12
683,2002,3,13,13,"13","16","eddie-irvine","jaguar","cosworth","michelin","1:14.537",74537,,,,,,,"+1.423",1423,"+0.004",4,10
683,2002,3,14,14,"14","9","giancarlo-fisichella","jordan","honda","bridgestone","1:14.748",74748,,,,,,,"+1.634",1634,"+0.211",211,12
683,2002,3,15,15,"15","11","jacques-villeneuve","bar","honda","bridgestone","1:14.760",74760,,,,,,,"+1.646",1646,"+0.012",12,12
683,2002,3,16,16,"16","25","allan-mcnish","toyota","toyota","michelin","1:14.990",74990,,,,,,,"+1.876",1876,"+0.230",230,12
683,2002,3,17,17,"17","12","olivier-panis","bar","honda","bridgestone","1:14.996",74996,,,,,,,"+1.882",1882,"+0.006",6,11
683,2002,3,18,18,"18","20","heinz-harald-frentzen","arrows","cosworth","bridgestone","1:15.112",75112,,,,,,,"+1.998",1998,"+0.116",116,12
683,2002,3,19,19,"19","10","takuma-sato","jordan","honda","bridgestone","1:15.296",75296,,,,,,,"+2.182",2182,"+0.184",184,10
683,2002,3,20,20,"20","23","mark-webber","minardi","asiatech","michelin","1:15.340",75340,,,,,,,"+2.226",2226,"+0.044",44,12
683,2002,3,21,21,"21","21","enrique-bernoldi","arrows","cosworth","bridgestone","1:15.355",75355,,,,,,,"+2.241",2241,"+0.015",15,12
683,2002,3,22,22,"22","22","alex-yoong","minardi","asiatech","michelin","1:16.728",76728,,,,,,,"+3.614",3614,"+1.373",1373,12
684,2002,4,1,1,"1","1","michael-schumacher","ferrari","ferrari","bridgestone","1:21.091",81091,,,,,,,,,,,12
684,2002,4,2,2,"2","2","rubens-barrichello","ferrari","ferrari","bridgestone","1:21.155",81155,,,,,,,"+0.064",64,"+0.064",64,8
684,2002,4,3,3,"3","5","ralf-schumacher","williams","bmw","michelin","1:21.473",81473,,,,,,,"+0.382",382,"+0.318",318,11
684,2002,4,4,4,"4","6","juan-pablo-montoya","williams","bmw","michelin","1:21.605",81605,,,,,,,"+0.514",514,"+0.132",132,12
684,2002,4,5,5,"5","4","kimi-raikkonen","mclaren","mercedes","michelin","1:22.104",82104,,,,,,,"+1.013",1013,"+0.499",499,11
684,2002,4,6,6,"6","3","david-coulthard","mclaren","mercedes","michelin","1:22.490",82490,,,,,,,"+1.399",1399,"+0.386",386,12
684,2002,4,7,7,"7","7","nick-heidfeld","sauber","petronas","bridgestone","1:22.767",82767,,,,,,,"+1.676",1676,"+0.277",277,12
684,2002,4,8,8,"8","14","jarno-trulli","renault","renault","michelin","1:22.833",82833,,,,,,,"+1.742",1742,"+0.066",66,12
684,2002,4,9,9,"9","15","jenson-button","renault","renault","michelin","1:22.857",82857,,,,,,,"+1.766",1766,"+0.024",24,12
684,2002,4,10,10,"10","11","jacques-villeneuve","bar","honda","bridgestone","1:23.116",83116,,,,,,,"+2.025",2025,"+0.259",259,11
684,2002,4,11,11,"11","8","felipe-massa","sauber","petronas","bridgestone","1:23.681",83681,,,,,,,"+2.590",2590,"+0.565",565,12
684,2002,4,12,12,"12","12","olivier-panis","bar","honda","bridgestone","1:23.821",83821,,,,,,,"+2.730",2730,"+0.140",140,12
684,2002,4,13,13,"13","20","heinz-harald-frentzen","arrows","cosworth","bridgestone","1:23.862",83862,,,,,,,"+2.771",2771,"+0.041",41,12
684,2002,4,14,14,"14","10","takuma-sato","jordan","honda","bridgestone","1:24.050",84050,,,,,,,"+2.959",2959,"+0.188",188,10
684,2002,4,15,15,"15","9","giancarlo-fisichella","jordan","honda","bridgestone","1:24.253",84253,,,,,,,"+3.162",3162,"+0.203",203,11
684,2002,4,16,16,"16","24","mika-salo","toyota","toyota","michelin","1:24.328",84328,,,,,,,"+3.237",3237,"+0.075",75,12
684,2002,4,17,17,"17","25","allan-mcnish","toyota","toyota","michelin","1:24.331",84331,,,,,,,"+3.240",3240,"+0.003",3,12
684,2002,4,18,18,"18","16","eddie-irvine","jaguar","cosworth","michelin","1:24.579",84579,,,,,,,"+3.488",3488,"+0.248",248,12
684,2002,4,19,19,"19","23","mark-webber","minardi","asiatech","michelin","1:24.790",84790,,,,,,,"+3.699",3699,"+0.211",211,10
684,2002,4,20,20,"20","21","enrique-bernoldi","arrows","cosworth","bridgestone","1:24.808",84808,,,,,,,"+3.717",3717,"+0.018",18,11
684,2002,4,21,21,"21","17","pedro-de-la-rosa","jaguar","cosworth","michelin","1:24.852",84852,,,,,,,"+3.761",3761,"+0.044",44,12
684,2002,4,22,22,"22","22","alex-yoong","minardi","asiatech","michelin","1:27.241",87241,,,,,,,"+6.150",6150,"+2.389",2389,11
685,2002,5,1,1,"1","1","michael-schumacher","ferrari","ferrari","bridgestone","1:16.364",76364,,,,,,,,,,,9
685,2002,5,2,2,"2","2","rubens-barrichello","ferrari","ferrari","bridgestone","1:16.690",76690,,,,,,,"+0.326",326,"+0.326",326,9
685,2002,5,3,3,"3","5","ralf-schumacher","williams","bmw","michelin","1:17.277",77277,,,,,,,"+0.913",913,"+0.587",587,9
685,2002,5,4,4,"4","6","juan-pablo-montoya","williams","bmw","michelin","1:17.425",77425,,,,,,,"+1.061",1061,"+0.148",148,10
685,2002,5,5,5,"5","4","kimi-raikkonen","mclaren","mercedes","michelin","1:17.519",77519,,,,,,,"+1.155",1155,"+0.094",94,11
685,2002,5,6,6,"6","15","jenson-button","renault","renault","michelin","1:17.638",77638,,,,,,,"+1.274",1274,"+0.119",119,7
685,2002,5,7,7,"7","3","david-coulthard","mclaren","mercedes","michelin","1:17.662",77662,,,,,,,"+1.298",1298,"+0.024",24,11
685,2002,5,8,8,"8","7","nick-heidfeld","sauber","petronas","bridgestone","1:17.851",77851,,,,,,,"+1.487",1487,"+0.189",189,12
685,2002,5,9,9,"9","14","jarno-trulli","renault","renault","michelin","1:17.929",77929,,,,,,,"+1.565",1565,"+0.078",78,9
685,2002,5,10,10,"10","20","heinz-harald-frentzen","arrows","cosworth","bridgestone","1:18.121",78121,,,,,,,"+1.757",1757,"+0.192",192,12
685,2002,5,11,11,"11","8","felipe-massa","sauber","petronas","bridgestone","1:18.139",78139,,,,,,,"+1.775",1775,"+0.018",18,11
685,2002,5,12,12,"12","9","giancarlo-fisichella","jordan","honda","bridgestone","1:18.291",78291,,,,,,,"+1.927",1927,"+0.152",152,12
685,2002,5,13,13,"13","12","olivier-panis","bar","honda","bridgestone","1:18.472",78472,,,,,,,"+2.108",2108,"+0.181",181,12
685,2002,5,14,14,"14","21","enrique-bernoldi","arrows","cosworth","bridgestone","1:18.515",78515,,,,,,,"+2.151",2151,"+0.043",43,12
685,2002,5,15,15,"15","11","jacques-villeneuve","bar","honda","bridgestone","1:18.847",78847,,,,,,,"+2.483",2483,"+0.332",332,12
685,2002,5,16,16,"16","17","pedro-de-la-rosa","jaguar","cosworth","michelin","1:18.885",78885,,,,,,,"+2.521",2521,"+0.038",38,12
685,2002,5,17,17,"17","24","mika-salo","toyota","toyota","michelin","1:18.897",78897,,,,,,,"+2.533",2533,"+0.012",12,12
685,2002,5,18,18,"18","10","takuma-sato","jordan","honda","bridgestone","1:19.002",79002,,,,,,,"+2.638",2638,"+0.105",105,12
685,2002,5,19,19,"19","25","allan-mcnish","toyota","toyota","michelin","1:19.025",79025,,,,,,,"+2.661",2661,"+0.023",23,11
685,2002,5,20,20,"20","23","mark-webber","minardi","asiatech","michelin","1:19.802",79802,,,,,,,"+3.438",3438,"+0.777",777,9
685,2002,5,21,21,"21","22","alex-yoong","minardi","asiatech","michelin","1:21.415",81415,,,,,,,"+5.051",5051,"+1.613",1613,6
685,2002,5,22,,"EX","16","eddie-irvine","jaguar","cosworth","michelin","1:18.779",78779,,,,,,,"+2.415",2415,,,
686,2002,6,1,1,"1","2","rubens-barrichello","ferrari","ferrari","bridgestone","1:08.082",68082,,,,,,,,,,,10
686,2002,6,2,2,"2","5","ralf-schumacher","williams","bmw","michelin","1:08.364",68364,,,,,,,"+0.282",282,"+0.282",282,12
686,2002,6,3,3,"3","1","michael-schumacher","ferrari","ferrari","bridgestone","1:08.704",68704,,,,,,,"+0.622",622,"+0.340",340,10
686,2002,6,4,4,"4","6","juan-pablo-montoya","williams","bmw","michelin","1:09.118",69118,,,,,,,"+1.036",1036,"+0.414",414,12
686,2002,6,5,5,"5","7","nick-heidfeld","sauber","petronas","bridgestone","1:09.129",69129,,,,,,,"+1.047",1047,"+0.011",11,11
686,2002,6,6,6,"6","4","kimi-raikkonen","mclaren","mercedes","michelin","1:09.154",69154,,,,,,,"+1.072",1072,"+0.025",25,12
686,2002,6,7,7,"7","8","felipe-massa","sauber","petronas","bridgestone","1:09.228",69228,,,,,,,"+1.146",1146,"+0.074",74,10
686,2002,6,8,8,"8","3","david-coulthard","mclaren","mercedes","michelin","1:09.335",69335,,,,,,,"+1.253",1253,"+0.107",107,12
686,2002,6,9,9,"9","12","olivier-panis","bar","honda","bridgestone","1:09.561",69561,,,,,,,"+1.479",1479,"+0.226",226,12
686,2002,6,10,10,"10","24","mika-salo","toyota","toyota","michelin","1:09.661",69661,,,,,,,"+1.579",1579,"+0.100",100,11
686,2002,6,11,11,"11","20","heinz-harald-frentzen","arrows","cosworth","bridgestone","1:09.671",69671,,,,,,,"+1.589",1589,"+0.010",10,11
686,2002,6,12,12,"12","21","enrique-bernoldi","arrows","cosworth","bridgestone","1:09.723",69723,,,,,,,"+1.641",1641,"+0.052",52,12
686,2002,6,13,13,"13","15","jenson-button","renault","renault","michelin","1:09.780",69780,,,,,,,"+1.698",1698,"+0.057",57,11
686,2002,6,14,14,"14","25","allan-mcnish","toyota","toyota","michelin","1:09.818",69818,,,,,,,"+1.736",1736,"+0.038",38,12
686,2002,6,15,15,"15","9","giancarlo-fisichella","jordan","honda","bridgestone","1:09.901",69901,,,,,,,"+1.819",1819,"+0.083",83,12
686,2002,6,16,16,"16","14","jarno-trulli","renault","renault","michelin","1:09.980",69980,,,,,,,"+1.898",1898,"+0.079",79,10
686,2002,6,17,17,"17","11","jacques-villeneuve","bar","honda","bridgestone","1:10.051",70051,,,,,,,"+1.969",1969,"+0.071",71,12
686,2002,6,18,18,"18","10","takuma-sato","jordan","honda","bridgestone","1:10.058",70058,,,,,,,"+1.976",1976,"+0.007",7,12
686,2002,6,19,19,"19","17","pedro-de-la-rosa","jaguar","cosworth","michelin","1:10.533",70533,,,,,,,"+2.451",2451,"+0.475",475,12
686,2002,6,20,20,"20","16","eddie-irvine","jaguar","cosworth","michelin","1:10.741",70741,,,,,,,"+2.659",2659,"+0.208",208,10
686,2002,6,21,21,"21","23","mark-webber","minardi","asiatech","michelin","1:11.388",71388,,,,,,,"+3.306",3306,"+0.647",647,10
686,2002,6,22,22,"22","22","alex-yoong","minardi","asiatech","michelin","1:12.336",72336,,,,,,,"+4.254",4254,"+0.948",948,12
687,2002,7,1,1,"1","6","juan-pablo-montoya","williams","bmw","michelin","1:16.676",76676,,,,,,,,,,,12
687,2002,7,2,2,"2","3","david-coulthard","mclaren","mercedes","michelin","1:17.068",77068,,,,,,,"+0.392",392,"+0.392",392,11
687,2002,7,3,3,"3","1","michael-schumacher","ferrari","ferrari","bridgestone","1:17.118",77118,,,,,,,"+0.442",442,"+0.050",50,12
687,2002,7,4,4,"4","5","ralf-schumacher","williams","bmw","michelin","1:17.274",77274,,,,,,,"+0.598",598,"+0.156",156,12
687,2002,7,5,5,"5","2","rubens-barrichello","ferrari","ferrari","bridgestone","1:17.357",77357,,,,,,,"+0.681",681,"+0.083",83,11
687,2002,7,6,6,"6","4","kimi-raikkonen","mclaren","mercedes","michelin","1:17.660",77660,,,,,,,"+0.984",984,"+0.303",303,11
687,2002,7,7,7,"7","14","jarno-trulli","renault","renault","michelin","1:17.710",77710,,,,,,,"+1.034",1034,"+0.050",50,12
687,2002,7,8,8,"8","15","jenson-button","renault","renault","michelin","1:18.132",78132,,,,,,,"+1.456",1456,"+0.422",422,12
687,2002,7,9,9,"9","24","mika-salo","toyota","toyota","michelin","1:18.234",78234,,,,,,,"+1.558",1558,"+0.102",102,12
687,2002,7,10,10,"10","25","allan-mcnish","toyota","toyota","michelin","1:18.292",78292,,,,,,,"+1.616",1616,"+0.058",58,12
687,2002,7,11,11,"11","9","giancarlo-fisichella","jordan","honda","bridgestone","1:18.342",78342,,,,,,,"+1.666",1666,"+0.050",50,12
687,2002,7,12,12,"12","20","heinz-harald-frentzen","arrows","cosworth","bridgestone","1:18.607",78607,,,,,,,"+1.931",1931,"+0.265",265,12
687,2002,7,13,13,"13","8","felipe-massa","sauber","petronas","bridgestone","1:19.006",79006,,,,,,,"+2.330",2330,"+0.399",399,12
687,2002,7,14,14,"14","11","jacques-villeneuve","bar","honda","bridgestone","1:19.252",79252,,,,,,,"+2.576",2576,"+0.246",246,11
687,2002,7,15,15,"15","21","enrique-bernoldi","arrows","cosworth","bridgestone","1:19.412",79412,,,,,,,"+2.736",2736,"+0.160",160,12
687,2002,7,16,16,"16","10","takuma-sato","jordan","honda","bridgestone","1:19.461",79461,,,,,,,"+2.785",2785,"+0.049",49,11
687,2002,7,17,17,"17","7","nick-heidfeld","sauber","petronas","bridgestone","1:19.500",79500,,,,,,,"+2.824",2824,"+0.039",39,12
687,2002,7,18,18,"18","12","olivier-panis","bar","honda","bridgestone","1:19.569",79569,,,,,,,"+2.893",2893,"+0.069",69,12
687,2002,7,19,19,"19","23","mark-webber","minardi","asiatech","michelin","1:19.674",79674,,,,,,,"+2.998",2998,"+0.105",105,8
687,2002,7,20,20,"20","17","pedro-de-la-rosa","jaguar","cosworth","michelin","1:19.796",79796,,,,,,,"+3.120",3120,"+0.122",122,12
687,2002,7,21,21,"21","16","eddie-irvine","jaguar","cosworth","michelin","1:20.139",80139,,,,,,,"+3.463",3463,"+0.343",343,11
687,2002,7,22,22,"22","22","alex-yoong","minardi","asiatech","michelin","1:21.599",81599,,,,,,,"+4.923",4923,"+1.460",1460,9
688,2002,8,1,1,"1","6","juan-pablo-montoya","williams","bmw","michelin","1:12.836",72836,,,,,,,,,,,11
688,2002,8,2,2,"2","1","michael-schumacher","ferrari","ferrari","bridgestone","1:13.018",73018,,,,,,,"+0.182",182,"+0.182",182,11
688,2002,8,3,3,"3","2","rubens-barrichello","ferrari","ferrari","bridgestone","1:13.280",73280,,,,,,,"+0.444",444,"+0.262",262,11
688,2002,8,4,4,"4","5","ralf-schumacher","williams","bmw","michelin","1:13.301",73301,,,,,,,"+0.465",465,"+0.021",21,12
688,2002,8,5,5,"5","4","kimi-raikkonen","mclaren","mercedes","michelin","1:13.898",73898,,,,,,,"+1.062",1062,"+0.597",597,12
688,2002,8,6,6,"6","9","giancarlo-fisichella","jordan","honda","bridgestone","1:14.132",74132,,,,,,,"+1.296",1296,"+0.234",234,12
688,2002,8,7,7,"7","7","nick-heidfeld","sauber","petronas","bridgestone","1:14.139",74139,,,,,,,"+1.303",1303,"+0.007",7,11
688,2002,8,8,8,"8","3","david-coulthard","mclaren","mercedes","michelin","1:14.385",74385,,,,,,,"+1.549",1549,"+0.246",246,11
688,2002,8,9,9,"9","11","jacques-villeneuve","bar","honda","bridgestone","1:14.564",74564,,,,,,,"+1.728",1728,"+0.179",179,10
688,2002,8,10,10,"10","14","jarno-trulli","renault","renault","michelin","1:14.688",74688,,,,,,,"+1.852",1852,"+0.124",124,10
688,2002,8,11,11,"11","12","olivier-panis","bar","honda","bridgestone","1:14.713",74713,,,,,,,"+1.877",1877,"+0.025",25,12
688,2002,8,12,12,"12","8","felipe-massa","sauber","petronas","bridgestone","1:14.823",74823,,,,,,,"+1.987",1987,"+0.110",110,11
688,2002,8,13,13,"13","15","jenson-button","renault","renault","michelin","1:14.854",74854,,,,,,,"+2.018",2018,"+0.031",31,12
688,2002,8,14,14,"14","16","eddie-irvine","jaguar","cosworth","michelin","1:14.882",74882,,,,,,,"+2.046",2046,"+0.028",28,6
688,2002,8,15,15,"15","10","takuma-sato","jordan","honda","bridgestone","1:14.940",74940,,,,,,,"+2.104",2104,"+0.058",58,9
688,2002,8,16,16,"16","17","pedro-de-la-rosa","jaguar","cosworth","michelin","1:15.089",75089,,,,,,,"+2.253",2253,"+0.149",149,12
688,2002,8,17,17,"17","21","enrique-bernoldi","arrows","cosworth","bridgestone","1:15.102",75102,,,,,,,"+2.266",2266,"+0.013",13,12
688,2002,8,18,18,"18","24","mika-salo","toyota","toyota","michelin","1:15.111",75111,,,,,,,"+2.275",2275,"+0.009",9,10
688,2002,8,19,19,"19","20","heinz-harald-frentzen","arrows","cosworth","bridgestone","1:15.115",75115,,,,,,,"+2.279",2279,"+0.004",4,11
688,2002,8,20,20,"20","25","allan-mcnish","toyota","toyota","michelin","1:15.321",75321,,,,,,,"+2.485",2485,"+0.206",206,11
688,2002,8,21,21,"21","23","mark-webber","minardi","asiatech","michelin","1:15.508",75508,,,,,,,"+2.672",2672,"+0.187",187,11
688,2002,8,22,22,"22","22","alex-yoong","minardi","asiatech","michelin","1:17.347",77347,,,,,,,"+4.511",4511,"+1.839",1839,10
689,2002,9,1,1,"1","6","juan-pablo-montoya","williams","bmw","michelin","1:29.906",89906,,,,,,,,,,,11
689,2002,9,2,2,"2","5","ralf-schumacher","williams","bmw","michelin","1:29.915",89915,,,,,,,"+0.009",9,"+0.009",9,9
689,2002,9,3,3,"3","1","michael-schumacher","ferrari","ferrari","bridgestone","1:30.035",90035,,,,,,,"+0.129",129,"+0.120",120,10
689,2002,9,4,4,"4","2","rubens-barrichello","ferrari","ferrari","bridgestone","1:30.387",90387,,,,,,,"+0.481",481,"+0.352",352,12
689,2002,9,5,5,"5","3","david-coulthard","mclaren","mercedes","michelin","1:30.550",90550,,,,,,,"+0.644",644,"+0.163",163,12
689,2002,9,6,6,"6","4","kimi-raikkonen","mclaren","mercedes","michelin","1:30.591",90591,,,,,,,"+0.685",685,"+0.041",41,12
689,2002,9,7,7,"7","14","jarno-trulli","renault","renault","michelin","1:30.927",90927,,,,,,,"+1.021",1021,"+0.336",336,12
689,2002,9,8,8,"8","15","jenson-button","renault","renault","michelin","1:31.136",91136,,,,,,,"+1.230",1230,"+0.209",209,12
689,2002,9,9,9,"9","7","nick-heidfeld","sauber","petronas","bridgestone","1:31.211",91211,,,,,,,"+1.305",1305,"+0.075",75,12
689,2002,9,10,10,"10","24","mika-salo","toyota","toyota","michelin","1:31.389",91389,,,,,,,"+1.483",1483,"+0.178",178,11
689,2002,9,11,11,"11","8","felipe-massa","sauber","petronas","bridgestone","1:31.733",91733,,,,,,,"+1.827",1827,"+0.344",344,12
689,2002,9,12,12,"12","12","olivier-panis","bar","honda","bridgestone","1:31.906",91906,,,,,,,"+2.000",2000,"+0.173",173,12
689,2002,9,13,13,"13","25","allan-mcnish","toyota","toyota","michelin","1:31.941",91941,,,,,,,"+2.035",2035,"+0.035",35,12
689,2002,9,14,14,"14","10","takuma-sato","jordan","honda","bridgestone","1:31.999",91999,,,,,,,"+2.093",2093,"+0.058",58,12
689,2002,9,15,15,"15","20","heinz-harald-frentzen","arrows","cosworth","bridgestone","1:32.144",92144,,,,,,,"+2.238",2238,"+0.145",145,12
689,2002,9,16,16,"16","17","pedro-de-la-rosa","jaguar","cosworth","michelin","1:32.281",92281,,,,,,,"+2.375",2375,"+0.137",137,12
689,2002,9,17,17,"17","16","eddie-irvine","jaguar","cosworth","michelin","1:32.510",92510,,,,,,,"+2.604",2604,"+0.229",229,12
689,2002,9,18,18,"18","9","giancarlo-fisichella","jordan","honda","bridgestone","1:32.591",92591,,,,,,,"+2.685",2685,"+0.081",81,11
689,2002,9,19,19,"19","11","jacques-villeneuve","bar","honda","bridgestone","1:32.968",92968,,,,,,,"+3.062",3062,"+0.377",377,12
689,2002,9,20,20,"20","23","mark-webber","minardi","asiatech","michelin","1:32.996",92996,,,,,,,"+3.090",3090,"+0.028",28,12
689,2002,9,21,21,"21","21","enrique-bernoldi","arrows","cosworth","bridgestone","1:33.360",93360,,,,,,,"+3.454",3454,"+0.364",364,11
689,2002,9,22,22,"22","22","alex-yoong","minardi","asiatech","michelin","1:34.251",94251,,,,,,,"+4.345",4345,"+0.891",891,11
690,2002,10,1,1,"1","6","juan-pablo-montoya","williams","bmw","michelin","1:18.998",78998,,,,,,,,,,,9
690,2002,10,2,2,"2","2","rubens-barrichello","ferrari","ferrari","bridgestone","1:19.032",79032,,,,,,,"+0.034",34,"+0.034",34,11
690,2002,10,3,3,"3","1","michael-schumacher","ferrari","ferrari","bridgestone","1:19.042",79042,,,,,,,"+0.044",44,"+0.010",10,9
690,2002,10,4,4,"4","5","ralf-schumacher","williams","bmw","michelin","1:19.329",79329,,,,,,,"+0.331",331,"+0.287",287,9
690,2002,10,5,5,"5","4","kimi-raikkonen","mclaren","mercedes","michelin","1:20.133",80133,,,,,,,"+1.135",1135,"+0.804",804,11
690,2002,10,6,6,"6","3","david-coulthard","mclaren","mercedes","michelin","1:20.315",80315,,,,,,,"+1.317",1317,"+0.182",182,11
690,2002,10,7,7,"7","14","jarno-trulli","renault","renault","michelin","1:20.516",80516,,,,,,,"+1.518",1518,"+0.201",201,11
690,2002,10,8,8,"8","24","mika-salo","toyota","toyota","michelin","1:20.995",80995,,,,,,,"+1.997",1997,"+0.479",479,12
690,2002,10,9,9,"9","11","jacques-villeneuve","bar","honda","bridgestone","1:21.130",81130,,,,,,,"+2.132",2132,"+0.135",135,12
690,2002,10,10,10,"10","7","nick-heidfeld","sauber","petronas","bridgestone","1:21.187",81187,,,,,,,"+2.189",2189,"+0.057",57,12
690,2002,10,11,11,"11","8","felipe-massa","sauber","petronas","bridgestone","1:21.191",81191,,,,,,,"+2.193",2193,"+0.004",4,12
690,2002,10,12,12,"12","15","jenson-button","renault","renault","michelin","1:21.247",81247,,,,,,,"+2.249",2249,"+0.056",56,11
690,2002,10,13,13,"13","12","olivier-panis","bar","honda","bridgestone","1:21.274",81274,,,,,,,"+2.276",2276,"+0.027",27,12
690,2002,10,14,14,"14","10","takuma-sato","jordan","honda","bridgestone","1:21.337",81337,,,,,,,"+2.339",2339,"+0.063",63,11
690,2002,10,15,15,"15","25","allan-mcnish","toyota","toyota","michelin","1:21.382",81382,,,,,,,"+2.384",2384,"+0.045",45,11
690,2002,10,16,16,"16","20","heinz-harald-frentzen","arrows","cosworth","bridgestone","1:21.416",81416,,,,,,,"+2.418",2418,"+0.034",34,12
690,2002,10,17,17,"17","9","giancarlo-fisichella","jordan","honda","bridgestone","1:21.636",81636,,,,,,,"+2.638",2638,"+0.220",220,12
690,2002,10,18,18,"18","21","enrique-bernoldi","arrows","cosworth","bridgestone","1:21.780",81780,,,,,,,"+2.782",2782,"+0.144",144,12
690,2002,10,19,19,"19","16","eddie-irvine","jaguar","cosworth","michelin","1:21.851",81851,,,,,,,"+2.853",2853,"+0.071",71,11
690,2002,10,20,20,"20","23","mark-webber","minardi","asiatech","michelin","1:22.281",82281,,,,,,,"+3.283",3283,"+0.430",430,11
690,2002,10,21,21,"21","17","pedro-de-la-rosa","jaguar","cosworth","michelin","1:23.422",83422,,,,,,,"+4.424",4424,"+1.141",1141,6
690,2002,10,22,22,"22","22","alex-yoong","minardi","asiatech","michelin","1:24.785",84785,,,,,,,"+5.787",5787,"+1.363",1363,12
691,2002,11,1,1,"1","6","juan-pablo-montoya","williams","bmw","michelin","1:11.985",71985,,,,,,,,,,,12
691,2002,11,2,2,"2","1","michael-schumacher","ferrari","ferrari","bridgestone","1:12.008",72008,,,,,,,"+0.023",23,"+0.023",23,12
691,2002,11,3,3,"3","2","rubens-barrichello","ferrari","ferrari","bridgestone","1:12.197",72197,,,,,,,"+0.212",212,"+0.189",189,12
691,2002,11,4,4,"4","4","kimi-raikkonen","mclaren","mercedes","michelin","1:12.244",72244,,,,,,,"+0.259",259,"+0.047",47,12
691,2002,11,5,5,"5","5","ralf-schumacher","williams","bmw","michelin","1:12.424",72424,,,,,,,"+0.439",439,"+0.180",180,12
691,2002,11,6,6,"6","3","david-coulthard","mclaren","mercedes","michelin","1:12.498",72498,,,,,,,"+0.513",513,"+0.074",74,12
691,2002,11,7,7,"7","15","jenson-button","renault","renault","michelin","1:12.761",72761,,,,,,,"+0.776",776,"+0.263",263,12
691,2002,11,8,8,"8","14","jarno-trulli","renault","renault","michelin","1:13.030",73030,,,,,,,"+1.045",1045,"+0.269",269,12
691,2002,11,9,9,"9","16","eddie-irvine","jaguar","cosworth","michelin","1:13.188",73188,,,,,,,"+1.203",1203,"+0.158",158,12
691,2002,11,10,10,"10","7","nick-heidfeld","sauber","petronas","bridgestone","1:13.370",73370,,,,,,,"+1.385",1385,"+0.182",182,12
691,2002,11,11,11,"11","12","olivier-panis","bar","honda","bridgestone","1:13.457",73457,,,,,,,"+1.472",1472,"+0.087",87,12
691,2002,11,12,12,"12","8","felipe-massa","sauber","petronas","bridgestone","1:13.501",73501,,,,,,,"+1.516",1516,"+0.044",44,12
691,2002,11,13,13,"13","11","jacques-villeneuve","bar","honda","bridgestone","1:13.506",73506,,,,,,,"+1.521",1521,"+0.005",5,12
691,2002,11,14,14,"14","10","takuma-sato","jordan","honda","bridgestone","1:13.542",73542,,,,,,,"+1.557",1557,"+0.036",36,12
691,2002,11,15,15,"15","17","pedro-de-la-rosa","jaguar","cosworth","michelin","1:13.656",73656,,,,,,,"+1.671",1671,"+0.114",114,8
691,2002,11,16,16,"16","24","mika-salo","toyota","toyota","michelin","1:13.837",73837,,,,,,,"+1.852",1852,"+0.181",181,12
691,2002,11,17,17,"17","25","allan-mcnish","toyota","toyota","michelin","1:13.949",73949,,,,,,,"+1.964",1964,"+0.112",112,12
691,2002,11,18,18,"18","23","mark-webber","minardi","asiatech","michelin","1:14.800",74800,,,,,,,"+2.815",2815,"+0.851",851,6
691,2002,11,19,19,"19","22","alex-yoong","minardi","asiatech","michelin","1:16.798",76798,,,,,,,"+4.813",4813,"+1.998",1998,9
691,2002,11,20,20,"20","20","heinz-harald-frentzen","arrows","cosworth","bridgestone","1:18.497",78497,,,,,,,"+6.512",6512,"+1.699",1699,3
691,2002,11,21,21,"21","21","enrique-bernoldi","arrows","cosworth","bridgestone","1:19.843",79843,,,,,,,"+7.858",7858,"+1.346",1346,3
692,2002,12,1,1,"1","1","michael-schumacher","ferrari","ferrari","bridgestone","1:14.389",74389,,,,,,,,,,,11
692,2002,12,2,2,"2","5","ralf-schumacher","williams","bmw","michelin","1:14.570",74570,,,,,,,"+0.181",181,"+0.181",181,12
692,2002,12,3,3,"3","2","rubens-barrichello","ferrari","ferrari","bridgestone","1:14.693",74693,,,,,,,"+0.304",304,"+0.123",123,12
692,2002,12,4,4,"4","6","juan-pablo-montoya","williams","bmw","michelin","1:15.108",75108,,,,,,,"+0.719",719,"+0.415",415,11
692,2002,12,5,5,"5","4","kimi-raikkonen","mclaren","mercedes","michelin","1:15.639",75639,,,,,,,"+1.250",1250,"+0.531",531,11
692,2002,12,6,6,"6","9","giancarlo-fisichella","jordan","honda","bridgestone","1:15.690",75690,,,,,,,"+1.301",1301,"+0.051",51,12
692,2002,12,7,7,"7","12","olivier-panis","bar","honda","bridgestone","1:15.851",75851,,,,,,,"+1.462",1462,"+0.161",161,12
692,2002,12,8,8,"8","14","jarno-trulli","renault","renault","michelin","1:15.885",75885,,,,,,,"+1.496",1496,"+0.034",34,12
692,2002,12,9,9,"9","3","david-coulthard","mclaren","mercedes","michelin","1:15.909",75909,,,,,,,"+1.520",1520,"+0.024",24,12
692,2002,12,10,10,"10","7","nick-heidfeld","sauber","petronas","bridgestone","1:15.990",75990,,,,,,,"+1.601",1601,"+0.081",81,12
692,2002,12,11,11,"11","11","jacques-villeneuve","bar","honda","bridgestone","1:16.070",76070,,,,,,,"+1.681",1681,"+0.080",80,11
692,2002,12,12,12,"12","10","takuma-sato","jordan","honda","bridgestone","1:16.072",76072,,,,,,,"+1.683",1683,"+0.002",2,12
692,2002,12,13,13,"13","15","jenson-button","renault","renault","michelin","1:16.278",76278,,,,,,,"+1.889",1889,"+0.206",206,12
692,2002,12,14,14,"14","8","felipe-massa","sauber","petronas","bridgestone","1:16.351",76351,,,,,,,"+1.962",1962,"+0.073",73,11
692,2002,12,15,15,"15","20","heinz-harald-frentzen","arrows","cosworth","bridgestone","1:16.505",76505,,,,,,,"+2.116",2116,"+0.154",154,12
692,2002,12,16,16,"16","16","eddie-irvine","jaguar","cosworth","michelin","1:16.533",76533,,,,,,,"+2.144",2144,"+0.028",28,12
692,2002,12,17,17,"17","25","allan-mcnish","toyota","toyota","michelin","1:16.594",76594,,,,,,,"+2.205",2205,"+0.061",61,12
692,2002,12,18,18,"18","21","enrique-bernoldi","arrows","cosworth","bridgestone","1:16.645",76645,,,,,,,"+2.256",2256,"+0.051",51,12
692,2002,12,19,19,"19","24","mika-salo","toyota","toyota","michelin","1:16.685",76685,,,,,,,"+2.296",2296,"+0.040",40,11
692,2002,12,20,20,"20","17","pedro-de-la-rosa","jaguar","cosworth","michelin","1:17.077",77077,,,,,,,"+2.688",2688,"+0.392",392,12
692,2002,12,21,21,"21","23","mark-webber","minardi","asiatech","michelin","1:17.996",77996,,,,,,,"+3.607",3607,"+0.919",919,11
692,2002,12,22,22,"22","22","alex-yoong","minardi","asiatech","michelin","1:19.775",79775,,,,,,,"+5.386",5386,"+1.779",1779,12
693,2002,13,1,1,"1","2","rubens-barrichello","ferrari","ferrari","bridgestone","1:13.333",73333,,,,,,,,,,,11
693,2002,13,2,2,"2","1","michael-schumacher","ferrari","ferrari","bridgestone","1:13.392",73392,,,,,,,"+0.059",59,"+0.059",59,9
693,2002,13,3,3,"3","5","ralf-schumacher","williams","bmw","michelin","1:13.746",73746,,,,,,,"+0.413",413,"+0.354",354,11
693,2002,13,4,4,"4","6","juan-pablo-montoya","williams","bmw","michelin","1:14.706",74706,,,,,,,"+1.373",1373,"+0.960",960,11
693,2002,13,5,5,"5","9","giancarlo-fisichella","jordan","honda","bridgestone","1:14.880",74880,,,,,,,"+1.547",1547,"+0.174",174,11
693,2002,13,6,6,"6","14","jarno-trulli","renault","renault","michelin","1:14.980",74980,,,,,,,"+1.647",1647,"+0.100",100,12
693,2002,13,7,7,"7","8","felipe-massa","sauber","petronas","bridgestone","1:15.047",75047,,,,,,,"+1.714",1714,"+0.067",67,12
693,2002,13,8,8,"8","7","nick-heidfeld","sauber","petronas","bridgestone","1:15.129",75129,,,,,,,"+1.796",1796,"+0.082",82,12
693,2002,13,9,9,"9","15","jenson-button","renault","renault","michelin","1:15.214",75214,,,,,,,"+1.881",1881,"+0.085",85,11
693,2002,13,10,10,"10","3","david-coulthard","mclaren","mercedes","michelin","1:15.223",75223,,,,,,,"+1.890",1890,"+0.009",9,12
693,2002,13,11,11,"11","4","kimi-raikkonen","mclaren","mercedes","michelin","1:15.243",75243,,,,,,,"+1.910",1910,"+0.020",20,12
693,2002,13,12,12,"12","12","olivier-panis","bar","honda","bridgestone","1:15.556",75556,,,,,,,"+2.223",2223,"+0.313",313,11
693,2002,13,13,13,"13","11","jacques-villeneuve","bar","honda","bridgestone","1:15.583",75583,,,,,,,"+2.250",2250,"+0.027",27,11
693,2002,13,14,14,"14","10","takuma-sato","jordan","honda","bridgestone","1:15.804",75804,,,,,,,"+2.471",2471,"+0.221",221,11
693,2002,13,15,15,"15","17","pedro-de-la-rosa","jaguar","cosworth","michelin","1:15.867",75867,,,,,,,"+2.534",2534,"+0.063",63,12
693,2002,13,16,16,"16","16","eddie-irvine","jaguar","cosworth","michelin","1:16.419",76419,,,,,,,"+3.086",3086,"+0.552",552,10
693,2002,13,17,17,"17","24","mika-salo","toyota","toyota","michelin","1:16.473",76473,,,,,,,"+3.140",3140,"+0.054",54,11
693,2002,13,18,18,"18","25","allan-mcnish","toyota","toyota","michelin","1:16.626",76626,,,,,,,"+3.293",3293,"+0.153",153,11
693,2002,13,19,19,"19","23","mark-webber","minardi","asiatech","michelin","1:17.428",77428,,,,,,,"+4.095",4095,"+0.802",802,9
693,2002,13,20,20,"20","22","anthony-davidson","minardi","asiatech","michelin","1:17.959",77959,,,,,,,"+4.626",4626,"+0.531",531,11
694,2002,14,1,1,"1","1","michael-schumacher","ferrari","ferrari","bridgestone","1:43.726",103726,,,,,,,,,,,9
694,2002,14,2,2,"2","4","kimi-raikkonen","mclaren","mercedes","michelin","1:44.150",104150,,,,,,,"+0.424",424,"+0.424",424,12
694,2002,14,3,3,"3","2","rubens-barrichello","ferrari","ferrari","bridgestone","1:44.335",104335,,,,,,,"+0.609",609,"+0.185",185,12
694,2002,14,4,4,"4","5","ralf-schumacher","williams","bmw","michelin","1:44.348",104348,,,,,,,"+0.622",622,"+0.013",13,12
694,2002,14,5,5,"5","6","juan-pablo-montoya","williams","bmw","michelin","1:44.634",104634,,,,,,,"+0.908",908,"+0.286",286,12
694,2002,14,6,6,"6","3","david-coulthard","mclaren","mercedes","michelin","1:44.759",104759,,,,,,,"+1.033",1033,"+0.125",125,12
694,2002,14,7,7,"7","14","jarno-trulli","renault","renault","michelin","1:45.386",105386,,,,,,,"+1.660",1660,"+0.627",627,11
694,2002,14,8,8,"8","16","eddie-irvine","jaguar","cosworth","michelin","1:45.865",105865,,,,,,,"+2.139",2139,"+0.479",479,12
694,2002,14,9,9,"9","24","mika-salo","toyota","toyota","michelin","1:45.880",105880,,,,,,,"+2.154",2154,"+0.015",15,12
694,2002,14,10,10,"10","15","jenson-button","renault","renault","michelin","1:45.972",105972,,,,,,,"+2.246",2246,"+0.092",92,12
694,2002,14,11,11,"11","17","pedro-de-la-rosa","jaguar","cosworth","michelin","1:46.056",106056,,,,,,,"+2.330",2330,"+0.084",84,10
694,2002,14,12,12,"12","11","jacques-villeneuve","bar","honda","bridgestone","1:46.403",106403,,,,,,,"+2.677",2677,"+0.347",347,11
694,2002,14,13,13,"13","25","allan-mcnish","toyota","toyota","michelin","1:46.485",106485,,,,,,,"+2.759",2759,"+0.082",82,12
694,2002,14,14,14,"14","9","giancarlo-fisichella","jordan","honda","bridgestone","1:46.508",106508,,,,,,,"+2.782",2782,"+0.023",23,11
694,2002,14,15,15,"15","12","olivier-panis","bar","honda","bridgestone","1:46.553",106553,,,,,,,"+2.827",2827,"+0.045",45,10
694,2002,14,16,16,"16","10","takuma-sato","jordan","honda","bridgestone","1:46.875",106875,,,,,,,"+3.149",3149,"+0.322",322,12
694,2002,14,17,17,"17","8","felipe-massa","sauber","petronas","bridgestone","1:46.896",106896,,,,,,,"+3.170",3170,"+0.021",21,12
694,2002,14,18,18,"18","7","nick-heidfeld","sauber","petronas","bridgestone","1:47.272",107272,,,,,,,"+3.546",3546,"+0.376",376,10
694,2002,14,19,19,"19","23","mark-webber","minardi","asiatech","michelin","1:47.562",107562,,,,,,,"+3.836",3836,"+0.290",290,12
694,2002,14,20,20,"20","22","anthony-davidson","minardi","asiatech","michelin","1:48.170",108170,,,,,,,"+4.444",4444,"+0.608",608,11
695,2002,15,1,1,"1","6","juan-pablo-montoya","williams","bmw","michelin","1:20.264",80264,,,,,,,,,,,11
695,2002,15,2,2,"2","1","michael-schumacher","ferrari","ferrari","bridgestone","1:20.521",80521,,,,,,,"+0.257",257,"+0.257",257,12
695,2002,15,3,3,"3","5","ralf-schumacher","williams","bmw","michelin","1:20.542",80542,,,,,,,"+0.278",278,"+0.021",21,12
695,2002,15,4,4,"4","2","rubens-barrichello","ferrari","ferrari","bridgestone","1:20.706",80706,,,,,,,"+0.442",442,"+0.164",164,12
695,2002,15,5,5,"5","16","eddie-irvine","jaguar","cosworth","michelin","1:21.606",81606,,,,,,,"+1.342",1342,"+0.900",900,12
695,2002,15,6,6,"6","4","kimi-raikkonen","mclaren","mercedes","michelin","1:21.712",81712,,,,,,,"+1.448",1448,"+0.106",106,9
695,2002,15,7,7,"7","3","david-coulthard","mclaren","mercedes","michelin","1:21.803",81803,,,,,,,"+1.539",1539,"+0.091",91,12
695,2002,15,8,8,"8","17","pedro-de-la-rosa","jaguar","cosworth","michelin","1:21.960",81960,,,,,,,"+1.696",1696,"+0.157",157,12
695,2002,15,9,9,"9","11","jacques-villeneuve","bar","honda","bridgestone","1:22.126",82126,,,,,,,"+1.862",1862,"+0.166",166,11
695,2002,15,10,10,"10","24","mika-salo","toyota","toyota","michelin","1:22.318",82318,,,,,,,"+2.054",2054,"+0.192",192,12
695,2002,15,11,11,"11","14","jarno-trulli","renault","renault","michelin","1:22.383",82383,,,,,,,"+2.119",2119,"+0.065",65,11
695,2002,15,12,12,"12","9","giancarlo-fisichella","jordan","honda","bridgestone","1:22.515",82515,,,,,,,"+2.251",2251,"+0.132",132,11
695,2002,15,13,13,"13","25","allan-mcnish","toyota","toyota","michelin","1:22.521",82521,,,,,,,"+2.257",2257,"+0.006",6,10
695,2002,15,14,14,"14","8","felipe-massa","sauber","petronas","bridgestone","1:22.565",82565,,,,,,,"+2.301",2301,"+0.044",44,12
695,2002,15,15,15,"15","7","nick-heidfeld","sauber","petronas","bridgestone","1:22.601",82601,,,,,,,"+2.337",2337,"+0.036",36,10
695,2002,15,16,16,"16","12","olivier-panis","bar","honda","bridgestone","1:22.645",82645,,,,,,,"+2.381",2381,"+0.044",44,10
695,2002,15,17,17,"17","15","jenson-button","renault","renault","michelin","1:22.714",82714,,,,,,,"+2.450",2450,"+0.069",69,12
695,2002,15,18,18,"18","10","takuma-sato","jordan","honda","bridgestone","1:23.166",83166,,,,,,,"+2.902",2902,"+0.452",452,9
695,2002,15,19,19,"19","23","mark-webber","minardi","asiatech","michelin","1:23.794",83794,,,,,,,"+3.530",3530,"+0.628",628,11
695,2002,15,20,20,"20","22","alex-yoong","minardi","asiatech","michelin","1:25.111",85111,,,,,,,"+4.847",4847,"+1.317",1317,12
696,2002,16,1,1,"1","1","michael-schumacher","ferrari","ferrari","bridgestone","1:10.790",70790,,,,,,,,,,,11
696,2002,16,2,2,"2","2","rubens-barrichello","ferrari","ferrari","bridgestone","1:11.058",71058,,,,,,,"+0.268",268,"+0.268",268,12
696,2002,16,3,3,"3","3","david-coulthard","mclaren","mercedes","michelin","1:11.413",71413,,,,,,,"+0.623",623,"+0.355",355,12
696,2002,16,4,4,"4","6","juan-pablo-montoya","williams","bmw","michelin","1:11.414",71414,,,,,,,"+0.624",624,"+0.001",1,11
696,2002,16,5,5,"5","5","ralf-schumacher","williams","bmw","michelin","1:11.587",71587,,,,,,,"+0.797",797,"+0.173",173,12
696,2002,16,6,6,"6","4","kimi-raikkonen","mclaren","mercedes","michelin","1:11.633",71633,,,,,,,"+0.843",843,"+0.046",46,12
696,2002,16,7,7,"7","11","jacques-villeneuve","bar","honda","bridgestone","1:11.738",71738,,,,,,,"+0.948",948,"+0.105",105,12
696,2002,16,8,8,"8","14","jarno-trulli","renault","renault","michelin","1:11.888",71888,,,,,,,"+1.098",1098,"+0.150",150,12
696,2002,16,9,9,"9","9","giancarlo-fisichella","jordan","honda","bridgestone","1:11.902",71902,,,,,,,"+1.112",1112,"+0.014",14,12
696,2002,16,10,10,"10","7","nick-heidfeld","sauber","petronas","bridgestone","1:11.953",71953,,,,,,,"+1.163",1163,"+0.051",51,11
696,2002,16,11,11,"11","8","heinz-harald-frentzen","sauber","petronas","bridgestone","1:12.083",72083,,,,,,,"+1.293",1293,"+0.130",130,12
696,2002,16,12,12,"12","12","olivier-panis","bar","honda","bridgestone","1:12.161",72161,,,,,,,"+1.371",1371,"+0.078",78,9
696,2002,16,13,13,"13","16","eddie-irvine","jaguar","cosworth","michelin","1:12.282",72282,,,,,,,"+1.492",1492,"+0.121",121,10
696,2002,16,14,14,"14","15","jenson-button","renault","renault","michelin","1:12.401",72401,,,,,,,"+1.611",1611,"+0.119",119,12
696,2002,16,15,15,"15","10","takuma-sato","jordan","honda","bridgestone","1:12.647",72647,,,,,,,"+1.857",1857,"+0.246",246,12
696,2002,16,16,16,"16","25","allan-mcnish","toyota","toyota","michelin","1:12.723",72723,,,,,,,"+1.933",1933,"+0.076",76,11
696,2002,16,17,17,"17","17","pedro-de-la-rosa","jaguar","cosworth","michelin","1:12.739",72739,,,,,,,"+1.949",1949,"+0.016",16,12
696,2002,16,18,18,"18","23","mark-webber","minardi","asiatech","michelin","1:13.128",73128,,,,,,,"+2.338",2338,"+0.389",389,12
696,2002,16,19,19,"19","24","mika-salo","toyota","toyota","michelin","1:13.213",73213,,,,,,,"+2.423",2423,"+0.085",85,11
696,2002,16,20,20,"20","22","alex-yoong","minardi","asiatech","michelin","1:13.809",73809,,,,,,,"+3.019",3019,"+0.596",596,5
697,2002,17,1,1,"1","1","michael-schumacher","ferrari","ferrari","bridgestone","1:31.317",91317,,,,,,,,,,,9
697,2002,17,2,2,"2","2","rubens-barrichello","ferrari","ferrari","bridgestone","1:31.749",91749,,,,,,,"+0.432",432,"+0.432",432,12
697,2002,17,3,3,"3","3","david-coulthard","mclaren","mercedes","michelin","1:32.088",92088,,,,,,,"+0.771",771,"+0.339",339,12
697,2002,17,4,4,"4","4","kimi-raikkonen","mclaren","mercedes","michelin","1:32.197",92197,,,,,,,"+0.880",880,"+0.109",109,10
697,2002,17,5,5,"5","5","ralf-schumacher","williams","bmw","michelin","1:32.444",92444,,,,,,,"+1.127",1127,"+0.247",247,10
697,2002,17,6,6,"6","6","juan-pablo-montoya","williams","bmw","michelin","1:32.507",92507,,,,,,,"+1.190",1190,"+0.063",63,10
697,2002,17,7,7,"7","10","takuma-sato","jordan","honda","bridgestone","1:33.090",93090,,,,,,,"+1.773",1773,"+0.583",583,12
697,2002,17,8,8,"8","9","giancarlo-fisichella","jordan","honda","bridgestone","1:33.276",93276,,,,,,,"+1.959",1959,"+0.186",186,12
697,2002,17,9,9,"9","11","jacques-villeneuve","bar","honda","bridgestone","1:33.349",93349,,,,,,,"+2.032",2032,"+0.073",73,11
697,2002,17,10,10,"10","15","jenson-button","renault","renault","michelin","1:33.429",93429,,,,,,,"+2.112",2112,"+0.080",80,12
697,2002,17,11,11,"11","14","jarno-trulli","renault","renault","michelin","1:33.547",93547,,,,,,,"+2.230",2230,"+0.118",118,8
697,2002,17,12,12,"12","7","nick-heidfeld","sauber","petronas","bridgestone","1:33.553",93553,,,,,,,"+2.236",2236,"+0.006",6,12
697,2002,17,13,13,"13","24","mika-salo","toyota","toyota","michelin","1:33.742",93742,,,,,,,"+2.425",2425,"+0.189",189,11
697,2002,17,14,14,"14","16","eddie-irvine","jaguar","cosworth","michelin","1:33.915",93915,,,,,,,"+2.598",2598,"+0.173",173,8
697,2002,17,15,15,"15","8","felipe-massa","sauber","petronas","bridgestone","1:33.979",93979,,,,,,,"+2.662",2662,"+0.064",64,11
697,2002,17,16,16,"16","12","olivier-panis","bar","honda","bridgestone","1:34.192",94192,,,,,,,"+2.875",2875,"+0.213",213,10
697,2002,17,17,17,"17","17","pedro-de-la-rosa","jaguar","cosworth","michelin","1:34.227",94227,,,,,,,"+2.910",2910,"+0.035",35,12
697,2002,17,18,18,"18","25","allan-mcnish","toyota","toyota","michelin","1:35.191",95191,,,,,,,"+3.874",3874,"+0.964",964,5
697,2002,17,19,19,"19","23","mark-webber","minardi","asiatech","michelin","1:35.958",95958,,,,,,,"+4.641",4641,"+0.767",767,11
697,2002,17,20,20,"20","22","alex-yoong","minardi","asiatech","michelin","1:36.267",96267,,,,,,,"+4.950",4950,"+0.309",309,12
698,2003,1,1,1,"1","1","michael-schumacher","ferrari","ferrari","bridgestone","1:27.173",87173,,,,,,,,,,,3
698,2003,1,2,2,"2","2","rubens-barrichello","ferrari","ferrari","bridgestone","1:27.418",87418,,,,,,,"+0.245",245,"+0.245",245,3
698,2003,1,3,3,"3","3","juan-pablo-montoya","williams","bmw","michelin","1:28.101",88101,,,,,,,"+0.928",928,"+0.683",683,3
698,2003,1,4,4,"4","10","heinz-harald-frentzen","sauber","petronas","bridgestone","1:28.274",88274,,,,,,,"+1.101",1101,"+0.173",173,3
698,2003,1,5,5,"5","20","olivier-panis","toyota","toyota","michelin","1:28.288",88288,,,,,,,"+1.115",1115,"+0.014",14,3
698,2003,1,6,6,"6","16","jacques-villeneuve","bar","honda","bridgestone","1:28.420",88420,,,,,,,"+1.247",1247,"+0.132",132,3
698,2003,1,7,7,"7","9","nick-heidfeld","sauber","petronas","bridgestone","1:28.464",88464,,,,,,,"+1.291",1291,"+0.044",44,3
698,2003,1,8,8,"8","17","jenson-button","bar","honda","bridgestone","1:28.682",88682,,,,,,,"+1.509",1509,"+0.218",218,3
698,2003,1,9,9,"9","4","ralf-schumacher","williams","bmw","michelin","1:28.830",88830,,,,,,,"+1.657",1657,"+0.148",148,3
698,2003,1,10,10,"10","8","fernando-alonso","renault","renault","michelin","1:28.928",88928,,,,,,,"+1.755",1755,"+0.098",98,3
698,2003,1,11,11,"11","5","david-coulthard","mclaren","mercedes","michelin","1:29.105",89105,,,,,,,"+1.932",1932,"+0.177",177,3
698,2003,1,12,12,"12","7","jarno-trulli","renault","renault","michelin","1:29.136",89136,,,,,,,"+1.963",1963,"+0.031",31,3
698,2003,1,13,13,"13","11","giancarlo-fisichella","jordan","ford","bridgestone","1:29.344",89344,,,,,,,"+2.171",2171,"+0.208",208,3
698,2003,1,14,14,"14","14","mark-webber","jaguar","cosworth","michelin","1:29.367",89367,,,,,,,"+2.194",2194,"+0.023",23,3
698,2003,1,15,15,"15","6","kimi-raikkonen","mclaren","mercedes","michelin","1:29.470",89470,,,,,,,"+2.297",2297,"+0.103",103,3
698,2003,1,16,16,"16","21","cristiano-da-matta","toyota","toyota","michelin","1:29.538",89538,,,,,,,"+2.365",2365,"+0.068",68,3
698,2003,1,17,17,"17","12","ralph-firman","jordan","ford","bridgestone","1:31.242",91242,,,,,,,"+4.069",4069,"+1.704",1704,3
698,2003,1,18,18,"18","15","antonio-pizzonia","jaguar","cosworth","michelin","1:31.723",91723,,,,,,,"+4.550",4550,"+0.481",481,3
698,2003,1,19,,"NC","19","jos-verstappen","minardi","cosworth","bridgestone",,,,,,,,,,,,,2
698,2003,1,20,,"NC","18","justin-wilson","minardi","cosworth","bridgestone",,,,,,,,,,,,,2
699,2003,2,1,1,"1","8","fernando-alonso","renault","renault","michelin","1:37.044",97044,,,,,,,,,,,3
699,2003,2,2,2,"2","7","jarno-trulli","renault","renault","michelin","1:37.217",97217,,,,,,,"+0.173",173,"+0.173",173,3
699,2003,2,3,3,"3","1","michael-schumacher","ferrari","ferrari","bridgestone","1:37.393",97393,,,,,,,"+0.349",349,"+0.176",176,3
699,2003,2,4,4,"4","5","david-coulthard","mclaren","mercedes","michelin","1:37.454",97454,,,,,,,"+0.410",410,"+0.061",61,3
699,2003,2,5,5,"5","2","rubens-barrichello","ferrari","ferrari","bridgestone","1:37.579",97579,,,,,,,"+0.535",535,"+0.125",125,3
699,2003,2,6,6,"6","9","nick-heidfeld","sauber","petronas","bridgestone","1:37.766",97766,,,,,,,"+0.722",722,"+0.187",187,3
699,2003,2,7,7,"7","6","kimi-raikkonen","mclaren","mercedes","michelin","1:37.858",97858,,,,,,,"+0.814",814,"+0.092",92,3
699,2003,2,8,8,"8","3","juan-pablo-montoya","williams","bmw","michelin","1:37.974",97974,,,,,,,"+0.930",930,"+0.116",116,3
699,2003,2,9,9,"9","17","jenson-button","bar","honda","bridgestone","1:38.073",98073,,,,,,,"+1.029",1029,"+0.099",99,3
699,2003,2,10,10,"10","20","olivier-panis","toyota","toyota","michelin","1:38.094",98094,,,,,,,"+1.050",1050,"+0.021",21,3
699,2003,2,11,11,"11","21","cristiano-da-matta","toyota","toyota","michelin","1:38.097",98097,,,,,,,"+1.053",1053,"+0.003",3,3
699,2003,2,12,12,"12","16","jacques-villeneuve","bar","honda","bridgestone","1:38.289",98289,,,,,,,"+1.245",1245,"+0.192",192,3
699,2003,2,13,13,"13","10","heinz-harald-frentzen","sauber","petronas","bridgestone","1:38.291",98291,,,,,,,"+1.247",1247,"+0.002",2,3
699,2003,2,14,14,"14","11","giancarlo-fisichella","jordan","ford","bridgestone","1:38.416",98416,,,,,,,"+1.372",1372,"+0.125",125,3
699,2003,2,15,15,"15","15","antonio-pizzonia","jaguar","cosworth","michelin","1:38.516",98516,,,,,,,"+1.472",1472,"+0.100",100,3
699,2003,2,16,16,"16","14","mark-webber","jaguar","cosworth","michelin","1:38.624",98624,,,,,,,"+1.580",1580,"+0.108",108,3
699,2003,2,17,17,"17","4","ralf-schumacher","williams","bmw","michelin","1:38.789",98789,,,,,,,"+1.745",1745,"+0.165",165,3
699,2003,2,18,18,"18","19","jos-verstappen","minardi","cosworth","bridgestone","1:40.417",100417,,,,,,,"+3.373",3373,"+1.628",1628,3
699,2003,2,19,19,"19","18","justin-wilson","minardi","cosworth","bridgestone","1:40.599",100599,,,,,,,"+3.555",3555,"+0.182",182,3
699,2003,2,20,20,"20","12","ralph-firman","jordan","ford","bridgestone","1:40.910",100910,,,,,,,"+3.866",3866,"+0.311",311,3
700,2003,3,1,1,"1","2","rubens-barrichello","ferrari","ferrari","bridgestone","1:13.807",73807,,,,,,,,,,,3
700,2003,3,2,2,"2","5","david-coulthard","mclaren","mercedes","michelin","1:13.818",73818,,,,,,,"+0.011",11,"+0.011",11,3
700,2003,3,3,3,"3","14","mark-webber","jaguar","cosworth","michelin","1:13.851",73851,,,,,,,"+0.044",44,"+0.033",33,3
700,2003,3,4,4,"4","6","kimi-raikkonen","mclaren","mercedes","michelin","1:13.866",73866,,,,,,,"+0.059",59,"+0.015",15,3
700,2003,3,5,5,"5","7","jarno-trulli","renault","renault","michelin","1:13.953",73953,,,,,,,"+0.146",146,"+0.087",87,3
700,2003,3,6,6,"6","4","ralf-schumacher","williams","bmw","michelin","1:14.124",74124,,,,,,,"+0.317",317,"+0.171",171,3
700,2003,3,7,7,"7","1","michael-schumacher","ferrari","ferrari","bridgestone","1:14.130",74130,,,,,,,"+0.323",323,"+0.006",6,3
700,2003,3,8,8,"8","11","giancarlo-fisichella","jordan","ford","bridgestone","1:14.191",74191,,,,,,,"+0.384",384,"+0.061",61,3
700,2003,3,9,9,"9","3","juan-pablo-montoya","williams","bmw","michelin","1:14.223",74223,,,,,,,"+0.416",416,"+0.032",32,3
700,2003,3,10,10,"10","8","fernando-alonso","renault","renault","michelin","1:14.384",74384,,,,,,,"+0.577",577,"+0.161",161,3
700,2003,3,11,11,"11","17","jenson-button","bar","honda","bridgestone","1:14.504",74504,,,,,,,"+0.697",697,"+0.120",120,3
700,2003,3,12,12,"12","9","nick-heidfeld","sauber","petronas","bridgestone","1:14.631",74631,,,,,,,"+0.824",824,"+0.127",127,3
700,2003,3,13,13,"13","16","jacques-villeneuve","bar","honda","bridgestone","1:14.668",74668,,,,,,,"+0.861",861,"+0.037",37,3
700,2003,3,14,14,"14","10","heinz-harald-frentzen","sauber","petronas","bridgestone","1:14.839",74839,,,,,,,"+1.032",1032,"+0.171",171,3
700,2003,3,15,15,"15","20","olivier-panis","toyota","toyota","michelin","1:14.839",74839,,,,,,,"+1.032",1032,"+0.000",0,3
700,2003,3,16,16,"16","12","ralph-firman","jordan","ford","bridgestone","1:15.240",75240,,,,,,,"+1.433",1433,"+0.401",401,3
700,2003,3,17,17,"17","15","antonio-pizzonia","jaguar","cosworth","michelin","1:15.317",75317,,,,,,,"+1.510",1510,"+0.077",77,3
700,2003,3,18,18,"18","21","cristiano-da-matta","toyota","toyota","michelin","1:15.641",75641,,,,,,,"+1.834",1834,"+0.324",324,3
700,2003,3,19,19,"19","19","jos-verstappen","minardi","cosworth","bridgestone","1:16.542",76542,,,,,,,"+2.735",2735,"+0.901",901,3
700,2003,3,20,20,"20","18","justin-wilson","minardi","cosworth","bridgestone","1:16.586",76586,,,,,,,"+2.779",2779,"+0.044",44,3
701,2003,4,1,1,"1","1","michael-schumacher","ferrari","ferrari","bridgestone","1:22.327",82327,,,,,,,,,,,3
701,2003,4,2,2,"2","4","ralf-schumacher","williams","bmw","michelin","1:22.341",82341,,,,,,,"+0.014",14,"+0.014",14,3
701,2003,4,3,3,"3","2","rubens-barrichello","ferrari","ferrari","bridgestone","1:22.557",82557,,,,,,,"+0.230",230,"+0.216",216,3
701,2003,4,4,4,"4","3","juan-pablo-montoya","williams","bmw","michelin","1:22.789",82789,,,,,,,"+0.462",462,"+0.232",232,3
701,2003,4,5,5,"5","14","mark-webber","jaguar","cosworth","michelin","1:23.015",83015,,,,,,,"+0.688",688,"+0.226",226,3
701,2003,4,6,6,"6","6","kimi-raikkonen","mclaren","mercedes","michelin","1:23.148",83148,,,,,,,"+0.821",821,"+0.133",133,3
701,2003,4,7,7,"7","16","jacques-villeneuve","bar","honda","bridgestone","1:23.160",83160,,,,,,,"+0.833",833,"+0.012",12,3
701,2003,4,8,8,"8","8","fernando-alonso","renault","renault","michelin","1:23.169",83169,,,,,,,"+0.842",842,"+0.009",9,3
701,2003,4,9,9,"9","17","jenson-button","bar","honda","bridgestone","1:23.381",83381,,,,,,,"+1.054",1054,"+0.212",212,3
701,2003,4,10,10,"10","20","olivier-panis","toyota","toyota","michelin","1:23.460",83460,,,,,,,"+1.133",1133,"+0.079",79,3
701,2003,4,11,11,"11","9","nick-heidfeld","sauber","petronas","bridgestone","1:23.700",83700,,,,,,,"+1.373",1373,"+0.240",240,3
701,2003,4,12,12,"12","5","david-coulthard","mclaren","mercedes","michelin","1:23.818",83818,,,,,,,"+1.491",1491,"+0.118",118,3
701,2003,4,13,13,"13","21","cristiano-da-matta","toyota","toyota","michelin","1:23.838",83838,,,,,,,"+1.511",1511,"+0.020",20,4
701,2003,4,14,14,"14","10","heinz-harald-frentzen","sauber","petronas","bridgestone","1:23.932",83932,,,,,,,"+1.605",1605,"+0.094",94,3
701,2003,4,15,15,"15","15","antonio-pizzonia","jaguar","cosworth","michelin","1:24.147",84147,,,,,,,"+1.820",1820,"+0.215",215,3
701,2003,4,16,16,"16","7","jarno-trulli","renault","renault","michelin","1:24.190",84190,,,,,,,"+1.863",1863,"+0.043",43,3
701,2003,4,17,17,"17","11","giancarlo-fisichella","jordan","ford","bridgestone","1:24.317",84317,,,,,,,"+1.990",1990,"+0.127",127,3
701,2003,4,18,18,"18","18","justin-wilson","minardi","cosworth","bridgestone","1:25.826",85826,,,,,,,"+3.499",3499,"+1.509",1509,3
701,2003,4,19,19,"19","12","ralph-firman","jordan","ford","bridgestone","1:26.357",86357,,,,,,,"+4.030",4030,"+0.531",531,3
701,2003,4,20,20,"20","19","jos-verstappen","minardi","cosworth","bridgestone","2:01.007",121007,,,,,,,"+38.680",38680,"+34.650",34650,2
702,2003,5,1,1,"1","1","michael-schumacher","ferrari","ferrari","bridgestone","1:17.762",77762,,,,,,,,,,,3
702,2003,5,2,2,"2","2","rubens-barrichello","ferrari","ferrari","bridgestone","1:18.020",78020,,,,,,,"+0.258",258,"+0.258",258,3
702,2003,5,3,3,"3","8","fernando-alonso","renault","renault","michelin","1:18.233",78233,,,,,,,"+0.471",471,"+0.213",213,3
702,2003,5,4,4,"4","7","jarno-trulli","renault","renault","michelin","1:18.615",78615,,,,,,,"+0.853",853,"+0.382",382,3
702,2003,5,5,5,"5","17","jenson-button","bar","honda","bridgestone","1:18.704",78704,,,,,,,"+0.942",942,"+0.089",89,3
702,2003,5,6,6,"6","20","olivier-panis","toyota","toyota","michelin","1:18.811",78811,,,,,,,"+1.049",1049,"+0.107",107,3
702,2003,5,7,7,"7","4","ralf-schumacher","williams","bmw","michelin","1:19.006",79006,,,,,,,"+1.244",1244,"+0.195",195,3
702,2003,5,8,8,"8","5","david-coulthard","mclaren","mercedes","michelin","1:19.128",79128,,,,,,,"+1.366",1366,"+0.122",122,3
702,2003,5,9,9,"9","3","juan-pablo-montoya","williams","bmw","michelin","1:19.377",79377,,,,,,,"+1.615",1615,"+0.249",249,3
702,2003,5,10,10,"10","10","heinz-harald-frentzen","sauber","petronas","bridgestone","1:19.427",79427,,,,,,,"+1.665",1665,"+0.050",50,3
702,2003,5,11,11,"11","16","jacques-villeneuve","bar","honda","bridgestone","1:19.563",79563,,,,,,,"+1.801",1801,"+0.136",136,3
702,2003,5,12,12,"12","14","mark-webber","jaguar","cosworth","michelin","1:19.615",79615,,,,,,,"+1.853",1853,"+0.052",52,3
702,2003,5,13,13,"13","21","cristiano-da-matta","toyota","toyota","michelin","1:19.623",79623,,,,,,,"+1.861",1861,"+0.008",8,3
702,2003,5,14,14,"14","9","nick-heidfeld","sauber","petronas","bridgestone","1:19.646",79646,,,,,,,"+1.884",1884,"+0.023",23,3
702,2003,5,15,15,"15","12","ralph-firman","jordan","ford","bridgestone","1:20.215",80215,,,,,,,"+2.453",2453,"+0.569",569,3
702,2003,5,16,16,"16","15","antonio-pizzonia","jaguar","cosworth","michelin","1:20.308",80308,,,,,,,"+2.546",2546,"+0.093",93,3
702,2003,5,17,17,"17","11","giancarlo-fisichella","jordan","ford","bridgestone","1:20.976",80976,,,,,,,"+3.214",3214,"+0.668",668,3
702,2003,5,18,18,"18","18","justin-wilson","minardi","cosworth","bridgestone","1:22.104",82104,,,,,,,"+4.342",4342,"+1.128",1128,3
702,2003,5,19,19,"19","19","jos-verstappen","minardi","cosworth","bridgestone","1:22.237",82237,,,,,,,"+4.475",4475,"+0.133",133,3
702,2003,5,20,20,"20","6","kimi-raikkonen","mclaren","mercedes","michelin",,,,,,,,,,,,,2
703,2003,6,1,1,"1","1","michael-schumacher","ferrari","ferrari","bridgestone","1:09.150",69150,,,,,,,,,,,3
703,2003,6,2,2,"2","6","kimi-raikkonen","mclaren","mercedes","michelin","1:09.189",69189,,,,,,,"+0.039",39,"+0.039",39,3
703,2003,6,3,3,"3","3","juan-pablo-montoya","williams","bmw","michelin","1:09.391",69391,,,,,,,"+0.241",241,"+0.202",202,3
703,2003,6,4,4,"4","9","nick-heidfeld","sauber","petronas","bridgestone","1:09.725",69725,,,,,,,"+0.575",575,"+0.334",334,3
703,2003,6,5,5,"5","2","rubens-barrichello","ferrari","ferrari","bridgestone","1:09.784",69784,,,,,,,"+0.634",634,"+0.059",59,3
703,2003,6,6,6,"6","7","jarno-trulli","renault","renault","michelin","1:09.890",69890,,,,,,,"+0.740",740,"+0.106",106,3
703,2003,6,7,7,"7","17","jenson-button","bar","honda","bridgestone","1:09.935",69935,,,,,,,"+0.785",785,"+0.045",45,3
703,2003,6,8,8,"8","15","antonio-pizzonia","jaguar","cosworth","michelin","1:10.045",70045,,,,,,,"+0.895",895,"+0.110",110,3
703,2003,6,9,9,"9","11","giancarlo-fisichella","jordan","ford","bridgestone","1:10.105",70105,,,,,,,"+0.955",955,"+0.060",60,3
703,2003,6,10,10,"10","4","ralf-schumacher","williams","bmw","michelin","1:10.279",70279,,,,,,,"+1.129",1129,"+0.174",174,3
703,2003,6,11,11,"11","20","olivier-panis","toyota","toyota","michelin","1:10.402",70402,,,,,,,"+1.252",1252,"+0.123",123,3
703,2003,6,12,12,"12","16","jacques-villeneuve","bar","honda","bridgestone","1:10.618",70618,,,,,,,"+1.468",1468,"+0.216",216,3
703,2003,6,13,13,"13","21","cristiano-da-matta","toyota","toyota","michelin","1:10.834",70834,,,,,,,"+1.684",1684,"+0.216",216,3
703,2003,6,14,14,"14","5","david-coulthard","mclaren","mercedes","michelin","1:10.893",70893,,,,,,,"+1.743",1743,"+0.059",59,3
703,2003,6,15,15,"15","10","heinz-harald-frentzen","sauber","petronas","bridgestone","1:11.307",71307,,,,,,,"+2.157",2157,"+0.414",414,3
703,2003,6,16,16,"16","12","ralph-firman","jordan","ford","bridgestone","1:11.505",71505,,,,,,,"+2.355",2355,"+0.198",198,3
703,2003,6,17,17,"17","14","mark-webber","jaguar","cosworth","michelin","1:11.662",71662,,,,,,,"+2.512",2512,"+0.157",157,3
703,2003,6,18,18,"18","18","justin-wilson","minardi","cosworth","bridgestone","1:14.508",74508,,,,,,,"+5.358",5358,"+2.846",2846,3
703,2003,6,19,19,"19","8","fernando-alonso","renault","renault","michelin","1:20.113",80113,,,,,,,"+10.963",10963,"+5.605",5605,3
703,2003,6,20,20,"20","19","jos-verstappen","minardi","cosworth","bridgestone",,,,,,,,,,,,,2
704,2003,7,1,1,"1","4","ralf-schumacher","williams","bmw","michelin","1:15.259",75259,,,,,,,,,,,3
704,2003,7,2,2,"2","6","kimi-raikkonen","mclaren","mercedes","michelin","1:15.295",75295,,,,,,,"+0.036",36,"+0.036",36,3
704,2003,7,3,3,"3","3","juan-pablo-montoya","williams","bmw","michelin","1:15.415",75415,,,,,,,"+0.156",156,"+0.120",120,3
704,2003,7,4,4,"4","7","jarno-trulli","renault","renault","michelin","1:15.500",75500,,,,,,,"+0.241",241,"+0.085",85,3
704,2003,7,5,5,"5","1","michael-schumacher","ferrari","ferrari","bridgestone","1:15.644",75644,,,,,,,"+0.385",385,"+0.144",144,3
704,2003,7,6,6,"6","5","david-coulthard","mclaren","mercedes","michelin","1:15.700",75700,,,,,,,"+0.441",441,"+0.056",56,3
704,2003,7,7,7,"7","2","rubens-barrichello","ferrari","ferrari","bridgestone","1:15.820",75820,,,,,,,"+0.561",561,"+0.120",120,3
704,2003,7,8,8,"8","8","fernando-alonso","renault","renault","michelin","1:15.884",75884,,,,,,,"+0.625",625,"+0.064",64,3
704,2003,7,9,9,"9","14","mark-webber","jaguar","cosworth","michelin","1:16.237",76237,,,,,,,"+0.978",978,"+0.353",353,3
704,2003,7,10,10,"10","21","cristiano-da-matta","toyota","toyota","michelin","1:16.744",76744,,,,,,,"+1.485",1485,"+0.507",507,3
704,2003,7,11,11,"11","16","jacques-villeneuve","bar","honda","bridgestone","1:16.755",76755,,,,,,,"+1.496",1496,"+0.011",11,3
704,2003,7,12,12,"12","11","giancarlo-fisichella","jordan","ford","bridgestone","1:16.967",76967,,,,,,,"+1.708",1708,"+0.212",212,3
704,2003,7,13,13,"13","15","antonio-pizzonia","jaguar","cosworth","michelin","1:17.103",77103,,,,,,,"+1.844",1844,"+0.136",136,3
704,2003,7,14,14,"14","9","nick-heidfeld","sauber","petronas","bridgestone","1:17.176",77176,,,,,,,"+1.917",1917,"+0.073",73,3
704,2003,7,15,15,"15","10","heinz-harald-frentzen","sauber","petronas","bridgestone","1:17.402",77402,,,,,,,"+2.143",2143,"+0.226",226,3
704,2003,7,16,16,"16","12","ralph-firman","jordan","ford","bridgestone","1:17.452",77452,,,,,,,"+2.193",2193,"+0.050",50,3
704,2003,7,17,17,"17","20","olivier-panis","toyota","toyota","michelin","1:17.464",77464,,,,,,,"+2.205",2205,"+0.012",12,3
704,2003,7,18,18,"18","19","jos-verstappen","minardi","cosworth","bridgestone","1:18.706",78706,,,,,,,"+3.447",3447,"+1.242",1242,3
704,2003,7,19,19,"19","18","justin-wilson","minardi","cosworth","bridgestone","1:20.063",80063,,,,,,,"+4.804",4804,"+1.357",1357,3
705,2003,8,1,1,"1","4","ralf-schumacher","williams","bmw","michelin","1:15.529",75529,,,,,,,,,,,3
705,2003,8,2,2,"2","3","juan-pablo-montoya","williams","bmw","michelin","1:15.923",75923,,,,,,,"+0.394",394,"+0.394",394,3
705,2003,8,3,3,"3","1","michael-schumacher","ferrari","ferrari","bridgestone","1:16.047",76047,,,,,,,"+0.518",518,"+0.124",124,3
705,2003,8,4,4,"4","8","fernando-alonso","renault","renault","michelin","1:16.048",76048,,,,,,,"+0.519",519,"+0.001",1,3
705,2003,8,5,5,"5","2","rubens-barrichello","ferrari","ferrari","bridgestone","1:16.143",76143,,,,,,,"+0.614",614,"+0.095",95,3
705,2003,8,6,6,"6","14","mark-webber","jaguar","cosworth","michelin","1:16.182",76182,,,,,,,"+0.653",653,"+0.039",39,3
705,2003,8,7,7,"7","20","olivier-panis","toyota","toyota","michelin","1:16.598",76598,,,,,,,"+1.069",1069,"+0.416",416,3
705,2003,8,8,8,"8","7","jarno-trulli","renault","renault","michelin","1:16.718",76718,,,,,,,"+1.189",1189,"+0.120",120,3
705,2003,8,9,9,"9","21","cristiano-da-matta","toyota","toyota","michelin","1:16.826",76826,,,,,,,"+1.297",1297,"+0.108",108,3
705,2003,8,10,10,"10","10","heinz-harald-frentzen","sauber","petronas","bridgestone","1:16.939",76939,,,,,,,"+1.410",1410,"+0.113",113,3
705,2003,8,11,11,"11","5","david-coulthard","mclaren","mercedes","michelin","1:17.024",77024,,,,,,,"+1.495",1495,"+0.085",85,3
705,2003,8,12,12,"12","9","nick-heidfeld","sauber","petronas","bridgestone","1:17.086",77086,,,,,,,"+1.557",1557,"+0.062",62,3
705,2003,8,13,13,"13","15","antonio-pizzonia","jaguar","cosworth","michelin","1:17.337",77337,,,,,,,"+1.808",1808,"+0.251",251,3
705,2003,8,14,14,"14","16","jacques-villeneuve","bar","honda","bridgestone","1:17.347",77347,,,,,,,"+1.818",1818,"+0.010",10,3
705,2003,8,15,15,"15","19","jos-verstappen","minardi","cosworth","bridgestone","1:18.014",78014,,,,,,,"+2.485",2485,"+0.667",667,3
705,2003,8,16,16,"16","11","giancarlo-fisichella","jordan","ford","bridgestone","1:18.036",78036,,,,,,,"+2.507",2507,"+0.022",22,3
705,2003,8,17,17,"17","17","jenson-button","bar","honda","bridgestone","1:18.205",78205,,,,,,,"+2.676",2676,"+0.169",169,3
705,2003,8,18,18,"18","18","justin-wilson","minardi","cosworth","bridgestone","1:18.560",78560,,,,,,,"+3.031",3031,"+0.355",355,3
705,2003,8,19,19,"19","12","ralph-firman","jordan","ford","bridgestone","1:18.692",78692,,,,,,,"+3.163",3163,"+0.132",132,3
705,2003,8,20,20,"20","6","kimi-raikkonen","mclaren","mercedes","michelin",,,,,,,,,,,,,2
706,2003,9,1,1,"1","6","kimi-raikkonen","mclaren","mercedes","michelin","1:31.523",91523,,,,,,,,,,,3
706,2003,9,2,2,"2","1","michael-schumacher","ferrari","ferrari","bridgestone","1:31.555",91555,,,,,,,"+0.032",32,"+0.032",32,3
706,2003,9,3,3,"3","4","ralf-schumacher","williams","bmw","michelin","1:31.619",91619,,,,,,,"+0.096",96,"+0.064",64,3
706,2003,9,4,4,"4","3","juan-pablo-montoya","williams","bmw","michelin","1:31.765",91765,,,,,,,"+0.242",242,"+0.146",146,3
706,2003,9,5,5,"5","2","rubens-barrichello","ferrari","ferrari","bridgestone","1:31.780",91780,,,,,,,"+0.257",257,"+0.015",15,3
706,2003,9,6,6,"6","7","jarno-trulli","renault","renault","michelin","1:31.976",91976,,,,,,,"+0.453",453,"+0.196",196,3
706,2003,9,7,7,"7","20","olivier-panis","toyota","toyota","michelin","1:32.350",92350,,,,,,,"+0.827",827,"+0.374",374,3
706,2003,9,8,8,"8","8","fernando-alonso","renault","renault","michelin","1:32.424",92424,,,,,,,"+0.901",901,"+0.074",74,3
706,2003,9,9,9,"9","5","david-coulthard","mclaren","mercedes","michelin","1:32.742",92742,,,,,,,"+1.219",1219,"+0.318",318,3
706,2003,9,10,10,"10","21","cristiano-da-matta","toyota","toyota","michelin","1:32.949",92949,,,,,,,"+1.426",1426,"+0.207",207,3
706,2003,9,11,11,"11","14","mark-webber","jaguar","cosworth","michelin","1:33.066",93066,,,,,,,"+1.543",1543,"+0.117",117,3
706,2003,9,12,12,"12","17","jenson-button","bar","honda","bridgestone","1:33.395",93395,,,,,,,"+1.872",1872,"+0.329",329,3
706,2003,9,13,13,"13","11","giancarlo-fisichella","jordan","ford","bridgestone","1:33.553",93553,,,,,,,"+2.030",2030,"+0.158",158,3
706,2003,9,14,14,"14","12","ralph-firman","jordan","ford","bridgestone","1:33.827",93827,,,,,,,"+2.304",2304,"+0.274",274,3
706,2003,9,15,15,"15","10","heinz-harald-frentzen","sauber","petronas","bridgestone","1:34.000",94000,,,,,,,"+2.477",2477,"+0.173",173,3
706,2003,9,16,16,"16","15","antonio-pizzonia","jaguar","cosworth","michelin","1:34.159",94159,,,,,,,"+2.636",2636,"+0.159",159,3
706,2003,9,17,17,"17","16","jacques-villeneuve","bar","honda","bridgestone","1:34.596",94596,,,,,,,"+3.073",3073,"+0.437",437,3
706,2003,9,18,18,"18","19","jos-verstappen","minardi","cosworth","bridgestone","1:36.318",96318,,,,,,,"+4.795",4795,"+1.722",1722,3
706,2003,9,19,19,"19","18","justin-wilson","minardi","cosworth","bridgestone","1:36.485",96485,,,,,,,"+4.962",4962,"+0.167",167,3
706,2003,9,20,20,"20","9","nick-heidfeld","sauber","petronas","bridgestone",,,,,,,,,,,,,2
707,2003,10,1,1,"1","4","ralf-schumacher","williams","bmw","michelin","1:15.019",75019,,,,,,,,,,,3
707,2003,10,2,2,"2","3","juan-pablo-montoya","williams","bmw","michelin","1:15.136",75136,,,,,,,"+0.117",117,"+0.117",117,3
707,2003,10,3,3,"3","1","michael-schumacher","ferrari","ferrari","bridgestone","1:15.480",75480,,,,,,,"+0.461",461,"+0.344",344,3
707,2003,10,4,4,"4","6","kimi-raikkonen","mclaren","mercedes","michelin","1:15.533",75533,,,,,,,"+0.514",514,"+0.053",53,3
707,2003,10,5,5,"5","5","david-coulthard","mclaren","mercedes","michelin","1:15.628",75628,,,,,,,"+0.609",609,"+0.095",95,3
707,2003,10,6,6,"6","7","jarno-trulli","renault","renault","michelin","1:15.967",75967,,,,,,,"+0.948",948,"+0.339",339,3
707,2003,10,7,7,"7","8","fernando-alonso","renault","renault","michelin","1:16.087",76087,,,,,,,"+1.068",1068,"+0.120",120,3
707,2003,10,8,8,"8","2","rubens-barrichello","ferrari","ferrari","bridgestone","1:16.166",76166,,,,,,,"+1.147",1147,"+0.079",79,3
707,2003,10,9,9,"9","14","mark-webber","jaguar","cosworth","michelin","1:16.308",76308,,,,,,,"+1.289",1289,"+0.142",142,3
707,2003,10,10,10,"10","20","olivier-panis","toyota","toyota","michelin","1:16.345",76345,,,,,,,"+1.326",1326,"+0.037",37,3
707,2003,10,11,11,"11","15","antonio-pizzonia","jaguar","cosworth","michelin","1:16.965",76965,,,,,,,"+1.946",1946,"+0.620",620,3
707,2003,10,12,12,"12","16","jacques-villeneuve","bar","honda","bridgestone","1:16.990",76990,,,,,,,"+1.971",1971,"+0.025",25,3
707,2003,10,13,13,"13","21","cristiano-da-matta","toyota","toyota","michelin","1:17.068",77068,,,,,,,"+2.049",2049,"+0.078",78,3
707,2003,10,14,14,"14","17","jenson-button","bar","honda","bridgestone","1:17.077",77077,,,,,,,"+2.058",2058,"+0.009",9,3
707,2003,10,15,15,"15","9","nick-heidfeld","sauber","petronas","bridgestone","1:17.445",77445,,,,,,,"+2.426",2426,"+0.368",368,3
707,2003,10,16,16,"16","10","heinz-harald-frentzen","sauber","petronas","bridgestone","1:17.562",77562,,,,,,,"+2.543",2543,"+0.117",117,3
707,2003,10,17,17,"17","11","giancarlo-fisichella","jordan","ford","bridgestone","1:18.431",78431,,,,,,,"+3.412",3412,"+0.869",869,3
707,2003,10,18,18,"18","12","ralph-firman","jordan","ford","bridgestone","1:18.514",78514,,,,,,,"+3.495",3495,"+0.083",83,3
707,2003,10,19,19,"19","19","jos-verstappen","minardi","cosworth","bridgestone","1:18.709",78709,,,,,,,"+3.690",3690,"+0.195",195,3
707,2003,10,20,20,"20","18","justin-wilson","minardi","cosworth","bridgestone","1:19.619",79619,,,,,,,"+4.600",4600,"+0.910",910,3
708,2003,11,1,1,"1","2","rubens-barrichello","ferrari","ferrari","bridgestone","1:21.209",81209,,,,,,,,,,,3
708,2003,11,2,2,"2","7","jarno-trulli","renault","renault","michelin","1:21.381",81381,,,,,,,"+0.172",172,"+0.172",172,3
708,2003,11,3,3,"3","6","kimi-raikkonen","mclaren","mercedes","michelin","1:21.695",81695,,,,,,,"+0.486",486,"+0.314",314,3
708,2003,11,4,4,"4","4","ralf-schumacher","williams","bmw","michelin","1:21.727",81727,,,,,,,"+0.518",518,"+0.032",32,3
708,2003,11,5,5,"5","1","michael-schumacher","ferrari","ferrari","bridgestone","1:21.867",81867,,,,,,,"+0.658",658,"+0.140",140,3
708,2003,11,6,6,"6","21","cristiano-da-matta","toyota","toyota","michelin","1:22.081",82081,,,,,,,"+0.872",872,"+0.214",214,3
708,2003,11,7,7,"7","3","juan-pablo-montoya","williams","bmw","michelin","1:22.214",82214,,,,,,,"+1.005",1005,"+0.133",133,3
708,2003,11,8,8,"8","8","fernando-alonso","renault","renault","michelin","1:22.404",82404,,,,,,,"+1.195",1195,"+0.190",190,3
708,2003,11,9,9,"9","16","jacques-villeneuve","bar","honda","bridgestone","1:22.591",82591,,,,,,,"+1.382",1382,"+0.187",187,3
708,2003,11,10,10,"10","15","antonio-pizzonia","jaguar","cosworth","michelin","1:22.634",82634,,,,,,,"+1.425",1425,"+0.043",43,3
708,2003,11,11,11,"11","14","mark-webber","jaguar","cosworth","michelin","1:22.647",82647,,,,,,,"+1.438",1438,"+0.013",13,3
708,2003,11,12,12,"12","5","david-coulthard","mclaren","mercedes","michelin","1:22.811",82811,,,,,,,"+1.602",1602,"+0.164",164,3
708,2003,11,13,13,"13","20","olivier-panis","toyota","toyota","michelin","1:23.042",83042,,,,,,,"+1.833",1833,"+0.231",231,3
708,2003,11,14,14,"14","10","heinz-harald-frentzen","sauber","petronas","bridgestone","1:23.187",83187,,,,,,,"+1.978",1978,"+0.145",145,3
708,2003,11,15,15,"15","11","giancarlo-fisichella","jordan","ford","bridgestone","1:23.574",83574,,,,,,,"+2.365",2365,"+0.387",387,3
708,2003,11,16,16,"16","9","nick-heidfeld","sauber","petronas","bridgestone","1:23.844",83844,,,,,,,"+2.635",2635,"+0.270",270,3
708,2003,11,17,17,"17","12","ralph-firman","jordan","ford","bridgestone","1:24.385",84385,,,,,,,"+3.176",3176,"+0.541",541,3
708,2003,11,18,18,"18","18","justin-wilson","minardi","cosworth","bridgestone","1:25.468",85468,,,,,,,"+4.259",4259,"+1.083",1083,3
708,2003,11,19,19,"19","19","jos-verstappen","minardi","cosworth","bridgestone","1:25.759",85759,,,,,,,"+4.550",4550,"+0.291",291,3
708,2003,11,20,20,"20","17","jenson-button","bar","honda","bridgestone",,,,,,,,,,,,,2
709,2003,12,1,1,"1","3","juan-pablo-montoya","williams","bmw","michelin","1:15.167",75167,,,,,,,,,,,3
709,2003,12,2,2,"2","4","ralf-schumacher","williams","bmw","michelin","1:15.185",75185,,,,,,,"+0.018",18,"+0.018",18,3
709,2003,12,3,3,"3","2","rubens-barrichello","ferrari","ferrari","bridgestone","1:15.488",75488,,,,,,,"+0.321",321,"+0.303",303,3
709,2003,12,4,4,"4","7","jarno-trulli","renault","renault","michelin","1:15.679",75679,,,,,,,"+0.512",512,"+0.191",191,3
709,2003,12,5,5,"5","6","kimi-raikkonen","mclaren","mercedes","michelin","1:15.874",75874,,,,,,,"+0.707",707,"+0.195",195,3
709,2003,12,6,6,"6","1","michael-schumacher","ferrari","ferrari","bridgestone","1:15.898",75898,,,,,,,"+0.731",731,"+0.024",24,3
709,2003,12,7,7,"7","20","olivier-panis","toyota","toyota","michelin","1:16.034",76034,,,,,,,"+0.867",867,"+0.136",136,3
709,2003,12,8,8,"8","8","fernando-alonso","renault","renault","michelin","1:16.483",76483,,,,,,,"+1.316",1316,"+0.449",449,3
709,2003,12,9,9,"9","21","cristiano-da-matta","toyota","toyota","michelin","1:16.550",76550,,,,,,,"+1.383",1383,"+0.067",67,3
709,2003,12,10,10,"10","5","david-coulthard","mclaren","mercedes","michelin","1:16.666",76666,,,,,,,"+1.499",1499,"+0.116",116,3
709,2003,12,11,11,"11","14","mark-webber","jaguar","cosworth","michelin","1:16.775",76775,,,,,,,"+1.608",1608,"+0.109",109,3
709,2003,12,12,12,"12","11","giancarlo-fisichella","jordan","ford","bridgestone","1:16.831",76831,,,,,,,"+1.664",1664,"+0.056",56,3
709,2003,12,13,13,"13","16","jacques-villeneuve","bar","honda","bridgestone","1:17.090",77090,,,,,,,"+1.923",1923,"+0.259",259,3
709,2003,12,14,14,"14","10","heinz-harald-frentzen","sauber","petronas","bridgestone","1:17.169",77169,,,,,,,"+2.002",2002,"+0.079",79,3
709,2003,12,15,15,"15","9","nick-heidfeld","sauber","petronas","bridgestone","1:17.557",77557,,,,,,,"+2.390",2390,"+0.388",388,3
709,2003,12,16,16,"16","15","justin-wilson","jaguar","cosworth","michelin","1:18.021",78021,,,,,,,"+2.854",2854,"+0.464",464,3
709,2003,12,17,17,"17","17","jenson-button","bar","honda","bridgestone","1:18.085",78085,,,,,,,"+2.918",2918,"+0.064",64,3
709,2003,12,18,18,"18","12","ralph-firman","jordan","ford","bridgestone","1:18.341",78341,,,,,,,"+3.174",3174,"+0.256",256,3
709,2003,12,19,19,"19","19","jos-verstappen","minardi","cosworth","bridgestone","1:19.023",79023,,,,,,,"+3.856",3856,"+0.682",682,3
709,2003,12,20,20,"20","18","nicolas-kiesa","minardi","cosworth","bridgestone","1:19.174",79174,,,,,,,"+4.007",4007,"+0.151",151,3
710,2003,13,1,1,"1","8","fernando-alonso","renault","renault","michelin","1:21.688",81688,,,,,,,,,,,3
710,2003,13,2,2,"2","4","ralf-schumacher","williams","bmw","michelin","1:21.944",81944,,,,,,,"+0.256",256,"+0.256",256,3
710,2003,13,3,3,"3","14","mark-webber","jaguar","cosworth","michelin","1:22.027",82027,,,,,,,"+0.339",339,"+0.083",83,3
710,2003,13,4,4,"4","3","juan-pablo-montoya","williams","bmw","michelin","1:22.180",82180,,,,,,,"+0.492",492,"+0.153",153,3
710,2003,13,5,5,"5","2","rubens-barrichello","ferrari","ferrari","bridgestone","1:22.180",82180,,,,,,,"+0.492",492,"+0.000",0,3
710,2003,13,6,6,"6","7","jarno-trulli","renault","renault","michelin","1:22.610",82610,,,,,,,"+0.922",922,"+0.430",430,3
710,2003,13,7,7,"7","6","kimi-raikkonen","mclaren","mercedes","michelin","1:22.742",82742,,,,,,,"+1.054",1054,"+0.132",132,3
710,2003,13,8,8,"8","1","michael-schumacher","ferrari","ferrari","bridgestone","1:22.755",82755,,,,,,,"+1.067",1067,"+0.013",13,3
710,2003,13,9,9,"9","5","david-coulthard","mclaren","mercedes","michelin","1:23.060",83060,,,,,,,"+1.372",1372,"+0.305",305,3
710,2003,13,10,10,"10","20","olivier-panis","toyota","toyota","michelin","1:23.369",83369,,,,,,,"+1.681",1681,"+0.309",309,3
710,2003,13,11,11,"11","9","nick-heidfeld","sauber","petronas","bridgestone","1:23.621",83621,,,,,,,"+1.933",1933,"+0.252",252,3
710,2003,13,12,12,"12","15","justin-wilson","jaguar","cosworth","michelin","1:23.660",83660,,,,,,,"+1.972",1972,"+0.039",39,3
710,2003,13,13,13,"13","11","giancarlo-fisichella","jordan","ford","bridgestone","1:23.726",83726,,,,,,,"+2.038",2038,"+0.066",66,3
710,2003,13,14,14,"14","17","jenson-button","bar","honda","bridgestone","1:23.847",83847,,,,,,,"+2.159",2159,"+0.121",121,3
710,2003,13,15,15,"15","21","cristiano-da-matta","toyota","toyota","michelin","1:23.982",83982,,,,,,,"+2.294",2294,"+0.135",135,3
710,2003,13,16,16,"16","16","jacques-villeneuve","bar","honda","bridgestone","1:24.100",84100,,,,,,,"+2.412",2412,"+0.118",118,3
710,2003,13,17,17,"17","10","heinz-harald-frentzen","sauber","petronas","bridgestone","1:24.569",84569,,,,,,,"+2.881",2881,"+0.469",469,3
710,2003,13,18,18,"18","19","jos-verstappen","minardi","cosworth","bridgestone","1:26.423",86423,,,,,,,"+4.735",4735,"+1.854",1854,3
710,2003,13,19,19,"19","12","zsolt-baumgartner","jordan","ford","bridgestone","1:26.678",86678,,,,,,,"+4.990",4990,"+0.255",255,3
710,2003,13,20,20,"20","18","nicolas-kiesa","minardi","cosworth","bridgestone","1:28.907",88907,,,,,,,"+7.219",7219,"+2.229",2229,3
711,2003,14,1,1,"1","1","michael-schumacher","ferrari","ferrari","bridgestone","1:20.963",80963,,,,,,,,,,,3
711,2003,14,2,2,"2","3","juan-pablo-montoya","williams","bmw","michelin","1:21.014",81014,,,,,,,"+0.051",51,"+0.051",51,3
711,2003,14,3,3,"3","2","rubens-barrichello","ferrari","ferrari","bridgestone","1:21.242",81242,,,,,,,"+0.279",279,"+0.228",228,3
711,2003,14,4,4,"4","6","kimi-raikkonen","mclaren","mercedes","michelin","1:21.466",81466,,,,,,,"+0.503",503,"+0.224",224,3
711,2003,14,5,5,"5","4","marc-gene","williams","bmw","michelin","1:21.834",81834,,,,,,,"+0.871",871,"+0.368",368,3
711,2003,14,6,6,"6","7","jarno-trulli","renault","renault","michelin","1:21.944",81944,,,,,,,"+0.981",981,"+0.110",110,3
711,2003,14,7,7,"7","17","jenson-button","bar","honda","bridgestone","1:22.301",82301,,,,,,,"+1.338",1338,"+0.357",357,3
711,2003,14,8,8,"8","5","david-coulthard","mclaren","mercedes","michelin","1:22.471",82471,,,,,,,"+1.508",1508,"+0.170",170,3
711,2003,14,9,9,"9","20","olivier-panis","toyota","toyota","michelin","1:22.488",82488,,,,,,,"+1.525",1525,"+0.017",17,3
711,2003,14,10,10,"10","16","jacques-villeneuve","bar","honda","bridgestone","1:22.717",82717,,,,,,,"+1.754",1754,"+0.229",229,3
711,2003,14,11,11,"11","14","mark-webber","jaguar","cosworth","michelin","1:22.754",82754,,,,,,,"+1.791",1791,"+0.037",37,3
711,2003,14,12,12,"12","21","cristiano-da-matta","toyota","toyota","michelin","1:22.914",82914,,,,,,,"+1.951",1951,"+0.160",160,3
711,2003,14,13,13,"13","11","giancarlo-fisichella","jordan","ford","bridgestone","1:22.992",82992,,,,,,,"+2.029",2029,"+0.078",78,3
711,2003,14,14,14,"14","10","heinz-harald-frentzen","sauber","petronas","bridgestone","1:23.216",83216,,,,,,,"+2.253",2253,"+0.224",224,3
711,2003,14,15,15,"15","15","justin-wilson","jaguar","cosworth","michelin","1:23.484",83484,,,,,,,"+2.521",2521,"+0.268",268,3
711,2003,14,16,16,"16","9","nick-heidfeld","sauber","petronas","bridgestone","1:23.803",83803,,,,,,,"+2.840",2840,"+0.319",319,3
711,2003,14,17,17,"17","19","jos-verstappen","minardi","cosworth","bridgestone","1:25.078",85078,,,,,,,"+4.115",4115,"+1.275",1275,3
711,2003,14,18,18,"18","12","zsolt-baumgartner","jordan","ford","bridgestone","1:25.881",85881,,,,,,,"+4.918",4918,"+0.803",803,3
711,2003,14,19,19,"19","18","nicolas-kiesa","minardi","cosworth","bridgestone","1:26.778",86778,,,,,,,"+5.815",5815,"+0.897",897,3
711,2003,14,20,20,"20","8","fernando-alonso","renault","renault","michelin","1:40.405",100405,,,,,,,"+19.442",19442,"+13.627",13627,3
712,2003,15,1,1,"1","6","kimi-raikkonen","mclaren","mercedes","michelin","1:11.670",71670,,,,,,,,,,,3
712,2003,15,2,2,"2","2","rubens-barrichello","ferrari","ferrari","bridgestone","1:11.794",71794,,,,,,,"+0.124",124,"+0.124",124,3
712,2003,15,3,3,"3","20","olivier-panis","toyota","toyota","michelin","1:11.920",71920,,,,,,,"+0.250",250,"+0.126",126,3
712,2003,15,4,4,"4","3","juan-pablo-montoya","williams","bmw","michelin","1:11.948",71948,,,,,,,"+0.278",278,"+0.028",28,3
712,2003,15,5,5,"5","4","ralf-schumacher","williams","bmw","michelin","1:12.078",72078,,,,,,,"+0.408",408,"+0.130",130,3
712,2003,15,6,6,"6","8","fernando-alonso","renault","renault","michelin","1:12.087",72087,,,,,,,"+0.417",417,"+0.009",9,3
712,2003,15,7,7,"7","1","michael-schumacher","ferrari","ferrari","bridgestone","1:12.194",72194,,,,,,,"+0.524",524,"+0.107",107,3
712,2003,15,8,8,"8","5","david-coulthard","mclaren","mercedes","michelin","1:12.297",72297,,,,,,,"+0.627",627,"+0.103",103,3
712,2003,15,9,9,"9","21","cristiano-da-matta","toyota","toyota","michelin","1:12.326",72326,,,,,,,"+0.656",656,"+0.029",29,3
712,2003,15,10,10,"10","7","jarno-trulli","renault","renault","michelin","1:12.566",72566,,,,,,,"+0.896",896,"+0.240",240,3
712,2003,15,11,11,"11","17","jenson-button","bar","honda","bridgestone","1:12.695",72695,,,,,,,"+1.025",1025,"+0.129",129,3
712,2003,15,12,12,"12","16","jacques-villeneuve","bar","honda","bridgestone","1:13.050",73050,,,,,,,"+1.380",1380,"+0.355",355,3
712,2003,15,13,13,"13","9","nick-heidfeld","sauber","petronas","bridgestone","1:13.083",73083,,,,,,,"+1.413",1413,"+0.033",33,3
712,2003,15,14,14,"14","14","mark-webber","jaguar","cosworth","michelin","1:13.269",73269,,,,,,,"+1.599",1599,"+0.186",186,3
712,2003,15,15,15,"15","10","heinz-harald-frentzen","sauber","petronas","bridgestone","1:13.447",73447,,,,,,,"+1.777",1777,"+0.178",178,3
712,2003,15,16,16,"16","15","justin-wilson","jaguar","cosworth","michelin","1:13.585",73585,,,,,,,"+1.915",1915,"+0.138",138,3
712,2003,15,17,17,"17","11","giancarlo-fisichella","jordan","ford","bridgestone","1:13.798",73798,,,,,,,"+2.128",2128,"+0.213",213,3
712,2003,15,18,18,"18","12","ralph-firman","jordan","ford","bridgestone","1:14.027",74027,,,,,,,"+2.357",2357,"+0.229",229,3
712,2003,15,19,19,"19","19","jos-verstappen","minardi","cosworth","bridgestone","1:15.360",75360,,,,,,,"+3.690",3690,"+1.333",1333,3
712,2003,15,20,20,"20","18","nicolas-kiesa","minardi","cosworth","bridgestone","1:15.644",75644,,,,,,,"+3.974",3974,"+0.284",284,3
713,2003,16,1,1,"1","2","rubens-barrichello","ferrari","ferrari","bridgestone","1:31.713",91713,,,,,,,,,,,3
713,2003,16,2,2,"2","3","juan-pablo-montoya","williams","bmw","michelin","1:32.412",92412,,,,,,,"+0.699",699,"+0.699",699,3
713,2003,16,3,3,"3","21","cristiano-da-matta","toyota","toyota","michelin","1:32.419",92419,,,,,,,"+0.706",706,"+0.007",7,3
713,2003,16,4,4,"4","20","olivier-panis","toyota","toyota","michelin","1:32.862",92862,,,,,,,"+1.149",1149,"+0.443",443,3
713,2003,16,5,5,"5","8","fernando-alonso","renault","renault","michelin","1:33.044",93044,,,,,,,"+1.331",1331,"+0.182",182,3
713,2003,16,6,6,"6","14","mark-webber","jaguar","cosworth","michelin","1:33.106",93106,,,,,,,"+1.393",1393,"+0.062",62,3
713,2003,16,7,7,"7","5","david-coulthard","mclaren","mercedes","michelin","1:33.137",93137,,,,,,,"+1.424",1424,"+0.031",31,3
713,2003,16,8,8,"8","6","kimi-raikkonen","mclaren","mercedes","michelin","1:33.272",93272,,,,,,,"+1.559",1559,"+0.135",135,3
713,2003,16,9,9,"9","17","jenson-button","bar","honda","bridgestone","1:33.474",93474,,,,,,,"+1.761",1761,"+0.202",202,3
713,2003,16,10,10,"10","15","justin-wilson","jaguar","cosworth","michelin","1:33.558",93558,,,,,,,"+1.845",1845,"+0.084",84,3
713,2003,16,11,11,"11","9","nick-heidfeld","sauber","petronas","bridgestone","1:33.632",93632,,,,,,,"+1.919",1919,"+0.074",74,3
713,2003,16,12,12,"12","10","heinz-harald-frentzen","sauber","petronas","bridgestone","1:33.896",93896,,,,,,,"+2.183",2183,"+0.264",264,3
713,2003,16,13,13,"13","16","takuma-sato","bar","honda","bridgestone","1:33.924",93924,,,,,,,"+2.211",2211,"+0.028",28,3
713,2003,16,14,14,"14","1","michael-schumacher","ferrari","ferrari","bridgestone","1:34.302",94302,,,,,,,"+2.589",2589,"+0.378",378,3
713,2003,16,15,15,"15","12","ralph-firman","jordan","ford","bridgestone","1:34.771",94771,,,,,,,"+3.058",3058,"+0.469",469,3
713,2003,16,16,16,"16","11","giancarlo-fisichella","jordan","ford","bridgestone","1:34.912",94912,,,,,,,"+3.199",3199,"+0.141",141,3
713,2003,16,17,17,"17","19","jos-verstappen","minardi","cosworth","bridgestone","1:34.975",94975,,,,,,,"+3.262",3262,"+0.063",63,3
713,2003,16,18,18,"18","18","nicolas-kiesa","minardi","cosworth","bridgestone","1:37.226",97226,,,,,,,"+5.513",5513,"+2.251",2251,3
713,2003,16,19,19,"19","4","ralf-schumacher","williams","bmw","michelin",,,,,,,,,,,,,2
713,2003,16,20,20,"20","7","jarno-trulli","renault","renault","michelin",,,,,,,,,,,,,1
714,2004,1,1,1,"1","1","michael-schumacher","ferrari","ferrari","bridgestone","1:24.408",84408,,,,,,,,,,,3
714,2004,1,2,2,"2","2","rubens-barrichello","ferrari","ferrari","bridgestone","1:24.482",84482,,,,,,,"+0.074",74,"+0.074",74,3
714,2004,1,3,3,"3","3","juan-pablo-montoya","williams","bmw","michelin","1:24.998",84998,,,,,,,"+0.590",590,"+0.516",516,3
714,2004,1,4,4,"4","9","jenson-button","bar","honda","michelin","1:24.998",84998,,,,,,,"+0.590",590,"+0.000",0,3
714,2004,1,5,5,"5","8","fernando-alonso","renault","renault","michelin","1:25.699",85699,,,,,,,"+1.291",1291,"+0.701",701,3
714,2004,1,6,6,"6","14","mark-webber","jaguar","cosworth","michelin","1:25.805",85805,,,,,,,"+1.397",1397,"+0.106",106,3
714,2004,1,7,7,"7","10","takuma-sato","bar","honda","michelin","1:25.851",85851,,,,,,,"+1.443",1443,"+0.046",46,3
714,2004,1,8,8,"8","4","ralf-schumacher","williams","bmw","michelin","1:25.925",85925,,,,,,,"+1.517",1517,"+0.074",74,3
714,2004,1,9,9,"9","7","jarno-trulli","renault","renault","michelin","1:26.290",86290,,,,,,,"+1.882",1882,"+0.365",365,3
714,2004,1,10,10,"10","6","kimi-raikkonen","mclaren","mercedes","michelin","1:26.297",86297,,,,,,,"+1.889",1889,"+0.007",7,3
714,2004,1,11,11,"11","12","felipe-massa","sauber","petronas","bridgestone","1:27.065",87065,,,,,,,"+2.657",2657,"+0.768",768,3
714,2004,1,12,12,"12","5","david-coulthard","mclaren","mercedes","michelin","1:27.294",87294,,,,,,,"+2.886",2886,"+0.229",229,3
714,2004,1,13,13,"13","16","cristiano-da-matta","toyota","toyota","michelin","1:27.823",87823,,,,,,,"+3.415",3415,"+0.529",529,3
714,2004,1,14,14,"14","11","giancarlo-fisichella","sauber","petronas","bridgestone","1:27.845",87845,,,,,,,"+3.437",3437,"+0.022",22,3
714,2004,1,15,15,"15","18","nick-heidfeld","jordan","ford","bridgestone","1:28.178",88178,,,,,,,"+3.770",3770,"+0.333",333,3
714,2004,1,16,16,"16","19","giorgio-pantano","jordan","ford","bridgestone","1:30.140",90140,,,,,,,"+5.732",5732,"+1.962",1962,3
714,2004,1,17,17,"17","21","zsolt-baumgartner","minardi","cosworth","bridgestone","1:30.681",90681,,,,,,,"+6.273",6273,"+0.541",541,3
714,2004,1,18,18,"18","17","olivier-panis","toyota","toyota","michelin",,,,,,,,,,,,,
714,2004,1,19,19,"19","15","christian-klien","jaguar","cosworth","michelin",,,,,,,,,,,,,1
714,2004,1,20,20,"20","20","gianmaria-bruni","minardi","cosworth","bridgestone",,,,,,,,,,,,,
715,2004,2,1,1,"1","1","michael-schumacher","ferrari","ferrari","bridgestone","1:33.074",93074,,,,,,,,,,,3
715,2004,2,2,2,"2","14","mark-webber","jaguar","cosworth","michelin","1:33.715",93715,,,,,,,"+0.641",641,"+0.641",641,3
715,2004,2,3,3,"3","2","rubens-barrichello","ferrari","ferrari","bridgestone","1:33.756",93756,,,,,,,"+0.682",682,"+0.041",41,3
715,2004,2,4,4,"4","3","juan-pablo-montoya","williams","bmw","michelin","1:34.054",94054,,,,,,,"+0.980",980,"+0.298",298,3
715,2004,2,5,5,"5","6","kimi-raikkonen","mclaren","mercedes","michelin","1:34.164",94164,,,,,,,"+1.090",1090,"+0.110",110,3
715,2004,2,6,6,"6","9","jenson-button","bar","honda","michelin","1:34.221",94221,,,,,,,"+1.147",1147,"+0.057",57,3
715,2004,2,7,7,"7","4","ralf-schumacher","williams","bmw","michelin","1:34.235",94235,,,,,,,"+1.161",1161,"+0.014",14,3
715,2004,2,8,8,"8","7","jarno-trulli","renault","renault","michelin","1:34.413",94413,,,,,,,"+1.339",1339,"+0.178",178,3
715,2004,2,9,9,"9","5","david-coulthard","mclaren","mercedes","michelin","1:34.602",94602,,,,,,,"+1.528",1528,"+0.189",189,3
715,2004,2,10,10,"10","16","cristiano-da-matta","toyota","toyota","michelin","1:34.917",94917,,,,,,,"+1.843",1843,"+0.315",315,3
715,2004,2,11,11,"11","12","felipe-massa","sauber","petronas","bridgestone","1:35.039",95039,,,,,,,"+1.965",1965,"+0.122",122,3
715,2004,2,12,12,"12","11","giancarlo-fisichella","sauber","petronas","bridgestone","1:35.061",95061,,,,,,,"+1.987",1987,"+0.022",22,3
715,2004,2,13,13,"13","15","christian-klien","jaguar","cosworth","michelin","1:35.158",95158,,,,,,,"+2.084",2084,"+0.097",97,3
715,2004,2,14,14,"14","17","olivier-panis","toyota","toyota","michelin","1:35.617",95617,,,,,,,"+2.543",2543,"+0.459",459,3
715,2004,2,15,15,"15","18","nick-heidfeld","jordan","ford","bridgestone","1:36.569",96569,,,,,,,"+3.495",3495,"+0.952",952,3
715,2004,2,16,16,"16","20","gianmaria-bruni","minardi","cosworth","bridgestone","1:38.577",98577,,,,,,,"+5.503",5503,"+2.008",2008,3
715,2004,2,17,17,"17","21","zsolt-baumgartner","minardi","cosworth","bridgestone","1:39.272",99272,,,,,,,"+6.198",6198,"+0.695",695,3
715,2004,2,18,18,"18","19","giorgio-pantano","jordan","ford","bridgestone","1:39.902",99902,,,,,,,"+6.828",6828,"+0.630",630,3
715,2004,2,19,19,"19","8","fernando-alonso","renault","renault","michelin",,,,,,,,,,,,,2
715,2004,2,20,20,"20","10","takuma-sato","bar","honda","michelin",,,,,,,,,,,,,2
716,2004,3,1,1,"1","1","michael-schumacher","ferrari","ferrari","bridgestone","1:30.139",90139,,,,,,,,,,,6
716,2004,3,2,2,"2","2","rubens-barrichello","ferrari","ferrari","bridgestone","1:30.530",90530,,,,,,,"+0.391",391,"+0.391",391,6
716,2004,3,3,3,"3","3","juan-pablo-montoya","williams","bmw","michelin","1:30.581",90581,,,,,,,"+0.442",442,"+0.051",51,6
716,2004,3,4,4,"4","4","ralf-schumacher","williams","bmw","michelin","1:30.633",90633,,,,,,,"+0.494",494,"+0.052",52,6
716,2004,3,5,5,"5","10","takuma-sato","bar","honda","michelin","1:30.827",90827,,,,,,,"+0.688",688,"+0.194",194,6
716,2004,3,6,6,"6","9","jenson-button","bar","honda","michelin","1:30.856",90856,,,,,,,"+0.717",717,"+0.029",29,6
716,2004,3,7,7,"7","7","jarno-trulli","renault","renault","michelin","1:30.971",90971,,,,,,,"+0.832",832,"+0.115",115,6
716,2004,3,8,8,"8","17","olivier-panis","toyota","toyota","michelin","1:31.686",91686,,,,,,,"+1.547",1547,"+0.715",715,6
716,2004,3,9,9,"9","16","cristiano-da-matta","toyota","toyota","michelin","1:31.717",91717,,,,,,,"+1.578",1578,"+0.031",31,6
716,2004,3,10,10,"10","5","david-coulthard","mclaren","mercedes","michelin","1:31.719",91719,,,,,,,"+1.580",1580,"+0.002",2,6
716,2004,3,11,11,"11","11","giancarlo-fisichella","sauber","petronas","bridgestone","1:31.731",91731,,,,,,,"+1.592",1592,"+0.012",12,6
716,2004,3,12,12,"12","15","christian-klien","jaguar","cosworth","michelin","1:32.332",92332,,,,,,,"+2.193",2193,"+0.601",601,6
716,2004,3,13,13,"13","12","felipe-massa","sauber","petronas","bridgestone","1:32.536",92536,,,,,,,"+2.397",2397,"+0.204",204,6
716,2004,3,14,14,"14","14","mark-webber","jaguar","cosworth","michelin","1:32.625",92625,,,,,,,"+2.486",2486,"+0.089",89,6
716,2004,3,15,15,"15","18","nick-heidfeld","jordan","ford","bridgestone","1:33.506",93506,,,,,,,"+3.367",3367,"+0.881",881,6
716,2004,3,16,16,"16","19","giorgio-pantano","jordan","ford","bridgestone","1:34.105",94105,,,,,,,"+3.966",3966,"+0.599",599,6
716,2004,3,17,17,"17","8","fernando-alonso","renault","renault","michelin","1:34.130",94130,,,,,,,"+3.991",3991,"+0.025",25,6
716,2004,3,18,18,"18","20","gianmaria-bruni","minardi","cosworth","bridgestone","1:34.584",94584,,,,,,,"+4.445",4445,"+0.454",454,6
716,2004,3,19,19,"19","21","zsolt-baumgartner","minardi","cosworth","bridgestone","1:35.787",95787,,,,,,,"+5.648",5648,"+1.203",1203,6
716,2004,3,20,20,"20","6","kimi-raikkonen","mclaren","mercedes","michelin",,,,,,,,,,,,,4
717,2004,4,1,1,"1","9","jenson-button","bar","honda","michelin","1:19.753",79753,,,,,,,,,,,6
717,2004,4,2,2,"2","1","michael-schumacher","ferrari","ferrari","bridgestone","1:20.011",80011,,,,,,,"+0.258",258,"+0.258",258,6
717,2004,4,3,3,"3","3","juan-pablo-montoya","williams","bmw","michelin","1:20.212",80212,,,,,,,"+0.459",459,"+0.201",201,6
717,2004,4,4,4,"4","2","rubens-barrichello","ferrari","ferrari","bridgestone","1:20.451",80451,,,,,,,"+0.698",698,"+0.239",239,6
717,2004,4,5,5,"5","4","ralf-schumacher","williams","bmw","michelin","1:20.538",80538,,,,,,,"+0.785",785,"+0.087",87,6
717,2004,4,6,6,"6","8","fernando-alonso","renault","renault","michelin","1:20.895",80895,,,,,,,"+1.142",1142,"+0.357",357,6
717,2004,4,7,7,"7","10","takuma-sato","bar","honda","michelin","1:20.913",80913,,,,,,,"+1.160",1160,"+0.018",18,6
717,2004,4,8,8,"8","14","mark-webber","jaguar","cosworth","michelin","1:20.921",80921,,,,,,,"+1.168",1168,"+0.008",8,6
717,2004,4,9,9,"9","7","jarno-trulli","renault","renault","michelin","1:21.034",81034,,,,,,,"+1.281",1281,"+0.113",113,6
717,2004,4,10,10,"10","16","cristiano-da-matta","toyota","toyota","michelin","1:21.087",81087,,,,,,,"+1.334",1334,"+0.053",53,6
717,2004,4,11,11,"11","5","david-coulthard","mclaren","mercedes","michelin","1:21.091",81091,,,,,,,"+1.338",1338,"+0.004",4,6
717,2004,4,12,12,"12","12","felipe-massa","sauber","petronas","bridgestone","1:21.532",81532,,,,,,,"+1.779",1779,"+0.441",441,6
717,2004,4,13,13,"13","17","olivier-panis","toyota","toyota","michelin","1:21.558",81558,,,,,,,"+1.805",1805,"+0.026",26,6
717,2004,4,14,14,"14","15","christian-klien","jaguar","cosworth","michelin","1:21.949",81949,,,,,,,"+2.196",2196,"+0.391",391,6
717,2004,4,15,15,"15","19","giorgio-pantano","jordan","ford","bridgestone","1:23.352",83352,,,,,,,"+3.599",3599,"+1.403",1403,6
717,2004,4,16,16,"16","18","nick-heidfeld","jordan","ford","bridgestone","1:23.488",83488,,,,,,,"+3.735",3735,"+0.136",136,6
717,2004,4,17,17,"17","20","gianmaria-bruni","minardi","cosworth","bridgestone","1:26.899",86899,,,,,,,"+7.146",7146,"+3.411",3411,6
717,2004,4,18,18,"18","21","zsolt-baumgartner","minardi","cosworth","bridgestone","1:46.299",106299,,,,,,,"+26.546",26546,"+19.400",19400,6
717,2004,4,19,19,"19","11","giancarlo-fisichella","sauber","petronas","bridgestone",,,,,,,,,,,,,3
717,2004,4,20,20,"20","6","kimi-raikkonen","mclaren","mercedes","michelin",,,,,,,,,,,,,4
718,2004,5,1,1,"1","1","michael-schumacher","ferrari","ferrari","bridgestone","1:15.022",75022,,,,,,,,,,,6
718,2004,5,2,2,"2","3","juan-pablo-montoya","williams","bmw","michelin","1:15.639",75639,,,,,,,"+0.617",617,"+0.617",617,6
718,2004,5,3,3,"3","10","takuma-sato","bar","honda","michelin","1:15.809",75809,,,,,,,"+0.787",787,"+0.170",170,6
718,2004,5,4,4,"4","7","jarno-trulli","renault","renault","michelin","1:16.144",76144,,,,,,,"+1.122",1122,"+0.335",335,6
718,2004,5,5,5,"5","2","rubens-barrichello","ferrari","ferrari","bridgestone","1:16.272",76272,,,,,,,"+1.250",1250,"+0.128",128,6
718,2004,5,6,6,"6","4","ralf-schumacher","williams","bmw","michelin","1:16.293",76293,,,,,,,"+1.271",1271,"+0.021",21,6
718,2004,5,7,7,"7","17","olivier-panis","toyota","toyota","michelin","1:16.313",76313,,,,,,,"+1.291",1291,"+0.020",20,6
718,2004,5,8,8,"8","8","fernando-alonso","renault","renault","michelin","1:16.422",76422,,,,,,,"+1.400",1400,"+0.109",109,6
718,2004,5,9,9,"9","14","mark-webber","jaguar","cosworth","michelin","1:16.514",76514,,,,,,,"+1.492",1492,"+0.092",92,6
718,2004,5,10,10,"10","5","david-coulthard","mclaren","mercedes","michelin","1:16.636",76636,,,,,,,"+1.614",1614,"+0.122",122,6
718,2004,5,11,11,"11","16","cristiano-da-matta","toyota","toyota","michelin","1:17.038",77038,,,,,,,"+2.016",2016,"+0.402",402,6
718,2004,5,12,12,"12","11","giancarlo-fisichella","sauber","petronas","bridgestone","1:17.444",77444,,,,,,,"+2.422",2422,"+0.406",406,6
718,2004,5,13,13,"13","6","kimi-raikkonen","mclaren","mercedes","michelin","1:17.445",77445,,,,,,,"+2.423",2423,"+0.001",1,6
718,2004,5,14,14,"14","9","jenson-button","bar","honda","michelin","1:17.575",77575,,,,,,,"+2.553",2553,"+0.130",130,6
718,2004,5,15,15,"15","18","nick-heidfeld","jordan","ford","bridgestone","1:17.802",77802,,,,,,,"+2.780",2780,"+0.227",227,6
718,2004,5,16,16,"16","15","christian-klien","jaguar","cosworth","michelin","1:17.812",77812,,,,,,,"+2.790",2790,"+0.010",10,6
718,2004,5,17,17,"17","12","felipe-massa","sauber","petronas","bridgestone","1:17.866",77866,,,,,,,"+2.844",2844,"+0.054",54,6
718,2004,5,18,18,"18","20","gianmaria-bruni","minardi","cosworth","bridgestone","1:19.817",79817,,,,,,,"+4.795",4795,"+1.951",1951,6
718,2004,5,19,19,"19","19","giorgio-pantano","jordan","ford","bridgestone","1:20.607",80607,,,,,,,"+5.585",5585,"+0.790",790,6
718,2004,5,20,20,"20","21","zsolt-baumgartner","minardi","cosworth","bridgestone","1:21.470",81470,,,,,,,"+6.448",6448,"+0.863",863,6
719,2004,6,1,1,"1","7","jarno-trulli","renault","renault","michelin","1:13.985",73985,,,,,,,,,,,6
719,2004,6,2,2,"2","4","ralf-schumacher","williams","bmw","michelin","1:14.345",74345,,,,,,,"+0.360",360,"+0.360",360,6
719,2004,6,3,3,"3","9","jenson-button","bar","honda","michelin","1:14.396",74396,,,,,,,"+0.411",411,"+0.051",51,6
719,2004,6,4,4,"4","8","fernando-alonso","renault","renault","michelin","1:14.408",74408,,,,,,,"+0.423",423,"+0.012",12,6
719,2004,6,5,5,"5","1","michael-schumacher","ferrari","ferrari","bridgestone","1:14.516",74516,,,,,,,"+0.531",531,"+0.108",108,6
719,2004,6,6,6,"6","6","kimi-raikkonen","mclaren","mercedes","michelin","1:14.592",74592,,,,,,,"+0.607",607,"+0.076",76,6
719,2004,6,7,7,"7","2","rubens-barrichello","ferrari","ferrari","bridgestone","1:14.716",74716,,,,,,,"+0.731",731,"+0.124",124,6
719,2004,6,8,8,"8","10","takuma-sato","bar","honda","michelin","1:14.827",74827,,,,,,,"+0.842",842,"+0.111",111,6
719,2004,6,9,9,"9","5","david-coulthard","mclaren","mercedes","michelin","1:14.951",74951,,,,,,,"+0.966",966,"+0.124",124,6
719,2004,6,10,10,"10","3","juan-pablo-montoya","williams","bmw","michelin","1:15.039",75039,,,,,,,"+1.054",1054,"+0.088",88,6
719,2004,6,11,11,"11","11","giancarlo-fisichella","sauber","petronas","bridgestone","1:15.352",75352,,,,,,,"+1.367",1367,"+0.313",313,6
719,2004,6,12,12,"12","14","mark-webber","jaguar","cosworth","michelin","1:15.725",75725,,,,,,,"+1.740",1740,"+0.373",373,6
719,2004,6,13,13,"13","17","olivier-panis","toyota","toyota","michelin","1:15.859",75859,,,,,,,"+1.874",1874,"+0.134",134,6
719,2004,6,14,14,"14","15","christian-klien","jaguar","cosworth","michelin","1:15.919",75919,,,,,,,"+1.934",1934,"+0.060",60,6
719,2004,6,15,15,"15","16","cristiano-da-matta","toyota","toyota","michelin","1:16.169",76169,,,,,,,"+2.184",2184,"+0.250",250,6
719,2004,6,16,16,"16","12","felipe-massa","sauber","petronas","bridgestone","1:16.248",76248,,,,,,,"+2.263",2263,"+0.079",79,6
719,2004,6,17,17,"17","18","nick-heidfeld","jordan","ford","bridgestone","1:16.488",76488,,,,,,,"+2.503",2503,"+0.240",240,6
719,2004,6,18,18,"18","19","giorgio-pantano","jordan","ford","bridgestone","1:17.443",77443,,,,,,,"+3.458",3458,"+0.955",955,6
719,2004,6,19,19,"19","21","zsolt-baumgartner","minardi","cosworth","bridgestone","1:20.060",80060,,,,,,,"+6.075",6075,"+2.617",2617,6
719,2004,6,20,20,"20","20","gianmaria-bruni","minardi","cosworth","bridgestone","1:20.115",80115,,,,,,,"+6.130",6130,"+0.055",55,6
720,2004,7,1,1,"1","1","michael-schumacher","ferrari","ferrari","bridgestone","1:28.351",88351,,,,,,,,,,,6
720,2004,7,2,2,"2","10","takuma-sato","bar","honda","michelin","1:28.986",88986,,,,,,,"+0.635",635,"+0.635",635,6
720,2004,7,3,3,"3","7","jarno-trulli","renault","renault","michelin","1:29.135",89135,,,,,,,"+0.784",784,"+0.149",149,6
720,2004,7,4,4,"4","6","kimi-raikkonen","mclaren","mercedes","michelin","1:29.137",89137,,,,,,,"+0.786",786,"+0.002",2,6
720,2004,7,5,5,"5","9","jenson-button","bar","honda","michelin","1:29.245",89245,,,,,,,"+0.894",894,"+0.108",108,6
720,2004,7,6,6,"6","8","fernando-alonso","renault","renault","michelin","1:29.313",89313,,,,,,,"+0.962",962,"+0.068",68,6
720,2004,7,7,7,"7","2","rubens-barrichello","ferrari","ferrari","bridgestone","1:29.353",89353,,,,,,,"+1.002",1002,"+0.040",40,6
720,2004,7,8,8,"8","3","juan-pablo-montoya","williams","bmw","michelin","1:29.354",89354,,,,,,,"+1.003",1003,"+0.001",1,6
720,2004,7,9,9,"9","4","ralf-schumacher","williams","bmw","michelin","1:29.459",89459,,,,,,,"+1.108",1108,"+0.105",105,6
720,2004,7,10,10,"10","17","olivier-panis","toyota","toyota","michelin","1:29.697",89697,,,,,,,"+1.346",1346,"+0.238",238,6
720,2004,7,11,11,"11","16","cristiano-da-matta","toyota","toyota","michelin","1:29.706",89706,,,,,,,"+1.355",1355,"+0.009",9,6
720,2004,7,12,12,"12","15","christian-klien","jaguar","cosworth","michelin","1:31.431",91431,,,,,,,"+3.080",3080,"+1.725",1725,7
720,2004,7,13,13,"13","18","nick-heidfeld","jordan","ford","bridgestone","1:31.604",91604,,,,,,,"+3.253",3253,"+0.173",173,6
720,2004,7,14,14,"14","14","mark-webber","jaguar","cosworth","michelin","1:31.797",91797,,,,,,,"+3.446",3446,"+0.193",193,6
720,2004,7,15,15,"15","19","giorgio-pantano","jordan","ford","bridgestone","1:31.979",91979,,,,,,,"+3.628",3628,"+0.182",182,6
720,2004,7,16,16,"16","12","felipe-massa","sauber","petronas","bridgestone","1:31.982",91982,,,,,,,"+3.631",3631,"+0.003",3,6
720,2004,7,17,17,"17","21","zsolt-baumgartner","minardi","cosworth","bridgestone","1:34.398",94398,,,,,,,"+6.047",6047,"+2.416",2416,6
720,2004,7,18,18,"18","5","david-coulthard","mclaren","mercedes","michelin",,,,,,,,,,,,,3
720,2004,7,19,19,"19","11","giancarlo-fisichella","sauber","petronas","bridgestone",,,,,,,,,,,,,5
720,2004,7,20,20,"20","20","gianmaria-bruni","minardi","cosworth","bridgestone",,,,,,,,,,,,,3
721,2004,8,1,1,"1","4","ralf-schumacher","williams","bmw","michelin","1:12.275",72275,,,,,,,,,,,6
721,2004,8,2,2,"2","9","jenson-button","bar","honda","michelin","1:12.341",72341,,,,,,,"+0.066",66,"+0.066",66,6
721,2004,8,3,3,"3","7","jarno-trulli","renault","renault","michelin","1:13.023",73023,,,,,,,"+0.748",748,"+0.682",682,6
721,2004,8,4,4,"4","3","juan-pablo-montoya","williams","bmw","michelin","1:13.072",73072,,,,,,,"+0.797",797,"+0.049",49,6
721,2004,8,5,5,"5","8","fernando-alonso","renault","renault","michelin","1:13.308",73308,,,,,,,"+1.033",1033,"+0.236",236,6
721,2004,8,6,6,"6","1","michael-schumacher","ferrari","ferrari","bridgestone","1:13.355",73355,,,,,,,"+1.080",1080,"+0.047",47,6
721,2004,8,7,7,"7","2","rubens-barrichello","ferrari","ferrari","bridgestone","1:13.562",73562,,,,,,,"+1.287",1287,"+0.207",207,6
721,2004,8,8,8,"8","6","kimi-raikkonen","mclaren","mercedes","michelin","1:13.595",73595,,,,,,,"+1.320",1320,"+0.033",33,6
721,2004,8,9,9,"9","5","david-coulthard","mclaren","mercedes","michelin","1:13.681",73681,,,,,,,"+1.406",1406,"+0.086",86,6
721,2004,8,10,10,"10","15","christian-klien","jaguar","cosworth","michelin","1:14.532",74532,,,,,,,"+2.257",2257,"+0.851",851,6
721,2004,8,11,11,"11","11","giancarlo-fisichella","sauber","petronas","bridgestone","1:14.674",74674,,,,,,,"+2.399",2399,"+0.142",142,6
721,2004,8,12,12,"12","16","cristiano-da-matta","toyota","toyota","michelin","1:14.851",74851,,,,,,,"+2.576",2576,"+0.177",177,6
721,2004,8,13,13,"13","17","olivier-panis","toyota","toyota","michelin","1:14.891",74891,,,,,,,"+2.616",2616,"+0.040",40,6
721,2004,8,14,14,"14","14","mark-webber","jaguar","cosworth","michelin","1:15.148",75148,,,,,,,"+2.873",2873,"+0.257",257,6
721,2004,8,15,15,"15","18","nick-heidfeld","jordan","ford","bridgestone","1:15.321",75321,,,,,,,"+3.046",3046,"+0.173",173,6
721,2004,8,16,16,"16","19","timo-glock","jordan","ford","bridgestone","1:16.323",76323,,,,,,,"+4.048",4048,"+1.002",1002,6
721,2004,8,17,17,"17","10","takuma-sato","bar","honda","michelin","1:17.004",77004,,,,,,,"+4.729",4729,"+0.681",681,6
721,2004,8,18,18,"18","21","zsolt-baumgartner","minardi","cosworth","bridgestone","1:17.064",77064,,,,,,,"+4.789",4789,"+0.060",60,6
721,2004,8,19,19,"19","12","felipe-massa","sauber","petronas","bridgestone",,,,,,,,,,,,,4
721,2004,8,20,20,"20","20","gianmaria-bruni","minardi","cosworth","bridgestone",,,,,,,,,,,,,2
722,2004,9,1,1,"1","2","rubens-barrichello","ferrari","ferrari","bridgestone","1:10.223",70223,,,,,,,,,,,6
722,2004,9,2,2,"2","1","michael-schumacher","ferrari","ferrari","bridgestone","1:10.400",70400,,,,,,,"+0.177",177,"+0.177",177,6
722,2004,9,3,3,"3","10","takuma-sato","bar","honda","michelin","1:10.601",70601,,,,,,,"+0.378",378,"+0.201",201,6
722,2004,9,4,4,"4","9","jenson-button","bar","honda","michelin","1:10.820",70820,,,,,,,"+0.597",597,"+0.219",219,6
722,2004,9,5,5,"5","3","juan-pablo-montoya","williams","bmw","michelin","1:11.062",71062,,,,,,,"+0.839",839,"+0.242",242,6
722,2004,9,6,6,"6","4","ralf-schumacher","williams","bmw","michelin","1:11.106",71106,,,,,,,"+0.883",883,"+0.044",44,6
722,2004,9,7,7,"7","6","kimi-raikkonen","mclaren","mercedes","michelin","1:11.137",71137,,,,,,,"+0.914",914,"+0.031",31,6
722,2004,9,8,8,"8","17","olivier-panis","toyota","toyota","michelin","1:11.167",71167,,,,,,,"+0.944",944,"+0.030",30,6
722,2004,9,9,9,"9","8","fernando-alonso","renault","renault","michelin","1:11.185",71185,,,,,,,"+0.962",962,"+0.018",18,6
722,2004,9,10,10,"10","14","mark-webber","jaguar","cosworth","michelin","1:11.286",71286,,,,,,,"+1.063",1063,"+0.101",101,6
722,2004,9,11,11,"11","16","cristiano-da-matta","toyota","toyota","michelin","1:11.691",71691,,,,,,,"+1.468",1468,"+0.405",405,6
722,2004,9,12,12,"12","5","david-coulthard","mclaren","mercedes","michelin","1:12.026",72026,,,,,,,"+1.803",1803,"+0.335",335,6
722,2004,9,13,13,"13","15","christian-klien","jaguar","cosworth","michelin","1:12.170",72170,,,,,,,"+1.947",1947,"+0.144",144,6
722,2004,9,14,14,"14","11","giancarlo-fisichella","sauber","petronas","bridgestone","1:12.470",72470,,,,,,,"+2.247",2247,"+0.300",300,6
722,2004,9,15,15,"15","12","felipe-massa","sauber","petronas","bridgestone","1:12.721",72721,,,,,,,"+2.498",2498,"+0.251",251,6
722,2004,9,16,16,"16","18","nick-heidfeld","jordan","ford","bridgestone","1:13.147",73147,,,,,,,"+2.924",2924,"+0.426",426,6
722,2004,9,17,17,"17","19","giorgio-pantano","jordan","ford","bridgestone","1:13.375",73375,,,,,,,"+3.152",3152,"+0.228",228,6
722,2004,9,18,18,"18","20","gianmaria-bruni","minardi","cosworth","bridgestone","1:14.010",74010,,,,,,,"+3.787",3787,"+0.635",635,6
722,2004,9,19,19,"19","21","zsolt-baumgartner","minardi","cosworth","bridgestone","1:14.812",74812,,,,,,,"+4.589",4589,"+0.802",802,6
722,2004,9,20,20,"20","7","jarno-trulli","renault","renault","michelin",,,,,,,,,,,,,5
723,2004,10,1,1,"1","8","fernando-alonso","renault","renault","michelin","1:13.698",73698,,,,,,,,,,,6
723,2004,10,2,2,"2","1","michael-schumacher","ferrari","ferrari","bridgestone","1:13.971",73971,,,,,,,"+0.273",273,"+0.273",273,6
723,2004,10,3,3,"3","5","david-coulthard","mclaren","mercedes","michelin","1:13.987",73987,,,,,,,"+0.289",289,"+0.016",16,6
723,2004,10,4,4,"4","9","jenson-button","bar","honda","michelin","1:13.995",73995,,,,,,,"+0.297",297,"+0.008",8,6
723,2004,10,5,5,"5","7","jarno-trulli","renault","renault","michelin","1:14.070",74070,,,,,,,"+0.372",372,"+0.075",75,6
723,2004,10,6,6,"6","3","juan-pablo-montoya","williams","bmw","michelin","1:14.172",74172,,,,,,,"+0.474",474,"+0.102",102,6
723,2004,10,7,7,"7","10","takuma-sato","bar","honda","michelin","1:14.240",74240,,,,,,,"+0.542",542,"+0.068",68,6
723,2004,10,8,8,"8","4","marc-gene","williams","bmw","michelin","1:14.275",74275,,,,,,,"+0.577",577,"+0.035",35,6
723,2004,10,9,9,"9","6","kimi-raikkonen","mclaren","mercedes","michelin","1:14.346",74346,,,,,,,"+0.648",648,"+0.071",71,6
723,2004,10,10,10,"10","2","rubens-barrichello","ferrari","ferrari","bridgestone","1:14.478",74478,,,,,,,"+0.780",780,"+0.132",132,3
723,2004,10,11,11,"11","16","cristiano-da-matta","toyota","toyota","michelin","1:14.553",74553,,,,,,,"+0.855",855,"+0.075",75,6
723,2004,10,12,12,"12","14","mark-webber","jaguar","cosworth","michelin","1:14.798",74798,,,,,,,"+1.100",1100,"+0.245",245,6
723,2004,10,13,13,"13","15","christian-klien","jaguar","cosworth","michelin","1:15.065",75065,,,,,,,"+1.367",1367,"+0.267",267,6
723,2004,10,14,14,"14","17","olivier-panis","toyota","toyota","michelin","1:15.130",75130,,,,,,,"+1.432",1432,"+0.065",65,6
723,2004,10,15,15,"15","11","giancarlo-fisichella","sauber","petronas","bridgestone","1:16.177",76177,,,,,,,"+2.479",2479,"+1.047",1047,6
723,2004,10,16,16,"16","12","felipe-massa","sauber","petronas","bridgestone","1:16.200",76200,,,,,,,"+2.502",2502,"+0.023",23,6
723,2004,10,17,17,"17","18","nick-heidfeld","jordan","ford","bridgestone","1:16.807",76807,,,,,,,"+3.109",3109,"+0.607",607,6
723,2004,10,18,18,"18","19","giorgio-pantano","jordan","ford","bridgestone","1:17.462",77462,,,,,,,"+3.764",3764,"+0.655",655,6
723,2004,10,19,19,"19","20","gianmaria-bruni","minardi","cosworth","bridgestone","1:17.913",77913,,,,,,,"+4.215",4215,"+0.451",451,6
723,2004,10,20,20,"20","21","zsolt-baumgartner","minardi","cosworth","bridgestone","1:18.247",78247,,,,,,,"+4.549",4549,"+0.334",334,6
724,2004,11,1,1,"1","6","kimi-raikkonen","mclaren","mercedes","michelin","1:18.233",78233,,,,,,,,,,,6
724,2004,11,2,2,"2","2","rubens-barrichello","ferrari","ferrari","bridgestone","1:18.305",78305,,,,,,,"+0.072",72,"+0.072",72,6
724,2004,11,3,3,"3","9","jenson-button","bar","honda","michelin","1:18.580",78580,,,,,,,"+0.347",347,"+0.275",275,6
724,2004,11,4,4,"4","1","michael-schumacher","ferrari","ferrari","bridgestone","1:18.710",78710,,,,,,,"+0.477",477,"+0.130",130,6
724,2004,11,5,5,"5","7","jarno-trulli","renault","renault","michelin","1:18.715",78715,,,,,,,"+0.482",482,"+0.005",5,6
724,2004,11,6,6,"6","8","fernando-alonso","renault","renault","michelin","1:18.811",78811,,,,,,,"+0.578",578,"+0.096",96,6
724,2004,11,7,7,"7","5","david-coulthard","mclaren","mercedes","michelin","1:19.148",79148,,,,,,,"+0.915",915,"+0.337",337,6
724,2004,11,8,8,"8","3","juan-pablo-montoya","williams","bmw","michelin","1:19.378",79378,,,,,,,"+1.145",1145,"+0.230",230,6
724,2004,11,9,9,"9","10","takuma-sato","bar","honda","michelin","1:19.688",79688,,,,,,,"+1.455",1455,"+0.310",310,6
724,2004,11,10,10,"10","14","mark-webber","jaguar","cosworth","michelin","1:20.004",80004,,,,,,,"+1.771",1771,"+0.316",316,6
724,2004,11,11,11,"11","12","felipe-massa","sauber","petronas","bridgestone","1:20.202",80202,,,,,,,"+1.969",1969,"+0.198",198,6
724,2004,11,12,12,"12","17","olivier-panis","toyota","toyota","michelin","1:20.335",80335,,,,,,,"+2.102",2102,"+0.133",133,6
724,2004,11,13,13,"13","4","marc-gene","williams","bmw","michelin","1:20.335",80335,,,,,,,"+2.102",2102,"+0.000",0,6
724,2004,11,14,14,"14","16","cristiano-da-matta","toyota","toyota","michelin","1:20.545",80545,,,,,,,"+2.312",2312,"+0.210",210,6
724,2004,11,15,15,"15","15","christian-klien","jaguar","cosworth","michelin","1:21.559",81559,,,,,,,"+3.326",3326,"+1.014",1014,6
724,2004,11,16,16,"16","19","giorgio-pantano","jordan","ford","bridgestone","1:22.458",82458,,,,,,,"+4.225",4225,"+0.899",899,6
724,2004,11,17,17,"17","18","nick-heidfeld","jordan","ford","bridgestone","1:22.677",82677,,,,,,,"+4.444",4444,"+0.219",219,5
724,2004,11,18,18,"18","20","gianmaria-bruni","minardi","cosworth","bridgestone","1:23.437",83437,,,,,,,"+5.204",5204,"+0.760",760,6
724,2004,11,19,19,"19","21","zsolt-baumgartner","minardi","cosworth","bridgestone","1:24.117",84117,,,,,,,"+5.884",5884,"+0.680",680,6
724,2004,11,20,20,"20","11","giancarlo-fisichella","sauber","petronas","bridgestone",,,,,,,,,,,,,2
725,2004,12,1,1,"1","1","michael-schumacher","ferrari","ferrari","bridgestone","1:13.306",73306,,,,,,,,,,,6
725,2004,12,2,2,"2","3","juan-pablo-montoya","williams","bmw","michelin","1:13.668",73668,,,,,,,"+0.362",362,"+0.362",362,6
725,2004,12,3,3,"3","9","jenson-button","bar","honda","michelin","1:13.674",73674,,,,,,,"+0.368",368,"+0.006",6,6
725,2004,12,4,4,"4","6","kimi-raikkonen","mclaren","mercedes","michelin","1:13.690",73690,,,,,,,"+0.384",384,"+0.016",16,6
725,2004,12,5,5,"5","5","david-coulthard","mclaren","mercedes","michelin","1:13.821",73821,,,,,,,"+0.515",515,"+0.131",131,6
725,2004,12,6,6,"6","8","fernando-alonso","renault","renault","michelin","1:13.874",73874,,,,,,,"+0.568",568,"+0.053",53,6
725,2004,12,7,7,"7","7","jarno-trulli","renault","renault","michelin","1:14.134",74134,,,,,,,"+0.828",828,"+0.260",260,6
725,2004,12,8,8,"8","2","rubens-barrichello","ferrari","ferrari","bridgestone","1:14.278",74278,,,,,,,"+0.972",972,"+0.144",144,6
725,2004,12,9,9,"9","10","takuma-sato","bar","honda","michelin","1:14.287",74287,,,,,,,"+0.981",981,"+0.009",9,6
725,2004,12,10,10,"10","17","olivier-panis","toyota","toyota","michelin","1:14.368",74368,,,,,,,"+1.062",1062,"+0.081",81,6
725,2004,12,11,11,"11","4","antonio-pizzonia","williams","bmw","michelin","1:14.556",74556,,,,,,,"+1.250",1250,"+0.188",188,6
725,2004,12,12,12,"12","14","mark-webber","jaguar","cosworth","michelin","1:14.802",74802,,,,,,,"+1.496",1496,"+0.246",246,6
725,2004,12,13,13,"13","15","christian-klien","jaguar","cosworth","michelin","1:15.011",75011,,,,,,,"+1.705",1705,"+0.209",209,6
725,2004,12,14,14,"14","11","giancarlo-fisichella","sauber","petronas","bridgestone","1:15.395",75395,,,,,,,"+2.089",2089,"+0.384",384,6
725,2004,12,15,15,"15","16","cristiano-da-matta","toyota","toyota","michelin","1:15.454",75454,,,,,,,"+2.148",2148,"+0.059",59,6
725,2004,12,16,16,"16","12","felipe-massa","sauber","petronas","bridgestone","1:15.616",75616,,,,,,,"+2.310",2310,"+0.162",162,6
725,2004,12,17,17,"17","19","giorgio-pantano","jordan","ford","bridgestone","1:16.192",76192,,,,,,,"+2.886",2886,"+0.576",576,6
725,2004,12,18,18,"18","18","nick-heidfeld","jordan","ford","bridgestone","1:16.310",76310,,,,,,,"+3.004",3004,"+0.118",118,6
725,2004,12,19,19,"19","20","gianmaria-bruni","minardi","cosworth","bridgestone","1:18.055",78055,,,,,,,"+4.749",4749,"+1.745",1745,6
725,2004,12,20,20,"20","21","zsolt-baumgartner","minardi","cosworth","bridgestone","1:18.400",78400,,,,,,,"+5.094",5094,"+0.345",345,6
726,2004,13,1,1,"1","1","michael-schumacher","ferrari","ferrari","bridgestone","1:19.146",79146,,,,,,,,,,,6
726,2004,13,2,2,"2","2","rubens-barrichello","ferrari","ferrari","bridgestone","1:19.323",79323,,,,,,,"+0.177",177,"+0.177",177,6
726,2004,13,3,3,"3","10","takuma-sato","bar","honda","michelin","1:19.693",79693,,,,,,,"+0.547",547,"+0.370",370,6
726,2004,13,4,4,"4","9","jenson-button","bar","honda","michelin","1:19.700",79700,,,,,,,"+0.554",554,"+0.007",7,6
726,2004,13,5,5,"5","8","fernando-alonso","renault","renault","michelin","1:19.996",79996,,,,,,,"+0.850",850,"+0.296",296,6
726,2004,13,6,6,"6","4","antonio-pizzonia","williams","bmw","michelin","1:20.170",80170,,,,,,,"+1.024",1024,"+0.174",174,6
726,2004,13,7,7,"7","3","juan-pablo-montoya","williams","bmw","michelin","1:20.199",80199,,,,,,,"+1.053",1053,"+0.029",29,6
726,2004,13,8,8,"8","11","giancarlo-fisichella","sauber","petronas","bridgestone","1:20.324",80324,,,,,,,"+1.178",1178,"+0.125",125,6
726,2004,13,9,9,"9","7","jarno-trulli","renault","renault","michelin","1:20.411",80411,,,,,,,"+1.265",1265,"+0.087",87,6
726,2004,13,10,10,"10","6","kimi-raikkonen","mclaren","mercedes","michelin","1:20.570",80570,,,,,,,"+1.424",1424,"+0.159",159,6
726,2004,13,11,11,"11","14","mark-webber","jaguar","cosworth","michelin","1:20.730",80730,,,,,,,"+1.584",1584,"+0.160",160,6
726,2004,13,12,12,"12","5","david-coulthard","mclaren","mercedes","michelin","1:20.897",80897,,,,,,,"+1.751",1751,"+0.167",167,6
726,2004,13,13,13,"13","17","olivier-panis","toyota","toyota","michelin","1:21.068",81068,,,,,,,"+1.922",1922,"+0.171",171,6
726,2004,13,14,14,"14","15","christian-klien","jaguar","cosworth","michelin","1:21.118",81118,,,,,,,"+1.972",1972,"+0.050",50,6
726,2004,13,15,15,"15","16","ricardo-zonta","toyota","toyota","michelin","1:21.135",81135,,,,,,,"+1.989",1989,"+0.017",17,6
726,2004,13,16,16,"16","18","nick-heidfeld","jordan","ford","bridgestone","1:22.180",82180,,,,,,,"+3.034",3034,"+1.045",1045,6
726,2004,13,17,17,"17","19","giorgio-pantano","jordan","ford","bridgestone","1:22.356",82356,,,,,,,"+3.210",3210,"+0.176",176,6
726,2004,13,18,18,"18","21","zsolt-baumgartner","minardi","cosworth","bridgestone","1:24.329",84329,,,,,,,"+5.183",5183,"+1.973",1973,6
726,2004,13,19,19,"19","20","gianmaria-bruni","minardi","cosworth","bridgestone","1:24.679",84679,,,,,,,"+5.533",5533,"+0.350",350,6
726,2004,13,20,20,"20","12","felipe-massa","sauber","petronas","bridgestone",,,,,,,,,,,,,3
727,2004,14,1,1,"1","7","jarno-trulli","renault","renault","michelin","1:56.232",116232,,,,,,,,,,,6
727,2004,14,2,2,"2","1","michael-schumacher","ferrari","ferrari","bridgestone","1:56.304",116304,,,,,,,"+0.072",72,"+0.072",72,6
727,2004,14,3,3,"3","8","fernando-alonso","renault","renault","michelin","1:56.686",116686,,,,,,,"+0.454",454,"+0.382",382,6
727,2004,14,4,4,"4","5","david-coulthard","mclaren","mercedes","michelin","1:57.990",117990,,,,,,,"+1.758",1758,"+1.304",1304,6
727,2004,14,5,5,"5","11","giancarlo-fisichella","sauber","petronas","bridgestone","1:58.040",118040,,,,,,,"+1.808",1808,"+0.050",50,6
727,2004,14,6,6,"6","2","rubens-barrichello","ferrari","ferrari","bridgestone","1:58.175",118175,,,,,,,"+1.943",1943,"+0.135",135,6
727,2004,14,7,7,"7","14","mark-webber","jaguar","cosworth","michelin","1:58.729",118729,,,,,,,"+2.497",2497,"+0.554",554,6
727,2004,14,8,8,"8","12","felipe-massa","sauber","petronas","bridgestone","1:59.008",119008,,,,,,,"+2.776",2776,"+0.279",279,6
727,2004,14,9,9,"9","17","olivier-panis","toyota","toyota","michelin","1:59.552",119552,,,,,,,"+3.320",3320,"+0.544",544,6
727,2004,14,10,10,"10","6","kimi-raikkonen","mclaren","mercedes","michelin","1:59.635",119635,,,,,,,"+3.403",3403,"+0.083",83,6
727,2004,14,11,11,"11","3","juan-pablo-montoya","williams","bmw","michelin","1:59.681",119681,,,,,,,"+3.449",3449,"+0.046",46,6
727,2004,14,12,12,"12","9","jenson-button","bar","honda","michelin","2:00.237",120237,,,,,,,"+4.005",4005,"+0.556",556,6
727,2004,14,13,13,"13","15","christian-klien","jaguar","cosworth","michelin","2:01.246",121246,,,,,,,"+5.014",5014,"+1.009",1009,6
727,2004,14,14,14,"14","4","antonio-pizzonia","williams","bmw","michelin","2:01.447",121447,,,,,,,"+5.215",5215,"+0.201",201,6
727,2004,14,15,15,"15","10","takuma-sato","bar","honda","michelin","2:01.813",121813,,,,,,,"+5.581",5581,"+0.366",366,6
727,2004,14,16,16,"16","18","nick-heidfeld","jordan","ford","bridgestone","2:02.645",122645,,,,,,,"+6.413",6413,"+0.832",832,6
727,2004,14,17,17,"17","20","gianmaria-bruni","minardi","cosworth","bridgestone","2:02.651",122651,,,,,,,"+6.419",6419,"+0.006",6,6
727,2004,14,18,18,"18","21","zsolt-baumgartner","minardi","cosworth","bridgestone","2:03.303",123303,,,,,,,"+7.071",7071,"+0.652",652,6
727,2004,14,19,19,"19","19","giorgio-pantano","jordan","ford","bridgestone","2:03.833",123833,,,,,,,"+7.601",7601,"+0.530",530,6
727,2004,14,20,20,"20","16","ricardo-zonta","toyota","toyota","michelin","2:03.895",123895,,,,,,,"+7.663",7663,"+0.062",62,5
728,2004,15,1,1,"1","2","rubens-barrichello","ferrari","ferrari","bridgestone","1:20.089",80089,,,,,,,,,,,6
728,2004,15,2,2,"2","3","juan-pablo-montoya","williams","bmw","michelin","1:20.620",80620,,,,,,,"+0.531",531,"+0.531",531,6
728,2004,15,3,3,"3","1","michael-schumacher","ferrari","ferrari","bridgestone","1:20.637",80637,,,,,,,"+0.548",548,"+0.017",17,6
728,2004,15,4,4,"4","8","fernando-alonso","renault","renault","michelin","1:20.645",80645,,,,,,,"+0.556",556,"+0.008",8,6
728,2004,15,5,5,"5","10","takuma-sato","bar","honda","michelin","1:20.715",80715,,,,,,,"+0.626",626,"+0.070",70,6
728,2004,15,6,6,"6","9","jenson-button","bar","honda","michelin","1:20.786",80786,,,,,,,"+0.697",697,"+0.071",71,6
728,2004,15,7,7,"7","6","kimi-raikkonen","mclaren","mercedes","michelin","1:20.877",80877,,,,,,,"+0.788",788,"+0.091",91,6
728,2004,15,8,8,"8","4","antonio-pizzonia","williams","bmw","michelin","1:20.888",80888,,,,,,,"+0.799",799,"+0.011",11,6
728,2004,15,9,9,"9","7","jarno-trulli","renault","renault","michelin","1:21.027",81027,,,,,,,"+0.938",938,"+0.139",139,6
728,2004,15,10,10,"10","5","david-coulthard","mclaren","mercedes","michelin","1:21.049",81049,,,,,,,"+0.960",960,"+0.022",22,6
728,2004,15,11,11,"11","16","ricardo-zonta","toyota","toyota","michelin","1:21.520",81520,,,,,,,"+1.431",1431,"+0.471",471,6
728,2004,15,12,12,"12","14","mark-webber","jaguar","cosworth","michelin","1:21.602",81602,,,,,,,"+1.513",1513,"+0.082",82,6
728,2004,15,13,13,"13","17","olivier-panis","toyota","toyota","michelin","1:21.841",81841,,,,,,,"+1.752",1752,"+0.239",239,6
728,2004,15,14,14,"14","15","christian-klien","jaguar","cosworth","michelin","1:21.989",81989,,,,,,,"+1.900",1900,"+0.148",148,6
728,2004,15,15,15,"15","11","giancarlo-fisichella","sauber","petronas","bridgestone","1:22.239",82239,,,,,,,"+2.150",2150,"+0.250",250,6
728,2004,15,16,16,"16","12","felipe-massa","sauber","petronas","bridgestone","1:22.287",82287,,,,,,,"+2.198",2198,"+0.048",48,6
728,2004,15,17,17,"17","18","nick-heidfeld","jordan","ford","bridgestone","1:22.301",82301,,,,,,,"+2.212",2212,"+0.014",14,5
728,2004,15,18,18,"18","19","giorgio-pantano","jordan","ford","bridgestone","1:23.239",83239,,,,,,,"+3.150",3150,"+0.938",938,6
728,2004,15,19,19,"19","21","zsolt-baumgartner","minardi","cosworth","bridgestone","1:24.808",84808,,,,,,,"+4.719",4719,"+1.569",1569,6
728,2004,15,20,20,"20","20","gianmaria-bruni","minardi","cosworth","bridgestone","1:24.940",84940,,,,,,,"+4.851",4851,"+0.132",132,6
729,2004,16,1,1,"1","2","rubens-barrichello","ferrari","ferrari","bridgestone","1:34.012",94012,,,,,,,,,,,6
729,2004,16,2,2,"2","6","kimi-raikkonen","mclaren","mercedes","michelin","1:34.178",94178,,,,,,,"+0.166",166,"+0.166",166,6
729,2004,16,3,3,"3","9","jenson-button","bar","honda","michelin","1:34.295",94295,,,,,,,"+0.283",283,"+0.117",117,6
729,2004,16,4,4,"4","12","felipe-massa","sauber","petronas","bridgestone","1:34.759",94759,,,,,,,"+0.747",747,"+0.464",464,6
729,2004,16,5,5,"5","4","ralf-schumacher","williams","bmw","michelin","1:34.891",94891,,,,,,,"+0.879",879,"+0.132",132,6
729,2004,16,6,6,"6","8","fernando-alonso","renault","renault","michelin","1:34.917",94917,,,,,,,"+0.905",905,"+0.026",26,6
729,2004,16,7,7,"7","11","giancarlo-fisichella","sauber","petronas","bridgestone","1:34.951",94951,,,,,,,"+0.939",939,"+0.034",34,6
729,2004,16,8,8,"8","17","olivier-panis","toyota","toyota","michelin","1:34.975",94975,,,,,,,"+0.963",963,"+0.024",24,6
729,2004,16,9,9,"9","10","takuma-sato","bar","honda","michelin","1:34.993",94993,,,,,,,"+0.981",981,"+0.018",18,6
729,2004,16,10,10,"10","5","david-coulthard","mclaren","mercedes","michelin","1:35.029",95029,,,,,,,"+1.017",1017,"+0.036",36,6
729,2004,16,11,11,"11","3","juan-pablo-montoya","williams","bmw","michelin","1:35.245",95245,,,,,,,"+1.233",1233,"+0.216",216,6
729,2004,16,12,12,"12","14","mark-webber","jaguar","cosworth","michelin","1:35.286",95286,,,,,,,"+1.274",1274,"+0.041",41,6
729,2004,16,13,13,"13","7","jacques-villeneuve","renault","renault","michelin","1:35.384",95384,,,,,,,"+1.372",1372,"+0.098",98,6
729,2004,16,14,14,"14","16","ricardo-zonta","toyota","toyota","michelin","1:35.410",95410,,,,,,,"+1.398",1398,"+0.026",26,6
729,2004,16,15,15,"15","18","nick-heidfeld","jordan","ford","bridgestone","1:36.507",96507,,,,,,,"+2.495",2495,"+1.097",1097,6
729,2004,16,16,16,"16","15","christian-klien","jaguar","cosworth","michelin","1:36.535",96535,,,,,,,"+2.523",2523,"+0.028",28,6
729,2004,16,17,17,"17","19","timo-glock","jordan","ford","bridgestone","1:37.140",97140,,,,,,,"+3.128",3128,"+0.605",605,6
729,2004,16,18,18,"18","21","zsolt-baumgartner","minardi","cosworth","bridgestone","1:40.240",100240,,,,,,,"+6.228",6228,"+3.100",3100,6
729,2004,16,19,19,"19","20","gianmaria-bruni","minardi","cosworth","bridgestone",,,,,,,,,,,,,5
729,2004,16,20,20,"20","1","michael-schumacher","ferrari","ferrari","bridgestone",,,,,,,,,,,,,5
730,2004,17,1,1,"1","1","michael-schumacher","ferrari","ferrari","bridgestone","1:33.542",93542,,,,,,,,,,,6
730,2004,17,2,2,"2","4","ralf-schumacher","williams","bmw","michelin","1:34.032",94032,,,,,,,"+0.490",490,"+0.490",490,6
730,2004,17,3,3,"3","14","mark-webber","jaguar","cosworth","michelin","1:34.571",94571,,,,,,,"+1.029",1029,"+0.539",539,6
730,2004,17,4,4,"4","10","takuma-sato","bar","honda","michelin","1:34.897",94897,,,,,,,"+1.355",1355,"+0.326",326,6
730,2004,17,5,5,"5","9","jenson-button","bar","honda","michelin","1:35.157",95157,,,,,,,"+1.615",1615,"+0.260",260,6
730,2004,17,6,6,"6","16","jarno-trulli","toyota","toyota","michelin","1:35.213",95213,,,,,,,"+1.671",1671,"+0.056",56,6
730,2004,17,7,7,"7","11","giancarlo-fisichella","sauber","petronas","bridgestone","1:36.136",96136,,,,,,,"+2.594",2594,"+0.923",923,6
730,2004,17,8,8,"8","5","david-coulthard","mclaren","mercedes","michelin","1:36.156",96156,,,,,,,"+2.614",2614,"+0.020",20,6
730,2004,17,9,9,"9","7","jacques-villeneuve","renault","renault","michelin","1:36.274",96274,,,,,,,"+2.732",2732,"+0.118",118,6
730,2004,17,10,10,"10","17","olivier-panis","toyota","toyota","michelin","1:36.420",96420,,,,,,,"+2.878",2878,"+0.146",146,6
730,2004,17,11,11,"11","8","fernando-alonso","renault","renault","michelin","1:36.663",96663,,,,,,,"+3.121",3121,"+0.243",243,6
730,2004,17,12,12,"12","6","kimi-raikkonen","mclaren","mercedes","michelin","1:36.820",96820,,,,,,,"+3.278",3278,"+0.157",157,6
730,2004,17,13,13,"13","3","juan-pablo-montoya","williams","bmw","michelin","1:37.653",97653,,,,,,,"+4.111",4111,"+0.833",833,6
730,2004,17,14,14,"14","15","christian-klien","jaguar","cosworth","michelin","1:38.258",98258,,,,,,,"+4.716",4716,"+0.605",605,6
730,2004,17,15,15,"15","2","rubens-barrichello","ferrari","ferrari","bridgestone","1:38.637",98637,,,,,,,"+5.095",5095,"+0.379",379,6
730,2004,17,16,16,"16","18","nick-heidfeld","jordan","ford","bridgestone","1:41.953",101953,,,,,,,"+8.411",8411,"+3.316",3316,6
730,2004,17,17,17,"17","19","timo-glock","jordan","ford","bridgestone","1:43.533",103533,,,,,,,"+9.991",9991,"+1.580",1580,6
730,2004,17,18,18,"18","20","gianmaria-bruni","minardi","cosworth","bridgestone","1:48.069",108069,,,,,,,"+14.527",14527,"+4.536",4536,6
730,2004,17,19,19,"19","12","felipe-massa","sauber","petronas","bridgestone",,,,,,,,,,,,,5
730,2004,17,20,20,"20","21","zsolt-baumgartner","minardi","cosworth","bridgestone",,,,,,,,,,,,,2
731,2004,18,1,1,"1","2","rubens-barrichello","ferrari","ferrari","bridgestone","1:10.646",70646,,,,,,,,,,,6
731,2004,18,2,2,"2","3","juan-pablo-montoya","williams","bmw","michelin","1:10.850",70850,,,,,,,"+0.204",204,"+0.204",204,6
731,2004,18,3,3,"3","6","kimi-raikkonen","mclaren","mercedes","michelin","1:10.892",70892,,,,,,,"+0.246",246,"+0.042",42,6
731,2004,18,4,4,"4","12","felipe-massa","sauber","petronas","bridgestone","1:10.922",70922,,,,,,,"+0.276",276,"+0.030",30,6
731,2004,18,5,5,"5","9","jenson-button","bar","honda","michelin","1:11.092",71092,,,,,,,"+0.446",446,"+0.170",170,6
731,2004,18,6,6,"6","10","takuma-sato","bar","honda","michelin","1:11.120",71120,,,,,,,"+0.474",474,"+0.028",28,6
731,2004,18,7,7,"7","4","ralf-schumacher","williams","bmw","michelin","1:11.131",71131,,,,,,,"+0.485",485,"+0.011",11,6
731,2004,18,8,8,"8","1","michael-schumacher","ferrari","ferrari","bridgestone","1:11.386",71386,,,,,,,"+0.740",740,"+0.255",255,6
731,2004,18,9,9,"9","8","fernando-alonso","renault","renault","michelin","1:11.454",71454,,,,,,,"+0.808",808,"+0.068",68,6
731,2004,18,10,10,"10","16","jarno-trulli","toyota","toyota","michelin","1:11.483",71483,,,,,,,"+0.837",837,"+0.029",29,6
731,2004,18,11,11,"11","11","giancarlo-fisichella","sauber","petronas","bridgestone","1:11.571",71571,,,,,,,"+0.925",925,"+0.088",88,6
731,2004,18,12,12,"12","14","mark-webber","jaguar","cosworth","michelin","1:11.665",71665,,,,,,,"+1.019",1019,"+0.094",94,6
731,2004,18,13,13,"13","5","david-coulthard","mclaren","mercedes","michelin","1:11.750",71750,,,,,,,"+1.104",1104,"+0.085",85,6
731,2004,18,14,14,"14","7","jacques-villeneuve","renault","renault","michelin","1:11.836",71836,,,,,,,"+1.190",1190,"+0.086",86,6
731,2004,18,15,15,"15","17","ricardo-zonta","toyota","toyota","michelin","1:11.974",71974,,,,,,,"+1.328",1328,"+0.138",138,6
731,2004,18,16,16,"16","15","christian-klien","jaguar","cosworth","michelin","1:12.211",72211,,,,,,,"+1.565",1565,"+0.237",237,6
731,2004,18,17,17,"17","18","nick-heidfeld","jordan","ford","bridgestone","1:12.829",72829,,,,,,,"+2.183",2183,"+0.618",618,6
731,2004,18,18,18,"18","19","timo-glock","jordan","ford","bridgestone","1:13.502",73502,,,,,,,"+2.856",2856,"+0.673",673,6
731,2004,18,19,19,"19","21","zsolt-baumgartner","minardi","cosworth","bridgestone","1:13.550",73550,,,,,,,"+2.904",2904,"+0.048",48,6
731,2004,18,20,20,"20","20","gianmaria-bruni","minardi","cosworth","bridgestone",,,,,,,,,,,,,3
732,2005,1,1,1,"1","6","giancarlo-fisichella","renault","renault","michelin","3:01.460",181460,,,,,,,,,,,6
732,2005,1,2,2,"2","16","jarno-trulli","toyota","toyota","michelin","3:04.429",184429,,,,,,,"+2.969",2969,"+2.969",2969,6
732,2005,1,3,3,"3","7","mark-webber","williams","bmw","michelin","3:04.996",184996,,,,,,,"+3.536",3536,"+0.567",567,6
732,2005,1,4,4,"4","11","jacques-villeneuve","sauber","petronas","michelin","3:06.846",186846,,,,,,,"+5.386",5386,"+1.850",1850,6
732,2005,1,5,5,"5","14","david-coulthard","red-bull","cosworth","michelin","3:07.212",187212,,,,,,,"+5.752",5752,"+0.366",366,6
732,2005,1,6,6,"6","15","christian-klien","red-bull","cosworth","michelin","3:07.477",187477,,,,,,,"+6.017",6017,"+0.265",265,6
732,2005,1,7,7,"7","8","nick-heidfeld","williams","bmw","michelin","3:09.130",189130,,,,,,,"+7.670",7670,"+1.653",1653,6
732,2005,1,8,8,"8","3","jenson-button","bar","honda","michelin","3:12.128",192128,,,,,,,"+10.668",10668,"+2.998",2998,6
732,2005,1,9,9,"9","10","juan-pablo-montoya","mclaren","mercedes","michelin","3:14.645",194645,,,,,,,"+13.185",13185,"+2.517",2517,6
732,2005,1,10,10,"10","9","kimi-raikkonen","mclaren","mercedes","michelin","3:15.558",195558,,,,,,,"+14.098",14098,"+0.913",913,6
732,2005,1,11,11,"11","2","rubens-barrichello","ferrari","ferrari","bridgestone","3:16.822",196822,,,,,,,"+15.362",15362,"+1.264",1264,6
732,2005,1,12,12,"12","19","narain-karthikeyan","jordan","toyota","bridgestone","3:17.092",197092,,,,,,,"+15.632",15632,"+0.270",270,6
732,2005,1,13,13,"13","5","fernando-alonso","renault","renault","michelin","3:17.466",197466,,,,,,,"+16.006",16006,"+0.374",374,6
732,2005,1,14,14,"14","18","tiago-monteiro","jordan","toyota","bridgestone","3:20.329",200329,,,,,,,"+18.869",18869,"+2.863",2863,6
732,2005,1,15,15,"15","17","ralf-schumacher","toyota","toyota","michelin","3:22.717",202717,,,,,,,"+21.257",21257,"+2.388",2388,6
732,2005,1,16,16,"16","20","patrick-friesacher","minardi","cosworth","bridgestone","3:28.363",208363,,,,,,,"+26.903",26903,"+5.646",5646,6
732,2005,1,17,17,"17","21","christijan-albers","minardi","cosworth","bridgestone",,,,,,,,,,,,,3
732,2005,1,18,18,"18","1","michael-schumacher","ferrari","ferrari","bridgestone",,,,,,,,,,,,,4
732,2005,1,19,19,"19","4","takuma-sato","bar","honda","michelin",,,,,,,,,,,,,2
732,2005,1,20,20,"20","12","felipe-massa","sauber","petronas","michelin",,,,,,,,,,,,,2
733,2005,2,1,1,"1","5","fernando-alonso","renault","renault","michelin","3:07.672",187672,,,,,,,,,,,6
733,2005,2,2,2,"2","16","jarno-trulli","toyota","toyota","michelin","3:07.925",187925,,,,,,,"+0.253",253,"+0.253",253,6
733,2005,2,3,3,"3","6","giancarlo-fisichella","renault","renault","michelin","3:08.448",188448,,,,,,,"+0.776",776,"+0.523",523,6
733,2005,2,4,4,"4","7","mark-webber","williams","bmw","michelin","3:08.904",188904,,,,,,,"+1.232",1232,"+0.456",456,6
733,2005,2,5,5,"5","17","ralf-schumacher","toyota","toyota","michelin","3:09.007",189007,,,,,,,"+1.335",1335,"+0.103",103,6
733,2005,2,6,6,"6","9","kimi-raikkonen","mclaren","mercedes","michelin","3:09.483",189483,,,,,,,"+1.811",1811,"+0.476",476,6
733,2005,2,7,7,"7","15","christian-klien","red-bull","cosworth","michelin","3:09.589",189589,,,,,,,"+1.917",1917,"+0.106",106,6
733,2005,2,8,8,"8","14","david-coulthard","red-bull","cosworth","michelin","3:09.700",189700,,,,,,,"+2.028",2028,"+0.111",111,6
733,2005,2,9,9,"9","3","jenson-button","bar","honda","michelin","3:09.832",189832,,,,,,,"+2.160",2160,"+0.132",132,6
733,2005,2,10,10,"10","8","nick-heidfeld","williams","bmw","michelin","3:09.917",189917,,,,,,,"+2.245",2245,"+0.085",85,6
733,2005,2,11,11,"11","10","juan-pablo-montoya","mclaren","mercedes","michelin","3:10.090",190090,,,,,,,"+2.418",2418,"+0.173",173,6
733,2005,2,12,12,"12","2","rubens-barrichello","ferrari","ferrari","bridgestone","3:11.502",191502,,,,,,,"+3.830",3830,"+1.412",1412,6
733,2005,2,13,13,"13","1","michael-schumacher","ferrari","ferrari","bridgestone","3:11.633",191633,,,,,,,"+3.961",3961,"+0.131",131,6
733,2005,2,14,14,"14","12","felipe-massa","sauber","petronas","michelin","3:11.884",191884,,,,,,,"+4.212",4212,"+0.251",251,6
733,2005,2,15,15,"15","4","anthony-davidson","bar","honda","michelin","3:11.890",191890,,,,,,,"+4.218",4218,"+0.006",6,6
733,2005,2,16,16,"16","11","jacques-villeneuve","sauber","petronas","michelin","3:12.995",192995,,,,,,,"+5.323",5323,"+1.105",1105,6
733,2005,2,17,17,"17","19","narain-karthikeyan","jordan","toyota","bridgestone","3:17.656",197656,,,,,,,"+9.984",9984,"+4.661",4661,6
733,2005,2,18,18,"18","18","tiago-monteiro","jordan","toyota","bridgestone","3:17.962",197962,,,,,,,"+10.290",10290,"+0.306",306,6
733,2005,2,19,19,"19","20","patrick-friesacher","minardi","cosworth","bridgestone","3:21.186",201186,,,,,,,"+13.514",13514,"+3.224",3224,6
733,2005,2,20,20,"20","21","christijan-albers","minardi","cosworth","bridgestone","3:23.001",203001,,,,,,,"+15.329",15329,"+1.815",1815,6
734,2005,3,1,1,"1","5","fernando-alonso","renault","renault","michelin","3:01.902",181902,,,,,,,,,,,6
734,2005,3,2,2,"2","1","michael-schumacher","ferrari","ferrari","bridgestone","3:02.357",182357,,,,,,,"+0.455",455,"+0.455",455,6
734,2005,3,3,3,"3","16","jarno-trulli","toyota","toyota","michelin","3:02.660",182660,,,,,,,"+0.758",758,"+0.303",303,6
734,2005,3,4,4,"4","8","nick-heidfeld","williams","bmw","michelin","3:03.217",183217,,,,,,,"+1.315",1315,"+0.557",557,6
734,2005,3,5,5,"5","7","mark-webber","williams","bmw","michelin","3:03.262",183262,,,,,,,"+1.360",1360,"+0.045",45,6
734,2005,3,6,6,"6","17","ralf-schumacher","toyota","toyota","michelin","3:03.271",183271,,,,,,,"+1.369",1369,"+0.009",9,6
734,2005,3,7,7,"7","15","christian-klien","red-bull","cosworth","michelin","3:03.369",183369,,,,,,,"+1.467",1467,"+0.098",98,6
734,2005,3,8,8,"8","10","pedro-de-la-rosa","mclaren","mercedes","michelin","3:03.373",183373,,,,,,,"+1.471",1471,"+0.004",4,6
734,2005,3,9,9,"9","9","kimi-raikkonen","mclaren","mercedes","michelin","3:03.524",183524,,,,,,,"+1.622",1622,"+0.151",151,6
734,2005,3,10,10,"10","6","giancarlo-fisichella","renault","renault","michelin","3:03.765",183765,,,,,,,"+1.863",1863,"+0.241",241,6
734,2005,3,11,11,"11","3","jenson-button","bar","honda","michelin","3:04.348",184348,,,,,,,"+2.446",2446,"+0.583",583,6
734,2005,3,12,12,"12","12","felipe-massa","sauber","petronas","michelin","3:05.202",185202,,,,,,,"+3.300",3300,"+0.854",854,6
734,2005,3,13,13,"13","4","takuma-sato","bar","honda","michelin","3:05.563",185563,,,,,,,"+3.661",3661,"+0.361",361,6
734,2005,3,14,14,"14","14","david-coulthard","red-bull","cosworth","michelin","3:05.844",185844,,,,,,,"+3.942",3942,"+0.281",281,6
734,2005,3,15,15,"15","2","rubens-barrichello","ferrari","ferrari","bridgestone","3:07.693",187693,,,,,,,"+5.791",5791,"+1.849",1849,6
734,2005,3,16,16,"16","11","jacques-villeneuve","sauber","petronas","michelin","3:07.983",187983,,,,,,,"+6.081",6081,"+0.290",290,6
734,2005,3,17,17,"17","18","tiago-monteiro","jordan","toyota","bridgestone","3:09.428",189428,,,,,,,"+7.526",7526,"+1.445",1445,6
734,2005,3,18,18,"18","19","narain-karthikeyan","jordan","toyota","bridgestone","3:10.143",190143,,,,,,,"+8.241",8241,"+0.715",715,6
734,2005,3,19,19,"19","21","christijan-albers","minardi","cosworth","bridgestone","3:10.422",190422,,,,,,,"+8.520",8520,"+0.279",279,6
734,2005,3,20,20,"20","20","patrick-friesacher","minardi","cosworth","bridgestone","3:11.261",191261,,,,,,,"+9.359",9359,"+0.839",839,6
735,2005,4,1,1,"1","9","kimi-raikkonen","mclaren","mercedes","michelin","2:42.880",162880,,,,,,,,,,,6
735,2005,4,2,2,"2","5","fernando-alonso","renault","renault","michelin","2:43.441",163441,,,,,,,"+0.561",561,"+0.561",561,6
735,2005,4,3,3,"3","3","jenson-button","bar","honda","michelin","2:44.105",164105,,,,,,,"+1.225",1225,"+0.664",664,6
735,2005,4,4,4,"4","7","mark-webber","williams","bmw","michelin","2:44.511",164511,,,,,,,"+1.631",1631,"+0.406",406,6
735,2005,4,5,5,"5","16","jarno-trulli","toyota","toyota","michelin","2:44.518",164518,,,,,,,"+1.638",1638,"+0.007",7,6
735,2005,4,6,6,"6","4","takuma-sato","bar","honda","michelin","2:44.658",164658,,,,,,,"+1.778",1778,"+0.140",140,6
735,2005,4,7,7,"7","10","alexander-wurz","mclaren","mercedes","michelin","2:44.689",164689,,,,,,,"+1.809",1809,"+0.031",31,6
735,2005,4,8,8,"8","12","felipe-massa","sauber","petronas","michelin","2:44.930",164930,,,,,,,"+2.050",2050,"+0.241",241,6
735,2005,4,9,9,"9","8","nick-heidfeld","williams","bmw","michelin","2:45.196",165196,,,,,,,"+2.316",2316,"+0.266",266,6
735,2005,4,10,10,"10","2","rubens-barrichello","ferrari","ferrari","bridgestone","2:45.243",165243,,,,,,,"+2.363",2363,"+0.047",47,6
735,2005,4,11,11,"11","17","ralf-schumacher","toyota","toyota","michelin","2:45.416",165416,,,,,,,"+2.536",2536,"+0.173",173,6
735,2005,4,12,12,"12","11","jacques-villeneuve","sauber","petronas","michelin","2:46.259",166259,,,,,,,"+3.379",3379,"+0.843",843,6
735,2005,4,13,13,"13","6","giancarlo-fisichella","renault","renault","michelin","2:46.710",166710,,,,,,,"+3.830",3830,"+0.451",451,6
735,2005,4,14,14,"14","1","michael-schumacher","ferrari","ferrari","bridgestone","2:47.244",167244,,,,,,,"+4.364",4364,"+0.534",534,6
735,2005,4,15,15,"15","14","david-coulthard","red-bull","cosworth","michelin","2:48.070",168070,,,,,,,"+5.190",5190,"+0.826",826,6
735,2005,4,16,16,"16","15","vitantonio-liuzzi","red-bull","cosworth","michelin","2:48.155",168155,,,,,,,"+5.275",5275,"+0.085",85,6
735,2005,4,17,17,"17","19","narain-karthikeyan","jordan","toyota","bridgestone","2:52.099",172099,,,,,,,"+9.219",9219,"+3.944",3944,6
735,2005,4,18,18,"18","18","tiago-monteiro","jordan","toyota","bridgestone","2:54.252",174252,,,,,,,"+11.372",11372,"+2.153",2153,6
735,2005,4,19,19,"19","20","patrick-friesacher","minardi","cosworth","bridgestone","2:57.048",177048,,,,,,,"+14.168",14168,"+2.796",2796,6
735,2005,4,20,20,"20","21","christijan-albers","minardi","cosworth","bridgestone",,,,,,,,,,,,,5
736,2005,5,1,1,"1","9","kimi-raikkonen","mclaren","mercedes","michelin","2:31.421",151421,,,,,,,,,,,6
736,2005,5,2,2,"2","7","mark-webber","williams","bmw","michelin","2:31.668",151668,,,,,,,"+0.247",247,"+0.247",247,6
736,2005,5,3,3,"3","5","fernando-alonso","renault","renault","michelin","2:31.691",151691,,,,,,,"+0.270",270,"+0.023",23,6
736,2005,5,4,4,"4","17","ralf-schumacher","toyota","toyota","michelin","2:31.917",151917,,,,,,,"+0.496",496,"+0.226",226,6
736,2005,5,5,5,"5","16","jarno-trulli","toyota","toyota","michelin","2:31.995",151995,,,,,,,"+0.574",574,"+0.078",78,6
736,2005,5,6,6,"6","6","giancarlo-fisichella","renault","renault","michelin","2:32.830",152830,,,,,,,"+1.409",1409,"+0.835",835,6
736,2005,5,7,7,"7","10","juan-pablo-montoya","mclaren","mercedes","michelin","2:33.472",153472,,,,,,,"+2.051",2051,"+0.642",642,6
736,2005,5,8,8,"8","1","michael-schumacher","ferrari","ferrari","bridgestone","2:33.551",153551,,,,,,,"+2.130",2130,"+0.079",79,6
736,2005,5,9,9,"9","14","david-coulthard","red-bull","cosworth","michelin","2:34.168",154168,,,,,,,"+2.747",2747,"+0.617",617,6
736,2005,5,10,10,"10","12","felipe-massa","sauber","petronas","michelin","2:34.224",154224,,,,,,,"+2.803",2803,"+0.056",56,6
736,2005,5,11,11,"11","15","vitantonio-liuzzi","red-bull","cosworth","michelin","2:35.302",155302,,,,,,,"+3.881",3881,"+1.078",1078,6
736,2005,5,12,12,"12","11","jacques-villeneuve","sauber","petronas","michelin","2:36.480",156480,,,,,,,"+5.059",5059,"+1.178",1178,6
736,2005,5,13,13,"13","19","narain-karthikeyan","jordan","toyota","bridgestone","2:39.268",159268,,,,,,,"+7.847",7847,"+2.788",2788,8
736,2005,5,14,14,"14","18","tiago-monteiro","jordan","toyota","bridgestone","2:39.943",159943,,,,,,,"+8.522",8522,"+0.675",675,6
736,2005,5,15,15,"15","21","christijan-albers","minardi","cosworth","bridgestone","2:41.141",161141,,,,,,,"+9.720",9720,"+1.198",1198,6
736,2005,5,16,16,"16","20","patrick-friesacher","minardi","cosworth","bridgestone","2:42.759",162759,,,,,,,"+11.338",11338,"+1.618",1618,6
736,2005,5,17,17,"17","8","nick-heidfeld","williams","bmw","michelin",,,,,,,,,,,,,3
736,2005,5,18,18,"18","2","rubens-barrichello","ferrari","ferrari","bridgestone",,,,,,,,,,,,,3
737,2005,6,1,1,"1","9","kimi-raikkonen","mclaren","mercedes","michelin","2:30.323",150323,,,,,,,,,,,6
737,2005,6,2,2,"2","5","fernando-alonso","renault","renault","michelin","2:30.406",150406,,,,,,,"+0.083",83,"+0.083",83,6
737,2005,6,3,3,"3","7","mark-webber","williams","bmw","michelin","2:31.656",151656,,,,,,,"+1.333",1333,"+1.250",1250,6
737,2005,6,4,4,"4","6","giancarlo-fisichella","renault","renault","michelin","2:32.100",152100,,,,,,,"+1.777",1777,"+0.444",444,6
737,2005,6,5,5,"5","16","jarno-trulli","toyota","toyota","michelin","2:32.590",152590,,,,,,,"+2.267",2267,"+0.490",490,6
737,2005,6,6,6,"6","8","nick-heidfeld","williams","bmw","michelin","2:32.883",152883,,,,,,,"+2.560",2560,"+0.293",293,6
737,2005,6,7,7,"7","14","david-coulthard","red-bull","cosworth","michelin","2:33.867",153867,,,,,,,"+3.544",3544,"+0.984",984,6
737,2005,6,8,8,"8","1","michael-schumacher","ferrari","ferrari","bridgestone","2:34.736",154736,,,,,,,"+4.413",4413,"+0.869",869,6
737,2005,6,9,9,"9","11","jacques-villeneuve","sauber","petronas","michelin","2:34.936",154936,,,,,,,"+4.613",4613,"+0.200",200,6
737,2005,6,10,10,"10","2","rubens-barrichello","ferrari","ferrari","bridgestone","2:34.983",154983,,,,,,,"+4.660",4660,"+0.047",47,6
737,2005,6,11,11,"11","12","felipe-massa","sauber","petronas","michelin","2:35.120",155120,,,,,,,"+4.797",4797,"+0.137",137,6
737,2005,6,12,12,"12","15","vitantonio-liuzzi","red-bull","cosworth","michelin","2:37.152",157152,,,,,,,"+6.829",6829,"+2.032",2032,6
737,2005,6,13,13,"13","20","patrick-friesacher","minardi","cosworth","bridgestone","2:40.810",160810,,,,,,,"+10.487",10487,"+3.658",3658,6
737,2005,6,14,14,"14","21","christijan-albers","minardi","cosworth","bridgestone","2:42.206",162206,,,,,,,"+11.883",11883,"+1.396",1396,6
737,2005,6,15,15,"15","18","tiago-monteiro","jordan","toyota","bridgestone","2:43.078",163078,,,,,,,"+12.755",12755,"+0.872",872,6
737,2005,6,16,16,"16","19","narain-karthikeyan","jordan","toyota","bridgestone","2:43.442",163442,,,,,,,"+13.119",13119,"+0.364",364,6
737,2005,6,17,17,"17","17","ralf-schumacher","toyota","toyota","michelin",,,,,,,,,,,,,3
737,2005,6,18,18,"18","10","juan-pablo-montoya","mclaren","mercedes","michelin",,,,,,,,,,,,,3
738,2005,7,1,1,"1","8","nick-heidfeld","williams","bmw","michelin","1:30.081",90081,,,,,,,,,,,3
738,2005,7,2,2,"2","9","kimi-raikkonen","mclaren","mercedes","michelin","1:30.197",90197,,,,,,,"+0.116",116,"+0.116",116,3
738,2005,7,3,3,"3","7","mark-webber","williams","bmw","michelin","1:30.368",90368,,,,,,,"+0.287",287,"+0.171",171,3
738,2005,7,4,4,"4","16","jarno-trulli","toyota","toyota","michelin","1:30.700",90700,,,,,,,"+0.619",619,"+0.332",332,3
738,2005,7,5,5,"5","10","juan-pablo-montoya","mclaren","mercedes","michelin","1:30.890",90890,,,,,,,"+0.809",809,"+0.190",190,3
738,2005,7,6,6,"6","5","fernando-alonso","renault","renault","michelin","1:31.056",91056,,,,,,,"+0.975",975,"+0.166",166,3
738,2005,7,7,7,"7","2","rubens-barrichello","ferrari","ferrari","bridgestone","1:31.249",91249,,,,,,,"+1.168",1168,"+0.193",193,3
738,2005,7,8,8,"8","17","ralf-schumacher","toyota","toyota","michelin","1:31.392",91392,,,,,,,"+1.311",1311,"+0.143",143,3
738,2005,7,9,9,"9","6","giancarlo-fisichella","renault","renault","michelin","1:31.566",91566,,,,,,,"+1.485",1485,"+0.174",174,3
738,2005,7,10,10,"10","1","michael-schumacher","ferrari","ferrari","bridgestone","1:31.585",91585,,,,,,,"+1.504",1504,"+0.019",19,3
738,2005,7,11,11,"11","12","felipe-massa","sauber","petronas","michelin","1:32.205",92205,,,,,,,"+2.124",2124,"+0.620",620,3
738,2005,7,12,12,"12","14","david-coulthard","red-bull","cosworth","michelin","1:32.553",92553,,,,,,,"+2.472",2472,"+0.348",348,3
738,2005,7,13,13,"13","3","jenson-button","bar","honda","michelin","1:32.594",92594,,,,,,,"+2.513",2513,"+0.041",41,3
738,2005,7,14,14,"14","15","vitantonio-liuzzi","red-bull","cosworth","michelin","1:32.642",92642,,,,,,,"+2.561",2561,"+0.048",48,3
738,2005,7,15,15,"15","11","jacques-villeneuve","sauber","petronas","michelin","1:32.891",92891,,,,,,,"+2.810",2810,"+0.249",249,3
738,2005,7,16,16,"16","4","takuma-sato","bar","honda","michelin","1:32.926",92926,,,,,,,"+2.845",2845,"+0.035",35,3
738,2005,7,17,17,"17","18","tiago-monteiro","jordan","toyota","bridgestone","1:35.047",95047,,,,,,,"+4.966",4966,"+2.121",2121,3
738,2005,7,18,18,"18","20","patrick-friesacher","minardi","cosworth","bridgestone","1:35.954",95954,,,,,,,"+5.873",5873,"+0.907",907,3
738,2005,7,19,19,"19","19","narain-karthikeyan","jordan","toyota","bridgestone","1:36.192",96192,,,,,,,"+6.111",6111,"+0.238",238,3
738,2005,7,20,20,"20","21","christijan-albers","minardi","cosworth","bridgestone","1:36.239",96239,,,,,,,"+6.158",6158,"+0.047",47,3
739,2005,8,1,1,"1","3","jenson-button","bar","honda","michelin","1:15.217",75217,,,,,,,,,,,3
739,2005,8,2,2,"2","1","michael-schumacher","ferrari","ferrari","bridgestone","1:15.475",75475,,,,,,,"+0.258",258,"+0.258",258,3
739,2005,8,3,3,"3","5","fernando-alonso","renault","renault","michelin","1:15.561",75561,,,,,,,"+0.344",344,"+0.086",86,3
739,2005,8,4,4,"4","6","giancarlo-fisichella","renault","renault","michelin","1:15.577",75577,,,,,,,"+0.360",360,"+0.016",16,3
739,2005,8,5,5,"5","10","juan-pablo-montoya","mclaren","mercedes","michelin","1:15.669",75669,,,,,,,"+0.452",452,"+0.092",92,3
739,2005,8,6,6,"6","4","takuma-sato","bar","honda","michelin","1:15.729",75729,,,,,,,"+0.512",512,"+0.060",60,3
739,2005,8,7,7,"7","9","kimi-raikkonen","mclaren","mercedes","michelin","1:15.923",75923,,,,,,,"+0.706",706,"+0.194",194,3
739,2005,8,8,8,"8","11","jacques-villeneuve","sauber","petronas","michelin","1:16.116",76116,,,,,,,"+0.899",899,"+0.193",193,3
739,2005,8,9,9,"9","16","jarno-trulli","toyota","toyota","michelin","1:16.201",76201,,,,,,,"+0.984",984,"+0.085",85,3
739,2005,8,10,10,"10","17","ralf-schumacher","toyota","toyota","michelin","1:16.362",76362,,,,,,,"+1.145",1145,"+0.161",161,3
739,2005,8,11,11,"11","12","felipe-massa","sauber","petronas","michelin","1:16.661",76661,,,,,,,"+1.444",1444,"+0.299",299,3
739,2005,8,12,12,"12","14","david-coulthard","red-bull","cosworth","michelin","1:16.890",76890,,,,,,,"+1.673",1673,"+0.229",229,3
739,2005,8,13,13,"13","8","nick-heidfeld","williams","bmw","michelin","1:17.081",77081,,,,,,,"+1.864",1864,"+0.191",191,3
739,2005,8,14,14,"14","7","mark-webber","williams","bmw","michelin","1:17.749",77749,,,,,,,"+2.532",2532,"+0.668",668,3
739,2005,8,15,15,"15","21","christijan-albers","minardi","cosworth","bridgestone","1:18.214",78214,,,,,,,"+2.997",2997,"+0.465",465,3
739,2005,8,16,16,"16","15","christian-klien","red-bull","cosworth","michelin","1:18.249",78249,,,,,,,"+3.032",3032,"+0.035",35,3
739,2005,8,17,17,"17","19","narain-karthikeyan","jordan","toyota","bridgestone","1:18.664",78664,,,,,,,"+3.447",3447,"+0.415",415,3
739,2005,8,18,18,"18","18","tiago-monteiro","jordan","toyota","bridgestone","1:19.034",79034,,,,,,,"+3.817",3817,"+0.370",370,3
739,2005,8,19,19,"19","20","patrick-friesacher","minardi","cosworth","bridgestone","1:19.574",79574,,,,,,,"+4.357",4357,"+0.540",540,3
739,2005,8,20,20,"20","2","rubens-barrichello","ferrari","ferrari","bridgestone",,,,,,,,,,,,,1
740,2005,9,1,1,"1","16","jarno-trulli","toyota","toyota","michelin","1:10.625",70625,,,,,,,,,,,3
740,2005,9,2,2,"2","9","kimi-raikkonen","mclaren","mercedes","michelin","1:10.694",70694,,,,,,,"+0.069",69,"+0.069",69,3
740,2005,9,3,3,"3","3","jenson-button","bar","honda","michelin","1:11.277",71277,,,,,,,"+0.652",652,"+0.583",583,3
740,2005,9,4,4,"4","6","giancarlo-fisichella","renault","renault","michelin","1:11.290",71290,,,,,,,"+0.665",665,"+0.013",13,3
740,2005,9,5,5,"5","1","michael-schumacher","ferrari","ferrari","bridgestone","1:11.369",71369,,,,,,,"+0.744",744,"+0.079",79,3
740,2005,9,6,6,"6","5","fernando-alonso","renault","renault","michelin","1:11.380",71380,,,,,,,"+0.755",755,"+0.011",11,3
740,2005,9,7,7,"7","2","rubens-barrichello","ferrari","ferrari","bridgestone","1:11.431",71431,,,,,,,"+0.806",806,"+0.051",51,3
740,2005,9,8,8,"8","4","takuma-sato","bar","honda","michelin","1:11.497",71497,,,,,,,"+0.872",872,"+0.066",66,3
740,2005,9,9,9,"9","7","mark-webber","williams","bmw","michelin","1:11.527",71527,,,,,,,"+0.902",902,"+0.030",30,3
740,2005,9,10,10,"10","12","felipe-massa","sauber","petronas","michelin","1:11.555",71555,,,,,,,"+0.930",930,"+0.028",28,3
740,2005,9,11,11,"11","10","juan-pablo-montoya","mclaren","mercedes","michelin","1:11.681",71681,,,,,,,"+1.056",1056,"+0.126",126,3
740,2005,9,12,12,"12","11","jacques-villeneuve","sauber","petronas","michelin","1:11.691",71691,,,,,,,"+1.066",1066,"+0.010",10,3
740,2005,9,13,13,"13","17","ricardo-zonta","toyota","toyota","michelin","1:11.754",71754,,,,,,,"+1.129",1129,"+0.063",63,3
740,2005,9,14,14,"14","15","christian-klien","red-bull","cosworth","michelin","1:12.132",72132,,,,,,,"+1.507",1507,"+0.378",378,3
740,2005,9,15,15,"15","8","nick-heidfeld","williams","bmw","michelin","1:12.430",72430,,,,,,,"+1.805",1805,"+0.298",298,3
740,2005,9,16,16,"16","14","david-coulthard","red-bull","cosworth","michelin","1:12.682",72682,,,,,,,"+2.057",2057,"+0.252",252,3
740,2005,9,17,17,"17","18","tiago-monteiro","jordan","toyota","bridgestone","1:13.462",73462,,,,,,,"+2.837",2837,"+0.780",780,3
740,2005,9,18,18,"18","21","christijan-albers","minardi","cosworth","bridgestone","1:13.632",73632,,,,,,,"+3.007",3007,"+0.170",170,3
740,2005,9,19,19,"19","19","narain-karthikeyan","jordan","toyota","bridgestone","1:13.776",73776,,,,,,,"+3.151",3151,"+0.144",144,3
740,2005,9,20,20,"20","20","patrick-friesacher","minardi","cosworth","bridgestone","1:14.494",74494,,,,,,,"+3.869",3869,"+0.718",718,3
741,2005,10,1,1,"1","5","fernando-alonso","renault","renault","michelin","1:14.412",74412,,,,,,,,,,,3
741,2005,10,2,2,"2","16","jarno-trulli","toyota","toyota","michelin","1:14.521",74521,,,,,,,"+0.109",109,"+0.109",109,3
741,2005,10,3,3,"3","9","kimi-raikkonen","mclaren","mercedes","michelin","1:14.559",74559,,,,,,,"+0.147",147,"+0.038",38,3
741,2005,10,4,4,"4","1","michael-schumacher","ferrari","ferrari","bridgestone","1:14.572",74572,,,,,,,"+0.160",160,"+0.013",13,3
741,2005,10,5,5,"5","4","takuma-sato","bar","honda","michelin","1:14.655",74655,,,,,,,"+0.243",243,"+0.083",83,3
741,2005,10,6,6,"6","2","rubens-barrichello","ferrari","ferrari","bridgestone","1:14.832",74832,,,,,,,"+0.420",420,"+0.177",177,3
741,2005,10,7,7,"7","6","giancarlo-fisichella","renault","renault","michelin","1:14.887",74887,,,,,,,"+0.475",475,"+0.055",55,3
741,2005,10,8,8,"8","3","jenson-button","bar","honda","michelin","1:15.051",75051,,,,,,,"+0.639",639,"+0.164",164,3
741,2005,10,9,9,"9","10","juan-pablo-montoya","mclaren","mercedes","michelin","1:15.406",75406,,,,,,,"+0.994",994,"+0.355",355,3
741,2005,10,10,10,"10","12","felipe-massa","sauber","petronas","michelin","1:15.566",75566,,,,,,,"+1.154",1154,"+0.160",160,3
741,2005,10,11,11,"11","11","jacques-villeneuve","sauber","petronas","michelin","1:15.699",75699,,,,,,,"+1.287",1287,"+0.133",133,3
741,2005,10,12,12,"12","17","ralf-schumacher","toyota","toyota","michelin","1:15.771",75771,,,,,,,"+1.359",1359,"+0.072",72,3
741,2005,10,13,13,"13","7","mark-webber","williams","bmw","michelin","1:15.885",75885,,,,,,,"+1.473",1473,"+0.114",114,3
741,2005,10,14,14,"14","8","nick-heidfeld","williams","bmw","michelin","1:16.207",76207,,,,,,,"+1.795",1795,"+0.322",322,3
741,2005,10,15,15,"15","14","david-coulthard","red-bull","cosworth","michelin","1:16.434",76434,,,,,,,"+2.022",2022,"+0.227",227,3
741,2005,10,16,16,"16","15","christian-klien","red-bull","cosworth","michelin","1:16.547",76547,,,,,,,"+2.135",2135,"+0.113",113,3
741,2005,10,17,17,"17","19","narain-karthikeyan","jordan","toyota","bridgestone","1:17.857",77857,,,,,,,"+3.445",3445,"+1.310",1310,3
741,2005,10,18,18,"18","20","patrick-friesacher","minardi","cosworth","bridgestone","1:17.960",77960,,,,,,,"+3.548",3548,"+0.103",103,3
741,2005,10,19,19,"19","18","tiago-monteiro","jordan","toyota","bridgestone","1:18.047",78047,,,,,,,"+3.635",3635,"+0.087",87,3
741,2005,10,20,20,"20","21","christijan-albers","minardi","cosworth","bridgestone","1:18.335",78335,,,,,,,"+3.923",3923,"+0.288",288,3
742,2005,11,1,1,"1","5","fernando-alonso","renault","renault","michelin","1:19.905",79905,,,,,,,,,,,3
742,2005,11,2,2,"2","9","kimi-raikkonen","mclaren","mercedes","michelin","1:19.932",79932,,,,,,,"+0.027",27,"+0.027",27,3
742,2005,11,3,3,"3","3","jenson-button","bar","honda","michelin","1:20.207",80207,,,,,,,"+0.302",302,"+0.275",275,3
742,2005,11,4,4,"4","10","juan-pablo-montoya","mclaren","mercedes","michelin","1:20.382",80382,,,,,,,"+0.477",477,"+0.175",175,3
742,2005,11,5,5,"5","16","jarno-trulli","toyota","toyota","michelin","1:20.459",80459,,,,,,,"+0.554",554,"+0.077",77,3
742,2005,11,6,6,"6","2","rubens-barrichello","ferrari","ferrari","bridgestone","1:20.906",80906,,,,,,,"+1.001",1001,"+0.447",447,3
742,2005,11,7,7,"7","6","giancarlo-fisichella","renault","renault","michelin","1:21.010",81010,,,,,,,"+1.105",1105,"+0.104",104,3
742,2005,11,8,8,"8","4","takuma-sato","bar","honda","michelin","1:21.114",81114,,,,,,,"+1.209",1209,"+0.104",104,3
742,2005,11,9,9,"9","17","ralf-schumacher","toyota","toyota","michelin","1:21.191",81191,,,,,,,"+1.286",1286,"+0.077",77,3
742,2005,11,10,10,"10","1","michael-schumacher","ferrari","ferrari","bridgestone","1:21.275",81275,,,,,,,"+1.370",1370,"+0.084",84,3
742,2005,11,11,11,"11","11","jacques-villeneuve","sauber","petronas","michelin","1:21.352",81352,,,,,,,"+1.447",1447,"+0.077",77,3
742,2005,11,12,12,"12","7","mark-webber","williams","bmw","michelin","1:21.997",81997,,,,,,,"+2.092",2092,"+0.645",645,3
742,2005,11,13,13,"13","14","david-coulthard","red-bull","cosworth","michelin","1:22.108",82108,,,,,,,"+2.203",2203,"+0.111",111,3
742,2005,11,14,14,"14","8","nick-heidfeld","williams","bmw","michelin","1:22.117",82117,,,,,,,"+2.212",2212,"+0.009",9,3
742,2005,11,15,15,"15","15","christian-klien","red-bull","cosworth","michelin","1:22.207",82207,,,,,,,"+2.302",2302,"+0.090",90,3
742,2005,11,16,16,"16","12","felipe-massa","sauber","petronas","michelin","1:22.495",82495,,,,,,,"+2.590",2590,"+0.288",288,3
742,2005,11,17,17,"17","19","narain-karthikeyan","jordan","toyota","bridgestone","1:23.583",83583,,,,,,,"+3.678",3678,"+1.088",1088,3
742,2005,11,18,18,"18","21","christijan-albers","minardi","cosworth","bridgestone","1:24.576",84576,,,,,,,"+4.671",4671,"+0.993",993,3
742,2005,11,19,19,"19","20","patrick-friesacher","minardi","cosworth","bridgestone","1:25.566",85566,,,,,,,"+5.661",5661,"+0.990",990,3
742,2005,11,20,20,"20","18","tiago-monteiro","jordan","toyota","bridgestone",,,,,,,,,,,,,1
743,2005,12,1,1,"1","9","kimi-raikkonen","mclaren","mercedes","michelin","1:14.320",74320,,,,,,,,,,,3
743,2005,12,2,2,"2","3","jenson-button","bar","honda","michelin","1:14.759",74759,,,,,,,"+0.439",439,"+0.439",439,3
743,2005,12,3,3,"3","5","fernando-alonso","renault","renault","michelin","1:14.904",74904,,,,,,,"+0.584",584,"+0.145",145,3
743,2005,12,4,4,"4","6","giancarlo-fisichella","renault","renault","michelin","1:14.927",74927,,,,,,,"+0.607",607,"+0.023",23,3
743,2005,12,5,5,"5","1","michael-schumacher","ferrari","ferrari","bridgestone","1:15.006",75006,,,,,,,"+0.686",686,"+0.079",79,3
743,2005,12,6,6,"6","7","mark-webber","williams","bmw","michelin","1:15.070",75070,,,,,,,"+0.750",750,"+0.064",64,3
743,2005,12,7,7,"7","8","nick-heidfeld","williams","bmw","michelin","1:15.403",75403,,,,,,,"+1.083",1083,"+0.333",333,3
743,2005,12,8,8,"8","4","takuma-sato","bar","honda","michelin","1:15.501",75501,,,,,,,"+1.181",1181,"+0.098",98,3
743,2005,12,9,9,"9","16","jarno-trulli","toyota","toyota","michelin","1:15.532",75532,,,,,,,"+1.212",1212,"+0.031",31,3
743,2005,12,10,10,"10","15","christian-klien","red-bull","cosworth","michelin","1:15.635",75635,,,,,,,"+1.315",1315,"+0.103",103,3
743,2005,12,11,11,"11","14","david-coulthard","red-bull","cosworth","michelin","1:15.679",75679,,,,,,,"+1.359",1359,"+0.044",44,3
743,2005,12,12,12,"12","17","ralf-schumacher","toyota","toyota","michelin","1:15.689",75689,,,,,,,"+1.369",1369,"+0.010",10,3
743,2005,12,13,13,"13","12","felipe-massa","sauber","petronas","michelin","1:16.009",76009,,,,,,,"+1.689",1689,"+0.320",320,3
743,2005,12,14,14,"14","11","jacques-villeneuve","sauber","petronas","michelin","1:16.012",76012,,,,,,,"+1.692",1692,"+0.003",3,3
743,2005,12,15,15,"15","2","rubens-barrichello","ferrari","ferrari","bridgestone","1:16.230",76230,,,,,,,"+1.910",1910,"+0.218",218,3
743,2005,12,16,16,"16","21","christijan-albers","minardi","cosworth","bridgestone","1:17.519",77519,,,,,,,"+3.199",3199,"+1.289",1289,3
743,2005,12,17,17,"17","20","robert-doornbos","minardi","cosworth","bridgestone","1:18.313",78313,,,,,,,"+3.993",3993,"+0.794",794,3
743,2005,12,18,18,"18","18","tiago-monteiro","jordan","toyota","bridgestone","1:18.599",78599,,,,,,,"+4.279",4279,"+0.286",286,3
743,2005,12,19,19,"19","10","juan-pablo-montoya","mclaren","mercedes","michelin",,,,,,,,,,,,,2
743,2005,12,20,20,"20","19","narain-karthikeyan","jordan","toyota","bridgestone",,,,,,,,,,,,,2
744,2005,13,1,1,"1","1","michael-schumacher","ferrari","ferrari","bridgestone","1:19.882",79882,,,,,,,,,,,3
744,2005,13,2,2,"2","10","juan-pablo-montoya","mclaren","mercedes","michelin","1:20.779",80779,,,,,,,"+0.897",897,"+0.897",897,3
744,2005,13,3,3,"3","16","jarno-trulli","toyota","toyota","michelin","1:20.839",80839,,,,,,,"+0.957",957,"+0.060",60,3
744,2005,13,4,4,"4","9","kimi-raikkonen","mclaren","mercedes","michelin","1:20.891",80891,,,,,,,"+1.009",1009,"+0.052",52,3
744,2005,13,5,5,"5","17","ralf-schumacher","toyota","toyota","michelin","1:20.964",80964,,,,,,,"+1.082",1082,"+0.073",73,3
744,2005,13,6,6,"6","5","fernando-alonso","renault","renault","michelin","1:21.141",81141,,,,,,,"+1.259",1259,"+0.177",177,3
744,2005,13,7,7,"7","2","rubens-barrichello","ferrari","ferrari","bridgestone","1:21.158",81158,,,,,,,"+1.276",1276,"+0.017",17,3
744,2005,13,8,8,"8","3","jenson-button","bar","honda","michelin","1:21.302",81302,,,,,,,"+1.420",1420,"+0.144",144,3
744,2005,13,9,9,"9","6","giancarlo-fisichella","renault","renault","michelin","1:21.333",81333,,,,,,,"+1.451",1451,"+0.031",31,3
744,2005,13,10,10,"10","4","takuma-sato","bar","honda","michelin","1:21.787",81787,,,,,,,"+1.905",1905,"+0.454",454,3
744,2005,13,11,11,"11","15","christian-klien","red-bull","cosworth","michelin","1:21.937",81937,,,,,,,"+2.055",2055,"+0.150",150,3
744,2005,13,12,12,"12","8","nick-heidfeld","williams","bmw","michelin","1:22.086",82086,,,,,,,"+2.204",2204,"+0.149",149,3
744,2005,13,13,13,"13","14","david-coulthard","red-bull","cosworth","michelin","1:22.279",82279,,,,,,,"+2.397",2397,"+0.193",193,3
744,2005,13,14,14,"14","12","felipe-massa","sauber","petronas","michelin","1:22.565",82565,,,,,,,"+2.683",2683,"+0.286",286,3
744,2005,13,15,15,"15","11","jacques-villeneuve","sauber","petronas","michelin","1:22.866",82866,,,,,,,"+2.984",2984,"+0.301",301,3
744,2005,13,16,16,"16","7","mark-webber","williams","bmw","michelin","1:23.495",83495,,,,,,,"+3.613",3613,"+0.629",629,3
744,2005,13,17,17,"17","21","christijan-albers","minardi","cosworth","bridgestone","1:24.443",84443,,,,,,,"+4.561",4561,"+0.948",948,3
744,2005,13,18,18,"18","19","narain-karthikeyan","jordan","toyota","bridgestone","1:25.057",85057,,,,,,,"+5.175",5175,"+0.614",614,3
744,2005,13,19,19,"19","20","robert-doornbos","minardi","cosworth","bridgestone","1:25.484",85484,,,,,,,"+5.602",5602,"+0.427",427,3
744,2005,13,20,20,"20","18","tiago-monteiro","jordan","toyota","bridgestone",,,,,,,,,,,,,1
745,2005,14,1,1,"1","9","kimi-raikkonen","mclaren","mercedes","michelin","1:26.797",86797,,,,,,,,,,,3
745,2005,14,2,2,"2","6","giancarlo-fisichella","renault","renault","michelin","1:27.039",87039,,,,,,,"+0.242",242,"+0.242",242,3
745,2005,14,3,3,"3","5","fernando-alonso","renault","renault","michelin","1:27.050",87050,,,,,,,"+0.253",253,"+0.011",11,3
745,2005,14,4,4,"4","10","juan-pablo-montoya","mclaren","mercedes","michelin","1:27.352",87352,,,,,,,"+0.555",555,"+0.302",302,3
745,2005,14,5,5,"5","16","jarno-trulli","toyota","toyota","michelin","1:27.501",87501,,,,,,,"+0.704",704,"+0.149",149,3
745,2005,14,6,6,"6","8","nick-heidfeld","williams","bmw","michelin","1:27.929",87929,,,,,,,"+1.132",1132,"+0.428",428,3
745,2005,14,7,7,"7","7","mark-webber","williams","bmw","michelin","1:27.944",87944,,,,,,,"+1.147",1147,"+0.015",15,3
745,2005,14,8,8,"8","12","felipe-massa","sauber","petronas","michelin","1:28.419",88419,,,,,,,"+1.622",1622,"+0.475",475,3
745,2005,14,9,9,"9","17","ralf-schumacher","toyota","toyota","michelin","1:28.594",88594,,,,,,,"+1.797",1797,"+0.175",175,3
745,2005,14,10,10,"10","15","christian-klien","red-bull","cosworth","michelin","1:28.963",88963,,,,,,,"+2.166",2166,"+0.369",369,3
745,2005,14,11,11,"11","2","rubens-barrichello","ferrari","ferrari","bridgestone","1:29.369",89369,,,,,,,"+2.572",2572,"+0.406",406,3
745,2005,14,12,12,"12","14","david-coulthard","red-bull","cosworth","michelin","1:29.764",89764,,,,,,,"+2.967",2967,"+0.395",395,3
745,2005,14,13,13,"13","3","jenson-button","bar","honda","michelin","1:30.063",90063,,,,,,,"+3.266",3266,"+0.299",299,3
745,2005,14,14,14,"14","18","tiago-monteiro","jordan","toyota","bridgestone","1:30.710",90710,,,,,,,"+3.913",3913,"+0.647",647,3
745,2005,14,15,15,"15","21","christijan-albers","minardi","cosworth","bridgestone","1:32.186",92186,,,,,,,"+5.389",5389,"+1.476",1476,3
745,2005,14,16,16,"16","1","michael-schumacher","ferrari","ferrari","bridgestone",,,,,,,,,,,,,2
745,2005,14,17,17,"17","11","jacques-villeneuve","sauber","petronas","michelin",,,,,,,,,,,,,2
745,2005,14,18,18,"18","19","narain-karthikeyan","jordan","toyota","bridgestone",,,,,,,,,,,,,1
745,2005,14,19,19,"19","20","robert-doornbos","minardi","cosworth","bridgestone",,,,,,,,,,,,,2
745,2005,14,20,,"EX","4","takuma-sato","bar","honda","michelin","1:30.175",90175,,,,,,,"+3.378",3378,,,3
746,2005,15,1,1,"1","9","kimi-raikkonen","mclaren","mercedes","michelin","1:20.878",80878,,,,,,,,,,,3
746,2005,15,2,2,"2","10","juan-pablo-montoya","mclaren","mercedes","michelin","1:21.054",81054,,,,,,,"+0.176",176,"+0.176",176,3
746,2005,15,3,3,"3","5","fernando-alonso","renault","renault","michelin","1:21.319",81319,,,,,,,"+0.441",441,"+0.265",265,3
746,2005,15,4,4,"4","3","jenson-button","bar","honda","michelin","1:21.369",81369,,,,,,,"+0.491",491,"+0.050",50,3
746,2005,15,5,5,"5","4","takuma-sato","bar","honda","michelin","1:21.477",81477,,,,,,,"+0.599",599,"+0.108",108,3
746,2005,15,6,6,"6","16","jarno-trulli","toyota","toyota","michelin","1:21.640",81640,,,,,,,"+0.762",762,"+0.163",163,3
746,2005,15,7,7,"7","1","michael-schumacher","ferrari","ferrari","bridgestone","1:21.721",81721,,,,,,,"+0.843",843,"+0.081",81,3
746,2005,15,8,8,"8","2","rubens-barrichello","ferrari","ferrari","bridgestone","1:21.962",81962,,,,,,,"+1.084",1084,"+0.241",241,3
746,2005,15,9,9,"9","6","giancarlo-fisichella","renault","renault","michelin","1:22.068",82068,,,,,,,"+1.190",1190,"+0.106",106,3
746,2005,15,10,10,"10","17","ralf-schumacher","toyota","toyota","michelin","1:22.266",82266,,,,,,,"+1.388",1388,"+0.198",198,3
746,2005,15,11,11,"11","14","david-coulthard","red-bull","cosworth","michelin","1:22.304",82304,,,,,,,"+1.426",1426,"+0.038",38,3
746,2005,15,12,12,"12","11","jacques-villeneuve","sauber","petronas","michelin","1:22.356",82356,,,,,,,"+1.478",1478,"+0.052",52,3
746,2005,15,13,13,"13","15","christian-klien","red-bull","cosworth","michelin","1:22.532",82532,,,,,,,"+1.654",1654,"+0.176",176,3
746,2005,15,14,14,"14","7","mark-webber","williams","bmw","michelin","1:22.560",82560,,,,,,,"+1.682",1682,"+0.028",28,3
746,2005,15,15,15,"15","12","felipe-massa","sauber","petronas","michelin","1:23.060",83060,,,,,,,"+2.182",2182,"+0.500",500,3
746,2005,15,16,16,"16","8","antonio-pizzonia","williams","bmw","michelin","1:23.291",83291,,,,,,,"+2.413",2413,"+0.231",231,3
746,2005,15,17,17,"17","18","tiago-monteiro","jordan","toyota","bridgestone","1:24.666",84666,,,,,,,"+3.788",3788,"+1.375",1375,3
746,2005,15,18,18,"18","20","robert-doornbos","minardi","cosworth","bridgestone","1:24.904",84904,,,,,,,"+4.026",4026,"+0.238",238,3
746,2005,15,19,19,"19","19","narain-karthikeyan","jordan","toyota","bridgestone","1:25.859",85859,,,,,,,"+4.981",4981,"+0.955",955,3
746,2005,15,20,20,"20","21","christijan-albers","minardi","cosworth","bridgestone","1:26.964",86964,,,,,,,"+6.086",6086,"+1.105",1105,3
747,2005,16,1,1,"1","10","juan-pablo-montoya","mclaren","mercedes","michelin","1:46.391",106391,,,,,,,,,,,3
747,2005,16,2,2,"2","9","kimi-raikkonen","mclaren","mercedes","michelin","1:46.440",106440,,,,,,,"+0.049",49,"+0.049",49,3
747,2005,16,3,3,"3","6","giancarlo-fisichella","renault","renault","michelin","1:46.497",106497,,,,,,,"+0.106",106,"+0.057",57,3
747,2005,16,4,4,"4","16","jarno-trulli","toyota","toyota","michelin","1:46.596",106596,,,,,,,"+0.205",205,"+0.099",99,3
747,2005,16,5,5,"5","5","fernando-alonso","renault","renault","michelin","1:46.760",106760,,,,,,,"+0.369",369,"+0.164",164,3
747,2005,16,6,6,"6","17","ralf-schumacher","toyota","toyota","michelin","1:47.401",107401,,,,,,,"+1.010",1010,"+0.641",641,3
747,2005,16,7,7,"7","1","michael-schumacher","ferrari","ferrari","bridgestone","1:47.476",107476,,,,,,,"+1.085",1085,"+0.075",75,3
747,2005,16,8,8,"8","12","felipe-massa","sauber","petronas","michelin","1:47.867",107867,,,,,,,"+1.476",1476,"+0.391",391,3
747,2005,16,9,9,"9","3","jenson-button","bar","honda","michelin","1:47.978",107978,,,,,,,"+1.587",1587,"+0.111",111,3
747,2005,16,10,10,"10","7","mark-webber","williams","bmw","michelin","1:48.071",108071,,,,,,,"+1.680",1680,"+0.093",93,3
747,2005,16,11,11,"11","4","takuma-sato","bar","honda","michelin","1:48.353",108353,,,,,,,"+1.962",1962,"+0.282",282,3
747,2005,16,12,12,"12","14","david-coulthard","red-bull","cosworth","michelin","1:48.508",108508,,,,,,,"+2.117",2117,"+0.155",155,3
747,2005,16,13,13,"13","2","rubens-barrichello","ferrari","ferrari","bridgestone","1:48.550",108550,,,,,,,"+2.159",2159,"+0.042",42,3
747,2005,16,14,14,"14","11","jacques-villeneuve","sauber","petronas","michelin","1:48.889",108889,,,,,,,"+2.498",2498,"+0.339",339,3
747,2005,16,15,15,"15","8","antonio-pizzonia","williams","bmw","michelin","1:48.898",108898,,,,,,,"+2.507",2507,"+0.009",9,3
747,2005,16,16,16,"16","15","christian-klien","red-bull","cosworth","michelin","1:48.994",108994,,,,,,,"+2.603",2603,"+0.096",96,3
747,2005,16,17,17,"17","20","robert-doornbos","minardi","cosworth","bridgestone","1:49.779",109779,,,,,,,"+3.388",3388,"+0.785",785,3
747,2005,16,18,18,"18","21","christijan-albers","minardi","cosworth","bridgestone","1:49.842",109842,,,,,,,"+3.451",3451,"+0.063",63,3
747,2005,16,19,19,"19","18","tiago-monteiro","jordan","toyota","bridgestone","1:51.498",111498,,,,,,,"+5.107",5107,"+1.656",1656,3
747,2005,16,20,20,"20","19","narain-karthikeyan","jordan","toyota","bridgestone","1:51.675",111675,,,,,,,"+5.284",5284,"+0.177",177,3
748,2005,17,1,1,"1","5","fernando-alonso","renault","renault","michelin","1:11.988",71988,,,,,,,,,,,3
748,2005,17,2,2,"2","10","juan-pablo-montoya","mclaren","mercedes","michelin","1:12.145",72145,,,,,,,"+0.157",157,"+0.157",157,3
748,2005,17,3,3,"3","6","giancarlo-fisichella","renault","renault","michelin","1:12.558",72558,,,,,,,"+0.570",570,"+0.413",413,3
748,2005,17,4,4,"4","3","jenson-button","bar","honda","michelin","1:12.696",72696,,,,,,,"+0.708",708,"+0.138",138,3
748,2005,17,5,5,"5","9","kimi-raikkonen","mclaren","mercedes","michelin","1:12.781",72781,,,,,,,"+0.793",793,"+0.085",85,3
748,2005,17,6,6,"6","15","christian-klien","red-bull","cosworth","michelin","1:12.889",72889,,,,,,,"+0.901",901,"+0.108",108,3
748,2005,17,7,7,"7","1","michael-schumacher","ferrari","ferrari","bridgestone","1:12.976",72976,,,,,,,"+0.988",988,"+0.087",87,3
748,2005,17,8,8,"8","16","jarno-trulli","toyota","toyota","michelin","1:13.041",73041,,,,,,,"+1.053",1053,"+0.065",65,3
748,2005,17,9,9,"9","12","felipe-massa","sauber","petronas","michelin","1:13.151",73151,,,,,,,"+1.163",1163,"+0.110",110,3
748,2005,17,10,10,"10","2","rubens-barrichello","ferrari","ferrari","bridgestone","1:13.183",73183,,,,,,,"+1.195",1195,"+0.032",32,3
748,2005,17,11,11,"11","17","ralf-schumacher","toyota","toyota","michelin","1:13.285",73285,,,,,,,"+1.297",1297,"+0.102",102,3
748,2005,17,12,12,"12","11","jacques-villeneuve","sauber","petronas","michelin","1:13.372",73372,,,,,,,"+1.384",1384,"+0.087",87,3
748,2005,17,13,13,"13","18","tiago-monteiro","jordan","toyota","bridgestone","1:13.387",73387,,,,,,,"+1.399",1399,"+0.015",15,3
748,2005,17,14,14,"14","7","mark-webber","williams","bmw","michelin","1:13.538",73538,,,,,,,"+1.550",1550,"+0.151",151,3
748,2005,17,15,15,"15","8","antonio-pizzonia","williams","bmw","michelin","1:13.581",73581,,,,,,,"+1.593",1593,"+0.043",43,3
748,2005,17,16,16,"16","14","david-coulthard","red-bull","cosworth","michelin","1:13.844",73844,,,,,,,"+1.856",1856,"+0.263",263,3
748,2005,17,17,17,"17","19","narain-karthikeyan","jordan","toyota","bridgestone","1:14.520",74520,,,,,,,"+2.532",2532,"+0.676",676,3
748,2005,17,18,18,"18","21","christijan-albers","minardi","cosworth","bridgestone","1:14.763",74763,,,,,,,"+2.775",2775,"+0.243",243,3
748,2005,17,19,19,"19","4","takuma-sato","bar","honda","michelin",,,,,,,,,,,,,1
748,2005,17,20,20,"20","20","robert-doornbos","minardi","cosworth","bridgestone",,,,,,,,,,,,,2
749,2005,18,1,1,"1","17","ralf-schumacher","toyota","toyota","michelin","1:46.106",106106,,,,,,,,,,,3
749,2005,18,2,2,"2","3","jenson-button","bar","honda","michelin","1:46.141",106141,,,,,,,"+0.035",35,"+0.035",35,3
749,2005,18,3,3,"3","6","giancarlo-fisichella","renault","renault","michelin","1:46.276",106276,,,,,,,"+0.170",170,"+0.135",135,3
749,2005,18,4,4,"4","15","christian-klien","red-bull","cosworth","michelin","1:46.464",106464,,,,,,,"+0.358",358,"+0.188",188,3
749,2005,18,5,5,"5","4","takuma-sato","bar","honda","michelin","1:46.841",106841,,,,,,,"+0.735",735,"+0.377",377,3
749,2005,18,6,6,"6","14","david-coulthard","red-bull","cosworth","michelin","1:46.892",106892,,,,,,,"+0.786",786,"+0.051",51,3
749,2005,18,7,7,"7","7","mark-webber","williams","bmw","michelin","1:47.233",107233,,,,,,,"+1.127",1127,"+0.341",341,3
749,2005,18,8,8,"8","11","jacques-villeneuve","sauber","petronas","michelin","1:47.440",107440,,,,,,,"+1.334",1334,"+0.207",207,3
749,2005,18,9,9,"9","2","rubens-barrichello","ferrari","ferrari","bridgestone","1:48.248",108248,,,,,,,"+2.142",2142,"+0.808",808,3
749,2005,18,10,10,"10","12","felipe-massa","sauber","petronas","michelin","1:48.278",108278,,,,,,,"+2.172",2172,"+0.030",30,3
749,2005,18,11,11,"11","19","narain-karthikeyan","jordan","toyota","bridgestone","1:48.718",108718,,,,,,,"+2.612",2612,"+0.440",440,3
749,2005,18,12,12,"12","8","antonio-pizzonia","williams","bmw","michelin","1:48.898",108898,,,,,,,"+2.792",2792,"+0.180",180,3
749,2005,18,13,13,"13","21","christijan-albers","minardi","cosworth","bridgestone","1:50.843",110843,,,,,,,"+4.737",4737,"+1.945",1945,3
749,2005,18,14,14,"14","1","michael-schumacher","ferrari","ferrari","bridgestone","1:52.676",112676,,,,,,,"+6.570",6570,"+1.833",1833,3
749,2005,18,15,15,"15","20","robert-doornbos","minardi","cosworth","bridgestone","1:52.894",112894,,,,,,,"+6.788",6788,"+0.218",218,3
749,2005,18,16,16,"16","5","fernando-alonso","renault","renault","michelin","1:54.667",114667,,,,,,,"+8.561",8561,"+1.773",1773,3
749,2005,18,17,17,"17","9","kimi-raikkonen","mclaren","mercedes","michelin","2:02.309",122309,,,,,,,"+16.203",16203,"+7.642",7642,3
749,2005,18,18,18,"18","10","juan-pablo-montoya","mclaren","mercedes","michelin",,,,,,,,,,,,,2
749,2005,18,19,19,"19","16","jarno-trulli","toyota","toyota","michelin",,,,,,,,,,,,,2
749,2005,18,20,20,"20","18","tiago-monteiro","jordan","toyota","bridgestone",,,,,,,,,,,,,1
750,2005,19,1,1,"1","5","fernando-alonso","renault","renault","michelin","1:34.080",94080,,,,,,,,,,,3
750,2005,19,2,2,"2","6","giancarlo-fisichella","renault","renault","michelin","1:34.401",94401,,,,,,,"+0.321",321,"+0.321",321,3
750,2005,19,3,3,"3","9","kimi-raikkonen","mclaren","mercedes","michelin","1:34.488",94488,,,,,,,"+0.408",408,"+0.087",87,3
750,2005,19,4,4,"4","3","jenson-button","bar","honda","michelin","1:34.801",94801,,,,,,,"+0.721",721,"+0.313",313,3
750,2005,19,5,5,"5","10","juan-pablo-montoya","mclaren","mercedes","michelin","1:35.188",95188,,,,,,,"+1.108",1108,"+0.387",387,3
750,2005,19,6,6,"6","1","michael-schumacher","ferrari","ferrari","bridgestone","1:35.301",95301,,,,,,,"+1.221",1221,"+0.113",113,3
750,2005,19,7,7,"7","14","david-coulthard","red-bull","cosworth","michelin","1:35.428",95428,,,,,,,"+1.348",1348,"+0.127",127,3
750,2005,19,8,8,"8","2","rubens-barrichello","ferrari","ferrari","bridgestone","1:35.610",95610,,,,,,,"+1.530",1530,"+0.182",182,3
750,2005,19,9,9,"9","17","ralf-schumacher","toyota","toyota","michelin","1:35.723",95723,,,,,,,"+1.643",1643,"+0.113",113,3
750,2005,19,10,10,"10","7","mark-webber","williams","bmw","michelin","1:35.739",95739,,,,,,,"+1.659",1659,"+0.016",16,3
750,2005,19,11,11,"11","12","felipe-massa","sauber","petronas","michelin","1:35.898",95898,,,,,,,"+1.818",1818,"+0.159",159,3
750,2005,19,12,12,"12","16","jarno-trulli","toyota","toyota","michelin","1:36.044",96044,,,,,,,"+1.964",1964,"+0.146",146,3
750,2005,19,13,13,"13","8","antonio-pizzonia","williams","bmw","michelin","1:36.445",96445,,,,,,,"+2.365",2365,"+0.401",401,3
750,2005,19,14,14,"14","15","christian-klien","red-bull","cosworth","michelin","1:36.472",96472,,,,,,,"+2.392",2392,"+0.027",27,3
750,2005,19,15,15,"15","19","narain-karthikeyan","jordan","toyota","bridgestone","1:36.707",96707,,,,,,,"+2.627",2627,"+0.235",235,3
750,2005,19,16,16,"16","11","jacques-villeneuve","sauber","petronas","michelin","1:36.788",96788,,,,,,,"+2.708",2708,"+0.081",81,3
750,2005,19,17,17,"17","4","takuma-sato","bar","honda","michelin","1:37.083",97083,,,,,,,"+3.003",3003,"+0.295",295,3
750,2005,19,18,18,"18","21","christijan-albers","minardi","cosworth","bridgestone","1:39.105",99105,,,,,,,"+5.025",5025,"+2.022",2022,3
750,2005,19,19,19,"19","18","tiago-monteiro","jordan","toyota","bridgestone","1:39.233",99233,,,,,,,"+5.153",5153,"+0.128",128,3
750,2005,19,20,20,"20","20","robert-doornbos","minardi","cosworth","bridgestone","1:39.460",99460,,,,,,,"+5.380",5380,"+0.227",227,3
751,2006,1,1,1,"1","5","michael-schumacher","ferrari","ferrari","bridgestone",,,"1:33.310",93310,"1:32.025",92025,"1:31.431",91431,,,,,20
751,2006,1,2,2,"2","6","felipe-massa","ferrari","ferrari","bridgestone",,,"1:33.579",93579,"1:32.014",92014,"1:31.478",91478,"+0.047",47,"+0.047",47,20
751,2006,1,3,3,"3","12","jenson-button","honda","honda","michelin",,,"1:32.603",92603,"1:32.025",92025,"1:31.549",91549,"+0.118",118,"+0.071",71,23
751,2006,1,4,4,"4","1","fernando-alonso","renault","renault","michelin",,,"1:32.433",92433,"1:31.215",91215,"1:31.702",91702,"+0.271",271,"+0.153",153,20
751,2006,1,5,5,"5","4","juan-pablo-montoya","mclaren","mercedes","michelin",,,"1:33.233",93233,"1:31.487",91487,"1:32.164",92164,"+0.733",733,"+0.462",462,20
751,2006,1,6,6,"6","11","rubens-barrichello","honda","honda","michelin",,,"1:33.922",93922,"1:32.322",92322,"1:32.579",92579,"+1.148",1148,"+0.415",415,26
751,2006,1,7,7,"7","9","mark-webber","williams","cosworth","bridgestone",,,"1:33.454",93454,"1:32.309",92309,"1:33.006",93006,"+1.575",1575,"+0.427",427,20
751,2006,1,8,8,"8","15","christian-klien","red-bull","ferrari","michelin",,,"1:34.308",94308,"1:32.106",92106,"1:33.112",93112,"+1.681",1681,"+0.106",106,25
751,2006,1,9,9,"9","2","giancarlo-fisichella","renault","renault","michelin",,,"1:32.934",92934,"1:31.831",91831,"1:33.496",93496,"+2.065",2065,"+0.384",384,20
751,2006,1,10,10,"10","16","nick-heidfeld","bmw-sauber","bmw","michelin",,,"1:33.374",93374,"1:31.958",91958,"1:33.926",93926,"+2.495",2495,"+0.430",430,24
751,2006,1,11,11,"11","17","jacques-villeneuve","bmw-sauber","bmw","michelin",,,"1:33.882",93882,"1:32.456",92456,,,,,,,11
751,2006,1,12,12,"12","10","nico-rosberg","williams","cosworth","bridgestone",,,"1:32.945",92945,"1:32.620",92620,,,,,,,10
751,2006,1,13,13,"13","14","david-coulthard","red-bull","ferrari","michelin",,,"1:33.678",93678,"1:32.850",92850,,,,,,,12
751,2006,1,14,14,"14","8","jarno-trulli","toyota","toyota","bridgestone",,,"1:33.987",93987,"1:33.066",93066,,,,,,,11
751,2006,1,15,15,"15","20","vitantonio-liuzzi","toro-rosso","cosworth","michelin",,,"1:34.439",94439,"1:33.416",93416,,,,,,,13
751,2006,1,16,16,"16","21","scott-speed","toro-rosso","cosworth","michelin",,,"1:33.995",93995,"1:34.606",94606,,,,,,,10
751,2006,1,17,17,"17","7","ralf-schumacher","toyota","toyota","bridgestone",,,"1:34.702",94702,,,,,,,,,7
751,2006,1,18,18,"18","19","christijan-albers","midland","toyota","bridgestone",,,"1:35.724",95724,,,,,,,,,6
751,2006,1,19,19,"19","18","tiago-monteiro","midland","toyota","bridgestone",,,"1:35.900",95900,,,,,,,,,4
751,2006,1,20,20,"20","22","takuma-sato","super-aguri","honda","bridgestone",,,"1:37.411",97411,,,,,,,,,6
751,2006,1,21,21,"21","23","yuji-ide","super-aguri","honda","bridgestone",,,"1:40.270",100270,,,,,,,,,6
751,2006,1,22,22,"22","3","kimi-raikkonen","mclaren","mercedes","michelin",,,,,,,,,,,,,2
752,2006,2,1,1,"1","2","giancarlo-fisichella","renault","renault","michelin",,,"1:35.488",95488,"1:33.623",93623,"1:33.840",93840,,,,,22
752,2006,2,2,2,"2","12","jenson-button","honda","honda","michelin",,,"1:35.023",95023,"1:33.527",93527,"1:33.986",93986,"+0.146",146,"+0.146",146,19
752,2006,2,3,3,"3","10","nico-rosberg","williams","cosworth","bridgestone",,,"1:35.105",95105,"1:34.563",94563,"1:34.626",94626,"+0.786",786,"+0.640",640,19
752,2006,2,4,4,"4","5","michael-schumacher","ferrari","ferrari","bridgestone",,,"1:35.810",95810,"1:34.574",94574,"1:34.668",94668,"+0.828",828,"+0.042",42,23
752,2006,2,5,5,"5","9","mark-webber","williams","cosworth","bridgestone",,,"1:35.252",95252,"1:34.279",94279,"1:34.672",94672,"+0.832",832,"+0.004",4,18
752,2006,2,6,6,"6","4","juan-pablo-montoya","mclaren","mercedes","michelin",,,"1:34.536",94536,"1:34.568",94568,"1:34.916",94916,"+1.076",1076,"+0.244",244,18
752,2006,2,7,7,"7","3","kimi-raikkonen","mclaren","mercedes","michelin",,,"1:34.667",94667,"1:34.351",94351,"1:34.983",94983,"+1.143",1143,"+0.067",67,18
752,2006,2,8,8,"8","1","fernando-alonso","renault","renault","michelin",,,"1:35.514",95514,"1:33.997",93997,"1:35.747",95747,"+1.907",1907,"+0.764",764,22
752,2006,2,9,9,"9","15","christian-klien","red-bull","ferrari","michelin",,,"1:35.171",95171,"1:34.537",94537,"1:38.715",98715,"+4.875",4875,"+2.968",2968,16
752,2006,2,10,10,"10","7","ralf-schumacher","toyota","toyota","bridgestone",,,"1:35.214",95214,"1:34.586",94586,,,,,,,10
752,2006,2,11,11,"11","14","david-coulthard","red-bull","ferrari","michelin",,,"1:34.839",94839,"1:34.614",94614,,,,,,,12
752,2006,2,12,12,"12","11","rubens-barrichello","honda","honda","michelin",,,"1:35.526",95526,"1:34.683",94683,,,,,,,14
752,2006,2,13,13,"13","8","jarno-trulli","toyota","toyota","bridgestone",,,"1:35.517",95517,"1:34.702",94702,,,,,,,12
752,2006,2,14,14,"14","17","jacques-villeneuve","bmw-sauber","bmw","michelin",,,"1:35.391",95391,"1:34.752",94752,,,,,,,10
752,2006,2,15,15,"15","16","nick-heidfeld","bmw-sauber","bmw","michelin",,,"1:35.588",95588,"1:34.783",94783,,,,,,,10
752,2006,2,16,16,"16","6","felipe-massa","ferrari","ferrari","bridgestone",,,"1:35.091",95091,,,,,,,,,3
752,2006,2,17,17,"17","21","scott-speed","toro-rosso","cosworth","michelin",,,"1:36.297",96297,,,,,,,,,6
752,2006,2,18,18,"18","20","vitantonio-liuzzi","toro-rosso","cosworth","michelin",,,"1:36.581",96581,,,,,,,,,7
752,2006,2,19,19,"19","19","christijan-albers","midland","toyota","bridgestone",,,"1:37.426",97426,,,,,,,,,7
752,2006,2,20,20,"20","18","tiago-monteiro","midland","toyota","bridgestone",,,"1:37.819",97819,,,,,,,,,6
752,2006,2,21,21,"21","22","takuma-sato","super-aguri","honda","bridgestone",,,"1:39.011",99011,,,,,,,,,6
752,2006,2,22,22,"22","23","yuji-ide","super-aguri","honda","bridgestone",,,"1:40.720",100720,,,,,,,,,6
753,2006,3,1,1,"1","12","jenson-button","honda","honda","michelin",,,"1:28.081",88081,"1:26.337",86337,"1:25.229",85229,,,,,25
753,2006,3,2,2,"2","2","giancarlo-fisichella","renault","renault","michelin",,,"1:27.765",87765,"1:26.196",86196,"1:25.635",85635,"+0.406",406,"+0.406",406,23
753,2006,3,3,3,"3","1","fernando-alonso","renault","renault","michelin",,,"1:28.569",88569,"1:25.729",85729,"1:25.778",85778,"+0.549",549,"+0.143",143,24
753,2006,3,4,4,"4","3","kimi-raikkonen","mclaren","mercedes","michelin",,,"1:27.193",87193,"1:26.161",86161,"1:25.822",85822,"+0.593",593,"+0.044",44,22
753,2006,3,5,5,"5","4","juan-pablo-montoya","mclaren","mercedes","michelin",,,"1:27.079",87079,"1:25.902",85902,"1:25.976",85976,"+0.747",747,"+0.154",154,22
753,2006,3,6,6,"6","7","ralf-schumacher","toyota","toyota","bridgestone",,,"1:28.007",88007,"1:26.596",86596,"1:26.612",86612,"+1.383",1383,"+0.636",636,28
753,2006,3,7,7,"7","9","mark-webber","williams","cosworth","bridgestone",,,"1:27.669",87669,"1:26.075",86075,"1:26.937",86937,"+1.708",1708,"+0.325",325,22
753,2006,3,8,8,"8","16","nick-heidfeld","bmw-sauber","bmw","michelin",,,"1:27.796",87796,"1:26.014",86014,"1:27.579",87579,"+2.350",2350,"+0.642",642,30
753,2006,3,9,9,"9","17","jacques-villeneuve","bmw-sauber","bmw","michelin",,,"1:28.460",88460,"1:26.714",86714,"1:29.239",89239,"+4.010",4010,"+1.660",1660,19
753,2006,3,10,10,"10","8","jarno-trulli","toyota","toyota","bridgestone",,,"1:27.748",87748,"1:26.327",86327,,,,,,,14
753,2006,3,11,11,"11","5","michael-schumacher","ferrari","ferrari","bridgestone",,,"1:28.228",88228,"1:26.718",86718,,,,,,,11
753,2006,3,12,12,"12","14","david-coulthard","red-bull","ferrari","michelin",,,"1:28.408",88408,"1:27.023",87023,,,,,,,11
753,2006,3,13,13,"13","20","vitantonio-liuzzi","toro-rosso","cosworth","michelin",,,"1:28.999",88999,"1:27.219",87219,,,,,,,18
753,2006,3,14,14,"14","15","christian-klien","red-bull","ferrari","michelin",,,"1:28.757",88757,"1:27.591",87591,,,,,,,14
753,2006,3,15,15,"15","10","nico-rosberg","williams","cosworth","bridgestone",,,"1:28.351",88351,"1:29.422",89422,,,,,,,11
753,2006,3,16,16,"16","6","felipe-massa","ferrari","ferrari","bridgestone",,,"1:28.868",88868,,,,,,,,,8
753,2006,3,17,17,"17","11","rubens-barrichello","honda","honda","michelin",,,"1:29.943",89943,,,,,,,,,6
753,2006,3,18,18,"18","19","christijan-albers","midland","toyota","bridgestone",,,"1:30.226",90226,,,,,,,,,8
753,2006,3,19,19,"19","21","scott-speed","toro-rosso","cosworth","michelin",,,"1:30.426",90426,,,,,,,,,9
753,2006,3,20,20,"20","18","tiago-monteiro","midland","toyota","bridgestone",,,"1:30.709",90709,,,,,,,,,7
753,2006,3,21,21,"21","22","takuma-sato","super-aguri","honda","bridgestone",,,"1:32.279",92279,,,,,,,,,7
753,2006,3,22,22,"22","23","yuji-ide","super-aguri","honda","bridgestone",,,"1:36.164",96164,,,,,,,,,7
754,2006,4,1,1,"1","5","michael-schumacher","ferrari","ferrari","bridgestone",,,"1:24.598",84598,"1:22.579",82579,"1:22.795",82795,,,,,22
754,2006,4,2,2,"2","12","jenson-button","honda","honda","michelin",,,"1:24.480",84480,"1:23.749",83749,"1:22.988",82988,"+0.193",193,"+0.193",193,20
754,2006,4,3,3,"3","11","rubens-barrichello","honda","honda","michelin",,,"1:24.727",84727,"1:23.760",83760,"1:23.242",83242,"+0.447",447,"+0.254",254,20
754,2006,4,4,4,"4","6","felipe-massa","ferrari","ferrari","bridgestone",,,"1:24.884",84884,"1:23.595",83595,"1:23.702",83702,"+0.907",907,"+0.460",460,22
754,2006,4,5,5,"5","1","fernando-alonso","renault","renault","michelin",,,"1:23.536",83536,"1:23.743",83743,"1:23.709",83709,"+0.914",914,"+0.007",7,21
754,2006,4,6,6,"6","7","ralf-schumacher","toyota","toyota","bridgestone",,,"1:24.370",84370,"1:23.565",83565,"1:23.772",83772,"+0.977",977,"+0.063",63,26
754,2006,4,7,7,"7","4","juan-pablo-montoya","mclaren","mercedes","michelin",,,"1:24.960",84960,"1:23.760",83760,"1:24.021",84021,"+1.226",1226,"+0.249",249,24
754,2006,4,8,8,"8","3","kimi-raikkonen","mclaren","mercedes","michelin",,,"1:24.259",84259,"1:23.190",83190,"1:24.158",84158,"+1.363",1363,"+0.137",137,21
754,2006,4,9,9,"9","8","jarno-trulli","toyota","toyota","bridgestone",,,"1:24.446",84446,"1:23.727",83727,"1:24.172",84172,"+1.377",1377,"+0.014",14,27
754,2006,4,10,10,"10","9","mark-webber","williams","cosworth","bridgestone",,,"1:24.992",84992,"1:23.718",83718,"1:24.795",84795,"+2.000",2000,"+0.623",623,21
754,2006,4,11,11,"11","2","giancarlo-fisichella","renault","renault","michelin",,,"1:24.434",84434,"1:23.771",83771,,,,,,,6
754,2006,4,12,12,"12","17","jacques-villeneuve","bmw-sauber","bmw","michelin",,,"1:25.081",85081,"1:23.887",83887,,,,,,,9
754,2006,4,13,13,"13","10","nico-rosberg","williams","cosworth","bridgestone",,,"1:24.495",84495,"1:23.966",83966,,,,,,,9
754,2006,4,14,14,"14","14","david-coulthard","red-bull","ferrari","michelin",,,"1:24.849",84849,"1:24.101",84101,,,,,,,12
754,2006,4,15,15,"15","16","nick-heidfeld","bmw-sauber","bmw","michelin",,,"1:25.410",85410,"1:24.129",84129,,,,,,,10
754,2006,4,16,16,"16","20","vitantonio-liuzzi","toro-rosso","cosworth","michelin",,,"1:24.879",84879,"1:24.520",84520,,,,,,,16
754,2006,4,17,17,"17","15","christian-klien","red-bull","ferrari","michelin",,,"1:25.410",85410,,,,,,,,,6
754,2006,4,18,18,"18","21","scott-speed","toro-rosso","cosworth","michelin",,,"1:25.437",85437,,,,,,,,,8
754,2006,4,19,19,"19","18","tiago-monteiro","midland","toyota","bridgestone",,,"1:26.820",86820,,,,,,,,,6
754,2006,4,20,20,"20","19","christijan-albers","midland","toyota","bridgestone",,,"1:27.088",87088,,,,,,,,,6
754,2006,4,21,21,"21","22","takuma-sato","super-aguri","honda","bridgestone",,,"1:27.609",87609,,,,,,,,,6
754,2006,4,22,22,"22","23","yuji-ide","super-aguri","honda","bridgestone",,,"1:29.282",89282,,,,,,,,,8
755,2006,5,1,1,"1","1","fernando-alonso","renault","renault","michelin",,,"1:31.138",91138,"1:30.336",90336,"1:29.819",89819,,,,,20
755,2006,5,2,2,"2","5","michael-schumacher","ferrari","ferrari","bridgestone",,,"1:31.235",91235,"1:30.013",90013,"1:30.028",90028,"+0.209",209,"+0.209",209,19
755,2006,5,3,3,"3","6","felipe-massa","ferrari","ferrari","bridgestone",,,"1:31.921",91921,"1:30.732",90732,"1:30.407",90407,"+0.588",588,"+0.379",379,21
755,2006,5,4,4,"4","11","rubens-barrichello","honda","honda","michelin",,,"1:31.671",91671,"1:30.469",90469,"1:30.754",90754,"+0.935",935,"+0.347",347,20
755,2006,5,5,5,"5","3","kimi-raikkonen","mclaren","mercedes","michelin",,,"1:31.263",91263,"1:30.203",90203,"1:30.933",90933,"+1.114",1114,"+0.179",179,20
755,2006,5,6,6,"6","12","jenson-button","honda","honda","michelin",,,"1:31.420",91420,"1:30.755",90755,"1:30.940",90940,"+1.121",1121,"+0.007",7,23
755,2006,5,7,7,"7","8","jarno-trulli","toyota","toyota","bridgestone",,,"1:31.809",91809,"1:30.733",90733,"1:31.419",91419,"+1.600",1600,"+0.479",479,26
755,2006,5,8,8,"8","4","juan-pablo-montoya","mclaren","mercedes","michelin",,,"1:31.774",91774,"1:30.671",90671,"1:31.880",91880,"+2.061",2061,"+0.461",461,22
755,2006,5,9,9,"9","9","mark-webber","williams","cosworth","bridgestone",,,"1:31.712",91712,"1:30.892",90892,"1:33.405",93405,"+3.586",3586,"+1.525",1525,20
755,2006,5,10,10,"10","17","jacques-villeneuve","bmw-sauber","bmw","michelin",,,"1:31.545",91545,"1:30.865",90865,"1:36.998",96998,"+7.179",7179,"+3.593",3593,22
755,2006,5,11,11,"11","7","ralf-schumacher","toyota","toyota","bridgestone",,,"1:31.470",91470,"1:30.944",90944,,,,,,,13
755,2006,5,12,12,"12","10","nico-rosberg","williams","cosworth","bridgestone",,,"1:32.053",92053,"1:31.194",91194,,,,,,,7
755,2006,5,13,13,"13","2","giancarlo-fisichella","renault","renault","michelin",,,"1:31.574",91574,"1:31.197",91197,,,,,,,9
755,2006,5,14,14,"14","14","david-coulthard","red-bull","ferrari","michelin",,,"1:31.742",91742,"1:31.227",91227,,,,,,,13
755,2006,5,15,15,"15","16","nick-heidfeld","bmw-sauber","bmw","michelin",,,"1:31.457",91457,"1:31.422",91422,,,,,,,9
755,2006,5,16,16,"16","20","vitantonio-liuzzi","toro-rosso","cosworth","michelin",,,"1:32.621",92621,"1:31.728",91728,,,,,,,12
755,2006,5,17,17,"17","15","christian-klien","red-bull","ferrari","michelin",,,"1:32.901",92901,,,,,,,,,7
755,2006,5,18,18,"18","19","christijan-albers","midland","toyota","bridgestone",,,"1:32.936",92936,,,,,,,,,5
755,2006,5,19,19,"19","21","scott-speed","toro-rosso","cosworth","michelin",,,"1:32.992",92992,,,,,,,,,7
755,2006,5,20,20,"20","18","tiago-monteiro","midland","toyota","bridgestone",,,"1:33.658",93658,,,,,,,,,6
755,2006,5,21,21,"21","22","takuma-sato","super-aguri","honda","bridgestone",,,"1:35.239",95239,,,,,,,,,4
755,2006,5,22,22,"22","23","franck-montagny","super-aguri","honda","bridgestone",,,"1:46.505",106505,,,,,,,,,4
756,2006,6,1,1,"1","1","fernando-alonso","renault","renault","michelin",,,"1:15.816",75816,"1:15.124",75124,"1:14.648",74648,,,,,22
756,2006,6,2,2,"2","2","giancarlo-fisichella","renault","renault","michelin",,,"1:16.046",76046,"1:14.766",74766,"1:14.709",74709,"+0.061",61,"+0.061",61,25
756,2006,6,3,3,"3","5","michael-schumacher","ferrari","ferrari","bridgestone",,,"1:16.049",76049,"1:14.637",74637,"1:14.970",74970,"+0.322",322,"+0.261",261,24
756,2006,6,4,4,"4","6","felipe-massa","ferrari","ferrari","bridgestone",,,"1:16.359",76359,"1:15.245",75245,"1:15.442",75442,"+0.794",794,"+0.472",472,22
756,2006,6,5,5,"5","11","rubens-barrichello","honda","honda","michelin",,,"1:16.266",76266,"1:15.258",75258,"1:15.885",75885,"+1.237",1237,"+0.443",443,23
756,2006,6,6,6,"6","7","ralf-schumacher","toyota","toyota","bridgestone",,,"1:16.234",76234,"1:15.164",75164,"1:15.885",75885,"+1.237",1237,"+0.000",0,28
756,2006,6,7,7,"7","8","jarno-trulli","toyota","toyota","bridgestone",,,"1:16.174",76174,"1:15.068",75068,"1:15.976",75976,"+1.328",1328,"+0.091",91,28
756,2006,6,8,8,"8","12","jenson-button","honda","honda","michelin",,,"1:16.054",76054,"1:15.150",75150,"1:16.008",76008,"+1.360",1360,"+0.032",32,24
756,2006,6,9,9,"9","3","kimi-raikkonen","mclaren","mercedes","michelin",,,"1:16.613",76613,"1:15.422",75422,"1:16.015",76015,"+1.367",1367,"+0.007",7,22
756,2006,6,10,10,"10","16","nick-heidfeld","bmw-sauber","bmw","michelin",,,"1:16.322",76322,"1:15.468",75468,"1:17.144",77144,"+2.496",2496,"+1.129",1129,25
756,2006,6,11,11,"11","9","mark-webber","williams","cosworth","bridgestone",,,"1:16.685",76685,"1:15.502",75502,,,,,,,9
756,2006,6,12,12,"12","4","juan-pablo-montoya","mclaren","mercedes","michelin",,,"1:16.195",76195,"1:15.801",75801,,,,,,,11
756,2006,6,13,13,"13","10","nico-rosberg","williams","cosworth","bridgestone",,,"1:17.213",77213,"1:15.804",75804,,,,,,,9
756,2006,6,14,14,"14","17","jacques-villeneuve","bmw-sauber","bmw","michelin",,,"1:16.066",76066,"1:15.847",75847,,,,,,,9
756,2006,6,15,15,"15","15","christian-klien","red-bull","ferrari","michelin",,,"1:16.627",76627,"1:15.928",75928,,,,,,,12
756,2006,6,16,16,"16","20","vitantonio-liuzzi","toro-rosso","cosworth","michelin",,,"1:17.105",77105,"1:16.661",76661,,,,,,,14
756,2006,6,17,17,"17","21","scott-speed","toro-rosso","cosworth","michelin",,,"1:17.361",77361,,,,,,,,,8
756,2006,6,18,18,"18","18","tiago-monteiro","midland","toyota","bridgestone",,,"1:17.702",77702,,,,,,,,,6
756,2006,6,19,19,"19","19","christijan-albers","midland","toyota","bridgestone",,,"1:18.024",78024,,,,,,,,,7
756,2006,6,20,20,"20","22","takuma-sato","super-aguri","honda","bridgestone",,,"1:18.920",78920,,,,,,,,,6
756,2006,6,21,21,"21","23","franck-montagny","super-aguri","honda","bridgestone",,,"1:20.763",80763,,,,,,,,,6
756,2006,6,22,22,"22","14","david-coulthard","red-bull","ferrari","michelin",,,,,,,,,,,,,2
757,2006,7,1,1,"1","1","fernando-alonso","renault","renault","michelin",,,"1:14.232",74232,"1:13.622",73622,"1:13.962",73962,,,,,25
757,2006,7,2,2,"2","9","mark-webber","williams","cosworth","bridgestone",,,"1:14.305",74305,"1:13.728",73728,"1:14.082",74082,"+0.120",120,"+0.120",120,31
757,2006,7,3,3,"3","3","kimi-raikkonen","mclaren","mercedes","michelin",,,"1:13.887",73887,"1:13.532",73532,"1:14.140",74140,"+0.178",178,"+0.058",58,26
757,2006,7,4,4,"4","4","juan-pablo-montoya","mclaren","mercedes","michelin",,,"1:14.483",74483,"1:14.295",74295,"1:14.664",74664,"+0.702",702,"+0.524",524,32
757,2006,7,5,5,"5","11","rubens-barrichello","honda","honda","michelin",,,"1:14.766",74766,"1:14.312",74312,"1:15.804",75804,"+1.842",1842,"+1.140",1140,31
757,2006,7,6,6,"6","8","jarno-trulli","toyota","toyota","bridgestone",,,"1:14.883",74883,"1:14.211",74211,"1:15.857",75857,"+1.895",1895,"+0.053",53,24
757,2006,7,7,7,"7","14","david-coulthard","red-bull","ferrari","michelin",,,"1:15.090",75090,"1:13.687",73687,"1:16.426",76426,"+2.464",2464,"+0.569",569,30
757,2006,7,8,8,"8","10","nico-rosberg","williams","cosworth","bridgestone",,,"1:14.888",74888,"1:13.909",73909,"1:16.636",76636,"+2.674",2674,"+0.210",210,33
757,2006,7,9,9,"9","2","giancarlo-fisichella","renault","renault","michelin",,,"1:14.614",74614,"1:13.647",73647,"1:17.260",77260,"+3.298",3298,"+0.624",624,26
757,2006,7,10,10,"10","7","ralf-schumacher","toyota","toyota","bridgestone",,,"1:14.412",74412,"1:14.398",74398,,,,,,,14
757,2006,7,11,11,"11","15","christian-klien","red-bull","ferrari","michelin",,,"1:14.489",74489,"1:14.747",74747,,,,,,,12
757,2006,7,12,12,"12","20","vitantonio-liuzzi","toro-rosso","cosworth","michelin",,,"1:15.314",75314,"1:14.969",74969,,,,,,,20
757,2006,7,13,13,"13","12","jenson-button","honda","honda","michelin",,,"1:15.085",75085,"1:14.982",74982,,,,,,,17
757,2006,7,14,14,"14","17","jacques-villeneuve","bmw-sauber","bmw","michelin",,,"1:15.316",75316,"1:15.052",75052,,,,,,,16
757,2006,7,15,15,"15","16","nick-heidfeld","bmw-sauber","bmw","michelin",,,"1:15.324",75324,"1:15.137",75137,,,,,,,20
757,2006,7,16,16,"16","19","christijan-albers","midland","toyota","bridgestone",,,"1:15.598",75598,,,,,,,,,8
757,2006,7,17,17,"17","18","tiago-monteiro","midland","toyota","bridgestone",,,"1:15.993",75993,,,,,,,,,8
757,2006,7,18,18,"18","21","scott-speed","toro-rosso","cosworth","michelin",,,"1:16.236",76236,,,,,,,,,7
757,2006,7,19,19,"19","22","takuma-sato","super-aguri","honda","bridgestone",,,"1:17.276",77276,,,,,,,,,6
757,2006,7,20,20,"20","23","franck-montagny","super-aguri","honda","bridgestone",,,"1:17.502",77502,,,,,,,,,7
757,2006,7,21,21,"21","6","felipe-massa","ferrari","ferrari","bridgestone",,,,,,,,,,,,,2
757,2006,7,22,,"EX","5","michael-schumacher","ferrari","ferrari","bridgestone",,,,,,,,,,,,,
758,2006,8,1,1,"1","1","fernando-alonso","renault","renault","michelin",,,"1:21.018",81018,"1:20.271",80271,"1:20.253",80253,,,,,24
758,2006,8,2,2,"2","3","kimi-raikkonen","mclaren","mercedes","michelin",,,"1:21.648",81648,"1:20.497",80497,"1:20.397",80397,"+0.144",144,"+0.144",144,24
758,2006,8,3,3,"3","5","michael-schumacher","ferrari","ferrari","bridgestone",,,"1:22.096",82096,"1:20.659",80659,"1:20.574",80574,"+0.321",321,"+0.177",177,22
758,2006,8,4,4,"4","6","felipe-massa","ferrari","ferrari","bridgestone",,,"1:21.647",81647,"1:20.846",80846,"1:20.764",80764,"+0.511",511,"+0.190",190,21
758,2006,8,5,5,"5","2","giancarlo-fisichella","renault","renault","michelin",,,"1:22.411",82411,"1:20.594",80594,"1:20.919",80919,"+0.666",666,"+0.155",155,21
758,2006,8,6,6,"6","11","rubens-barrichello","honda","honda","michelin",,,"1:22.965",82965,"1:20.929",80929,"1:20.943",80943,"+0.690",690,"+0.024",24,24
758,2006,8,7,7,"7","7","ralf-schumacher","toyota","toyota","bridgestone",,,"1:22.886",82886,"1:21.043",81043,"1:21.073",81073,"+0.820",820,"+0.130",130,28
758,2006,8,8,8,"8","4","juan-pablo-montoya","mclaren","mercedes","michelin",,,"1:22.169",82169,"1:20.816",80816,"1:21.107",81107,"+0.854",854,"+0.034",34,23
758,2006,8,9,9,"9","16","nick-heidfeld","bmw-sauber","bmw","michelin",,,"1:21.670",81670,"1:20.629",80629,"1:21.329",81329,"+1.076",1076,"+0.222",222,28
758,2006,8,10,10,"10","17","jacques-villeneuve","bmw-sauber","bmw","michelin",,,"1:21.637",81637,"1:20.672",80672,"1:21.599",81599,"+1.346",1346,"+0.270",270,21
758,2006,8,11,11,"11","14","david-coulthard","red-bull","ferrari","michelin",,,"1:22.424",82424,"1:21.442",81442,,,,,,,12
758,2006,8,12,12,"12","10","nico-rosberg","williams","cosworth","bridgestone",,,"1:23.083",83083,"1:21.567",81567,,,,,,,9
758,2006,8,13,13,"13","20","vitantonio-liuzzi","toro-rosso","cosworth","michelin",,,"1:22.685",82685,"1:21.699",81699,,,,,,,13
758,2006,8,14,14,"14","15","christian-klien","red-bull","ferrari","michelin",,,"1:22.773",82773,"1:21.990",81990,,,,,,,12
758,2006,8,15,15,"15","21","scott-speed","toro-rosso","cosworth","michelin",,,"1:22.541",82541,"1:22.076",82076,,,,,,,11
758,2006,8,16,16,"16","18","tiago-monteiro","midland","toyota","bridgestone",,,"1:22.860",82860,"1:22.207",82207,,,,,,,10
758,2006,8,17,17,"17","9","mark-webber","williams","cosworth","bridgestone",,,"1:23.129",83129,,,,,,,,,3
758,2006,8,18,18,"18","19","christijan-albers","midland","toyota","bridgestone",,,"1:23.210",83210,,,,,,,,,7
758,2006,8,19,19,"19","12","jenson-button","honda","honda","michelin",,,"1:23.247",83247,,,,,,,,,3
758,2006,8,20,20,"20","22","takuma-sato","super-aguri","honda","bridgestone",,,"1:26.158",86158,,,,,,,,,6
758,2006,8,21,21,"21","23","franck-montagny","super-aguri","honda","bridgestone",,,"1:26.316",86316,,,,,,,,,6
758,2006,8,22,22,"22","8","jarno-trulli","toyota","toyota","bridgestone",,,,,,,,,,,,,2
759,2006,9,1,1,"1","1","fernando-alonso","renault","renault","michelin",,,"1:15.350",75350,"1:14.726",74726,"1:14.942",74942,,,,,23
759,2006,9,2,2,"2","2","giancarlo-fisichella","renault","renault","michelin",,,"1:15.917",75917,"1:15.295",75295,"1:15.178",75178,"+0.236",236,"+0.236",236,22
759,2006,9,3,3,"3","3","kimi-raikkonen","mclaren","mercedes","michelin",,,"1:15.376",75376,"1:15.273",75273,"1:15.386",75386,"+0.444",444,"+0.208",208,30
759,2006,9,4,4,"4","8","jarno-trulli","toyota","toyota","bridgestone",,,"1:16.455",76455,"1:15.506",75506,"1:15.968",75968,"+1.026",1026,"+0.582",582,29
759,2006,9,5,5,"5","5","michael-schumacher","ferrari","ferrari","bridgestone",,,"1:15.716",75716,"1:15.139",75139,"1:15.986",75986,"+1.044",1044,"+0.018",18,24
759,2006,9,6,6,"6","10","nico-rosberg","williams","cosworth","bridgestone",,,"1:16.404",76404,"1:15.269",75269,"1:16.012",76012,"+1.070",1070,"+0.026",26,28
759,2006,9,7,7,"7","4","juan-pablo-montoya","mclaren","mercedes","michelin",,,"1:16.251",76251,"1:15.253",75253,"1:16.228",76228,"+1.286",1286,"+0.216",216,26
759,2006,9,8,8,"8","12","jenson-button","honda","honda","michelin",,,"1:16.594",76594,"1:15.814",75814,"1:16.608",76608,"+1.666",1666,"+0.380",380,30
759,2006,9,9,9,"9","11","rubens-barrichello","honda","honda","michelin",,,"1:16.735",76735,"1:15.601",75601,"1:16.912",76912,"+1.970",1970,"+0.304",304,31
759,2006,9,10,10,"10","6","felipe-massa","ferrari","ferrari","bridgestone",,,"1:16.259",76259,"1:15.555",75555,"1:17.209",77209,"+2.267",2267,"+0.297",297,24
759,2006,9,11,11,"11","17","jacques-villeneuve","bmw-sauber","bmw","michelin",,,"1:16.493",76493,"1:15.832",75832,,,,,,,10
759,2006,9,12,12,"12","15","christian-klien","red-bull","ferrari","michelin",,,"1:16.585",76585,"1:15.833",75833,,,,,,,12
759,2006,9,13,13,"13","16","nick-heidfeld","bmw-sauber","bmw","michelin",,,"1:15.906",75906,"1:15.885",75885,,,,,,,11
759,2006,9,14,14,"14","7","ralf-schumacher","toyota","toyota","bridgestone",,,"1:16.702",76702,"1:15.888",75888,,,,,,,12
759,2006,9,15,15,"15","20","vitantonio-liuzzi","toro-rosso","cosworth","michelin",,,"1:16.581",76581,"1:16.116",76116,,,,,,,16
759,2006,9,16,16,"16","14","david-coulthard","red-bull","ferrari","michelin",,,"1:16.514",76514,"1:16.301",76301,,,,,,,11
759,2006,9,17,17,"17","9","mark-webber","williams","cosworth","bridgestone",,,"1:16.985",76985,,,,,,,,,7
759,2006,9,18,18,"18","21","scott-speed","toro-rosso","cosworth","michelin",,,"1:17.016",77016,,,,,,,,,7
759,2006,9,19,19,"19","18","tiago-monteiro","midland","toyota","bridgestone",,,"1:17.121",77121,,,,,,,,,8
759,2006,9,20,20,"20","19","christijan-albers","midland","toyota","bridgestone",,,"1:17.140",77140,,,,,,,,,7
759,2006,9,21,21,"21","22","takuma-sato","super-aguri","honda","bridgestone",,,"1:19.088",79088,,,,,,,,,6
759,2006,9,22,22,"22","23","franck-montagny","super-aguri","honda","bridgestone",,,"1:19.152",79152,,,,,,,,,7
760,2006,10,1,1,"1","5","michael-schumacher","ferrari","ferrari","bridgestone",,,"1:11.588",71588,"1:10.636",70636,"1:10.832",70832,,,,,23
760,2006,10,2,2,"2","6","felipe-massa","ferrari","ferrari","bridgestone",,,"1:11.088",71088,"1:11.146",71146,"1:11.435",71435,"+0.603",603,"+0.603",603,23
760,2006,10,3,3,"3","2","giancarlo-fisichella","renault","renault","michelin",,,"1:12.287",72287,"1:11.200",71200,"1:11.920",71920,"+1.088",1088,"+0.485",485,27
760,2006,10,4,4,"4","11","rubens-barrichello","honda","honda","michelin",,,"1:12.156",72156,"1:11.263",71263,"1:12.109",72109,"+1.277",1277,"+0.189",189,29
760,2006,10,5,5,"5","1","fernando-alonso","renault","renault","michelin",,,"1:12.416",72416,"1:11.877",71877,"1:12.449",72449,"+1.617",1617,"+0.340",340,26
760,2006,10,6,6,"6","17","jacques-villeneuve","bmw-sauber","bmw","michelin",,,"1:12.114",72114,"1:11.724",71724,"1:12.479",72479,"+1.647",1647,"+0.030",30,26
760,2006,10,7,7,"7","12","jenson-button","honda","honda","michelin",,,"1:12.238",72238,"1:11.865",71865,"1:12.523",72523,"+1.691",1691,"+0.044",44,29
760,2006,10,8,8,"8","7","ralf-schumacher","toyota","toyota","bridgestone",,,"1:11.879",71879,"1:11.673",71673,"1:12.795",72795,"+1.963",1963,"+0.272",272,29
760,2006,10,9,9,"9","3","kimi-raikkonen","mclaren","mercedes","michelin",,,"1:12.777",72777,"1:12.135",72135,"1:13.174",73174,"+2.342",2342,"+0.379",379,31
760,2006,10,10,10,"10","16","nick-heidfeld","bmw-sauber","bmw","michelin",,,"1:11.891",71891,"1:11.718",71718,"1:15.280",75280,"+4.448",4448,"+2.106",2106,16
760,2006,10,11,11,"11","4","juan-pablo-montoya","mclaren","mercedes","michelin",,,"1:12.477",72477,"1:12.150",72150,,,,,,,12
760,2006,10,12,12,"12","9","mark-webber","williams","cosworth","bridgestone",,,"1:12.935",72935,"1:12.292",72292,,,,,,,13
760,2006,10,13,13,"13","21","scott-speed","toro-rosso","cosworth","michelin",,,"1:13.167",73167,"1:12.792",72792,,,,,,,14
760,2006,10,14,14,"14","19","christijan-albers","midland","toyota","bridgestone",,,"1:12.711",72711,"1:12.854",72854,,,,,,,9
760,2006,10,15,15,"15","18","tiago-monteiro","midland","toyota","bridgestone",,,"1:12.627",72627,"1:12.864",72864,,,,,,,9
760,2006,10,16,16,"16","15","christian-klien","red-bull","ferrari","michelin",,,"1:12.773",72773,"1:12.925",72925,,,,,,,12
760,2006,10,17,17,"17","14","david-coulthard","red-bull","ferrari","michelin",,,"1:13.180",73180,,,,,,,,,6
760,2006,10,18,18,"18","22","takuma-sato","super-aguri","honda","bridgestone",,,"1:13.496",73496,,,,,,,,,6
760,2006,10,19,19,"19","10","nico-rosberg","williams","cosworth","bridgestone",,,"1:13.506",73506,,,,,,,,,7
760,2006,10,20,20,"20","8","jarno-trulli","toyota","toyota","bridgestone",,,"1:13.787",73787,,,,,,,,,3
760,2006,10,21,21,"21","20","vitantonio-liuzzi","toro-rosso","cosworth","michelin",,,"1:14.041",74041,,,,,,,,,10
760,2006,10,22,22,"22","23","franck-montagny","super-aguri","honda","bridgestone",,,"1:16.036",76036,,,,,,,,,4
761,2006,11,1,1,"1","5","michael-schumacher","ferrari","ferrari","bridgestone",,,"1:15.865",75865,"1:15.111",75111,"1:15.493",75493,,,,,19
761,2006,11,2,2,"2","6","felipe-massa","ferrari","ferrari","bridgestone",,,"1:16.277",76277,"1:15.679",75679,"1:15.510",75510,"+0.017",17,"+0.017",17,18
761,2006,11,3,3,"3","1","fernando-alonso","renault","renault","michelin",,,"1:16.328",76328,"1:15.706",75706,"1:15.785",75785,"+0.292",292,"+0.275",275,18
761,2006,11,4,4,"4","8","jarno-trulli","toyota","toyota","bridgestone",,,"1:15.550",75550,"1:15.776",75776,"1:16.036",76036,"+0.543",543,"+0.251",251,21
761,2006,11,5,5,"5","7","ralf-schumacher","toyota","toyota","bridgestone",,,"1:15.949",75949,"1:15.625",75625,"1:16.091",76091,"+0.598",598,"+0.055",55,21
761,2006,11,6,6,"6","3","kimi-raikkonen","mclaren","mercedes","michelin",,,"1:16.154",76154,"1:15.742",75742,"1:16.281",76281,"+0.788",788,"+0.190",190,20
761,2006,11,7,7,"7","2","giancarlo-fisichella","renault","renault","michelin",,,"1:16.825",76825,"1:15.901",75901,"1:16.345",76345,"+0.852",852,"+0.064",64,18
761,2006,11,8,8,"8","4","pedro-de-la-rosa","mclaren","mercedes","michelin",,,"1:16.679",76679,"1:15.902",75902,"1:16.632",76632,"+1.139",1139,"+0.287",287,23
761,2006,11,9,9,"9","10","nico-rosberg","williams","cosworth","bridgestone",,,"1:16.534",76534,"1:15.926",75926,"1:18.272",78272,"+2.779",2779,"+1.640",1640,24
761,2006,11,10,10,"10","14","david-coulthard","red-bull","ferrari","michelin",,,"1:16.350",76350,"1:15.974",75974,"1:18.663",78663,"+3.170",3170,"+0.391",391,24
761,2006,11,11,11,"11","9","mark-webber","williams","cosworth","bridgestone",,,"1:16.531",76531,"1:16.129",76129,,,,,,,12
761,2006,11,12,12,"12","16","nick-heidfeld","bmw-sauber","bmw","michelin",,,"1:16.686",76686,"1:16.294",76294,,,,,,,13
761,2006,11,13,13,"13","15","christian-klien","red-bull","ferrari","michelin",,,"1:16.921",76921,"1:16.433",76433,,,,,,,12
761,2006,11,14,14,"14","11","rubens-barrichello","honda","honda","michelin",,,"1:17.022",77022,"1:17.027",77027,,,,,,,12
761,2006,11,15,15,"15","21","scott-speed","toro-rosso","cosworth","michelin",,,"1:17.117",77117,"1:17.063",77063,,,,,,,17
761,2006,11,16,16,"16","19","christijan-albers","midland","toyota","bridgestone",,,"1:16.962",76962,"1:17.105",77105,,,,,,,11
761,2006,11,17,17,"17","20","vitantonio-liuzzi","toro-rosso","cosworth","michelin",,,"1:17.164",77164,,,,,,,,,8
761,2006,11,18,18,"18","17","jacques-villeneuve","bmw-sauber","bmw","michelin",,,"1:17.304",77304,,,,,,,,,3
761,2006,11,19,19,"19","12","jenson-button","honda","honda","michelin",,,"1:17.495",77495,,,,,,,,,7
761,2006,11,20,20,"20","18","tiago-monteiro","midland","toyota","bridgestone",,,"1:17.589",77589,,,,,,,,,7
761,2006,11,21,21,"21","23","franck-montagny","super-aguri","honda","bridgestone",,,"1:18.637",78637,,,,,,,,,6
761,2006,11,22,22,"22","22","takuma-sato","super-aguri","honda","bridgestone",,,"1:18.845",78845,,,,,,,,,6
762,2006,12,1,1,"1","3","kimi-raikkonen","mclaren","mercedes","michelin",,,"1:15.214",75214,"1:14.410",74410,"1:14.070",74070,,,,,19
762,2006,12,2,2,"2","5","michael-schumacher","ferrari","ferrari","bridgestone",,,"1:14.904",74904,"1:13.778",73778,"1:14.205",74205,"+0.135",135,"+0.135",135,18
762,2006,12,3,3,"3","6","felipe-massa","ferrari","ferrari","bridgestone",,,"1:14.412",74412,"1:14.094",74094,"1:14.569",74569,"+0.499",499,"+0.364",364,18
762,2006,12,4,4,"4","12","jenson-button","honda","honda","michelin",,,"1:15.869",75869,"1:14.378",74378,"1:14.862",74862,"+0.792",792,"+0.293",293,23
762,2006,12,5,5,"5","2","giancarlo-fisichella","renault","renault","michelin",,,"1:15.916",75916,"1:14.540",74540,"1:14.894",74894,"+0.824",824,"+0.032",32,21
762,2006,12,6,6,"6","11","rubens-barrichello","honda","honda","michelin",,,"1:15.757",75757,"1:14.652",74652,"1:14.934",74934,"+0.864",864,"+0.040",40,24
762,2006,12,7,7,"7","1","fernando-alonso","renault","renault","michelin",,,"1:15.518",75518,"1:14.746",74746,"1:15.282",75282,"+1.212",1212,"+0.348",348,21
762,2006,12,8,8,"8","7","ralf-schumacher","toyota","toyota","bridgestone",,,"1:15.789",75789,"1:14.743",74743,"1:15.923",75923,"+1.853",1853,"+0.641",641,21
762,2006,12,9,9,"9","4","pedro-de-la-rosa","mclaren","mercedes","michelin",,,"1:15.655",75655,"1:15.021",75021,"1:15.936",75936,"+1.866",1866,"+0.013",13,20
762,2006,12,10,10,"10","14","david-coulthard","red-bull","ferrari","michelin",,,"1:15.836",75836,"1:14.826",74826,"1:16.326",76326,"+2.256",2256,"+0.390",390,25
762,2006,12,11,11,"11","9","mark-webber","williams","cosworth","bridgestone",,,"1:15.719",75719,"1:15.094",75094,,,,,,,14
762,2006,12,12,12,"12","15","christian-klien","red-bull","ferrari","michelin",,,"1:15.816",75816,"1:15.141",75141,,,,,,,14
762,2006,12,13,13,"13","8","jarno-trulli","toyota","toyota","bridgestone",,,"1:15.430",75430,"1:15.150",75150,,,,,,,12
762,2006,12,14,14,"14","17","jacques-villeneuve","bmw-sauber","bmw","michelin",,,"1:16.281",76281,"1:15.329",75329,,,,,,,13
762,2006,12,15,15,"15","10","nico-rosberg","williams","cosworth","bridgestone",,,"1:16.183",76183,"1:15.380",75380,,,,,,,14
762,2006,12,16,16,"16","16","nick-heidfeld","bmw-sauber","bmw","michelin",,,"1:16.234",76234,"1:15.397",75397,,,,,,,13
762,2006,12,17,17,"17","20","vitantonio-liuzzi","toro-rosso","cosworth","michelin",,,"1:16.399",76399,,,,,,,,,9
762,2006,12,18,18,"18","19","christijan-albers","midland","toyota","bridgestone",,,"1:17.093",77093,,,,,,,,,5
762,2006,12,19,19,"19","22","takuma-sato","super-aguri","honda","bridgestone",,,"1:17.185",77185,,,,,,,,,5
762,2006,12,20,20,"20","18","tiago-monteiro","midland","toyota","bridgestone",,,"1:17.836",77836,,,,,,,,,6
762,2006,12,21,21,"21","23","sakon-yamamoto","super-aguri","honda","bridgestone",,,"1:20.444",80444,,,,,,,,,5
762,2006,12,22,22,"22","21","scott-speed","toro-rosso","cosworth","michelin",,,,,,,,,,,,,2
763,2006,13,1,1,"1","3","kimi-raikkonen","mclaren","mercedes","michelin",,,"1:20.080",80080,"1:19.704",79704,"1:19.599",79599,,,,,17
763,2006,13,2,2,"2","6","felipe-massa","ferrari","ferrari","bridgestone",,,"1:19.742",79742,"1:19.504",79504,"1:19.886",79886,"+0.287",287,"+0.287",287,17
763,2006,13,3,3,"3","11","rubens-barrichello","honda","honda","michelin",,,"1:21.141",81141,"1:19.783",79783,"1:20.085",80085,"+0.486",486,"+0.199",199,22
763,2006,13,4,4,"4","12","jenson-button","honda","honda","michelin",,,"1:20.820",80820,"1:19.943",79943,"1:20.092",80092,"+0.493",493,"+0.007",7,22
763,2006,13,5,5,"5","4","pedro-de-la-rosa","mclaren","mercedes","michelin",,,"1:21.288",81288,"1:19.991",79991,"1:20.117",80117,"+0.518",518,"+0.025",25,19
763,2006,13,6,6,"6","9","mark-webber","williams","cosworth","bridgestone",,,"1:21.335",81335,"1:20.047",80047,"1:20.266",80266,"+0.667",667,"+0.149",149,23
763,2006,13,7,7,"7","7","ralf-schumacher","toyota","toyota","bridgestone",,,"1:21.112",81112,"1:20.243",80243,"1:20.759",80759,"+1.160",1160,"+0.493",493,23
763,2006,13,8,8,"8","2","giancarlo-fisichella","renault","renault","michelin",,,"1:21.370",81370,"1:20.154",80154,"1:20.924",80924,"+1.325",1325,"+0.165",165,22
763,2006,13,9,9,"9","8","jarno-trulli","toyota","toyota","bridgestone",,,"1:21.434",81434,"1:20.231",80231,"1:21.132",81132,"+1.533",1533,"+0.208",208,23
763,2006,13,10,10,"10","17","robert-kubica","bmw-sauber","bmw","michelin",,,"1:20.891",80891,"1:20.256",80256,"1:22.049",82049,"+2.450",2450,"+0.917",917,21
763,2006,13,11,11,"11","16","nick-heidfeld","bmw-sauber","bmw","michelin",,,"1:21.437",81437,"1:20.623",80623,,,,,,,10
763,2006,13,12,12,"12","5","michael-schumacher","ferrari","ferrari","bridgestone",,,"1:21.440",81440,"1:20.875",80875,,,,,,,9
763,2006,13,13,13,"13","14","david-coulthard","red-bull","ferrari","michelin",,,"1:21.163",81163,"1:20.890",80890,,,,,,,11
763,2006,13,14,14,"14","15","christian-klien","red-bull","ferrari","michelin",,,"1:22.027",82027,"1:21.207",81207,,,,,,,10
763,2006,13,15,15,"15","1","fernando-alonso","renault","renault","michelin",,,"1:21.792",81792,"1:21.364",81364,,,,,,,12
763,2006,13,16,16,"16","18","tiago-monteiro","midland","toyota","bridgestone",,,"1:22.009",82009,"1:23.767",83767,,,,,,,9
763,2006,13,17,17,"17","20","vitantonio-liuzzi","toro-rosso","cosworth","michelin",,,"1:22.068",82068,,,,,,,,,7
763,2006,13,18,18,"18","10","nico-rosberg","williams","cosworth","bridgestone",,,"1:22.084",82084,,,,,,,,,6
763,2006,13,19,19,"19","21","scott-speed","toro-rosso","cosworth","michelin",,,"1:22.317",82317,,,,,,,,,8
763,2006,13,20,20,"20","22","takuma-sato","super-aguri","honda","bridgestone",,,"1:22.967",82967,,,,,,,,,6
763,2006,13,21,21,"21","19","christijan-albers","midland","toyota","bridgestone",,,"1:23.146",83146,,,,,,,,,6
763,2006,13,22,22,"22","23","sakon-yamamoto","super-aguri","honda","bridgestone",,,"1:24.016",84016,,,,,,,,,6
764,2006,14,1,1,"1","6","felipe-massa","ferrari","ferrari","bridgestone",,,"1:27.306",87306,"1:27.059",87059,"1:26.907",86907,,,,,17
764,2006,14,2,2,"2","5","michael-schumacher","ferrari","ferrari","bridgestone",,,"1:27.385",87385,"1:25.850",85850,"1:27.284",87284,"+0.377",377,"+0.377",377,17
764,2006,14,3,3,"3","1","fernando-alonso","renault","renault","michelin",,,"1:27.861",87861,"1:26.917",86917,"1:27.321",87321,"+0.414",414,"+0.037",37,20
764,2006,14,4,4,"4","2","giancarlo-fisichella","renault","renault","michelin",,,"1:28.175",88175,"1:27.346",87346,"1:27.564",87564,"+0.657",657,"+0.243",243,19
764,2006,14,5,5,"5","7","ralf-schumacher","toyota","toyota","bridgestone",,,"1:27.668",87668,"1:27.062",87062,"1:27.569",87569,"+0.662",662,"+0.005",5,20
764,2006,14,6,6,"6","16","nick-heidfeld","bmw-sauber","bmw","michelin",,,"1:28.200",88200,"1:27.251",87251,"1:27.785",87785,"+0.878",878,"+0.216",216,20
764,2006,14,7,7,"7","12","jenson-button","honda","honda","michelin",,,"1:28.222",88222,"1:26.872",86872,"1:27.790",87790,"+0.883",883,"+0.005",5,23
764,2006,14,8,8,"8","3","kimi-raikkonen","mclaren","mercedes","michelin",,,"1:28.236",88236,"1:27.202",87202,"1:27.866",87866,"+0.959",959,"+0.076",76,19
764,2006,14,9,9,"9","17","robert-kubica","bmw-sauber","bmw","michelin",,,"1:28.212",88212,"1:27.405",87405,"1:28.167",88167,"+1.260",1260,"+0.301",301,20
764,2006,14,10,10,"10","9","mark-webber","williams","cosworth","bridgestone",,,"1:28.307",88307,"1:27.608",87608,"1:29.436",89436,"+2.529",2529,"+1.269",1269,22
764,2006,14,11,11,"11","15","christian-klien","red-bull","ferrari","michelin",,,"1:28.271",88271,"1:27.852",87852,,,,,,,12
764,2006,14,12,12,"12","4","pedro-de-la-rosa","mclaren","mercedes","michelin",,,"1:28.403",88403,"1:27.897",87897,,,,,,,11
764,2006,14,13,13,"13","8","jarno-trulli","toyota","toyota","bridgestone",,,"1:28.549",88549,"1:27.973",87973,,,,,,,12
764,2006,14,14,14,"14","11","rubens-barrichello","honda","honda","michelin",,,"1:28.411",88411,"1:28.257",88257,,,,,,,12
764,2006,14,15,15,"15","10","nico-rosberg","williams","cosworth","bridgestone",,,"1:28.889",88889,"1:28.386",88386,,,,,,,12
764,2006,14,16,16,"16","19","christijan-albers","midland","toyota","bridgestone",,,"1:29.021",89021,"1:28.639",88639,,,,,,,12
764,2006,14,17,17,"17","14","david-coulthard","red-bull","ferrari","michelin",,,"1:29.136",89136,,,,,,,,,7
764,2006,14,18,18,"18","21","scott-speed","toro-rosso","cosworth","michelin",,,"1:29.158",89158,,,,,,,,,9
764,2006,14,19,19,"19","20","vitantonio-liuzzi","toro-rosso","cosworth","michelin",,,"1:29.250",89250,,,,,,,,,8
764,2006,14,20,20,"20","18","tiago-monteiro","midland","toyota","bridgestone",,,"1:29.901",89901,,,,,,,,,8
764,2006,14,21,21,"21","23","sakon-yamamoto","super-aguri","honda","bridgestone",,,"1:30.607",90607,,,,,,,,,7
764,2006,14,22,22,"22","22","takuma-sato","super-aguri","honda","bridgestone",,,"1:30.850",90850,,,,,,,,,5
765,2006,15,1,1,"1","3","kimi-raikkonen","mclaren","mercedes","michelin",,,"1:21.994",81994,"1:21.349",81349,"1:21.484",81484,,,,,18
765,2006,15,2,2,"2","5","michael-schumacher","ferrari","ferrari","bridgestone",,,"1:21.711",81711,"1:21.353",81353,"1:21.486",81486,"+0.002",2,"+0.002",2,17
765,2006,15,3,3,"3","16","nick-heidfeld","bmw-sauber","bmw","michelin",,,"1:21.764",81764,"1:21.425",81425,"1:21.653",81653,"+0.169",169,"+0.167",167,20
765,2006,15,4,4,"4","6","felipe-massa","ferrari","ferrari","bridgestone",,,"1:22.028",82028,"1:21.225",81225,"1:21.704",81704,"+0.220",220,"+0.051",51,17
765,2006,15,5,5,"5","12","jenson-button","honda","honda","michelin",,,"1:22.512",82512,"1:21.572",81572,"1:22.011",82011,"+0.527",527,"+0.307",307,21
765,2006,15,6,6,"6","17","robert-kubica","bmw-sauber","bmw","michelin",,,"1:22.437",82437,"1:21.270",81270,"1:22.258",82258,"+0.774",774,"+0.247",247,21
765,2006,15,7,7,"7","4","pedro-de-la-rosa","mclaren","mercedes","michelin",,,"1:22.422",82422,"1:21.878",81878,"1:22.280",82280,"+0.796",796,"+0.022",22,22
765,2006,15,8,8,"8","11","rubens-barrichello","honda","honda","michelin",,,"1:22.640",82640,"1:21.688",81688,"1:22.787",82787,"+1.303",1303,"+0.507",507,21
765,2006,15,9,9,"9","2","giancarlo-fisichella","renault","renault","michelin",,,"1:22.486",82486,"1:21.722",81722,"1:23.175",83175,"+1.691",1691,"+0.388",388,21
765,2006,15,10,10,"10","1","fernando-alonso","renault","renault","michelin",,,"1:21.747",81747,"1:21.526",81526,"1:25.688",85688,"+4.204",4204,"+2.513",2513,17
765,2006,15,11,11,"11","8","jarno-trulli","toyota","toyota","bridgestone",,,"1:22.093",82093,"1:21.924",81924,,,,,,,12
765,2006,15,12,12,"12","10","nico-rosberg","williams","cosworth","bridgestone",,,"1:22.581",82581,"1:22.203",82203,,,,,,,11
765,2006,15,13,13,"13","7","ralf-schumacher","toyota","toyota","bridgestone",,,"1:22.622",82622,"1:22.280",82280,,,,,,,13
765,2006,15,14,14,"14","14","david-coulthard","red-bull","ferrari","michelin",,,"1:22.618",82618,"1:22.589",82589,,,,,,,14
765,2006,15,15,15,"15","21","scott-speed","toro-rosso","cosworth","michelin",,,"1:22.943",82943,"1:23.165",83165,,,,,,,17
765,2006,15,16,16,"16","15","christian-klien","red-bull","ferrari","michelin",,,"1:22.898",82898,,,,,,,,,6
765,2006,15,17,17,"17","20","vitantonio-liuzzi","toro-rosso","cosworth","michelin",,,"1:23.043",83043,,,,,,,,,9
765,2006,15,18,18,"18","19","christijan-albers","midland","toyota","bridgestone",,,"1:23.116",83116,,,,,,,,,5
765,2006,15,19,19,"19","9","mark-webber","williams","cosworth","bridgestone",,,"1:23.341",83341,,,,,,,,,6
765,2006,15,20,20,"20","18","tiago-monteiro","midland","toyota","bridgestone",,,"1:23.920",83920,,,,,,,,,5
765,2006,15,21,21,"21","22","takuma-sato","super-aguri","honda","bridgestone",,,"1:24.289",84289,,,,,,,,,8
765,2006,15,22,22,"22","23","sakon-yamamoto","super-aguri","honda","bridgestone",,,"1:26.001",86001,,,,,,,,,4
766,2006,16,1,1,"1","1","fernando-alonso","renault","renault","michelin",,,"1:44.128",104128,"1:43.951",103951,"1:44.360",104360,,,,,21
766,2006,16,2,2,"2","2","giancarlo-fisichella","renault","renault","michelin",,,"1:44.378",104378,"1:44.336",104336,"1:44.992",104992,"+0.632",632,"+0.632",632,19
766,2006,16,3,3,"3","11","rubens-barrichello","honda","honda","michelin",,,"1:47.072",107072,"1:45.288",105288,"1:45.503",105503,"+1.143",1143,"+0.511",511,26
766,2006,16,4,4,"4","12","jenson-button","honda","honda","michelin",,,"1:45.809",105809,"1:44.662",104662,"1:45.503",105503,"+1.143",1143,"+0.000",0,27
766,2006,16,5,5,"5","3","kimi-raikkonen","mclaren","mercedes","michelin",,,"1:44.909",104909,"1:45.622",105622,"1:45.754",105754,"+1.394",1394,"+0.251",251,22
766,2006,16,6,6,"6","5","michael-schumacher","ferrari","ferrari","bridgestone",,,"1:47.366",107366,"1:45.660",105660,"1:45.775",105775,"+1.415",1415,"+0.021",21,24
766,2006,16,7,7,"7","4","pedro-de-la-rosa","mclaren","mercedes","michelin",,,"1:44.808",104808,"1:45.095",105095,"1:45.877",105877,"+1.517",1517,"+0.102",102,23
766,2006,16,8,8,"8","16","nick-heidfeld","bmw-sauber","bmw","michelin",,,"1:46.249",106249,"1:45.055",105055,"1:46.053",106053,"+1.693",1693,"+0.176",176,27
766,2006,16,9,9,"9","17","robert-kubica","bmw-sauber","bmw","michelin",,,"1:46.049",106049,"1:45.576",105576,"1:46.632",106632,"+2.272",2272,"+0.579",579,26
766,2006,16,10,10,"10","15","robert-doornbos","red-bull","ferrari","michelin",,,"1:46.387",106387,"1:45.747",105747,"1:48.021",108021,"+3.661",3661,"+1.389",1389,24
766,2006,16,11,11,"11","21","scott-speed","toro-rosso","cosworth","michelin",,,"1:46.222",106222,"1:45.851",105851,,,,,,,15
766,2006,16,12,12,"12","14","david-coulthard","red-bull","ferrari","michelin",,,"1:45.931",105931,"1:45.968",105968,,,,,,,15
766,2006,16,13,13,"13","6","felipe-massa","ferrari","ferrari","bridgestone",,,"1:47.231",107231,"1:45.970",105970,,,,,,,15
766,2006,16,14,14,"14","20","vitantonio-liuzzi","toro-rosso","cosworth","michelin",,,"1:45.564",105564,"1:46.172",106172,,,,,,,15
766,2006,16,15,15,"15","9","mark-webber","williams","cosworth","bridgestone",,,"1:48.560",108560,"1:46.413",106413,,,,,,,18
766,2006,16,16,16,"16","10","nico-rosberg","williams","cosworth","bridgestone",,,"1:47.535",107535,"1:47.419",107419,,,,,,,18
766,2006,16,17,17,"17","7","ralf-schumacher","toyota","toyota","bridgestone",,,"1:48.894",108894,,,,,,,,,9
766,2006,16,18,18,"18","8","jarno-trulli","toyota","toyota","bridgestone",,,"1:49.098",109098,,,,,,,,,9
766,2006,16,19,19,"19","18","tiago-monteiro","midland","toyota","bridgestone",,,"1:49.903",109903,,,,,,,,,6
766,2006,16,20,20,"20","22","takuma-sato","super-aguri","honda","bridgestone",,,"1:50.326",110326,,,,,,,,,6
766,2006,16,21,21,"21","23","sakon-yamamoto","super-aguri","honda","bridgestone",,,"1:55.560",115560,,,,,,,,,7
766,2006,16,22,,"EX","19","christijan-albers","midland","toyota","bridgestone",,,,,,,,,,,,,
767,2006,17,1,1,"1","6","felipe-massa","ferrari","ferrari","bridgestone",,,"1:30.112",90112,"1:29.830",89830,"1:29.599",89599,,,,,16
767,2006,17,2,2,"2","5","michael-schumacher","ferrari","ferrari","bridgestone",,,"1:31.279",91279,"1:28.954",88954,"1:29.711",89711,"+0.112",112,"+0.112",112,17
767,2006,17,3,3,"3","7","ralf-schumacher","toyota","toyota","bridgestone",,,"1:30.595",90595,"1:30.299",90299,"1:29.989",89989,"+0.390",390,"+0.278",278,19
767,2006,17,4,4,"4","8","jarno-trulli","toyota","toyota","bridgestone",,,"1:30.420",90420,"1:30.204",90204,"1:30.039",90039,"+0.440",440,"+0.050",50,19
767,2006,17,5,5,"5","1","fernando-alonso","renault","renault","michelin",,,"1:30.976",90976,"1:30.357",90357,"1:30.371",90371,"+0.772",772,"+0.332",332,16
767,2006,17,6,6,"6","2","giancarlo-fisichella","renault","renault","michelin",,,"1:31.696",91696,"1:30.306",90306,"1:30.599",90599,"+1.000",1000,"+0.228",228,17
767,2006,17,7,7,"7","12","jenson-button","honda","honda","michelin",,,"1:30.847",90847,"1:30.268",90268,"1:30.992",90992,"+1.393",1393,"+0.393",393,22
767,2006,17,8,8,"8","11","rubens-barrichello","honda","honda","michelin",,,"1:31.972",91972,"1:30.598",90598,"1:31.478",91478,"+1.879",1879,"+0.486",486,21
767,2006,17,9,9,"9","16","nick-heidfeld","bmw-sauber","bmw","michelin",,,"1:31.811",91811,"1:30.470",90470,"1:31.513",91513,"+1.914",1914,"+0.035",35,18
767,2006,17,10,10,"10","10","nico-rosberg","williams","cosworth","bridgestone",,,"1:30.585",90585,"1:30.321",90321,"1:31.856",91856,"+2.257",2257,"+0.343",343,22
767,2006,17,11,11,"11","3","kimi-raikkonen","mclaren","mercedes","michelin",,,"1:32.080",92080,"1:30.827",90827,,,,,,,9
767,2006,17,12,12,"12","17","robert-kubica","bmw-sauber","bmw","michelin",,,"1:31.204",91204,"1:31.094",91094,,,,,,,8
767,2006,17,13,13,"13","4","pedro-de-la-rosa","mclaren","mercedes","michelin",,,"1:31.581",91581,"1:31.254",91254,,,,,,,12
767,2006,17,14,14,"14","9","mark-webber","williams","cosworth","bridgestone",,,"1:31.647",91647,"1:31.276",91276,,,,,,,11
767,2006,17,15,15,"15","20","vitantonio-liuzzi","toro-rosso","cosworth","michelin",,,"1:31.741",91741,"1:31.943",91943,,,,,,,14
767,2006,17,16,16,"16","19","christijan-albers","midland","toyota","bridgestone",,,"1:32.221",92221,"1:33.750",93750,,,,,,,13
767,2006,17,17,17,"17","14","david-coulthard","red-bull","ferrari","michelin",,,"1:32.252",92252,,,,,,,,,6
767,2006,17,18,18,"18","15","robert-doornbos","red-bull","ferrari","michelin",,,"1:32.402",92402,,,,,,,,,7
767,2006,17,19,19,"19","21","scott-speed","toro-rosso","cosworth","michelin",,,"1:32.867",92867,,,,,,,,,7
767,2006,17,20,20,"20","22","takuma-sato","super-aguri","honda","bridgestone",,,"1:33.666",93666,,,,,,,,,6
767,2006,17,21,21,"21","18","tiago-monteiro","midland","toyota","bridgestone",,,"1:33.709",93709,,,,,,,,,3
767,2006,17,22,22,"22","23","sakon-yamamoto","super-aguri","honda","bridgestone",,,,,,,,,,,,,2
768,2006,18,1,1,"1","6","felipe-massa","ferrari","ferrari","bridgestone",,,"1:10.643",70643,"1:10.775",70775,"1:10.680",70680,,,,,19
768,2006,18,2,2,"2","3","kimi-raikkonen","mclaren","mercedes","michelin",,,"1:12.035",72035,"1:11.386",71386,"1:11.299",71299,"+0.619",619,"+0.619",619,21
768,2006,18,3,3,"3","8","jarno-trulli","toyota","toyota","bridgestone",,,"1:11.885",71885,"1:11.343",71343,"1:11.328",71328,"+0.648",648,"+0.029",29,26
768,2006,18,4,4,"4","1","fernando-alonso","renault","renault","michelin",,,"1:11.791",71791,"1:11.148",71148,"1:11.567",71567,"+0.887",887,"+0.239",239,19
768,2006,18,5,5,"5","11","rubens-barrichello","honda","honda","michelin",,,"1:12.017",72017,"1:11.578",71578,"1:11.619",71619,"+0.939",939,"+0.052",52,26
768,2006,18,6,6,"6","2","giancarlo-fisichella","renault","renault","michelin",,,"1:12.042",72042,"1:11.461",71461,"1:11.629",71629,"+0.949",949,"+0.010",10,22
768,2006,18,7,7,"7","7","ralf-schumacher","toyota","toyota","bridgestone",,,"1:11.713",71713,"1:11.550",71550,"1:11.695",71695,"+1.015",1015,"+0.066",66,27
768,2006,18,8,8,"8","16","nick-heidfeld","bmw-sauber","bmw","michelin",,,"1:12.307",72307,"1:11.648",71648,"1:11.882",71882,"+1.202",1202,"+0.187",187,23
768,2006,18,9,9,"9","17","robert-kubica","bmw-sauber","bmw","michelin",,,"1:12.040",72040,"1:11.589",71589,"1:12.131",72131,"+1.451",1451,"+0.249",249,22
768,2006,18,10,10,"10","5","michael-schumacher","ferrari","ferrari","bridgestone",,,"1:11.565",71565,"1:10.313",70313,,,,,,,7
768,2006,18,11,11,"11","9","mark-webber","williams","cosworth","bridgestone",,,"1:11.973",71973,"1:11.650",71650,,,,,,,11
768,2006,18,12,12,"12","4","pedro-de-la-rosa","mclaren","mercedes","michelin",,,"1:11.825",71825,"1:11.658",71658,,,,,,,12
768,2006,18,13,13,"13","10","nico-rosberg","williams","cosworth","bridgestone",,,"1:11.974",71974,"1:11.679",71679,,,,,,,12
768,2006,18,14,14,"14","12","jenson-button","honda","honda","michelin",,,"1:12.085",72085,"1:11.742",71742,,,,,,,10
768,2006,18,15,15,"15","15","robert-doornbos","red-bull","ferrari","michelin",,,"1:12.530",72530,"1:12.591",72591,,,,,,,10
768,2006,18,16,16,"16","20","vitantonio-liuzzi","toro-rosso","cosworth","michelin",,,"1:12.855",72855,"1:12.861",72861,,,,,,,15
768,2006,18,17,17,"17","21","scott-speed","toro-rosso","cosworth","michelin",,,"1:12.856",72856,,,,,,,,,8
768,2006,18,18,18,"18","19","christijan-albers","midland","toyota","bridgestone",,,"1:13.138",73138,,,,,,,,,7
768,2006,18,19,19,"19","14","david-coulthard","red-bull","ferrari","michelin",,,"1:13.249",73249,,,,,,,,,7
768,2006,18,20,20,"20","22","takuma-sato","super-aguri","honda","bridgestone",,,"1:13.269",73269,,,,,,,,,7
768,2006,18,21,21,"21","23","sakon-yamamoto","super-aguri","honda","bridgestone",,,"1:13.357",73357,,,,,,,,,10
768,2006,18,22,22,"22","18","tiago-monteiro","midland","toyota","bridgestone",,,,,,,,,,,,,2
769,2007,1,1,1,"1","6","kimi-raikkonen","ferrari","ferrari","bridgestone",,,"1:26.644",86644,"1:25.644",85644,"1:26.072",86072,,,,,17
769,2007,1,2,2,"2","1","fernando-alonso","mclaren","mercedes","bridgestone",,,"1:26.697",86697,"1:25.326",85326,"1:26.493",86493,"+0.421",421,"+0.421",421,19
769,2007,1,3,3,"3","9","nick-heidfeld","bmw-sauber","bmw","bridgestone",,,"1:26.895",86895,"1:25.358",85358,"1:26.556",86556,"+0.484",484,"+0.063",63,21
769,2007,1,4,4,"4","2","lewis-hamilton","mclaren","mercedes","bridgestone",,,"1:26.674",86674,"1:25.577",85577,"1:26.755",86755,"+0.683",683,"+0.199",199,16
769,2007,1,5,5,"5","10","robert-kubica","bmw-sauber","bmw","bridgestone",,,"1:26.696",86696,"1:25.882",85882,"1:27.347",87347,"+1.275",1275,"+0.592",592,19
769,2007,1,6,6,"6","3","giancarlo-fisichella","renault","renault","bridgestone",,,"1:27.270",87270,"1:25.944",85944,"1:27.634",87634,"+1.562",1562,"+0.287",287,21
769,2007,1,7,7,"7","15","mark-webber","red-bull","renault","bridgestone",,,"1:26.978",86978,"1:26.623",86623,"1:27.934",87934,"+1.862",1862,"+0.300",300,23
769,2007,1,8,8,"8","12","jarno-trulli","toyota","toyota","bridgestone",,,"1:27.014",87014,"1:26.688",86688,"1:28.404",88404,"+2.332",2332,"+0.470",470,23
769,2007,1,9,9,"9","11","ralf-schumacher","toyota","toyota","bridgestone",,,"1:27.328",87328,"1:26.739",86739,"1:28.692",88692,"+2.620",2620,"+0.288",288,22
769,2007,1,10,10,"10","22","takuma-sato","super-aguri","honda","bridgestone",,,"1:27.365",87365,"1:26.758",86758,"1:28.871",88871,"+2.799",2799,"+0.179",179,23
769,2007,1,11,11,"11","23","anthony-davidson","super-aguri","honda","bridgestone",,,"1:26.986",86986,"1:26.909",86909,,,,,,,12
769,2007,1,12,12,"12","16","nico-rosberg","williams","toyota","bridgestone",,,"1:27.596",87596,"1:26.914",86914,,,,,,,13
769,2007,1,13,13,"13","4","heikki-kovalainen","renault","renault","bridgestone",,,"1:27.529",87529,"1:26.964",86964,,,,,,,10
769,2007,1,14,14,"14","7","jenson-button","honda","honda","bridgestone",,,"1:27.540",87540,"1:27.264",87264,,,,,,,14
769,2007,1,15,15,"15","17","alexander-wurz","williams","toyota","bridgestone",,,"1:27.479",87479,"1:27.393",87393,,,,,,,13
769,2007,1,16,16,"16","5","felipe-massa","ferrari","ferrari","bridgestone",,,"1:26.712",86712,,,,,,,,,6
769,2007,1,17,17,"17","8","rubens-barrichello","honda","honda","bridgestone",,,"1:27.679",87679,,,,,,,,,9
769,2007,1,18,18,"18","19","scott-speed","toro-rosso","ferrari","bridgestone",,,"1:28.305",88305,,,,,,,,,7
769,2007,1,19,19,"19","14","david-coulthard","red-bull","renault","bridgestone",,,"1:28.579",88579,,,,,,,,,6
769,2007,1,20,20,"20","18","vitantonio-liuzzi","toro-rosso","ferrari","bridgestone",,,"1:29.267",89267,,,,,,,,,6
769,2007,1,21,21,"21","20","adrian-sutil","spyker","ferrari","bridgestone",,,"1:29.339",89339,,,,,,,,,6
769,2007,1,22,22,"22","21","christijan-albers","spyker","ferrari","bridgestone",,,"1:31.932",91932,,,,,,,,,7
770,2007,2,1,1,"1","5","felipe-massa","ferrari","ferrari","bridgestone",,,"1:35.340",95340,"1:34.454",94454,"1:35.043",95043,,,,,16
770,2007,2,2,2,"2","1","fernando-alonso","mclaren","mercedes","bridgestone",,,"1:34.942",94942,"1:34.057",94057,"1:35.310",95310,"+0.267",267,"+0.267",267,16
770,2007,2,3,3,"3","6","kimi-raikkonen","ferrari","ferrari","bridgestone",,,"1:35.138",95138,"1:34.687",94687,"1:35.479",95479,"+0.436",436,"+0.169",169,16
770,2007,2,4,4,"4","2","lewis-hamilton","mclaren","mercedes","bridgestone",,,"1:35.028",95028,"1:34.650",94650,"1:36.045",96045,"+1.002",1002,"+0.566",566,16
770,2007,2,5,5,"5","9","nick-heidfeld","bmw-sauber","bmw","bridgestone",,,"1:35.617",95617,"1:35.203",95203,"1:36.543",96543,"+1.500",1500,"+0.498",498,19
770,2007,2,6,6,"6","16","nico-rosberg","williams","toyota","bridgestone",,,"1:35.755",95755,"1:35.380",95380,"1:36.829",96829,"+1.786",1786,"+0.286",286,22
770,2007,2,7,7,"7","10","robert-kubica","bmw-sauber","bmw","bridgestone",,,"1:35.294",95294,"1:34.739",94739,"1:36.896",96896,"+1.853",1853,"+0.067",67,14
770,2007,2,8,8,"8","12","jarno-trulli","toyota","toyota","bridgestone",,,"1:35.666",95666,"1:35.255",95255,"1:36.902",96902,"+1.859",1859,"+0.006",6,23
770,2007,2,9,9,"9","11","ralf-schumacher","toyota","toyota","bridgestone",,,"1:35.736",95736,"1:35.595",95595,"1:37.078",97078,"+2.035",2035,"+0.176",176,22
770,2007,2,10,10,"10","15","mark-webber","red-bull","renault","bridgestone",,,"1:35.727",95727,"1:35.579",95579,"1:37.345",97345,"+2.302",2302,"+0.267",267,21
770,2007,2,11,11,"11","4","heikki-kovalainen","renault","renault","bridgestone",,,"1:36.092",96092,"1:35.630",95630,,,,,,,12
770,2007,2,12,12,"12","3","giancarlo-fisichella","renault","renault","bridgestone",,,"1:35.879",95879,"1:35.706",95706,,,,,,,12
770,2007,2,13,13,"13","14","david-coulthard","red-bull","renault","bridgestone",,,"1:35.730",95730,"1:35.766",95766,,,,,,,12
770,2007,2,14,14,"14","22","takuma-sato","super-aguri","honda","bridgestone",,,"1:36.430",96430,"1:35.945",95945,,,,,,,12
770,2007,2,15,15,"15","7","jenson-button","honda","honda","bridgestone",,,"1:35.913",95913,"1:36.088",96088,,,,,,,15
770,2007,2,16,16,"16","18","vitantonio-liuzzi","toro-rosso","ferrari","bridgestone",,,"1:36.140",96140,"1:36.145",96145,,,,,,,12
770,2007,2,17,17,"17","19","scott-speed","toro-rosso","ferrari","bridgestone",,,"1:36.578",96578,,,,,,,,,6
770,2007,2,18,18,"18","23","anthony-davidson","super-aguri","honda","bridgestone",,,"1:36.816",96816,,,,,,,,,6
770,2007,2,19,19,"19","8","rubens-barrichello","honda","honda","bridgestone",,,"1:36.827",96827,,,,,,,,,7
770,2007,2,20,20,"20","17","alexander-wurz","williams","toyota","bridgestone",,,"1:37.326",97326,,,,,,,,,5
770,2007,2,21,21,"21","21","christijan-albers","spyker","ferrari","bridgestone",,,"1:38.279",98279,,,,,,,,,6
770,2007,2,22,22,"22","20","adrian-sutil","spyker","ferrari","bridgestone",,,"1:38.415",98415,,,,,,,,,6
771,2007,3,1,1,"1","5","felipe-massa","ferrari","ferrari","bridgestone",,,"1:32.443",92443,"1:31.359",91359,"1:32.652",92652,,,,,16
771,2007,3,2,2,"2","2","lewis-hamilton","mclaren","mercedes","bridgestone",,,"1:32.580",92580,"1:31.732",91732,"1:32.935",92935,"+0.283",283,"+0.283",283,16
771,2007,3,3,3,"3","6","kimi-raikkonen","ferrari","ferrari","bridgestone",,,"1:33.161",93161,"1:31.812",91812,"1:33.131",93131,"+0.479",479,"+0.196",196,16
771,2007,3,4,4,"4","1","fernando-alonso","mclaren","mercedes","bridgestone",,,"1:33.049",93049,"1:32.214",92214,"1:33.192",93192,"+0.540",540,"+0.061",61,16
771,2007,3,5,5,"5","9","nick-heidfeld","bmw-sauber","bmw","bridgestone",,,"1:33.164",93164,"1:32.154",92154,"1:33.404",93404,"+0.752",752,"+0.212",212,17
771,2007,3,6,6,"6","10","robert-kubica","bmw-sauber","bmw","bridgestone",,,"1:33.348",93348,"1:32.292",92292,"1:33.710",93710,"+1.058",1058,"+0.306",306,17
771,2007,3,7,7,"7","3","giancarlo-fisichella","renault","renault","bridgestone",,,"1:33.556",93556,"1:32.889",92889,"1:34.056",94056,"+1.404",1404,"+0.346",346,22
771,2007,3,8,8,"8","15","mark-webber","red-bull","renault","bridgestone",,,"1:33.496",93496,"1:32.808",92808,"1:34.106",94106,"+1.454",1454,"+0.050",50,22
771,2007,3,9,9,"9","12","jarno-trulli","toyota","toyota","bridgestone",,,"1:33.218",93218,"1:32.429",92429,"1:34.154",94154,"+1.502",1502,"+0.048",48,22
771,2007,3,10,10,"10","16","nico-rosberg","williams","toyota","bridgestone",,,"1:33.349",93349,"1:32.815",92815,"1:34.399",94399,"+1.747",1747,"+0.245",245,22
771,2007,3,11,11,"11","17","alexander-wurz","williams","toyota","bridgestone",,,"1:33.759",93759,"1:32.915",92915,,,,,,,12
771,2007,3,12,12,"12","4","heikki-kovalainen","renault","renault","bridgestone",,,"1:33.467",93467,"1:32.935",92935,,,,,,,12
771,2007,3,13,13,"13","23","anthony-davidson","super-aguri","honda","bridgestone",,,"1:33.299",93299,"1:33.082",93082,,,,,,,12
771,2007,3,14,14,"14","11","ralf-schumacher","toyota","toyota","bridgestone",,,"1:33.923",93923,"1:33.294",93294,,,,,,,13
771,2007,3,15,15,"15","8","rubens-barrichello","honda","honda","bridgestone",,,"1:33.776",93776,"1:33.624",93624,,,,,,,12
771,2007,3,16,16,"16","7","jenson-button","honda","honda","bridgestone",,,"1:33.967",93967,"1:33.731",93731,,,,,,,14
771,2007,3,17,17,"17","22","takuma-sato","super-aguri","honda","bridgestone",,,"1:33.984",93984,,,,,,,,,6
771,2007,3,18,18,"18","18","vitantonio-liuzzi","toro-rosso","ferrari","bridgestone",,,"1:34.024",94024,,,,,,,,,6
771,2007,3,19,19,"19","19","scott-speed","toro-rosso","ferrari","bridgestone",,,"1:34.333",94333,,,,,,,,,6
771,2007,3,20,20,"20","20","adrian-sutil","spyker","ferrari","bridgestone",,,"1:35.280",95280,,,,,,,,,8
771,2007,3,21,21,"21","14","david-coulthard","red-bull","renault","bridgestone",,,"1:35.341",95341,,,,,,,,,4
771,2007,3,22,22,"22","21","christijan-albers","spyker","ferrari","bridgestone",,,"1:35.533",95533,,,,,,,,,7
772,2007,4,1,1,"1","5","felipe-massa","ferrari","ferrari","bridgestone",,,"1:21.375",81375,"1:20.597",80597,"1:21.421",81421,,,,,17
772,2007,4,2,2,"2","1","fernando-alonso","mclaren","mercedes","bridgestone",,,"1:21.609",81609,"1:20.797",80797,"1:21.451",81451,"+0.030",30,"+0.030",30,17
772,2007,4,3,3,"3","6","kimi-raikkonen","ferrari","ferrari","bridgestone",,,"1:21.802",81802,"1:20.741",80741,"1:21.723",81723,"+0.302",302,"+0.272",272,17
772,2007,4,4,4,"4","2","lewis-hamilton","mclaren","mercedes","bridgestone",,,"1:21.120",81120,"1:20.713",80713,"1:21.785",81785,"+0.364",364,"+0.062",62,17
772,2007,4,5,5,"5","10","robert-kubica","bmw-sauber","bmw","bridgestone",,,"1:21.941",81941,"1:21.381",81381,"1:22.253",82253,"+0.832",832,"+0.468",468,21
772,2007,4,6,6,"6","12","jarno-trulli","toyota","toyota","bridgestone",,,"1:22.501",82501,"1:21.554",81554,"1:22.324",82324,"+0.903",903,"+0.071",71,25
772,2007,4,7,7,"7","9","nick-heidfeld","bmw-sauber","bmw","bridgestone",,,"1:21.625",81625,"1:21.113",81113,"1:22.389",82389,"+0.968",968,"+0.065",65,18
772,2007,4,8,8,"8","4","heikki-kovalainen","renault","renault","bridgestone",,,"1:21.790",81790,"1:21.623",81623,"1:22.568",82568,"+1.147",1147,"+0.179",179,23
772,2007,4,9,9,"9","14","david-coulthard","red-bull","renault","bridgestone",,,"1:22.491",82491,"1:21.488",81488,"1:22.749",82749,"+1.328",1328,"+0.181",181,22
772,2007,4,10,10,"10","3","giancarlo-fisichella","renault","renault","bridgestone",,,"1:22.064",82064,"1:21.677",81677,"1:22.881",82881,"+1.460",1460,"+0.132",132,23
772,2007,4,11,11,"11","16","nico-rosberg","williams","toyota","bridgestone",,,"1:21.943",81943,"1:21.968",81968,,,,,,,13
772,2007,4,12,12,"12","8","rubens-barrichello","honda","honda","bridgestone",,,"1:22.502",82502,"1:22.097",82097,,,,,,,12
772,2007,4,13,13,"13","22","takuma-sato","super-aguri","honda","bridgestone",,,"1:22.090",82090,"1:22.115",82115,,,,,,,9
772,2007,4,14,14,"14","7","jenson-button","honda","honda","bridgestone",,,"1:22.503",82503,"1:22.120",82120,,,,,,,12
772,2007,4,15,15,"15","23","anthony-davidson","super-aguri","honda","bridgestone",,,"1:22.295",82295,,,,,,,,,10
772,2007,4,16,16,"16","18","vitantonio-liuzzi","toro-rosso","ferrari","bridgestone",,,"1:22.508",82508,,,,,,,,,7
772,2007,4,17,17,"17","11","ralf-schumacher","toyota","toyota","bridgestone",,,"1:22.666",82666,,,,,,,,,7
772,2007,4,18,18,"18","17","alexander-wurz","williams","toyota","bridgestone",,,"1:22.769",82769,,,,,,,,,7
772,2007,4,19,19,"19","15","mark-webber","red-bull","renault","bridgestone",,,"1:23.398",83398,,,,,,,,,3
772,2007,4,20,20,"20","20","adrian-sutil","spyker","ferrari","bridgestone",,,"1:23.811",83811,,,,,,,,,8
772,2007,4,21,21,"21","21","christijan-albers","spyker","ferrari","bridgestone",,,"1:23.990",83990,,,,,,,,,8
772,2007,4,22,22,"22","19","scott-speed","toro-rosso","ferrari","bridgestone",,,,,,,,,,,,,2
773,2007,5,1,1,"1","1","fernando-alonso","mclaren","mercedes","bridgestone",,,"1:16.059",76059,"1:15.431",75431,"1:15.726",75726,,,,,22
773,2007,5,2,2,"2","2","lewis-hamilton","mclaren","mercedes","bridgestone",,,"1:15.685",75685,"1:15.479",75479,"1:15.905",75905,"+0.179",179,"+0.179",179,22
773,2007,5,3,3,"3","5","felipe-massa","ferrari","ferrari","bridgestone",,,"1:16.786",76786,"1:16.034",76034,"1:15.967",75967,"+0.241",241,"+0.062",62,27
773,2007,5,4,4,"4","3","giancarlo-fisichella","renault","renault","bridgestone",,,"1:17.596",77596,"1:16.054",76054,"1:16.285",76285,"+0.559",559,"+0.318",318,24
773,2007,5,5,5,"5","16","nico-rosberg","williams","toyota","bridgestone",,,"1:16.870",76870,"1:16.100",76100,"1:16.439",76439,"+0.713",713,"+0.154",154,24
773,2007,5,6,6,"6","15","mark-webber","red-bull","renault","bridgestone",,,"1:17.816",77816,"1:16.420",76420,"1:16.784",76784,"+1.058",1058,"+0.345",345,25
773,2007,5,7,7,"7","9","nick-heidfeld","bmw-sauber","bmw","bridgestone",,,"1:17.385",77385,"1:15.733",75733,"1:16.832",76832,"+1.106",1106,"+0.048",48,24
773,2007,5,8,8,"8","10","robert-kubica","bmw-sauber","bmw","bridgestone",,,"1:17.584",77584,"1:15.576",75576,"1:16.955",76955,"+1.229",1229,"+0.123",123,24
773,2007,5,9,9,"9","8","rubens-barrichello","honda","honda","bridgestone",,,"1:17.244",77244,"1:16.454",76454,"1:17.498",77498,"+1.772",1772,"+0.543",543,27
773,2007,5,10,10,"10","7","jenson-button","honda","honda","bridgestone",,,"1:17.297",77297,"1:16.457",76457,"1:17.939",77939,"+2.213",2213,"+0.441",441,28
773,2007,5,11,11,"11","14","david-coulthard","red-bull","renault","bridgestone",,,"1:17.204",77204,"1:16.319",76319,,,,,,,16
773,2007,5,12,12,"12","17","alexander-wurz","williams","toyota","bridgestone",,,"1:17.874",77874,"1:16.662",76662,,,,,,,16
773,2007,5,13,13,"13","18","vitantonio-liuzzi","toro-rosso","ferrari","bridgestone",,,"1:16.720",76720,"1:16.703",76703,,,,,,,17
773,2007,5,14,14,"14","12","jarno-trulli","toyota","toyota","bridgestone",,,"1:17.686",77686,"1:16.988",76988,,,,,,,14
773,2007,5,15,15,"15","4","heikki-kovalainen","renault","renault","bridgestone",,,"1:17.836",77836,"1:17.125",77125,,,,,,,16
773,2007,5,16,16,"16","6","kimi-raikkonen","ferrari","ferrari","bridgestone",,,"1:16.251",76251,,,,,,,,,11
773,2007,5,17,17,"17","23","anthony-davidson","super-aguri","honda","bridgestone",,,"1:18.250",78250,,,,,,,,,7
773,2007,5,18,18,"18","19","scott-speed","toro-rosso","ferrari","bridgestone",,,"1:18.390",78390,,,,,,,,,7
773,2007,5,19,19,"19","20","adrian-sutil","spyker","ferrari","bridgestone",,,"1:18.418",78418,,,,,,,,,8
773,2007,5,20,20,"20","11","ralf-schumacher","toyota","toyota","bridgestone",,,"1:18.539",78539,,,,,,,,,8
773,2007,5,21,21,"21","22","takuma-sato","super-aguri","honda","bridgestone",,,"1:18.554",78554,,,,,,,,,10
773,2007,5,22,22,"22","21","christijan-albers","spyker","ferrari","bridgestone",,,,,,,,,,,,,3
774,2007,6,1,1,"1","2","lewis-hamilton","mclaren","mercedes","bridgestone",,,"1:16.576",76576,"1:15.486",75486,"1:15.707",75707,,,,,18
774,2007,6,2,2,"2","1","fernando-alonso","mclaren","mercedes","bridgestone",,,"1:16.562",76562,"1:15.522",75522,"1:16.163",76163,"+0.456",456,"+0.456",456,18
774,2007,6,3,3,"3","9","nick-heidfeld","bmw-sauber","bmw","bridgestone",,,"1:17.006",77006,"1:15.960",75960,"1:16.266",76266,"+0.559",559,"+0.103",103,23
774,2007,6,4,4,"4","6","kimi-raikkonen","ferrari","ferrari","bridgestone",,,"1:16.468",76468,"1:16.592",76592,"1:16.411",76411,"+0.704",704,"+0.145",145,21
774,2007,6,5,5,"5","5","felipe-massa","ferrari","ferrari","bridgestone",,,"1:16.756",76756,"1:16.138",76138,"1:16.570",76570,"+0.863",863,"+0.159",159,19
774,2007,6,6,6,"6","15","mark-webber","red-bull","renault","bridgestone",,,"1:17.315",77315,"1:16.257",76257,"1:16.913",76913,"+1.206",1206,"+0.343",343,23
774,2007,6,7,7,"7","16","nico-rosberg","williams","toyota","bridgestone",,,"1:17.016",77016,"1:16.190",76190,"1:16.919",76919,"+1.212",1212,"+0.006",6,24
774,2007,6,8,8,"8","10","robert-kubica","bmw-sauber","bmw","bridgestone",,,"1:17.267",77267,"1:16.368",76368,"1:16.993",76993,"+1.286",1286,"+0.074",74,26
774,2007,6,9,9,"9","3","giancarlo-fisichella","renault","renault","bridgestone",,,"1:16.805",76805,"1:16.288",76288,"1:17.229",77229,"+1.522",1522,"+0.236",236,24
774,2007,6,10,10,"10","12","jarno-trulli","toyota","toyota","bridgestone",,,"1:17.324",77324,"1:16.600",76600,"1:17.747",77747,"+2.040",2040,"+0.518",518,26
774,2007,6,11,11,"11","22","takuma-sato","super-aguri","honda","bridgestone",,,"1:17.490",77490,"1:16.743",76743,,,,,,,12
774,2007,6,12,12,"12","18","vitantonio-liuzzi","toro-rosso","ferrari","bridgestone",,,"1:17.541",77541,"1:16.760",76760,,,,,,,13
774,2007,6,13,13,"13","8","rubens-barrichello","honda","honda","bridgestone",,,"1:17.011",77011,"1:17.116",77116,,,,,,,12
774,2007,6,14,14,"14","14","david-coulthard","red-bull","renault","bridgestone",,,"1:17.436",77436,"1:17.304",77304,,,,,,,15
774,2007,6,15,15,"15","7","jenson-button","honda","honda","bridgestone",,,"1:17.522",77522,"1:17.541",77541,,,,,,,12
774,2007,6,16,16,"16","19","scott-speed","toro-rosso","ferrari","bridgestone",,,"1:17.433",77433,"1:17.571",77571,,,,,,,13
774,2007,6,17,17,"17","23","anthony-davidson","super-aguri","honda","bridgestone",,,"1:17.542",77542,,,,,,,,,4
774,2007,6,18,18,"18","11","ralf-schumacher","toyota","toyota","bridgestone",,,"1:17.634",77634,,,,,,,,,8
774,2007,6,19,19,"19","4","heikki-kovalainen","renault","renault","bridgestone",,,"1:17.806",77806,,,,,,,,,6
774,2007,6,20,20,"20","17","alexander-wurz","williams","toyota","bridgestone",,,"1:18.089",78089,,,,,,,,,5
774,2007,6,21,21,"21","20","adrian-sutil","spyker","ferrari","bridgestone",,,"1:18.536",78536,,,,,,,,,7
774,2007,6,22,22,"22","21","christijan-albers","spyker","ferrari","bridgestone",,,"1:19.196",79196,,,,,,,,,7
775,2007,7,1,1,"1","2","lewis-hamilton","mclaren","mercedes","bridgestone",,,"1:12.563",72563,"1:12.065",72065,"1:12.331",72331,,,,,19
775,2007,7,2,2,"2","1","fernando-alonso","mclaren","mercedes","bridgestone",,,"1:12.416",72416,"1:11.926",71926,"1:12.500",72500,"+0.169",169,"+0.169",169,18
775,2007,7,3,3,"3","5","felipe-massa","ferrari","ferrari","bridgestone",,,"1:12.731",72731,"1:12.180",72180,"1:12.703",72703,"+0.372",372,"+0.203",203,20
775,2007,7,4,4,"4","6","kimi-raikkonen","ferrari","ferrari","bridgestone",,,"1:12.732",72732,"1:12.111",72111,"1:12.839",72839,"+0.508",508,"+0.136",136,22
775,2007,7,5,5,"5","9","nick-heidfeld","bmw-sauber","bmw","bridgestone",,,"1:12.543",72543,"1:12.188",72188,"1:12.847",72847,"+0.516",516,"+0.008",8,20
775,2007,7,6,6,"6","4","heikki-kovalainen","renault","renault","bridgestone",,,"1:12.998",72998,"1:12.599",72599,"1:13.308",73308,"+0.977",977,"+0.461",461,24
775,2007,7,7,7,"7","10","sebastian-vettel","bmw-sauber","bmw","bridgestone",,,"1:12.711",72711,"1:12.644",72644,"1:13.513",73513,"+1.182",1182,"+0.205",205,24
775,2007,7,8,8,"8","12","jarno-trulli","toyota","toyota","bridgestone",,,"1:13.186",73186,"1:12.828",72828,"1:13.789",73789,"+1.458",1458,"+0.276",276,26
775,2007,7,9,9,"9","15","mark-webber","red-bull","renault","bridgestone",,,"1:13.425",73425,"1:12.788",72788,"1:13.871",73871,"+1.540",1540,"+0.082",82,25
775,2007,7,10,10,"10","3","giancarlo-fisichella","renault","renault","bridgestone",,,"1:13.168",73168,"1:12.603",72603,"1:13.953",73953,"+1.622",1622,"+0.082",82,24
775,2007,7,11,11,"11","14","david-coulthard","red-bull","renault","bridgestone",,,"1:13.424",73424,"1:12.873",72873,,,,,,,15
775,2007,7,12,12,"12","11","ralf-schumacher","toyota","toyota","bridgestone",,,"1:12.851",72851,"1:12.920",72920,,,,,,,13
775,2007,7,13,13,"13","7","jenson-button","honda","honda","bridgestone",,,"1:13.306",73306,"1:12.998",72998,,,,,,,12
775,2007,7,14,14,"14","16","nico-rosberg","williams","toyota","bridgestone",,,"1:13.128",73128,"1:13.060",73060,,,,,,,12
775,2007,7,15,15,"15","8","rubens-barrichello","honda","honda","bridgestone",,,"1:13.203",73203,"1:13.201",73201,,,,,,,12
775,2007,7,16,16,"16","23","anthony-davidson","super-aguri","honda","bridgestone",,,"1:13.164",73164,"1:13.259",73259,,,,,,,13
775,2007,7,17,17,"17","17","alexander-wurz","williams","toyota","bridgestone",,,"1:13.441",73441,,,,,,,,,6
775,2007,7,18,18,"18","22","takuma-sato","super-aguri","honda","bridgestone",,,"1:13.477",73477,,,,,,,,,7
775,2007,7,19,19,"19","18","vitantonio-liuzzi","toro-rosso","ferrari","bridgestone",,,"1:13.484",73484,,,,,,,,,7
775,2007,7,20,20,"20","19","scott-speed","toro-rosso","ferrari","bridgestone",,,"1:13.712",73712,,,,,,,,,7
775,2007,7,21,21,"21","20","adrian-sutil","spyker","ferrari","bridgestone",,,"1:14.122",74122,,,,,,,,,6
775,2007,7,22,22,"22","21","christijan-albers","spyker","ferrari","bridgestone",,,"1:14.597",74597,,,,,,,,,7
776,2007,8,1,1,"1","5","felipe-massa","ferrari","ferrari","bridgestone",,,"1:15.303",75303,"1:14.822",74822,"1:15.034",75034,,,,,18
776,2007,8,2,2,"2","2","lewis-hamilton","mclaren","mercedes","bridgestone",,,"1:14.805",74805,"1:14.795",74795,"1:15.104",75104,"+0.070",70,"+0.070",70,18
776,2007,8,3,3,"3","6","kimi-raikkonen","ferrari","ferrari","bridgestone",,,"1:14.872",74872,"1:14.828",74828,"1:15.257",75257,"+0.223",223,"+0.153",153,19
776,2007,8,4,4,"4","10","robert-kubica","bmw-sauber","bmw","bridgestone",,,"1:15.778",75778,"1:15.066",75066,"1:15.493",75493,"+0.459",459,"+0.236",236,22
776,2007,8,5,5,"5","3","giancarlo-fisichella","renault","renault","bridgestone",,,"1:16.047",76047,"1:15.227",75227,"1:15.674",75674,"+0.640",640,"+0.181",181,25
776,2007,8,6,6,"6","4","heikki-kovalainen","renault","renault","bridgestone",,,"1:15.524",75524,"1:15.272",75272,"1:15.826",75826,"+0.792",792,"+0.152",152,25
776,2007,8,7,7,"7","9","nick-heidfeld","bmw-sauber","bmw","bridgestone",,,"1:15.783",75783,"1:15.149",75149,"1:15.900",75900,"+0.866",866,"+0.074",74,23
776,2007,8,8,8,"8","12","jarno-trulli","toyota","toyota","bridgestone",,,"1:16.118",76118,"1:15.379",75379,"1:15.935",75935,"+0.901",901,"+0.035",35,23
776,2007,8,9,9,"9","16","nico-rosberg","williams","toyota","bridgestone",,,"1:16.092",76092,"1:15.331",75331,"1:16.328",76328,"+1.294",1294,"+0.393",393,25
776,2007,8,10,10,"10","1","fernando-alonso","mclaren","mercedes","bridgestone",,,"1:15.322",75322,"1:15.084",75084,,,,,,,7
776,2007,8,11,11,"11","11","ralf-schumacher","toyota","toyota","bridgestone",,,"1:15.760",75760,"1:15.534",75534,,,,,,,12
776,2007,8,12,12,"12","7","jenson-button","honda","honda","bridgestone",,,"1:16.113",76113,"1:15.584",75584,,,,,,,12
776,2007,8,13,13,"13","8","rubens-barrichello","honda","honda","bridgestone",,,"1:16.140",76140,"1:15.761",75761,,,,,,,12
776,2007,8,14,14,"14","15","mark-webber","red-bull","renault","bridgestone",,,"1:15.746",75746,"1:15.806",75806,,,,,,,11
776,2007,8,15,15,"15","19","scott-speed","toro-rosso","ferrari","bridgestone",,,"1:15.980",75980,"1:16.049",76049,,,,,,,12
776,2007,8,16,16,"16","14","david-coulthard","red-bull","renault","bridgestone",,,"1:15.915",75915,,,,,,,,,9
776,2007,8,17,17,"17","18","vitantonio-liuzzi","toro-rosso","ferrari","bridgestone",,,"1:16.142",76142,,,,,,,,,6
776,2007,8,18,18,"18","17","alexander-wurz","williams","toyota","bridgestone",,,"1:16.241",76241,,,,,,,,,7
776,2007,8,19,19,"19","22","takuma-sato","super-aguri","honda","bridgestone",,,"1:16.244",76244,,,,,,,,,6
776,2007,8,20,20,"20","23","anthony-davidson","super-aguri","honda","bridgestone",,,"1:16.366",76366,,,,,,,,,5
776,2007,8,21,21,"21","21","christijan-albers","spyker","ferrari","bridgestone",,,"1:17.826",77826,,,,,,,,,6
776,2007,8,22,22,"22","20","adrian-sutil","spyker","ferrari","bridgestone",,,"1:17.915",77915,,,,,,,,,5
777,2007,9,1,1,"1","2","lewis-hamilton","mclaren","mercedes","bridgestone",,,"1:19.885",79885,"1:19.400",79400,"1:19.997",79997,,,,,19
777,2007,9,2,2,"2","6","kimi-raikkonen","ferrari","ferrari","bridgestone",,,"1:19.753",79753,"1:19.252",79252,"1:20.099",80099,"+0.102",102,"+0.102",102,18
777,2007,9,3,3,"3","1","fernando-alonso","mclaren","mercedes","bridgestone",,,"1:19.330",79330,"1:19.152",79152,"1:20.147",80147,"+0.150",150,"+0.048",48,18
777,2007,9,4,4,"4","5","felipe-massa","ferrari","ferrari","bridgestone",,,"1:19.790",79790,"1:19.421",79421,"1:20.265",80265,"+0.268",268,"+0.118",118,18
777,2007,9,5,5,"5","10","robert-kubica","bmw-sauber","bmw","bridgestone",,,"1:20.294",80294,"1:20.054",80054,"1:20.401",80401,"+0.404",404,"+0.136",136,22
777,2007,9,6,6,"6","11","ralf-schumacher","toyota","toyota","bridgestone",,,"1:20.513",80513,"1:19.860",79860,"1:20.516",80516,"+0.519",519,"+0.115",115,23
777,2007,9,7,7,"7","4","heikki-kovalainen","renault","renault","bridgestone",,,"1:20.570",80570,"1:20.077",80077,"1:20.721",80721,"+0.724",724,"+0.205",205,24
777,2007,9,8,8,"8","3","giancarlo-fisichella","renault","renault","bridgestone",,,"1:20.842",80842,"1:20.042",80042,"1:20.775",80775,"+0.778",778,"+0.054",54,24
777,2007,9,9,9,"9","9","nick-heidfeld","bmw-sauber","bmw","bridgestone",,,"1:20.534",80534,"1:20.178",80178,"1:20.894",80894,"+0.897",897,"+0.119",119,17
777,2007,9,10,10,"10","12","jarno-trulli","toyota","toyota","bridgestone",,,"1:21.150",81150,"1:20.133",80133,"1:21.240",81240,"+1.243",1243,"+0.346",346,24
777,2007,9,11,11,"11","15","mark-webber","red-bull","renault","bridgestone",,,"1:20.583",80583,"1:20.235",80235,,,,,,,12
777,2007,9,12,12,"12","14","david-coulthard","red-bull","renault","bridgestone",,,"1:21.154",81154,"1:20.329",80329,,,,,,,14
777,2007,9,13,13,"13","17","alexander-wurz","williams","toyota","bridgestone",,,"1:20.830",80830,"1:20.350",80350,,,,,,,15
777,2007,9,14,14,"14","8","rubens-barrichello","honda","honda","bridgestone",,,"1:21.169",81169,"1:20.364",80364,,,,,,,12
777,2007,9,15,15,"15","19","scott-speed","toro-rosso","ferrari","bridgestone",,,"1:20.834",80834,"1:20.515",80515,,,,,,,12
777,2007,9,16,16,"16","18","vitantonio-liuzzi","toro-rosso","ferrari","bridgestone",,,"1:21.160",81160,"1:20.823",80823,,,,,,,15
777,2007,9,17,17,"17","16","nico-rosberg","williams","toyota","bridgestone",,,"1:21.219",81219,,,,,,,,,6
777,2007,9,18,18,"18","7","jenson-button","honda","honda","bridgestone",,,"1:21.335",81335,,,,,,,,,6
777,2007,9,19,19,"19","23","anthony-davidson","super-aguri","honda","bridgestone",,,"1:21.448",81448,,,,,,,,,5
777,2007,9,20,20,"20","20","adrian-sutil","spyker","ferrari","bridgestone",,,"1:22.019",82019,,,,,,,,,8
777,2007,9,21,21,"21","22","takuma-sato","super-aguri","honda","bridgestone",,,"1:22.045",82045,,,,,,,,,6
777,2007,9,22,22,"22","21","christijan-albers","spyker","ferrari","bridgestone",,,"1:22.589",82589,,,,,,,,,6
778,2007,10,1,1,"1","6","kimi-raikkonen","ferrari","ferrari","bridgestone",,,"1:31.522",91522,"1:31.237",91237,"1:31.450",91450,,,,,16
778,2007,10,2,2,"2","1","fernando-alonso","mclaren","mercedes","bridgestone",,,"1:31.074",91074,"1:30.983",90983,"1:31.741",91741,"+0.291",291,"+0.291",291,16
778,2007,10,3,3,"3","5","felipe-massa","ferrari","ferrari","bridgestone",,,"1:31.447",91447,"1:30.912",90912,"1:31.778",91778,"+0.328",328,"+0.037",37,16
778,2007,10,4,4,"4","9","nick-heidfeld","bmw-sauber","bmw","bridgestone",,,"1:31.889",91889,"1:31.652",91652,"1:31.840",91840,"+0.390",390,"+0.062",62,20
778,2007,10,5,5,"5","10","robert-kubica","bmw-sauber","bmw","bridgestone",,,"1:31.961",91961,"1:31.444",91444,"1:32.123",92123,"+0.673",673,"+0.283",283,20
778,2007,10,6,6,"6","15","mark-webber","red-bull","renault","bridgestone",,,"1:32.629",92629,"1:31.661",91661,"1:32.476",92476,"+1.026",1026,"+0.353",353,22
778,2007,10,7,7,"7","4","heikki-kovalainen","renault","renault","bridgestone",,,"1:32.594",92594,"1:31.783",91783,"1:32.478",92478,"+1.028",1028,"+0.002",2,23
778,2007,10,8,8,"8","12","jarno-trulli","toyota","toyota","bridgestone",,,"1:32.381",92381,"1:31.859",91859,"1:32.501",92501,"+1.051",1051,"+0.023",23,22
778,2007,10,9,9,"9","11","ralf-schumacher","toyota","toyota","bridgestone",,,"1:32.446",92446,"1:31.843",91843,"1:32.570",92570,"+1.120",1120,"+0.069",69,22
778,2007,10,10,10,"10","2","lewis-hamilton","mclaren","mercedes","bridgestone",,,"1:31.587",91587,"1:31.185",91185,"1:33.833",93833,"+2.383",2383,"+1.263",1263,12
778,2007,10,11,11,"11","16","nico-rosberg","williams","toyota","bridgestone",,,"1:32.117",92117,"1:31.978",91978,,,,,,,13
778,2007,10,12,12,"12","17","alexander-wurz","williams","toyota","bridgestone",,,"1:32.173",92173,"1:31.996",91996,,,,,,,12
778,2007,10,13,13,"13","3","giancarlo-fisichella","renault","renault","bridgestone",,,"1:32.378",92378,"1:32.010",92010,,,,,,,13
778,2007,10,14,14,"14","8","rubens-barrichello","honda","honda","bridgestone",,,"1:32.674",92674,"1:32.221",92221,,,,,,,12
778,2007,10,15,15,"15","23","anthony-davidson","super-aguri","honda","bridgestone",,,"1:32.793",92793,"1:32.451",92451,,,,,,,12
778,2007,10,16,16,"16","22","takuma-sato","super-aguri","honda","bridgestone",,,"1:32.678",92678,"1:32.838",92838,,,,,,,11
778,2007,10,17,17,"17","7","jenson-button","honda","honda","bridgestone",,,"1:32.983",92983,,,,,,,,,6
778,2007,10,18,18,"18","19","scott-speed","toro-rosso","ferrari","bridgestone",,,"1:33.038",93038,,,,,,,,,6
778,2007,10,19,19,"19","18","vitantonio-liuzzi","toro-rosso","ferrari","bridgestone",,,"1:33.148",93148,,,,,,,,,6
778,2007,10,20,20,"20","14","david-coulthard","red-bull","renault","bridgestone",,,"1:33.151",93151,,,,,,,,,6
778,2007,10,21,21,"21","20","adrian-sutil","spyker","ferrari","bridgestone",,,"1:34.500",94500,,,,,,,,,9
778,2007,10,22,22,"22","21","markus-winkelhock","spyker","ferrari","bridgestone",,,"1:35.940",95940,,,,,,,,,6
779,2007,11,1,1,"1","1","fernando-alonso","mclaren","mercedes","bridgestone",,,"1:20.425",80425,"1:19.661",79661,"1:19.674",79674,,,,,17
779,2007,11,2,2,"2","2","lewis-hamilton","mclaren","mercedes","bridgestone",,,"1:19.570",79570,"1:19.301",79301,"1:19.781",79781,"+0.107",107,"+0.107",107,17
779,2007,11,3,3,"3","9","nick-heidfeld","bmw-sauber","bmw","bridgestone",,,"1:20.751",80751,"1:20.322",80322,"1:20.259",80259,"+0.585",585,"+0.478",478,22
779,2007,11,4,4,"4","6","kimi-raikkonen","ferrari","ferrari","bridgestone",,,"1:20.435",80435,"1:20.107",80107,"1:20.410",80410,"+0.736",736,"+0.151",151,19
779,2007,11,5,5,"5","16","nico-rosberg","williams","toyota","bridgestone",,,"1:20.547",80547,"1:20.188",80188,"1:20.632",80632,"+0.958",958,"+0.222",222,22
779,2007,11,6,6,"6","11","ralf-schumacher","toyota","toyota","bridgestone",,,"1:20.449",80449,"1:20.455",80455,"1:20.714",80714,"+1.040",1040,"+0.082",82,24
779,2007,11,7,7,"7","10","robert-kubica","bmw-sauber","bmw","bridgestone",,,"1:20.366",80366,"1:20.703",80703,"1:20.876",80876,"+1.202",1202,"+0.162",162,23
779,2007,11,8,8,"8","3","giancarlo-fisichella","renault","renault","bridgestone",,,"1:21.645",81645,"1:20.590",80590,"1:21.079",81079,"+1.405",1405,"+0.203",203,25
779,2007,11,9,9,"9","12","jarno-trulli","toyota","toyota","bridgestone",,,"1:20.481",80481,"1:19.951",79951,"1:21.206",81206,"+1.532",1532,"+0.127",127,20
779,2007,11,10,10,"10","15","mark-webber","red-bull","renault","bridgestone",,,"1:20.794",80794,"1:20.439",80439,"1:21.256",81256,"+1.582",1582,"+0.050",50,22
779,2007,11,11,11,"11","14","david-coulthard","red-bull","renault","bridgestone",,,"1:21.291",81291,"1:20.718",80718,,,,,,,12
779,2007,11,12,12,"12","4","heikki-kovalainen","renault","renault","bridgestone",,,"1:20.285",80285,"1:20.779",80779,,,,,,,12
779,2007,11,13,13,"13","17","alexander-wurz","williams","toyota","bridgestone",,,"1:21.243",81243,"1:20.865",80865,,,,,,,18
779,2007,11,14,14,"14","5","felipe-massa","ferrari","ferrari","bridgestone",,,"1:20.408",80408,"1:21.021",81021,,,,,,,9
779,2007,11,15,15,"15","23","anthony-davidson","super-aguri","honda","bridgestone",,,"1:21.018",81018,"1:21.127",81127,,,,,,,12
779,2007,11,16,16,"16","18","vitantonio-liuzzi","toro-rosso","ferrari","bridgestone",,,"1:21.730",81730,"1:21.993",81993,,,,,,,16
779,2007,11,17,17,"17","7","jenson-button","honda","honda","bridgestone",,,"1:21.737",81737,,,,,,,,,6
779,2007,11,18,18,"18","8","rubens-barrichello","honda","honda","bridgestone",,,"1:21.877",81877,,,,,,,,,6
779,2007,11,19,19,"19","22","takuma-sato","super-aguri","honda","bridgestone",,,"1:22.143",82143,,,,,,,,,6
779,2007,11,20,20,"20","19","sebastian-vettel","toro-rosso","ferrari","bridgestone",,,"1:22.177",82177,,,,,,,,,7
779,2007,11,21,21,"21","20","adrian-sutil","spyker","ferrari","bridgestone",,,"1:22.737",82737,,,,,,,,,9
779,2007,11,22,22,"22","21","sakon-yamamoto","spyker","ferrari","bridgestone",,,"1:23.774",83774,,,,,,,,,7
780,2007,12,1,1,"1","5","felipe-massa","ferrari","ferrari","bridgestone",,,"1:27.488",87488,"1:27.039",87039,"1:27.329",87329,,,,,18
780,2007,12,2,2,"2","2","lewis-hamilton","mclaren","mercedes","bridgestone",,,"1:27.513",87513,"1:26.936",86936,"1:27.373",87373,"+0.044",44,"+0.044",44,17
780,2007,12,3,3,"3","6","kimi-raikkonen","ferrari","ferrari","bridgestone",,,"1:27.294",87294,"1:26.902",86902,"1:27.546",87546,"+0.217",217,"+0.173",173,18
780,2007,12,4,4,"4","1","fernando-alonso","mclaren","mercedes","bridgestone",,,"1:27.328",87328,"1:26.841",86841,"1:27.574",87574,"+0.245",245,"+0.028",28,17
780,2007,12,5,5,"5","10","robert-kubica","bmw-sauber","bmw","bridgestone",,,"1:27.997",87997,"1:27.253",87253,"1:27.722",87722,"+0.393",393,"+0.148",148,17
780,2007,12,6,6,"6","9","nick-heidfeld","bmw-sauber","bmw","bridgestone",,,"1:28.099",88099,"1:27.253",87253,"1:28.037",88037,"+0.708",708,"+0.315",315,17
780,2007,12,7,7,"7","4","heikki-kovalainen","renault","renault","bridgestone",,,"1:28.127",88127,"1:27.784",87784,"1:28.491",88491,"+1.162",1162,"+0.454",454,24
780,2007,12,8,8,"8","16","nico-rosberg","williams","toyota","bridgestone",,,"1:28.275",88275,"1:27.750",87750,"1:28.501",88501,"+1.172",1172,"+0.010",10,20
780,2007,12,9,9,"9","12","jarno-trulli","toyota","toyota","bridgestone",,,"1:28.318",88318,"1:27.801",87801,"1:28.740",88740,"+1.411",1411,"+0.239",239,24
780,2007,12,10,10,"10","3","giancarlo-fisichella","renault","renault","bridgestone",,,"1:28.313",88313,"1:27.880",87880,"1:29.322",89322,"+1.993",1993,"+0.582",582,24
780,2007,12,11,11,"11","23","anthony-davidson","super-aguri","honda","bridgestone",,,"1:28.304",88304,"1:28.002",88002,,,,,,,12
780,2007,12,12,12,"12","15","mark-webber","red-bull","renault","bridgestone",,,"1:28.500",88500,"1:28.013",88013,,,,,,,12
780,2007,12,13,13,"13","14","david-coulthard","red-bull","renault","bridgestone",,,"1:28.395",88395,"1:28.100",88100,,,,,,,12
780,2007,12,14,14,"14","8","rubens-barrichello","honda","honda","bridgestone",,,"1:28.792",88792,"1:28.188",88188,,,,,,,12
780,2007,12,15,15,"15","7","jenson-button","honda","honda","bridgestone",,,"1:28.373",88373,"1:28.220",88220,,,,,,,12
780,2007,12,16,16,"16","17","alexander-wurz","williams","toyota","bridgestone",,,"1:28.360",88360,"1:28.390",88390,,,,,,,14
780,2007,12,17,17,"17","18","vitantonio-liuzzi","toro-rosso","ferrari","bridgestone",,,"1:28.798",88798,,,,,,,,,9
780,2007,12,18,18,"18","11","ralf-schumacher","toyota","toyota","bridgestone",,,"1:28.809",88809,,,,,,,,,7
780,2007,12,19,19,"19","22","takuma-sato","super-aguri","honda","bridgestone",,,"1:28.953",88953,,,,,,,,,8
780,2007,12,20,20,"20","19","sebastian-vettel","toro-rosso","ferrari","bridgestone",,,"1:29.408",89408,,,,,,,,,6
780,2007,12,21,21,"21","20","adrian-sutil","spyker","ferrari","bridgestone",,,"1:29.861",89861,,,,,,,,,9
780,2007,12,22,22,"22","21","sakon-yamamoto","spyker","ferrari","bridgestone",,,"1:31.479",91479,,,,,,,,,7
781,2007,13,1,1,"1","1","fernando-alonso","mclaren","mercedes","bridgestone",,,"1:21.718",81718,"1:21.356",81356,"1:21.997",81997,,,,,17
781,2007,13,2,2,"2","2","lewis-hamilton","mclaren","mercedes","bridgestone",,,"1:21.956",81956,"1:21.746",81746,"1:22.034",82034,"+0.037",37,"+0.037",37,17
781,2007,13,3,3,"3","5","felipe-massa","ferrari","ferrari","bridgestone",,,"1:22.309",82309,"1:21.993",81993,"1:22.549",82549,"+0.552",552,"+0.515",515,17
781,2007,13,4,4,"4","9","nick-heidfeld","bmw-sauber","bmw","bridgestone",,,"1:23.107",83107,"1:22.466",82466,"1:23.174",83174,"+1.177",1177,"+0.625",625,18
781,2007,13,5,5,"5","6","kimi-raikkonen","ferrari","ferrari","bridgestone",,,"1:22.673",82673,"1:22.369",82369,"1:23.183",83183,"+1.186",1186,"+0.009",9,21
781,2007,13,6,6,"6","10","robert-kubica","bmw-sauber","bmw","bridgestone",,,"1:23.088",83088,"1:22.400",82400,"1:23.446",83446,"+1.449",1449,"+0.263",263,18
781,2007,13,7,7,"7","4","heikki-kovalainen","renault","renault","bridgestone",,,"1:23.505",83505,"1:23.134",83134,"1:24.102",84102,"+2.105",2105,"+0.656",656,24
781,2007,13,8,8,"8","16","nico-rosberg","williams","toyota","bridgestone",,,"1:23.333",83333,"1:22.748",82748,"1:24.382",84382,"+2.385",2385,"+0.280",280,24
781,2007,13,9,9,"9","12","jarno-trulli","toyota","toyota","bridgestone",,,"1:23.724",83724,"1:23.107",83107,"1:24.555",84555,"+2.558",2558,"+0.173",173,24
781,2007,13,10,10,"10","7","jenson-button","honda","honda","bridgestone",,,"1:23.639",83639,"1:23.021",83021,"1:25.165",85165,"+3.168",3168,"+0.610",610,23
781,2007,13,11,11,"11","15","mark-webber","red-bull","renault","bridgestone",,,"1:23.575",83575,"1:23.166",83166,,,,,,,13
781,2007,13,12,12,"12","8","rubens-barrichello","honda","honda","bridgestone",,,"1:23.474",83474,"1:23.176",83176,,,,,,,13
781,2007,13,13,13,"13","17","alexander-wurz","williams","toyota","bridgestone",,,"1:23.739",83739,"1:23.209",83209,,,,,,,11
781,2007,13,14,14,"14","23","anthony-davidson","super-aguri","honda","bridgestone",,,"1:23.646",83646,"1:23.274",83274,,,,,,,12
781,2007,13,15,15,"15","3","giancarlo-fisichella","renault","renault","bridgestone",,,"1:23.559",83559,"1:23.325",83325,,,,,,,13
781,2007,13,16,16,"16","19","sebastian-vettel","toro-rosso","ferrari","bridgestone",,,"1:23.578",83578,"1:23.351",83351,,,,,,,15
781,2007,13,17,17,"17","22","takuma-sato","super-aguri","honda","bridgestone",,,"1:23.749",83749,,,,,,,,,5
781,2007,13,18,18,"18","11","ralf-schumacher","toyota","toyota","bridgestone",,,"1:23.787",83787,,,,,,,,,7
781,2007,13,19,19,"19","18","vitantonio-liuzzi","toro-rosso","ferrari","bridgestone",,,"1:23.886",83886,,,,,,,,,6
781,2007,13,20,20,"20","14","david-coulthard","red-bull","renault","bridgestone",,,"1:24.019",84019,,,,,,,,,6
781,2007,13,21,21,"21","20","adrian-sutil","spyker","ferrari","bridgestone",,,"1:24.699",84699,,,,,,,,,10
781,2007,13,22,22,"22","21","sakon-yamamoto","spyker","ferrari","bridgestone",,,"1:25.084",85084,,,,,,,,,8
782,2007,14,1,1,"1","6","kimi-raikkonen","ferrari","ferrari","bridgestone",,,"1:46.242",106242,"1:45.070",105070,"1:45.994",105994,,,,,15
782,2007,14,2,2,"2","5","felipe-massa","ferrari","ferrari","bridgestone",,,"1:46.060",106060,"1:45.173",105173,"1:46.011",106011,"+0.017",17,"+0.017",17,15
782,2007,14,3,3,"3","1","fernando-alonso","mclaren","mercedes","bridgestone",,,"1:46.058",106058,"1:45.442",105442,"1:46.091",106091,"+0.097",97,"+0.080",80,15
782,2007,14,4,4,"4","2","lewis-hamilton","mclaren","mercedes","bridgestone",,,"1:46.437",106437,"1:45.132",105132,"1:46.406",106406,"+0.412",412,"+0.315",315,15
782,2007,14,5,5,"5","10","robert-kubica","bmw-sauber","bmw","bridgestone",,,"1:46.707",106707,"1:45.885",105885,"1:46.996",106996,"+1.002",1002,"+0.590",590,22
782,2007,14,6,6,"6","16","nico-rosberg","williams","toyota","bridgestone",,,"1:46.950",106950,"1:46.469",106469,"1:47.334",107334,"+1.340",1340,"+0.338",338,21
782,2007,14,7,7,"7","9","nick-heidfeld","bmw-sauber","bmw","bridgestone",,,"1:46.923",106923,"1:45.994",105994,"1:47.409",107409,"+1.415",1415,"+0.075",75,18
782,2007,14,8,8,"8","15","mark-webber","red-bull","renault","bridgestone",,,"1:47.084",107084,"1:46.426",106426,"1:47.524",107524,"+1.530",1530,"+0.115",115,20
782,2007,14,9,9,"9","12","jarno-trulli","toyota","toyota","bridgestone",,,"1:47.143",107143,"1:46.480",106480,"1:47.798",107798,"+1.804",1804,"+0.274",274,21
782,2007,14,10,10,"10","4","heikki-kovalainen","renault","renault","bridgestone",,,"1:46.971",106971,"1:46.240",106240,"1:48.505",108505,"+2.511",2511,"+0.707",707,21
782,2007,14,11,11,"11","3","giancarlo-fisichella","renault","renault","bridgestone",,,"1:47.143",107143,"1:46.603",106603,,,,,,,13
782,2007,14,12,12,"12","11","ralf-schumacher","toyota","toyota","bridgestone",,,"1:47.300",107300,"1:46.618",106618,,,,,,,11
782,2007,14,13,13,"13","14","david-coulthard","red-bull","renault","bridgestone",,,"1:47.340",107340,"1:46.800",106800,,,,,,,12
782,2007,14,14,14,"14","7","jenson-button","honda","honda","bridgestone",,,"1:47.474",107474,"1:46.955",106955,,,,,,,12
782,2007,14,15,15,"15","18","vitantonio-liuzzi","toro-rosso","ferrari","bridgestone",,,"1:47.576",107576,"1:47.115",107115,,,,,,,12
782,2007,14,16,16,"16","17","alexander-wurz","williams","toyota","bridgestone",,,"1:47.522",107522,"1:47.394",107394,,,,,,,12
782,2007,14,17,17,"17","19","sebastian-vettel","toro-rosso","ferrari","bridgestone",,,"1:47.581",107581,,,,,,,,,6
782,2007,14,18,18,"18","8","rubens-barrichello","honda","honda","bridgestone",,,"1:47.954",107954,,,,,,,,,6
782,2007,14,19,19,"19","22","takuma-sato","super-aguri","honda","bridgestone",,,"1:47.980",107980,,,,,,,,,6
782,2007,14,20,20,"20","20","adrian-sutil","spyker","ferrari","bridgestone",,,"1:48.044",108044,,,,,,,,,8
782,2007,14,21,21,"21","23","anthony-davidson","super-aguri","honda","bridgestone",,,"1:48.199",108199,,,,,,,,,6
782,2007,14,22,22,"22","21","sakon-yamamoto","spyker","ferrari","bridgestone",,,"1:49.577",109577,,,,,,,,,5
783,2007,15,1,1,"1","2","lewis-hamilton","mclaren","mercedes","bridgestone",,,"1:25.489",85489,"1:24.753",84753,"1:25.368",85368,,,,,30
783,2007,15,2,2,"2","1","fernando-alonso","mclaren","mercedes","bridgestone",,,"1:25.379",85379,"1:24.806",84806,"1:25.438",85438,"+0.070",70,"+0.070",70,27
783,2007,15,3,3,"3","6","kimi-raikkonen","ferrari","ferrari","bridgestone",,,"1:25.390",85390,"1:24.988",84988,"1:25.516",85516,"+0.148",148,"+0.078",78,29
783,2007,15,4,4,"4","5","felipe-massa","ferrari","ferrari","bridgestone",,,"1:25.359",85359,"1:25.049",85049,"1:25.765",85765,"+0.397",397,"+0.249",249,29
783,2007,15,5,5,"5","9","nick-heidfeld","bmw-sauber","bmw","bridgestone",,,"1:25.971",85971,"1:25.248",85248,"1:26.505",86505,"+1.137",1137,"+0.740",740,30
783,2007,15,6,6,"6","16","nico-rosberg","williams","toyota","bridgestone",,,"1:26.579",86579,"1:25.816",85816,"1:26.728",86728,"+1.360",1360,"+0.223",223,33
783,2007,15,7,7,"7","7","jenson-button","honda","honda","bridgestone",,,"1:26.614",86614,"1:25.454",85454,"1:26.913",86913,"+1.545",1545,"+0.185",185,31
783,2007,15,8,8,"8","15","mark-webber","red-bull","renault","bridgestone",,,"1:25.970",85970,"1:25.535",85535,"1:26.914",86914,"+1.546",1546,"+0.001",1,29
783,2007,15,9,9,"9","19","sebastian-vettel","toro-rosso","ferrari","bridgestone",,,"1:26.025",86025,"1:25.909",85909,"1:26.973",86973,"+1.605",1605,"+0.059",59,33
783,2007,15,10,10,"10","10","robert-kubica","bmw-sauber","bmw","bridgestone",,,"1:26.300",86300,"1:25.530",85530,"1:27.225",87225,"+1.857",1857,"+0.252",252,33
783,2007,15,11,11,"11","3","giancarlo-fisichella","renault","renault","bridgestone",,,"1:26.909",86909,"1:26.033",86033,,,,,,,17
783,2007,15,12,12,"12","4","heikki-kovalainen","renault","renault","bridgestone",,,"1:27.223",87223,"1:26.232",86232,,,,,,,17
783,2007,15,13,13,"13","14","david-coulthard","red-bull","renault","bridgestone",,,"1:26.904",86904,"1:26.247",86247,,,,,,,21
783,2007,15,14,14,"14","12","jarno-trulli","toyota","toyota","bridgestone",,,"1:26.711",86711,"1:26.253",86253,,,,,,,21
783,2007,15,15,15,"15","18","vitantonio-liuzzi","toro-rosso","ferrari","bridgestone",,,"1:27.234",87234,"1:26.948",86948,,,,,,,22
783,2007,15,16,16,"16","11","ralf-schumacher","toyota","toyota","bridgestone",,,"1:27.191",87191,,,,,,,,,10
783,2007,15,17,17,"17","8","rubens-barrichello","honda","honda","bridgestone",,,"1:27.323",87323,,,,,,,,,10
783,2007,15,18,18,"18","17","alexander-wurz","williams","toyota","bridgestone",,,"1:27.454",87454,,,,,,,,,10
783,2007,15,19,19,"19","23","anthony-davidson","super-aguri","honda","bridgestone",,,"1:27.564",87564,,,,,,,,,10
783,2007,15,20,20,"20","20","adrian-sutil","spyker","ferrari","bridgestone",,,"1:28.628",88628,,,,,,,,,10
783,2007,15,21,21,"21","22","takuma-sato","super-aguri","honda","bridgestone",,,"1:28.792",88792,,,,,,,,,10
783,2007,15,22,22,"22","21","sakon-yamamoto","spyker","ferrari","bridgestone",,,"1:29.668",89668,,,,,,,,,10
784,2007,16,1,1,"1","2","lewis-hamilton","mclaren","mercedes","bridgestone",,,"1:35.798",95798,"1:35.898",95898,"1:35.908",95908,,,,,16
784,2007,16,2,2,"2","6","kimi-raikkonen","ferrari","ferrari","bridgestone",,,"1:35.692",95692,"1:35.381",95381,"1:36.044",96044,"+0.136",136,"+0.136",136,17
784,2007,16,3,3,"3","5","felipe-massa","ferrari","ferrari","bridgestone",,,"1:35.792",95792,"1:35.796",95796,"1:36.221",96221,"+0.313",313,"+0.177",177,16
784,2007,16,4,4,"4","1","fernando-alonso","mclaren","mercedes","bridgestone",,,"1:35.809",95809,"1:35.845",95845,"1:36.576",96576,"+0.668",668,"+0.355",355,16
784,2007,16,5,5,"5","14","david-coulthard","red-bull","renault","bridgestone",,,"1:36.930",96930,"1:36.252",96252,"1:37.619",97619,"+1.711",1711,"+1.043",1043,22
784,2007,16,6,6,"6","11","ralf-schumacher","toyota","toyota","bridgestone",,,"1:37.135",97135,"1:36.709",96709,"1:38.013",98013,"+2.105",2105,"+0.394",394,23
784,2007,16,7,7,"7","15","mark-webber","red-bull","renault","bridgestone",,,"1:37.199",97199,"1:36.602",96602,"1:38.153",98153,"+2.245",2245,"+0.140",140,22
784,2007,16,8,8,"8","9","nick-heidfeld","bmw-sauber","bmw","bridgestone",,,"1:36.737",96737,"1:36.217",96217,"1:38.455",98455,"+2.547",2547,"+0.302",302,21
784,2007,16,9,9,"9","10","robert-kubica","bmw-sauber","bmw","bridgestone",,,"1:36.309",96309,"1:36.116",96116,"1:38.472",98472,"+2.564",2564,"+0.017",17,20
784,2007,16,10,10,"10","7","jenson-button","honda","honda","bridgestone",,,"1:37.092",97092,"1:36.771",96771,"1:39.285",99285,"+3.377",3377,"+0.813",813,22
784,2007,16,11,11,"11","18","vitantonio-liuzzi","toro-rosso","ferrari","bridgestone",,,"1:37.047",97047,"1:36.862",96862,,,,,,,12
784,2007,16,12,12,"12","19","sebastian-vettel","toro-rosso","ferrari","bridgestone",,,"1:37.006",97006,"1:36.891",96891,,,,,,,12
784,2007,16,13,13,"13","12","jarno-trulli","toyota","toyota","bridgestone",,,"1:37.209",97209,"1:36.959",96959,,,,,,,13
784,2007,16,14,14,"14","4","heikki-kovalainen","renault","renault","bridgestone",,,"1:37.225",97225,"1:36.991",96991,,,,,,,12
784,2007,16,15,15,"15","23","anthony-davidson","super-aguri","honda","bridgestone",,,"1:37.203",97203,"1:37.247",97247,,,,,,,12
784,2007,16,16,16,"16","16","nico-rosberg","williams","toyota","bridgestone",,,"1:37.144",97144,"1:37.483",97483,,,,,,,13
784,2007,16,17,17,"17","8","rubens-barrichello","honda","honda","bridgestone",,,"1:37.251",97251,,,,,,,,,6
784,2007,16,18,18,"18","3","giancarlo-fisichella","renault","renault","bridgestone",,,"1:37.290",97290,,,,,,,,,7
784,2007,16,19,19,"19","17","alexander-wurz","williams","toyota","bridgestone",,,"1:37.456",97456,,,,,,,,,6
784,2007,16,20,20,"20","22","takuma-sato","super-aguri","honda","bridgestone",,,"1:38.218",98218,,,,,,,,,6
784,2007,16,21,21,"21","20","adrian-sutil","spyker","ferrari","bridgestone",,,"1:38.668",98668,,,,,,,,,8
784,2007,16,22,22,"22","21","sakon-yamamoto","spyker","ferrari","bridgestone",,,"1:39.336",99336,,,,,,,,,7
785,2007,17,1,1,"1","5","felipe-massa","ferrari","ferrari","bridgestone",,,"1:12.303",72303,"1:12.374",72374,"1:11.931",71931,,,,,20
785,2007,17,2,2,"2","2","lewis-hamilton","mclaren","mercedes","bridgestone",,,"1:13.033",73033,"1:12.296",72296,"1:12.082",72082,"+0.151",151,"+0.151",151,19
785,2007,17,3,3,"3","6","kimi-raikkonen","ferrari","ferrari","bridgestone",,,"1:13.016",73016,"1:12.161",72161,"1:12.322",72322,"+0.391",391,"+0.240",240,20
785,2007,17,4,4,"4","1","fernando-alonso","mclaren","mercedes","bridgestone",,,"1:12.895",72895,"1:12.637",72637,"1:12.356",72356,"+0.425",425,"+0.034",34,22
785,2007,17,5,5,"5","15","mark-webber","red-bull","renault","bridgestone",,,"1:13.081",73081,"1:12.683",72683,"1:12.928",72928,"+0.997",997,"+0.572",572,24
785,2007,17,6,6,"6","9","nick-heidfeld","bmw-sauber","bmw","bridgestone",,,"1:13.472",73472,"1:12.888",72888,"1:13.081",73081,"+1.150",1150,"+0.153",153,24
785,2007,17,7,7,"7","10","robert-kubica","bmw-sauber","bmw","bridgestone",,,"1:13.085",73085,"1:12.641",72641,"1:13.129",73129,"+1.198",1198,"+0.048",48,23
785,2007,17,8,8,"8","12","jarno-trulli","toyota","toyota","bridgestone",,,"1:13.470",73470,"1:12.832",72832,"1:13.195",73195,"+1.264",1264,"+0.066",66,25
785,2007,17,9,9,"9","14","david-coulthard","red-bull","renault","bridgestone",,,"1:13.264",73264,"1:12.846",72846,"1:13.272",73272,"+1.341",1341,"+0.077",77,24
785,2007,17,10,10,"10","16","nico-rosberg","williams","toyota","bridgestone",,,"1:13.707",73707,"1:12.752",72752,"1:13.477",73477,"+1.546",1546,"+0.205",205,24
785,2007,17,11,11,"11","8","rubens-barrichello","honda","honda","bridgestone",,,"1:13.661",73661,"1:12.932",72932,,,,,,,12
785,2007,17,12,12,"12","3","giancarlo-fisichella","renault","renault","bridgestone",,,"1:13.482",73482,"1:12.968",72968,,,,,,,12
785,2007,17,13,13,"13","19","sebastian-vettel","toro-rosso","ferrari","bridgestone",,,"1:13.853",73853,"1:13.058",73058,,,,,,,12
785,2007,17,14,14,"14","18","vitantonio-liuzzi","toro-rosso","ferrari","bridgestone",,,"1:13.607",73607,"1:13.251",73251,,,,,,,12
785,2007,17,15,15,"15","11","ralf-schumacher","toyota","toyota","bridgestone",,,"1:13.767",73767,"1:13.315",73315,,,,,,,12
785,2007,17,16,16,"16","7","jenson-button","honda","honda","bridgestone",,,"1:14.054",74054,"1:13.469",73469,,,,,,,12
785,2007,17,17,17,"17","4","heikki-kovalainen","renault","renault","bridgestone",,,"1:14.078",74078,,,,,,,,,7
785,2007,17,18,18,"18","22","takuma-sato","super-aguri","honda","bridgestone",,,"1:14.098",74098,,,,,,,,,6
785,2007,17,19,19,"19","17","kazuki-nakajima","williams","toyota","bridgestone",,,"1:14.417",74417,,,,,,,,,6
785,2007,17,20,20,"20","23","anthony-davidson","super-aguri","honda","bridgestone",,,"1:14.596",74596,,,,,,,,,6
785,2007,17,21,21,"21","20","adrian-sutil","spyker","ferrari","bridgestone",,,"1:15.217",75217,,,,,,,,,3
785,2007,17,22,22,"22","21","sakon-yamamoto","spyker","ferrari","bridgestone",,,"1:15.487",75487,,,,,,,,,6
786,2008,1,1,1,"1","22","lewis-hamilton","mclaren","mercedes","bridgestone",,,"1:26.572",86572,"1:25.187",85187,"1:26.714",86714,,,,,14
786,2008,1,2,2,"2","4","robert-kubica","bmw-sauber","bmw","bridgestone",,,"1:26.103",86103,"1:25.315",85315,"1:26.869",86869,"+0.155",155,"+0.155",155,15
786,2008,1,3,3,"3","23","heikki-kovalainen","mclaren","mercedes","bridgestone",,,"1:25.664",85664,"1:25.452",85452,"1:27.079",87079,"+0.365",365,"+0.210",210,13
786,2008,1,4,4,"4","2","felipe-massa","ferrari","ferrari","bridgestone",,,"1:25.994",85994,"1:25.691",85691,"1:27.178",87178,"+0.464",464,"+0.099",99,12
786,2008,1,5,5,"5","3","nick-heidfeld","bmw-sauber","bmw","bridgestone",,,"1:25.960",85960,"1:25.518",85518,"1:27.236",87236,"+0.522",522,"+0.058",58,16
786,2008,1,6,6,"6","11","jarno-trulli","toyota","toyota","bridgestone",,,"1:26.427",86427,"1:26.101",86101,"1:28.527",88527,"+1.813",1813,"+1.291",1291,17
786,2008,1,7,7,"7","7","nico-rosberg","williams","toyota","bridgestone",,,"1:26.295",86295,"1:26.059",86059,"1:28.687",88687,"+1.973",1973,"+0.160",160,21
786,2008,1,8,8,"8","9","david-coulthard","red-bull","renault","bridgestone",,,"1:26.381",86381,"1:26.063",86063,"1:29.041",89041,"+2.327",2327,"+0.354",354,18
786,2008,1,9,9,"9","12","timo-glock","toyota","toyota","bridgestone",,,"1:26.919",86919,"1:26.164",86164,"1:29.593",89593,"+2.879",2879,"+0.552",552,17
786,2008,1,10,10,"10","15","sebastian-vettel","toro-rosso","ferrari","bridgestone",,,"1:26.702",86702,"1:25.842",85842,,,,,,,18
786,2008,1,11,11,"11","17","rubens-barrichello","honda","honda","bridgestone",,,"1:26.369",86369,"1:26.173",86173,,,,,,,13
786,2008,1,12,12,"12","5","fernando-alonso","renault","renault","bridgestone",,,"1:26.907",86907,"1:26.188",86188,,,,,,,10
786,2008,1,13,13,"13","16","jenson-button","honda","honda","bridgestone",,,"1:26.712",86712,"1:26.259",86259,,,,,,,13
786,2008,1,14,14,"14","8","kazuki-nakajima","williams","toyota","bridgestone",,,"1:26.891",86891,"1:26.413",86413,,,,,,,13
786,2008,1,15,15,"15","10","mark-webber","red-bull","renault","bridgestone",,,"1:26.914",86914,,,,,,,,,8
786,2008,1,16,16,"16","1","kimi-raikkonen","ferrari","ferrari","bridgestone",,,"1:26.140",86140,,,,,,,,,3
786,2008,1,17,17,"17","21","giancarlo-fisichella","force-india","ferrari","bridgestone",,,"1:27.207",87207,,,,,,,,,9
786,2008,1,18,18,"18","14","sebastien-bourdais","toro-rosso","ferrari","bridgestone",,,"1:27.446",87446,,,,,,,,,10
786,2008,1,19,19,"19","20","adrian-sutil","force-india","ferrari","bridgestone",,,"1:27.859",87859,,,,,,,,,9
786,2008,1,20,20,"20","18","takuma-sato","super-aguri","honda","bridgestone",,,"1:28.208",88208,,,,,,,,,9
786,2008,1,21,21,"21","6","nelson-piquet-jr","renault","renault","bridgestone",,,"1:28.330",88330,,,,,,,,,6
786,2008,1,22,22,"22","19","anthony-davidson","super-aguri","honda","bridgestone",,,"1:29.059",89059,,,,,,,,,9
787,2008,2,1,1,"1","2","felipe-massa","ferrari","ferrari","bridgestone",,,"1:35.347",95347,"1:34.412",94412,"1:35.748",95748,,,,,17
787,2008,2,2,2,"2","1","kimi-raikkonen","ferrari","ferrari","bridgestone",,,"1:35.645",95645,"1:34.188",94188,"1:36.230",96230,"+0.482",482,"+0.482",482,13
787,2008,2,3,3,"3","23","heikki-kovalainen","mclaren","mercedes","bridgestone",,,"1:35.227",95227,"1:34.759",94759,"1:36.613",96613,"+0.865",865,"+0.383",383,12
787,2008,2,4,4,"4","22","lewis-hamilton","mclaren","mercedes","bridgestone",,,"1:35.392",95392,"1:34.627",94627,"1:36.709",96709,"+0.961",961,"+0.096",96,18
787,2008,2,5,5,"5","11","jarno-trulli","toyota","toyota","bridgestone",,,"1:35.205",95205,"1:34.825",94825,"1:36.711",96711,"+0.963",963,"+0.002",2,18
787,2008,2,6,6,"6","4","robert-kubica","bmw-sauber","bmw","bridgestone",,,"1:35.794",95794,"1:34.811",94811,"1:36.727",96727,"+0.979",979,"+0.016",16,13
787,2008,2,7,7,"7","3","nick-heidfeld","bmw-sauber","bmw","bridgestone",,,"1:35.729",95729,"1:34.648",94648,"1:36.753",96753,"+1.005",1005,"+0.026",26,13
787,2008,2,8,8,"8","10","mark-webber","red-bull","renault","bridgestone",,,"1:35.440",95440,"1:34.967",94967,"1:37.009",97009,"+1.261",1261,"+0.256",256,18
787,2008,2,9,9,"9","5","fernando-alonso","renault","renault","bridgestone",,,"1:35.983",95983,"1:35.140",95140,"1:38.450",98450,"+2.702",2702,"+1.441",1441,18
787,2008,2,10,10,"10","12","timo-glock","toyota","toyota","bridgestone",,,"1:35.891",95891,"1:35.000",95000,"1:39.656",99656,"+3.908",3908,"+1.206",1206,20
787,2008,2,11,11,"11","16","jenson-button","honda","honda","bridgestone",,,"1:35.847",95847,"1:35.208",95208,,,,,,,15
787,2008,2,12,12,"12","9","david-coulthard","red-bull","renault","bridgestone",,,"1:36.058",96058,"1:35.408",95408,,,,,,,12
787,2008,2,13,13,"13","6","nelson-piquet-jr","renault","renault","bridgestone",,,"1:36.074",96074,"1:35.562",95562,,,,,,,12
787,2008,2,14,14,"14","17","rubens-barrichello","honda","honda","bridgestone",,,"1:36.198",96198,"1:35.622",95622,,,,,,,15
787,2008,2,15,15,"15","15","sebastian-vettel","toro-rosso","ferrari","bridgestone",,,"1:36.111",96111,"1:35.648",95648,,,,,,,15
787,2008,2,16,16,"16","7","nico-rosberg","williams","toyota","bridgestone",,,"1:35.843",95843,"1:35.670",95670,,,,,,,13
787,2008,2,17,17,"17","21","giancarlo-fisichella","force-india","ferrari","bridgestone",,,"1:36.240",96240,,,,,,,,,9
787,2008,2,18,18,"18","8","kazuki-nakajima","williams","toyota","bridgestone",,,"1:36.388",96388,,,,,,,,,9
787,2008,2,19,19,"19","14","sebastien-bourdais","toro-rosso","ferrari","bridgestone",,,"1:36.677",96677,,,,,,,,,8
787,2008,2,20,20,"20","18","takuma-sato","super-aguri","honda","bridgestone",,,"1:37.087",97087,,,,,,,,,9
787,2008,2,21,21,"21","20","adrian-sutil","force-india","ferrari","bridgestone",,,"1:37.101",97101,,,,,,,,,10
787,2008,2,22,22,"22","19","anthony-davidson","super-aguri","honda","bridgestone",,,"1:37.481",97481,,,,,,,,,9
788,2008,3,1,1,"1","4","robert-kubica","bmw-sauber","bmw","bridgestone",,,"1:32.893",92893,"1:31.745",91745,"1:33.096",93096,,,,,12
788,2008,3,2,2,"2","2","felipe-massa","ferrari","ferrari","bridgestone",,,"1:31.937",91937,"1:31.188",91188,"1:33.123",93123,"+0.027",27,"+0.027",27,12
788,2008,3,3,3,"3","22","lewis-hamilton","mclaren","mercedes","bridgestone",,,"1:32.750",92750,"1:31.922",91922,"1:33.292",93292,"+0.196",196,"+0.169",169,13
788,2008,3,4,4,"4","1","kimi-raikkonen","ferrari","ferrari","bridgestone",,,"1:32.652",92652,"1:31.933",91933,"1:33.418",93418,"+0.322",322,"+0.126",126,12
788,2008,3,5,5,"5","23","heikki-kovalainen","mclaren","mercedes","bridgestone",,,"1:33.057",93057,"1:31.718",91718,"1:33.488",93488,"+0.392",392,"+0.070",70,12
788,2008,3,6,6,"6","3","nick-heidfeld","bmw-sauber","bmw","bridgestone",,,"1:33.137",93137,"1:31.909",91909,"1:33.737",93737,"+0.641",641,"+0.249",249,15
788,2008,3,7,7,"7","11","jarno-trulli","toyota","toyota","bridgestone",,,"1:32.493",92493,"1:32.159",92159,"1:33.994",93994,"+0.898",898,"+0.257",257,19
788,2008,3,8,8,"8","7","nico-rosberg","williams","toyota","bridgestone",,,"1:32.903",92903,"1:32.185",92185,"1:34.015",94015,"+0.919",919,"+0.021",21,22
788,2008,3,9,9,"9","16","jenson-button","honda","honda","bridgestone",,,"1:32.793",92793,"1:32.362",92362,"1:35.057",95057,"+1.961",1961,"+1.042",1042,17
788,2008,3,10,10,"10","5","fernando-alonso","renault","renault","bridgestone",,,"1:32.947",92947,"1:32.345",92345,"1:35.115",95115,"+2.019",2019,"+0.058",58,17
788,2008,3,11,11,"11","10","mark-webber","red-bull","renault","bridgestone",,,"1:33.194",93194,"1:32.371",92371,,,,,,,12
788,2008,3,12,12,"12","17","rubens-barrichello","honda","honda","bridgestone",,,"1:32.944",92944,"1:32.508",92508,,,,,,,12
788,2008,3,13,13,"13","12","timo-glock","toyota","toyota","bridgestone",,,"1:32.800",92800,"1:32.528",92528,,,,,,,15
788,2008,3,14,14,"14","6","nelson-piquet-jr","renault","renault","bridgestone",,,"1:32.975",92975,"1:32.790",92790,,,,,,,15
788,2008,3,15,15,"15","14","sebastien-bourdais","toro-rosso","ferrari","bridgestone",,,"1:33.415",93415,"1:32.915",92915,,,,,,,15
788,2008,3,16,16,"16","8","kazuki-nakajima","williams","toyota","bridgestone",,,"1:33.386",93386,"1:32.943",92943,,,,,,,15
788,2008,3,17,17,"17","9","david-coulthard","red-bull","renault","bridgestone",,,"1:33.433",93433,,,,,,,,,7
788,2008,3,18,18,"18","21","giancarlo-fisichella","force-india","ferrari","bridgestone",,,"1:33.501",93501,,,,,,,,,5
788,2008,3,19,19,"19","15","sebastian-vettel","toro-rosso","ferrari","bridgestone",,,"1:33.562",93562,,,,,,,,,9
788,2008,3,20,20,"20","20","adrian-sutil","force-india","ferrari","bridgestone",,,"1:33.845",93845,,,,,,,,,6
788,2008,3,21,21,"21","19","anthony-davidson","super-aguri","honda","bridgestone",,,"1:34.140",94140,,,,,,,,,9
788,2008,3,22,22,"22","18","takuma-sato","super-aguri","honda","bridgestone",,,"1:35.725",95725,,,,,,,,,5
789,2008,4,1,1,"1","1","kimi-raikkonen","ferrari","ferrari","bridgestone",,,"1:20.701",80701,"1:20.784",80784,"1:21.813",81813,,,,,17
789,2008,4,2,2,"2","5","fernando-alonso","renault","renault","bridgestone",,,"1:21.347",81347,"1:20.804",80804,"1:21.904",81904,"+0.091",91,"+0.091",91,18
789,2008,4,3,3,"3","2","felipe-massa","ferrari","ferrari","bridgestone",,,"1:21.528",81528,"1:20.584",80584,"1:22.058",82058,"+0.245",245,"+0.154",154,16
789,2008,4,4,4,"4","4","robert-kubica","bmw-sauber","bmw","bridgestone",,,"1:21.423",81423,"1:20.597",80597,"1:22.065",82065,"+0.252",252,"+0.007",7,13
789,2008,4,5,5,"5","22","lewis-hamilton","mclaren","mercedes","bridgestone",,,"1:21.366",81366,"1:20.825",80825,"1:22.096",82096,"+0.283",283,"+0.031",31,14
789,2008,4,6,6,"6","23","heikki-kovalainen","mclaren","mercedes","bridgestone",,,"1:21.430",81430,"1:20.817",80817,"1:22.231",82231,"+0.418",418,"+0.135",135,15
789,2008,4,7,7,"7","10","mark-webber","red-bull","renault","bridgestone",,,"1:21.494",81494,"1:20.984",80984,"1:22.429",82429,"+0.616",616,"+0.198",198,19
789,2008,4,8,8,"8","11","jarno-trulli","toyota","toyota","bridgestone",,,"1:21.158",81158,"1:20.907",80907,"1:22.529",82529,"+0.716",716,"+0.100",100,19
789,2008,4,9,9,"9","3","nick-heidfeld","bmw-sauber","bmw","bridgestone",,,"1:21.466",81466,"1:20.815",80815,"1:22.542",82542,"+0.729",729,"+0.013",13,20
789,2008,4,10,10,"10","6","nelson-piquet-jr","renault","renault","bridgestone",,,"1:21.409",81409,"1:20.894",80894,"1:22.699",82699,"+0.886",886,"+0.157",157,18
789,2008,4,11,11,"11","17","rubens-barrichello","honda","honda","bridgestone",,,"1:21.548",81548,"1:21.049",81049,,,,,,,12
789,2008,4,12,12,"12","8","kazuki-nakajima","williams","toyota","bridgestone",,,"1:21.690",81690,"1:21.117",81117,,,,,,,15
789,2008,4,13,13,"13","16","jenson-button","honda","honda","bridgestone",,,"1:21.757",81757,"1:21.211",81211,,,,,,,12
789,2008,4,14,14,"14","12","timo-glock","toyota","toyota","bridgestone",,,"1:21.427",81427,"1:21.230",81230,,,,,,,16
789,2008,4,15,15,"15","7","nico-rosberg","williams","toyota","bridgestone",,,"1:21.472",81472,"1:21.349",81349,,,,,,,15
789,2008,4,16,16,"16","14","sebastien-bourdais","toro-rosso","ferrari","bridgestone",,,"1:21.540",81540,"1:21.724",81724,,,,,,,15
789,2008,4,17,17,"17","9","david-coulthard","red-bull","renault","bridgestone",,,"1:21.810",81810,,,,,,,,,6
789,2008,4,18,18,"18","15","sebastian-vettel","toro-rosso","ferrari","bridgestone",,,"1:22.108",82108,,,,,,,,,10
789,2008,4,19,19,"19","21","giancarlo-fisichella","force-india","ferrari","bridgestone",,,"1:22.516",82516,,,,,,,,,11
789,2008,4,20,20,"20","20","adrian-sutil","force-india","ferrari","bridgestone",,,"1:23.224",83224,,,,,,,,,8
789,2008,4,21,21,"21","19","anthony-davidson","super-aguri","honda","bridgestone",,,"1:23.318",83318,,,,,,,,,9
789,2008,4,22,22,"22","18","takuma-sato","super-aguri","honda","bridgestone",,,"1:23.496",83496,,,,,,,,,9
790,2008,5,1,1,"1","2","felipe-massa","ferrari","ferrari","bridgestone",,,"1:25.994",85994,"1:26.192",86192,"1:27.617",87617,,,,,16
790,2008,5,2,2,"2","23","heikki-kovalainen","mclaren","mercedes","bridgestone",,,"1:26.736",86736,"1:26.290",86290,"1:27.808",87808,"+0.191",191,"+0.191",191,16
790,2008,5,3,3,"3","22","lewis-hamilton","mclaren","mercedes","bridgestone",,,"1:26.192",86192,"1:26.477",86477,"1:27.923",87923,"+0.306",306,"+0.115",115,15
790,2008,5,4,4,"4","1","kimi-raikkonen","ferrari","ferrari","bridgestone",,,"1:26.457",86457,"1:26.050",86050,"1:27.936",87936,"+0.319",319,"+0.013",13,17
790,2008,5,5,5,"5","4","robert-kubica","bmw-sauber","bmw","bridgestone",,,"1:26.761",86761,"1:26.129",86129,"1:28.390",88390,"+0.773",773,"+0.454",454,17
790,2008,5,6,6,"6","10","mark-webber","red-bull","renault","bridgestone",,,"1:26.773",86773,"1:26.466",86466,"1:28.417",88417,"+0.800",800,"+0.027",27,17
790,2008,5,7,7,"7","5","fernando-alonso","renault","renault","bridgestone",,,"1:26.836",86836,"1:26.522",86522,"1:28.422",88422,"+0.805",805,"+0.005",5,18
790,2008,5,8,8,"8","11","jarno-trulli","toyota","toyota","bridgestone",,,"1:26.695",86695,"1:26.822",86822,"1:28.836",88836,"+1.219",1219,"+0.414",414,20
790,2008,5,9,9,"9","3","nick-heidfeld","bmw-sauber","bmw","bridgestone",,,"1:27.107",87107,"1:26.607",86607,"1:28.882",88882,"+1.265",1265,"+0.046",46,20
790,2008,5,10,10,"10","9","david-coulthard","red-bull","renault","bridgestone",,,"1:26.939",86939,"1:26.520",86520,"1:29.959",89959,"+2.342",2342,"+1.077",1077,16
790,2008,5,11,11,"11","7","nico-rosberg","williams","toyota","bridgestone",,,"1:27.367",87367,"1:27.012",87012,,,,,,,13
790,2008,5,12,12,"12","17","rubens-barrichello","honda","honda","bridgestone",,,"1:27.355",87355,"1:27.219",87219,,,,,,,13
790,2008,5,13,13,"13","16","jenson-button","honda","honda","bridgestone",,,"1:27.428",87428,"1:27.298",87298,,,,,,,14
790,2008,5,14,14,"14","15","sebastian-vettel","toro-rosso","ferrari","bridgestone",,,"1:27.442",87442,"1:27.412",87412,,,,,,,15
790,2008,5,15,15,"15","12","timo-glock","toyota","toyota","bridgestone",,,"1:26.614",86614,"1:27.806",87806,,,,,,,15
790,2008,5,16,16,"16","8","kazuki-nakajima","williams","toyota","bridgestone",,,"1:27.547",87547,,,,,,,,,9
790,2008,5,17,17,"17","6","nelson-piquet-jr","renault","renault","bridgestone",,,"1:27.568",87568,,,,,,,,,7
790,2008,5,18,18,"18","14","sebastien-bourdais","toro-rosso","ferrari","bridgestone",,,"1:27.621",87621,,,,,,,,,8
790,2008,5,19,19,"19","21","giancarlo-fisichella","force-india","ferrari","bridgestone",,,"1:27.807",87807,,,,,,,,,10
790,2008,5,20,20,"20","20","adrian-sutil","force-india","ferrari","bridgestone",,,"1:28.325",88325,,,,,,,,,9
791,2008,6,1,1,"1","2","felipe-massa","ferrari","ferrari","bridgestone",,,"1:15.190",75190,"1:15.110",75110,"1:15.787",75787,,,,,20
791,2008,6,2,2,"2","1","kimi-raikkonen","ferrari","ferrari","bridgestone",,,"1:15.717",75717,"1:15.404",75404,"1:15.815",75815,"+0.028",28,"+0.028",28,19
791,2008,6,3,3,"3","22","lewis-hamilton","mclaren","mercedes","bridgestone",,,"1:15.582",75582,"1:15.322",75322,"1:15.839",75839,"+0.052",52,"+0.024",24,20
791,2008,6,4,4,"4","23","heikki-kovalainen","mclaren","mercedes","bridgestone",,,"1:15.295",75295,"1:15.389",75389,"1:16.165",76165,"+0.378",378,"+0.326",326,25
791,2008,6,5,5,"5","4","robert-kubica","bmw-sauber","bmw","bridgestone",,,"1:15.977",75977,"1:15.483",75483,"1:16.171",76171,"+0.384",384,"+0.006",6,18
791,2008,6,6,6,"6","7","nico-rosberg","williams","toyota","bridgestone",,,"1:15.935",75935,"1:15.287",75287,"1:16.548",76548,"+0.761",761,"+0.377",377,24
791,2008,6,7,7,"7","5","fernando-alonso","renault","renault","bridgestone",,,"1:16.646",76646,"1:15.827",75827,"1:16.852",76852,"+1.065",1065,"+0.304",304,20
791,2008,6,8,8,"8","11","jarno-trulli","toyota","toyota","bridgestone",,,"1:16.306",76306,"1:15.598",75598,"1:17.203",77203,"+1.416",1416,"+0.351",351,21
791,2008,6,9,9,"9","10","mark-webber","red-bull","renault","bridgestone",,,"1:16.074",76074,"1:15.745",75745,"1:17.343",77343,"+1.556",1556,"+0.140",140,19
791,2008,6,10,10,"10","9","david-coulthard","red-bull","renault","bridgestone",,,"1:16.086",76086,"1:15.839",75839,,,,,,,18
791,2008,6,11,11,"11","12","timo-glock","toyota","toyota","bridgestone",,,"1:16.285",76285,"1:15.907",75907,,,,,,,16
791,2008,6,12,12,"12","16","jenson-button","honda","honda","bridgestone",,,"1:16.259",76259,"1:16.101",76101,,,,,,,13
791,2008,6,13,13,"13","3","nick-heidfeld","bmw-sauber","bmw","bridgestone",,,"1:16.650",76650,"1:16.455",76455,,,,,,,14
791,2008,6,14,14,"14","8","kazuki-nakajima","williams","toyota","bridgestone",,,"1:16.756",76756,"1:16.479",76479,,,,,,,16
791,2008,6,15,15,"15","17","rubens-barrichello","honda","honda","bridgestone",,,"1:16.208",76208,"1:16.537",76537,,,,,,,12
791,2008,6,16,16,"16","14","sebastien-bourdais","toro-rosso","ferrari","bridgestone",,,"1:16.806",76806,,,,,,,,,9
791,2008,6,17,17,"17","6","nelson-piquet-jr","renault","renault","bridgestone",,,"1:16.933",76933,,,,,,,,,8
791,2008,6,18,18,"18","15","sebastian-vettel","toro-rosso","ferrari","bridgestone",,,"1:16.955",76955,,,,,,,,,11
791,2008,6,19,19,"19","20","adrian-sutil","force-india","ferrari","bridgestone",,,"1:17.225",77225,,,,,,,,,12
791,2008,6,20,20,"20","21","giancarlo-fisichella","force-india","ferrari","bridgestone",,,"1:17.823",77823,,,,,,,,,8
792,2008,7,1,1,"1","22","lewis-hamilton","mclaren","mercedes","bridgestone",,,"1:16.909",76909,"1:17.034",77034,"1:17.886",77886,,,,,19
792,2008,7,2,2,"2","4","robert-kubica","bmw-sauber","bmw","bridgestone",,,"1:17.471",77471,"1:17.679",77679,"1:18.498",78498,"+0.612",612,"+0.612",612,14
792,2008,7,3,3,"3","1","kimi-raikkonen","ferrari","ferrari","bridgestone",,,"1:17.301",77301,"1:17.364",77364,"1:18.735",78735,"+0.849",849,"+0.237",237,23
792,2008,7,4,4,"4","5","fernando-alonso","renault","renault","bridgestone",,,"1:17.415",77415,"1:17.488",77488,"1:18.746",78746,"+0.860",860,"+0.011",11,22
792,2008,7,5,5,"5","7","nico-rosberg","williams","toyota","bridgestone",,,"1:17.991",77991,"1:17.891",77891,"1:18.844",78844,"+0.958",958,"+0.098",98,26
792,2008,7,6,6,"6","2","felipe-massa","ferrari","ferrari","bridgestone",,,"1:17.231",77231,"1:17.353",77353,"1:19.048",79048,"+1.162",1162,"+0.204",204,23
792,2008,7,7,7,"7","23","heikki-kovalainen","mclaren","mercedes","bridgestone",,,"1:17.287",77287,"1:17.684",77684,"1:19.089",79089,"+1.203",1203,"+0.041",41,25
792,2008,7,8,8,"8","3","nick-heidfeld","bmw-sauber","bmw","bridgestone",,,"1:18.082",78082,"1:17.781",77781,"1:19.633",79633,"+1.747",1747,"+0.544",544,21
792,2008,7,9,9,"9","17","rubens-barrichello","honda","honda","bridgestone",,,"1:18.256",78256,"1:18.020",78020,"1:20.848",80848,"+2.962",2962,"+1.215",1215,25
792,2008,7,10,10,"10","10","mark-webber","red-bull","renault","bridgestone",,,"1:17.582",77582,"1:17.523",77523,,,,,,,15
792,2008,7,11,11,"11","12","timo-glock","toyota","toyota","bridgestone",,,"1:18.321",78321,"1:18.031",78031,,,,,,,19
792,2008,7,12,12,"12","8","kazuki-nakajima","williams","toyota","bridgestone",,,"1:17.638",77638,"1:18.062",78062,,,,,,,19
792,2008,7,13,13,"13","9","david-coulthard","red-bull","renault","bridgestone",,,"1:18.168",78168,"1:18.238",78238,,,,,,,19
792,2008,7,14,14,"14","11","jarno-trulli","toyota","toyota","bridgestone",,,"1:18.039",78039,"1:18.327",78327,,,,,,,16
792,2008,7,15,15,"15","6","nelson-piquet-jr","renault","renault","bridgestone",,,"1:18.505",78505,"1:18.393",78393,,,,,,,18
792,2008,7,16,16,"16","14","sebastien-bourdais","toro-rosso","ferrari","bridgestone",,,"1:18.916",78916,,,,,,,,,10
792,2008,7,17,17,"17","20","adrian-sutil","force-india","ferrari","bridgestone",,,"1:19.108",79108,,,,,,,,,12
792,2008,7,18,18,"18","21","giancarlo-fisichella","force-india","ferrari","bridgestone",,,"1:19.165",79165,,,,,,,,,12
792,2008,7,19,19,"19","16","jenson-button","honda","honda","bridgestone",,,"1:23.565",83565,,,,,,,,,3
793,2008,8,1,1,"1","1","kimi-raikkonen","ferrari","ferrari","bridgestone",,,"1:15.133",75133,"1:15.161",75161,"1:16.449",76449,,,,,16
793,2008,8,2,2,"2","2","felipe-massa","ferrari","ferrari","bridgestone",,,"1:15.024",75024,"1:15.041",75041,"1:16.490",76490,"+0.041",41,"+0.041",41,17
793,2008,8,3,3,"3","22","lewis-hamilton","mclaren","mercedes","bridgestone",,,"1:15.634",75634,"1:15.293",75293,"1:16.693",76693,"+0.244",244,"+0.203",203,15
793,2008,8,4,4,"4","5","fernando-alonso","renault","renault","bridgestone",,,"1:15.754",75754,"1:15.483",75483,"1:16.840",76840,"+0.391",391,"+0.147",147,18
793,2008,8,5,5,"5","11","jarno-trulli","toyota","toyota","bridgestone",,,"1:15.521",75521,"1:15.362",75362,"1:16.920",76920,"+0.471",471,"+0.080",80,19
793,2008,8,6,6,"6","23","heikki-kovalainen","mclaren","mercedes","bridgestone",,,"1:15.965",75965,"1:15.639",75639,"1:16.944",76944,"+0.495",495,"+0.024",24,18
793,2008,8,7,7,"7","4","robert-kubica","bmw-sauber","bmw","bridgestone",,,"1:15.687",75687,"1:15.723",75723,"1:17.037",77037,"+0.588",588,"+0.093",93,19
793,2008,8,8,8,"8","10","mark-webber","red-bull","renault","bridgestone",,,"1:16.020",76020,"1:15.488",75488,"1:17.233",77233,"+0.784",784,"+0.196",196,18
793,2008,8,9,9,"9","9","david-coulthard","red-bull","renault","bridgestone",,,"1:15.802",75802,"1:15.654",75654,"1:17.426",77426,"+0.977",977,"+0.193",193,19
793,2008,8,10,10,"10","12","timo-glock","toyota","toyota","bridgestone",,,"1:15.727",75727,"1:15.558",75558,"1:17.596",77596,"+1.147",1147,"+0.170",170,24
793,2008,8,11,11,"11","6","nelson-piquet-jr","renault","renault","bridgestone",,,"1:15.848",75848,"1:15.770",75770,,,,,,,12
793,2008,8,12,12,"12","3","nick-heidfeld","bmw-sauber","bmw","bridgestone",,,"1:16.006",76006,"1:15.786",75786,,,,,,,14
793,2008,8,13,13,"13","15","sebastian-vettel","toro-rosso","ferrari","bridgestone",,,"1:15.918",75918,"1:15.816",75816,,,,,,,17
793,2008,8,14,14,"14","14","sebastien-bourdais","toro-rosso","ferrari","bridgestone",,,"1:16.072",76072,"1:16.045",76045,,,,,,,17
793,2008,8,15,15,"15","7","nico-rosberg","williams","toyota","bridgestone",,,"1:16.085",76085,"1:16.235",76235,,,,,,,12
793,2008,8,16,16,"16","8","kazuki-nakajima","williams","toyota","bridgestone",,,"1:16.243",76243,,,,,,,,,9
793,2008,8,17,17,"17","16","jenson-button","honda","honda","bridgestone",,,"1:16.306",76306,,,,,,,,,9
793,2008,8,18,18,"18","17","rubens-barrichello","honda","honda","bridgestone",,,"1:16.330",76330,,,,,,,,,6
793,2008,8,19,19,"19","21","giancarlo-fisichella","force-india","ferrari","bridgestone",,,"1:16.971",76971,,,,,,,,,10
793,2008,8,20,20,"20","20","adrian-sutil","force-india","ferrari","bridgestone",,,"1:17.053",77053,,,,,,,,,9
794,2008,9,1,1,"1","23","heikki-kovalainen","mclaren","mercedes","bridgestone",,,"1:19.957",79957,"1:19.597",79597,"1:21.049",81049,,,,,15
794,2008,9,2,2,"2","10","mark-webber","red-bull","renault","bridgestone",,,"1:20.982",80982,"1:19.710",79710,"1:21.554",81554,"+0.505",505,"+0.505",505,16
794,2008,9,3,3,"3","1","kimi-raikkonen","ferrari","ferrari","bridgestone",,,"1:20.370",80370,"1:19.971",79971,"1:21.706",81706,"+0.657",657,"+0.152",152,18
794,2008,9,4,4,"4","22","lewis-hamilton","mclaren","mercedes","bridgestone",,,"1:20.288",80288,"1:19.537",79537,"1:21.835",81835,"+0.786",786,"+0.129",129,13
794,2008,9,5,5,"5","3","nick-heidfeld","bmw-sauber","bmw","bridgestone",,,"1:21.022",81022,"1:19.802",79802,"1:21.873",81873,"+0.824",824,"+0.038",38,16
794,2008,9,6,6,"6","5","fernando-alonso","renault","renault","bridgestone",,,"1:20.998",80998,"1:19.992",79992,"1:22.029",82029,"+0.980",980,"+0.156",156,15
794,2008,9,7,7,"7","6","nelson-piquet-jr","renault","renault","bridgestone",,,"1:20.818",80818,"1:20.115",80115,"1:22.491",82491,"+1.442",1442,"+0.462",462,19
794,2008,9,8,8,"8","15","sebastian-vettel","toro-rosso","ferrari","bridgestone",,,"1:20.318",80318,"1:20.109",80109,"1:23.251",83251,"+2.202",2202,"+0.760",760,16
794,2008,9,9,9,"9","2","felipe-massa","ferrari","ferrari","bridgestone",,,"1:20.676",80676,"1:20.086",80086,"1:23.305",83305,"+2.256",2256,"+0.054",54,16
794,2008,9,10,10,"10","4","robert-kubica","bmw-sauber","bmw","bridgestone",,,"1:20.444",80444,"1:19.788",79788,,,,,,,12
794,2008,9,11,11,"11","9","david-coulthard","red-bull","renault","bridgestone",,,"1:21.224",81224,"1:20.174",80174,,,,,,,14
794,2008,9,12,12,"12","12","timo-glock","toyota","toyota","bridgestone",,,"1:20.893",80893,"1:20.274",80274,,,,,,,14
794,2008,9,13,13,"13","14","sebastien-bourdais","toro-rosso","ferrari","bridgestone",,,"1:20.584",80584,"1:20.531",80531,,,,,,,16
794,2008,9,14,14,"14","11","jarno-trulli","toyota","toyota","bridgestone",,,"1:21.145",81145,"1:20.601",80601,,,,,,,13
794,2008,9,15,15,"15","8","kazuki-nakajima","williams","toyota","bridgestone",,,"1:21.407",81407,"1:21.112",81112,,,,,,,14
794,2008,9,16,16,"16","17","rubens-barrichello","honda","honda","bridgestone",,,"1:21.512",81512,,,,,,,,,9
794,2008,9,17,17,"17","16","jenson-button","honda","honda","bridgestone",,,"1:21.631",81631,,,,,,,,,11
794,2008,9,18,18,"18","7","nico-rosberg","williams","toyota","bridgestone",,,"1:21.668",81668,,,,,,,,,6
794,2008,9,19,19,"19","20","adrian-sutil","force-india","ferrari","bridgestone",,,"1:21.786",81786,,,,,,,,,9
794,2008,9,20,20,"20","21","giancarlo-fisichella","force-india","ferrari","bridgestone",,,"1:21.885",81885,,,,,,,,,8
795,2008,10,1,1,"1","22","lewis-hamilton","mclaren","mercedes","bridgestone",,,"1:15.218",75218,"1:14.603",74603,"1:15.666",75666,,,,,13
795,2008,10,2,2,"2","2","felipe-massa","ferrari","ferrari","bridgestone",,,"1:14.921",74921,"1:14.747",74747,"1:15.859",75859,"+0.193",193,"+0.193",193,16
795,2008,10,3,3,"3","23","heikki-kovalainen","mclaren","mercedes","bridgestone",,,"1:15.476",75476,"1:14.855",74855,"1:16.143",76143,"+0.477",477,"+0.284",284,17
795,2008,10,4,4,"4","11","jarno-trulli","toyota","toyota","bridgestone",,,"1:15.560",75560,"1:15.122",75122,"1:16.191",76191,"+0.525",525,"+0.048",48,21
795,2008,10,5,5,"5","5","fernando-alonso","renault","renault","bridgestone",,,"1:15.917",75917,"1:14.943",74943,"1:16.385",76385,"+0.719",719,"+0.194",194,19
795,2008,10,6,6,"6","1","kimi-raikkonen","ferrari","ferrari","bridgestone",,,"1:15.201",75201,"1:14.949",74949,"1:16.389",76389,"+0.723",723,"+0.004",4,19
795,2008,10,7,7,"7","4","robert-kubica","bmw-sauber","bmw","bridgestone",,,"1:15.985",75985,"1:15.109",75109,"1:16.521",76521,"+0.855",855,"+0.132",132,20
795,2008,10,8,8,"8","10","mark-webber","red-bull","renault","bridgestone",,,"1:15.900",75900,"1:15.481",75481,"1:17.014",77014,"+1.348",1348,"+0.493",493,20
795,2008,10,9,9,"9","15","sebastian-vettel","toro-rosso","ferrari","bridgestone",,,"1:15.532",75532,"1:15.420",75420,"1:17.244",77244,"+1.578",1578,"+0.230",230,22
795,2008,10,10,10,"10","9","david-coulthard","red-bull","renault","bridgestone",,,"1:15.975",75975,"1:15.338",75338,"1:17.503",77503,"+1.837",1837,"+0.259",259,20
795,2008,10,11,11,"11","12","timo-glock","toyota","toyota","bridgestone",,,"1:15.560",75560,"1:15.508",75508,,,,,,,17
795,2008,10,12,12,"12","3","nick-heidfeld","bmw-sauber","bmw","bridgestone",,,"1:15.596",75596,"1:15.581",75581,,,,,,,14
795,2008,10,13,13,"13","7","nico-rosberg","williams","toyota","bridgestone",,,"1:15.863",75863,"1:15.633",75633,,,,,,,16
795,2008,10,14,14,"14","16","jenson-button","honda","honda","bridgestone",,,"1:15.993",75993,"1:15.701",75701,,,,,,,15
795,2008,10,15,15,"15","14","sebastien-bourdais","toro-rosso","ferrari","bridgestone",,,"1:15.927",75927,"1:15.858",75858,,,,,,,15
795,2008,10,16,16,"16","8","kazuki-nakajima","williams","toyota","bridgestone",,,"1:16.083",76083,,,,,,,,,10
795,2008,10,17,17,"17","6","nelson-piquet-jr","renault","renault","bridgestone",,,"1:16.189",76189,,,,,,,,,7
795,2008,10,18,18,"18","17","rubens-barrichello","honda","honda","bridgestone",,,"1:16.246",76246,,,,,,,,,10
795,2008,10,19,19,"19","20","adrian-sutil","force-india","ferrari","bridgestone",,,"1:16.657",76657,,,,,,,,,10
795,2008,10,20,20,"20","21","giancarlo-fisichella","force-india","ferrari","bridgestone",,,"1:16.963",76963,,,,,,,,,10
796,2008,11,1,1,"1","22","lewis-hamilton","mclaren","mercedes","bridgestone",,,"1:19.376",79376,"1:19.473",79473,"1:20.899",80899,,,,,12
796,2008,11,2,2,"2","23","heikki-kovalainen","mclaren","mercedes","bridgestone",,,"1:19.945",79945,"1:19.480",79480,"1:21.140",81140,"+0.241",241,"+0.241",241,16
796,2008,11,3,3,"3","2","felipe-massa","ferrari","ferrari","bridgestone",,,"1:19.578",79578,"1:19.068",79068,"1:21.191",81191,"+0.292",292,"+0.051",51,16
796,2008,11,4,4,"4","4","robert-kubica","bmw-sauber","bmw","bridgestone",,,"1:20.053",80053,"1:19.776",79776,"1:21.281",81281,"+0.382",382,"+0.090",90,19
796,2008,11,5,5,"5","12","timo-glock","toyota","toyota","bridgestone",,,"1:19.980",79980,"1:19.246",79246,"1:21.326",81326,"+0.427",427,"+0.045",45,24
796,2008,11,6,6,"6","1","kimi-raikkonen","ferrari","ferrari","bridgestone",,,"1:20.006",80006,"1:19.546",79546,"1:21.516",81516,"+0.617",617,"+0.190",190,19
796,2008,11,7,7,"7","5","fernando-alonso","renault","renault","bridgestone",,,"1:20.229",80229,"1:19.816",79816,"1:21.698",81698,"+0.799",799,"+0.182",182,15
796,2008,11,8,8,"8","10","mark-webber","red-bull","renault","bridgestone",,,"1:20.073",80073,"1:20.046",80046,"1:21.732",81732,"+0.833",833,"+0.034",34,18
796,2008,11,9,9,"9","11","jarno-trulli","toyota","toyota","bridgestone",,,"1:19.942",79942,"1:19.486",79486,"1:21.767",81767,"+0.868",868,"+0.035",35,20
796,2008,11,10,10,"10","6","nelson-piquet-jr","renault","renault","bridgestone",,,"1:20.583",80583,"1:20.131",80131,"1:22.371",82371,"+1.472",1472,"+0.604",604,19
796,2008,11,11,11,"11","15","sebastian-vettel","toro-rosso","ferrari","bridgestone",,,"1:20.157",80157,"1:20.144",80144,,,,,,,17
796,2008,11,12,12,"12","16","jenson-button","honda","honda","bridgestone",,,"1:20.888",80888,"1:20.332",80332,,,,,,,15
796,2008,11,13,13,"13","9","david-coulthard","red-bull","renault","bridgestone",,,"1:20.505",80505,"1:20.502",80502,,,,,,,16
796,2008,11,14,14,"14","14","sebastien-bourdais","toro-rosso","ferrari","bridgestone",,,"1:20.640",80640,"1:20.963",80963,,,,,,,16
796,2008,11,15,15,"15","7","nico-rosberg","williams","toyota","bridgestone",,,"1:20.748",80748,,,,,,,,,10
796,2008,11,16,16,"16","3","nick-heidfeld","bmw-sauber","bmw","bridgestone",,,"1:21.045",81045,,,,,,,,,7
796,2008,11,17,17,"17","8","kazuki-nakajima","williams","toyota","bridgestone",,,"1:21.085",81085,,,,,,,,,9
796,2008,11,18,18,"18","17","rubens-barrichello","honda","honda","bridgestone",,,"1:21.332",81332,,,,,,,,,8
796,2008,11,19,19,"19","21","giancarlo-fisichella","force-india","ferrari","bridgestone",,,"1:21.670",81670,,,,,,,,,9
796,2008,11,20,20,"20","20","adrian-sutil","force-india","ferrari","bridgestone",,,"1:22.113",82113,,,,,,,,,10
797,2008,12,1,1,"1","2","felipe-massa","ferrari","ferrari","bridgestone",,,"1:38.176",98176,"1:37.859",97859,"1:38.989",98989,,,,,19
797,2008,12,2,2,"2","22","lewis-hamilton","mclaren","mercedes","bridgestone",,,"1:38.464",98464,"1:37.954",97954,"1:39.199",99199,"+0.210",210,"+0.210",210,15
797,2008,12,3,3,"3","4","robert-kubica","bmw-sauber","bmw","bridgestone",,,"1:38.347",98347,"1:38.050",98050,"1:39.392",99392,"+0.403",403,"+0.193",193,18
797,2008,12,4,4,"4","1","kimi-raikkonen","ferrari","ferrari","bridgestone",,,"1:38.703",98703,"1:38.229",98229,"1:39.488",99488,"+0.499",499,"+0.096",96,21
797,2008,12,5,5,"5","23","heikki-kovalainen","mclaren","mercedes","bridgestone",,,"1:38.656",98656,"1:38.120",98120,"1:39.937",99937,"+0.948",948,"+0.449",449,18
797,2008,12,6,6,"6","15","sebastian-vettel","toro-rosso","ferrari","bridgestone",,,"1:38.141",98141,"1:37.842",97842,"1:40.142",100142,"+1.153",1153,"+0.205",205,19
797,2008,12,7,7,"7","11","jarno-trulli","toyota","toyota","bridgestone",,,"1:37.948",97948,"1:37.928",97928,"1:40.309",100309,"+1.320",1320,"+0.167",167,21
797,2008,12,8,8,"8","3","nick-heidfeld","bmw-sauber","bmw","bridgestone",,,"1:38.738",98738,"1:37.859",97859,"1:40.631",100631,"+1.642",1642,"+0.322",322,19
797,2008,12,9,9,"9","7","nico-rosberg","williams","toyota","bridgestone",,,"1:38.595",98595,"1:38.336",98336,"1:40.721",100721,"+1.732",1732,"+0.090",90,18
797,2008,12,10,10,"10","14","sebastien-bourdais","toro-rosso","ferrari","bridgestone",,,"1:38.622",98622,"1:38.417",98417,"1:40.750",100750,"+1.761",1761,"+0.029",29,18
797,2008,12,11,11,"11","8","kazuki-nakajima","williams","toyota","bridgestone",,,"1:38.667",98667,"1:38.428",98428,,,,,,,15
797,2008,12,12,12,"12","5","fernando-alonso","renault","renault","bridgestone",,,"1:38.268",98268,"1:38.435",98435,,,,,,,12
797,2008,12,13,13,"13","12","timo-glock","toyota","toyota","bridgestone",,,"1:38.532",98532,"1:38.499",98499,,,,,,,14
797,2008,12,14,14,"14","10","mark-webber","red-bull","renault","bridgestone",,,"1:38.559",98559,"1:38.515",98515,,,,,,,15
797,2008,12,15,15,"15","6","nelson-piquet-jr","renault","renault","bridgestone",,,"1:38.787",98787,"1:38.744",98744,,,,,,,15
797,2008,12,16,16,"16","16","jenson-button","honda","honda","bridgestone",,,"1:38.880",98880,,,,,,,,,6
797,2008,12,17,17,"17","9","david-coulthard","red-bull","renault","bridgestone",,,"1:39.235",99235,,,,,,,,,9
797,2008,12,18,18,"18","21","giancarlo-fisichella","force-india","ferrari","bridgestone",,,"1:39.268",99268,,,,,,,,,10
797,2008,12,19,19,"19","17","rubens-barrichello","honda","honda","bridgestone",,,"1:39.811",99811,,,,,,,,,10
797,2008,12,20,20,"20","20","adrian-sutil","force-india","ferrari","bridgestone",,,"1:39.943",99943,,,,,,,,,9
798,2008,13,1,1,"1","22","lewis-hamilton","mclaren","mercedes","bridgestone",,,"1:46.887",106887,"1:46.088",106088,"1:47.338",107338,,,,,12
798,2008,13,2,2,"2","2","felipe-massa","ferrari","ferrari","bridgestone",,,"1:46.873",106873,"1:46.391",106391,"1:47.678",107678,"+0.340",340,"+0.340",340,16
798,2008,13,3,3,"3","23","heikki-kovalainen","mclaren","mercedes","bridgestone",,,"1:46.812",106812,"1:46.037",106037,"1:47.815",107815,"+0.477",477,"+0.137",137,16
798,2008,13,4,4,"4","1","kimi-raikkonen","ferrari","ferrari","bridgestone",,,"1:46.960",106960,"1:46.298",106298,"1:47.992",107992,"+0.654",654,"+0.177",177,14
798,2008,13,5,5,"5","3","nick-heidfeld","bmw-sauber","bmw","bridgestone",,,"1:47.419",107419,"1:46.311",106311,"1:48.315",108315,"+0.977",977,"+0.323",323,18
798,2008,13,6,6,"6","5","fernando-alonso","renault","renault","bridgestone",,,"1:47.154",107154,"1:46.491",106491,"1:48.504",108504,"+1.166",1166,"+0.189",189,18
798,2008,13,7,7,"7","10","mark-webber","red-bull","renault","bridgestone",,,"1:47.270",107270,"1:46.814",106814,"1:48.736",108736,"+1.398",1398,"+0.232",232,19
798,2008,13,8,8,"8","4","robert-kubica","bmw-sauber","bmw","bridgestone",,,"1:47.093",107093,"1:46.494",106494,"1:48.763",108763,"+1.425",1425,"+0.027",27,20
798,2008,13,9,9,"9","14","sebastien-bourdais","toro-rosso","ferrari","bridgestone",,,"1:46.777",106777,"1:46.544",106544,"1:48.951",108951,"+1.613",1613,"+0.188",188,19
798,2008,13,10,10,"10","15","sebastian-vettel","toro-rosso","ferrari","bridgestone",,,"1:47.152",107152,"1:46.804",106804,"1:50.319",110319,"+2.981",2981,"+1.368",1368,16
798,2008,13,11,11,"11","11","jarno-trulli","toyota","toyota","bridgestone",,,"1:47.400",107400,"1:46.949",106949,,,,,,,13
798,2008,13,12,12,"12","6","nelson-piquet-jr","renault","renault","bridgestone",,,"1:47.052",107052,"1:46.965",106965,,,,,,,15
798,2008,13,13,13,"13","12","timo-glock","toyota","toyota","bridgestone",,,"1:47.359",107359,"1:46.995",106995,,,,,,,13
798,2008,13,14,14,"14","9","david-coulthard","red-bull","renault","bridgestone",,,"1:47.132",107132,"1:47.018",107018,,,,,,,15
798,2008,13,15,15,"15","7","nico-rosberg","williams","toyota","bridgestone",,,"1:47.503",107503,"1:47.429",107429,,,,,,,12
798,2008,13,16,16,"16","17","rubens-barrichello","honda","honda","bridgestone",,,"1:48.153",108153,,,,,,,,,9
798,2008,13,17,17,"17","16","jenson-button","honda","honda","bridgestone",,,"1:48.211",108211,,,,,,,,,9
798,2008,13,18,18,"18","20","adrian-sutil","force-india","ferrari","bridgestone",,,"1:48.226",108226,,,,,,,,,9
798,2008,13,19,19,"19","8","kazuki-nakajima","williams","toyota","bridgestone",,,"1:48.268",108268,,,,,,,,,9
798,2008,13,20,20,"20","21","giancarlo-fisichella","force-india","ferrari","bridgestone",,,"1:48.447",108447,,,,,,,,,9
799,2008,14,1,1,"1","15","sebastian-vettel","toro-rosso","ferrari","bridgestone",,,"1:35.464",95464,"1:35.837",95837,"1:37.555",97555,,,,,28
799,2008,14,2,2,"2","23","heikki-kovalainen","mclaren","mercedes","bridgestone",,,"1:35.214",95214,"1:35.843",95843,"1:37.631",97631,"+0.076",76,"+0.076",76,24
799,2008,14,3,3,"3","10","mark-webber","red-bull","renault","bridgestone",,,"1:36.001",96001,"1:36.306",96306,"1:38.117",98117,"+0.562",562,"+0.486",486,23
799,2008,14,4,4,"4","14","sebastien-bourdais","toro-rosso","ferrari","bridgestone",,,"1:35.543",95543,"1:36.175",96175,"1:38.445",98445,"+0.890",890,"+0.328",328,28
799,2008,14,5,5,"5","7","nico-rosberg","williams","toyota","bridgestone",,,"1:35.485",95485,"1:35.898",95898,"1:38.767",98767,"+1.212",1212,"+0.322",322,28
799,2008,14,6,6,"6","2","felipe-massa","ferrari","ferrari","bridgestone",,,"1:35.536",95536,"1:36.676",96676,"1:38.894",98894,"+1.339",1339,"+0.127",127,29
799,2008,14,7,7,"7","11","jarno-trulli","toyota","toyota","bridgestone",,,"1:35.906",95906,"1:36.008",96008,"1:39.152",99152,"+1.597",1597,"+0.258",258,26
799,2008,14,8,8,"8","5","fernando-alonso","renault","renault","bridgestone",,,"1:36.297",96297,"1:36.518",96518,"1:39.751",99751,"+2.196",2196,"+0.599",599,28
799,2008,14,9,9,"9","12","timo-glock","toyota","toyota","bridgestone",,,"1:35.737",95737,"1:36.525",96525,"1:39.787",99787,"+2.232",2232,"+0.036",36,28
799,2008,14,10,10,"10","3","nick-heidfeld","bmw-sauber","bmw","bridgestone",,,"1:35.709",95709,"1:36.626",96626,"1:39.906",99906,"+2.351",2351,"+0.119",119,26
799,2008,14,11,11,"11","4","robert-kubica","bmw-sauber","bmw","bridgestone",,,"1:35.553",95553,"1:36.697",96697,,,,,,,21
799,2008,14,12,12,"12","21","giancarlo-fisichella","force-india","ferrari","bridgestone",,,"1:36.280",96280,"1:36.698",96698,,,,,,,19
799,2008,14,13,13,"13","9","david-coulthard","red-bull","renault","bridgestone",,,"1:36.485",96485,"1:37.284",97284,,,,,,,21
799,2008,14,14,14,"14","1","kimi-raikkonen","ferrari","ferrari","bridgestone",,,"1:35.965",95965,"1:37.522",97522,,,,,,,21
799,2008,14,15,15,"15","22","lewis-hamilton","mclaren","mercedes","bridgestone",,,"1:35.394",95394,"1:39.265",99265,,,,,,,19
799,2008,14,16,16,"16","17","rubens-barrichello","honda","honda","bridgestone",,,"1:36.510",96510,,,,,,,,,12
799,2008,14,17,17,"17","6","nelson-piquet-jr","renault","renault","bridgestone",,,"1:36.630",96630,,,,,,,,,13
799,2008,14,18,18,"18","8","kazuki-nakajima","williams","toyota","bridgestone",,,"1:36.653",96653,,,,,,,,,13
799,2008,14,19,19,"19","16","jenson-button","honda","honda","bridgestone",,,"1:37.006",97006,,,,,,,,,13
799,2008,14,20,20,"20","20","adrian-sutil","force-india","ferrari","bridgestone",,,"1:37.417",97417,,,,,,,,,12
800,2008,15,1,1,"1","2","felipe-massa","ferrari","ferrari","bridgestone",,,"1:44.519",104519,"1:44.014",104014,"1:44.801",104801,,,,,16
800,2008,15,2,2,"2","22","lewis-hamilton","mclaren","mercedes","bridgestone",,,"1:44.501",104501,"1:44.932",104932,"1:45.465",105465,"+0.664",664,"+0.664",664,14
800,2008,15,3,3,"3","1","kimi-raikkonen","ferrari","ferrari","bridgestone",,,"1:44.282",104282,"1:44.232",104232,"1:45.617",105617,"+0.816",816,"+0.152",152,16
800,2008,15,4,4,"4","4","robert-kubica","bmw-sauber","bmw","bridgestone",,,"1:44.740",104740,"1:44.519",104519,"1:45.779",105779,"+0.978",978,"+0.162",162,18
800,2008,15,5,5,"5","23","heikki-kovalainen","mclaren","mercedes","bridgestone",,,"1:44.311",104311,"1:44.207",104207,"1:45.873",105873,"+1.072",1072,"+0.094",94,19
800,2008,15,6,6,"6","3","nick-heidfeld","bmw-sauber","bmw","bridgestone",,,"1:45.548",105548,"1:44.520",104520,"1:45.964",105964,"+1.163",1163,"+0.091",91,19
800,2008,15,7,7,"7","15","sebastian-vettel","toro-rosso","ferrari","bridgestone",,,"1:45.042",105042,"1:44.261",104261,"1:46.244",106244,"+1.443",1443,"+0.280",280,15
800,2008,15,8,8,"8","12","timo-glock","toyota","toyota","bridgestone",,,"1:45.184",105184,"1:44.441",104441,"1:46.328",106328,"+1.527",1527,"+0.084",84,21
800,2008,15,9,9,"9","7","nico-rosberg","williams","toyota","bridgestone",,,"1:45.103",105103,"1:44.429",104429,"1:46.611",106611,"+1.810",1810,"+0.283",283,17
800,2008,15,10,10,"10","8","kazuki-nakajima","williams","toyota","bridgestone",,,"1:45.127",105127,"1:44.826",104826,"1:47.547",107547,"+2.746",2746,"+0.936",936,20
800,2008,15,11,11,"11","11","jarno-trulli","toyota","toyota","bridgestone",,,"1:45.642",105642,"1:45.038",105038,,,,,,,12
800,2008,15,12,12,"12","16","jenson-button","honda","honda","bridgestone",,,"1:45.660",105660,"1:45.133",105133,,,,,,,14
800,2008,15,13,13,"13","10","mark-webber","red-bull","renault","bridgestone",,,"1:45.493",105493,"1:45.212",105212,,,,,,,12
800,2008,15,14,14,"14","9","david-coulthard","red-bull","renault","bridgestone",,,"1:46.028",106028,"1:45.298",105298,,,,,,,16
800,2008,15,15,15,"15","5","fernando-alonso","renault","renault","bridgestone",,,"1:44.971",104971,,,,,,,,,6
800,2008,15,16,16,"16","6","nelson-piquet-jr","renault","renault","bridgestone",,,"1:46.037",106037,,,,,,,,,6
800,2008,15,17,17,"17","14","sebastien-bourdais","toro-rosso","ferrari","bridgestone",,,"1:46.389",106389,,,,,,,,,6
800,2008,15,18,18,"18","17","rubens-barrichello","honda","honda","bridgestone",,,"1:46.583",106583,,,,,,,,,7
800,2008,15,19,19,"19","20","adrian-sutil","force-india","ferrari","bridgestone",,,"1:47.940",107940,,,,,,,,,10
800,2008,15,20,20,"20","21","giancarlo-fisichella","force-india","ferrari","bridgestone",,,,,,,,,,,,,2
801,2008,16,1,1,"1","22","lewis-hamilton","mclaren","mercedes","bridgestone",,,"1:18.071",78071,"1:17.462",77462,"1:18.404",78404,,,,,15
801,2008,16,2,2,"2","1","kimi-raikkonen","ferrari","ferrari","bridgestone",,,"1:18.160",78160,"1:17.733",77733,"1:18.644",78644,"+0.240",240,"+0.240",240,20
801,2008,16,3,3,"3","23","heikki-kovalainen","mclaren","mercedes","bridgestone",,,"1:18.220",78220,"1:17.360",77360,"1:18.821",78821,"+0.417",417,"+0.177",177,22
801,2008,16,4,4,"4","5","fernando-alonso","renault","renault","bridgestone",,,"1:18.290",78290,"1:17.871",77871,"1:18.852",78852,"+0.448",448,"+0.031",31,19
801,2008,16,5,5,"5","2","felipe-massa","ferrari","ferrari","bridgestone",,,"1:18.110",78110,"1:17.287",77287,"1:18.874",78874,"+0.470",470,"+0.022",22,18
801,2008,16,6,6,"6","4","robert-kubica","bmw-sauber","bmw","bridgestone",,,"1:18.684",78684,"1:17.931",77931,"1:18.979",78979,"+0.575",575,"+0.105",105,20
801,2008,16,7,7,"7","11","jarno-trulli","toyota","toyota","bridgestone",,,"1:18.501",78501,"1:17.541",77541,"1:19.026",79026,"+0.622",622,"+0.047",47,23
801,2008,16,8,8,"8","12","timo-glock","toyota","toyota","bridgestone",,,"1:17.945",77945,"1:17.670",77670,"1:19.118",79118,"+0.714",714,"+0.092",92,24
801,2008,16,9,9,"9","15","sebastian-vettel","toro-rosso","ferrari","bridgestone",,,"1:18.559",78559,"1:17.714",77714,"1:19.638",79638,"+1.234",1234,"+0.520",520,21
801,2008,16,10,10,"10","14","sebastien-bourdais","toro-rosso","ferrari","bridgestone",,,"1:18.593",78593,"1:18.102",78102,"1:20.167",80167,"+1.763",1763,"+0.529",529,20
801,2008,16,11,11,"11","9","david-coulthard","red-bull","renault","bridgestone",,,"1:18.303",78303,"1:18.187",78187,,,,,,,16
801,2008,16,12,12,"12","6","nelson-piquet-jr","renault","renault","bridgestone",,,"1:18.300",78300,"1:18.274",78274,,,,,,,11
801,2008,16,13,13,"13","10","mark-webber","red-bull","renault","bridgestone",,,"1:18.372",78372,"1:18.354",78354,,,,,,,13
801,2008,16,14,14,"14","8","kazuki-nakajima","williams","toyota","bridgestone",,,"1:18.640",78640,"1:18.594",78594,,,,,,,16
801,2008,16,15,15,"15","7","nico-rosberg","williams","toyota","bridgestone",,,"1:18.740",78740,"1:18.672",78672,,,,,,,16
801,2008,16,16,16,"16","3","nick-heidfeld","bmw-sauber","bmw","bridgestone",,,"1:18.835",78835,,,,,,,,,9
801,2008,16,17,17,"17","17","rubens-barrichello","honda","honda","bridgestone",,,"1:18.882",78882,,,,,,,,,9
801,2008,16,18,18,"18","16","jenson-button","honda","honda","bridgestone",,,"1:19.100",79100,,,,,,,,,11
801,2008,16,19,19,"19","20","adrian-sutil","force-india","ferrari","bridgestone",,,"1:19.163",79163,,,,,,,,,10
801,2008,16,20,20,"20","21","giancarlo-fisichella","force-india","ferrari","bridgestone",,,"1:19.910",79910,,,,,,,,,10
802,2008,17,1,1,"1","22","lewis-hamilton","mclaren","mercedes","bridgestone",,,"1:35.566",95566,"1:34.947",94947,"1:36.303",96303,,,,,15
802,2008,17,2,2,"2","1","kimi-raikkonen","ferrari","ferrari","bridgestone",,,"1:35.983",95983,"1:35.355",95355,"1:36.645",96645,"+0.342",342,"+0.342",342,15
802,2008,17,3,3,"3","2","felipe-massa","ferrari","ferrari","bridgestone",,,"1:35.971",95971,"1:35.135",95135,"1:36.889",96889,"+0.586",586,"+0.244",244,16
802,2008,17,4,4,"4","5","fernando-alonso","renault","renault","bridgestone",,,"1:35.769",95769,"1:35.461",95461,"1:36.927",96927,"+0.624",624,"+0.038",38,18
802,2008,17,5,5,"5","23","heikki-kovalainen","mclaren","mercedes","bridgestone",,,"1:35.623",95623,"1:35.216",95216,"1:36.930",96930,"+0.627",627,"+0.003",3,16
802,2008,17,6,6,"6","10","mark-webber","red-bull","renault","bridgestone",,,"1:36.238",96238,"1:35.686",95686,"1:37.083",97083,"+0.780",780,"+0.153",153,19
802,2008,17,7,7,"7","3","nick-heidfeld","bmw-sauber","bmw","bridgestone",,,"1:36.224",96224,"1:35.403",95403,"1:37.201",97201,"+0.898",898,"+0.118",118,17
802,2008,17,8,8,"8","15","sebastian-vettel","toro-rosso","ferrari","bridgestone",,,"1:35.752",95752,"1:35.386",95386,"1:37.685",97685,"+1.382",1382,"+0.484",484,16
802,2008,17,9,9,"9","11","jarno-trulli","toyota","toyota","bridgestone",,,"1:36.104",96104,"1:35.715",95715,"1:37.934",97934,"+1.631",1631,"+0.249",249,19
802,2008,17,10,10,"10","14","sebastien-bourdais","toro-rosso","ferrari","bridgestone",,,"1:36.239",96239,"1:35.478",95478,"1:38.885",98885,"+2.582",2582,"+0.951",951,18
802,2008,17,11,11,"11","6","nelson-piquet-jr","renault","renault","bridgestone",,,"1:36.029",96029,"1:35.722",95722,,,,,,,12
802,2008,17,12,12,"12","4","robert-kubica","bmw-sauber","bmw","bridgestone",,,"1:36.503",96503,"1:35.814",95814,,,,,,,14
802,2008,17,13,13,"13","12","timo-glock","toyota","toyota","bridgestone",,,"1:36.210",96210,"1:35.937",95937,,,,,,,16
802,2008,17,14,14,"14","17","rubens-barrichello","honda","honda","bridgestone",,,"1:36.640",96640,"1:36.079",96079,,,,,,,15
802,2008,17,15,15,"15","7","nico-rosberg","williams","toyota","bridgestone",,,"1:36.434",96434,"1:36.210",96210,,,,,,,15
802,2008,17,16,16,"16","9","david-coulthard","red-bull","renault","bridgestone",,,"1:36.731",96731,,,,,,,,,7
802,2008,17,17,17,"17","8","kazuki-nakajima","williams","toyota","bridgestone",,,"1:36.863",96863,,,,,,,,,9
802,2008,17,18,18,"18","16","jenson-button","honda","honda","bridgestone",,,"1:37.053",97053,,,,,,,,,9
802,2008,17,19,19,"19","20","adrian-sutil","force-india","ferrari","bridgestone",,,"1:37.730",97730,,,,,,,,,9
802,2008,17,20,20,"20","21","giancarlo-fisichella","force-india","ferrari","bridgestone",,,"1:37.739",97739,,,,,,,,,9
803,2008,18,1,1,"1","2","felipe-massa","ferrari","ferrari","bridgestone",,,"1:11.830",71830,"1:11.875",71875,"1:12.368",72368,,,,,17
803,2008,18,2,2,"2","11","jarno-trulli","toyota","toyota","bridgestone",,,"1:12.226",72226,"1:12.107",72107,"1:12.737",72737,"+0.369",369,"+0.369",369,15
803,2008,18,3,3,"3","1","kimi-raikkonen","ferrari","ferrari","bridgestone",,,"1:12.083",72083,"1:11.950",71950,"1:12.825",72825,"+0.457",457,"+0.088",88,19
803,2008,18,4,4,"4","22","lewis-hamilton","mclaren","mercedes","bridgestone",,,"1:12.213",72213,"1:11.856",71856,"1:12.830",72830,"+0.462",462,"+0.005",5,14
803,2008,18,5,5,"5","23","heikki-kovalainen","mclaren","mercedes","bridgestone",,,"1:12.366",72366,"1:11.768",71768,"1:12.917",72917,"+0.549",549,"+0.087",87,17
803,2008,18,6,6,"6","5","fernando-alonso","renault","renault","bridgestone",,,"1:12.214",72214,"1:12.090",72090,"1:12.967",72967,"+0.599",599,"+0.050",50,18
803,2008,18,7,7,"7","15","sebastian-vettel","toro-rosso","ferrari","bridgestone",,,"1:12.390",72390,"1:11.845",71845,"1:13.082",73082,"+0.714",714,"+0.115",115,20
803,2008,18,8,8,"8","3","nick-heidfeld","bmw-sauber","bmw","bridgestone",,,"1:12.371",72371,"1:12.026",72026,"1:13.297",73297,"+0.929",929,"+0.215",215,18
803,2008,18,9,9,"9","14","sebastien-bourdais","toro-rosso","ferrari","bridgestone",,,"1:12.498",72498,"1:12.075",72075,"1:14.105",74105,"+1.737",1737,"+0.808",808,16
803,2008,18,10,10,"10","12","timo-glock","toyota","toyota","bridgestone",,,"1:12.223",72223,"1:11.909",71909,"1:14.230",74230,"+1.862",1862,"+0.125",125,24
803,2008,18,11,11,"11","6","nelson-piquet-jr","renault","renault","bridgestone",,,"1:12.348",72348,"1:12.137",72137,,,,,,,13
803,2008,18,12,12,"12","10","mark-webber","red-bull","renault","bridgestone",,,"1:12.409",72409,"1:12.289",72289,,,,,,,13
803,2008,18,13,13,"13","4","robert-kubica","bmw-sauber","bmw","bridgestone",,,"1:12.381",72381,"1:12.300",72300,,,,,,,13
803,2008,18,14,14,"14","9","david-coulthard","red-bull","renault","bridgestone",,,"1:12.690",72690,"1:12.717",72717,,,,,,,16
803,2008,18,15,15,"15","17","rubens-barrichello","honda","honda","bridgestone",,,"1:12.548",72548,"1:13.139",73139,,,,,,,14
803,2008,18,16,16,"16","8","kazuki-nakajima","williams","toyota","bridgestone",,,"1:12.800",72800,,,,,,,,,9
803,2008,18,17,17,"17","16","jenson-button","honda","honda","bridgestone",,,"1:12.810",72810,,,,,,,,,9
803,2008,18,18,18,"18","7","nico-rosberg","williams","toyota","bridgestone",,,"1:13.002",73002,,,,,,,,,8
803,2008,18,19,19,"19","21","giancarlo-fisichella","force-india","ferrari","bridgestone",,,"1:13.426",73426,,,,,,,,,9
803,2008,18,20,20,"20","20","adrian-sutil","force-india","ferrari","bridgestone",,,"1:13.508",73508,,,,,,,,,9
804,2009,1,1,1,"1","22","jenson-button","brawn","mercedes","bridgestone",,,"1:25.211",85211,"1:24.855",84855,"1:26.202",86202,,,,,19
804,2009,1,2,2,"2","23","rubens-barrichello","brawn","mercedes","bridgestone",,,"1:25.006",85006,"1:24.783",84783,"1:26.505",86505,"+0.303",303,"+0.303",303,21
804,2009,1,3,3,"3","15","sebastian-vettel","red-bull","renault","bridgestone",,,"1:25.938",85938,"1:25.121",85121,"1:26.830",86830,"+0.628",628,"+0.325",325,21
804,2009,1,4,4,"4","5","robert-kubica","bmw-sauber","bmw","bridgestone",,,"1:25.922",85922,"1:25.152",85152,"1:26.914",86914,"+0.712",712,"+0.084",84,19
804,2009,1,5,5,"5","16","nico-rosberg","williams","toyota","bridgestone",,,"1:25.846",85846,"1:25.123",85123,"1:26.973",86973,"+0.771",771,"+0.059",59,21
804,2009,1,6,6,"6","3","felipe-massa","ferrari","ferrari","bridgestone",,,"1:25.844",85844,"1:25.319",85319,"1:27.033",87033,"+0.831",831,"+0.060",60,21
804,2009,1,7,7,"7","4","kimi-raikkonen","ferrari","ferrari","bridgestone",,,"1:25.899",85899,"1:25.380",85380,"1:27.163",87163,"+0.961",961,"+0.130",130,21
804,2009,1,8,8,"8","14","mark-webber","red-bull","renault","bridgestone",,,"1:25.427",85427,"1:25.241",85241,"1:27.246",87246,"+1.044",1044,"+0.083",83,20
804,2009,1,9,9,"9","6","nick-heidfeld","bmw-sauber","bmw","bridgestone",,,"1:25.827",85827,"1:25.504",85504,,,,,,,14
804,2009,1,10,10,"10","7","fernando-alonso","renault","renault","bridgestone",,,"1:26.026",86026,"1:25.605",85605,,,,,,,12
804,2009,1,11,11,"11","17","kazuki-nakajima","williams","toyota","bridgestone",,,"1:26.074",86074,"1:25.607",85607,,,,,,,16
804,2009,1,12,12,"12","2","heikki-kovalainen","mclaren","mercedes","bridgestone",,,"1:26.184",86184,"1:25.726",85726,,,,,,,15
804,2009,1,13,13,"13","1","lewis-hamilton","mclaren","mercedes","bridgestone",,,"1:26.454",86454,,,,,,,,,5
804,2009,1,14,14,"14","12","sebastien-buemi","toro-rosso","ferrari","bridgestone",,,"1:26.503",86503,,,,,,,,,10
804,2009,1,15,15,"15","8","nelson-piquet-jr","renault","renault","bridgestone",,,"1:26.598",86598,,,,,,,,,12
804,2009,1,16,16,"16","21","giancarlo-fisichella","force-india","mercedes","bridgestone",,,"1:26.677",86677,,,,,,,,,10
804,2009,1,17,17,"17","20","adrian-sutil","force-india","mercedes","bridgestone",,,"1:26.742",86742,,,,,,,,,9
804,2009,1,18,18,"18","11","sebastien-bourdais","toro-rosso","ferrari","bridgestone",,,"1:26.964",86964,,,,,,,,,10
804,2009,1,19,,"EX","10","timo-glock","toyota","toyota","bridgestone",,,,,,,,,,,,,19
804,2009,1,20,,"EX","9","jarno-trulli","toyota","toyota","bridgestone",,,,,,,,,,,,,20
805,2009,2,1,1,"1","22","jenson-button","brawn","mercedes","bridgestone",,,"1:35.058",95058,"1:33.784",93784,"1:35.181",95181,,,,,18
805,2009,2,2,2,"2","9","jarno-trulli","toyota","toyota","bridgestone",,,"1:34.745",94745,"1:33.990",93990,"1:35.273",95273,"+0.092",92,"+0.092",92,20
805,2009,2,3,3,"3","15","sebastian-vettel","red-bull","renault","bridgestone",,,"1:34.935",94935,"1:34.276",94276,"1:35.518",95518,"+0.337",337,"+0.245",245,17
805,2009,2,4,4,"4","23","rubens-barrichello","brawn","mercedes","bridgestone",,,"1:34.681",94681,"1:34.387",94387,"1:35.651",95651,"+0.470",470,"+0.133",133,20
805,2009,2,5,5,"5","10","timo-glock","toyota","toyota","bridgestone",,,"1:34.907",94907,"1:34.258",94258,"1:35.690",95690,"+0.509",509,"+0.039",39,24
805,2009,2,6,6,"6","16","nico-rosberg","williams","toyota","bridgestone",,,"1:35.083",95083,"1:34.547",94547,"1:35.750",95750,"+0.569",569,"+0.060",60,21
805,2009,2,7,7,"7","14","mark-webber","red-bull","renault","bridgestone",,,"1:35.027",95027,"1:34.222",94222,"1:35.797",95797,"+0.616",616,"+0.047",47,19
805,2009,2,8,8,"8","5","robert-kubica","bmw-sauber","bmw","bridgestone",,,"1:35.166",95166,"1:34.562",94562,"1:36.106",96106,"+0.925",925,"+0.309",309,19
805,2009,2,9,9,"9","4","kimi-raikkonen","ferrari","ferrari","bridgestone",,,"1:35.476",95476,"1:34.456",94456,"1:36.170",96170,"+0.989",989,"+0.064",64,17
805,2009,2,10,10,"10","7","fernando-alonso","renault","renault","bridgestone",,,"1:35.260",95260,"1:34.706",94706,"1:37.659",97659,"+2.478",2478,"+1.489",1489,15
805,2009,2,11,11,"11","6","nick-heidfeld","bmw-sauber","bmw","bridgestone",,,"1:35.110",95110,"1:34.769",94769,,,,,,,14
805,2009,2,12,12,"12","17","kazuki-nakajima","williams","toyota","bridgestone",,,"1:35.341",95341,"1:34.788",94788,,,,,,,13
805,2009,2,13,13,"13","1","lewis-hamilton","mclaren","mercedes","bridgestone",,,"1:35.280",95280,"1:34.905",94905,,,,,,,13
805,2009,2,14,14,"14","2","heikki-kovalainen","mclaren","mercedes","bridgestone",,,"1:35.023",95023,"1:34.924",94924,,,,,,,14
805,2009,2,15,15,"15","11","sebastien-bourdais","toro-rosso","ferrari","bridgestone",,,"1:35.507",95507,"1:35.431",95431,,,,,,,16
805,2009,2,16,16,"16","3","felipe-massa","ferrari","ferrari","bridgestone",,,"1:35.642",95642,,,,,,,,,4
805,2009,2,17,17,"17","8","nelson-piquet-jr","renault","renault","bridgestone",,,"1:35.708",95708,,,,,,,,,11
805,2009,2,18,18,"18","21","giancarlo-fisichella","force-india","mercedes","bridgestone",,,"1:35.908",95908,,,,,,,,,8
805,2009,2,19,19,"19","20","adrian-sutil","force-india","mercedes","bridgestone",,,"1:35.951",95951,,,,,,,,,10
805,2009,2,20,20,"20","12","sebastien-buemi","toro-rosso","ferrari","bridgestone",,,"1:36.107",96107,,,,,,,,,9
806,2009,3,1,1,"1","15","sebastian-vettel","red-bull","renault","bridgestone",,,"1:36.565",96565,"1:35.130",95130,"1:36.184",96184,,,,,11
806,2009,3,2,2,"2","7","fernando-alonso","renault","renault","bridgestone",,,"1:36.443",96443,"1:35.803",95803,"1:36.381",96381,"+0.197",197,"+0.197",197,21
806,2009,3,3,3,"3","14","mark-webber","red-bull","renault","bridgestone",,,"1:35.751",95751,"1:35.173",95173,"1:36.466",96466,"+0.282",282,"+0.085",85,19
806,2009,3,4,4,"4","23","rubens-barrichello","brawn","mercedes","bridgestone",,,"1:35.701",95701,"1:35.503",95503,"1:36.493",96493,"+0.309",309,"+0.027",27,21
806,2009,3,5,5,"5","22","jenson-button","brawn","mercedes","bridgestone",,,"1:35.533",95533,"1:35.556",95556,"1:36.532",96532,"+0.348",348,"+0.039",39,19
806,2009,3,6,6,"6","9","jarno-trulli","toyota","toyota","bridgestone",,,"1:36.308",96308,"1:35.645",95645,"1:36.835",96835,"+0.651",651,"+0.303",303,21
806,2009,3,7,7,"7","16","nico-rosberg","williams","toyota","bridgestone",,,"1:35.941",95941,"1:35.809",95809,"1:37.397",97397,"+1.213",1213,"+0.562",562,23
806,2009,3,8,8,"8","4","kimi-raikkonen","ferrari","ferrari","bridgestone",,,"1:36.137",96137,"1:35.856",95856,"1:38.089",98089,"+1.905",1905,"+0.692",692,19
806,2009,3,9,9,"9","1","lewis-hamilton","mclaren","mercedes","bridgestone",,,"1:35.776",95776,"1:35.740",95740,"1:38.595",98595,"+2.411",2411,"+0.506",506,17
806,2009,3,10,10,"10","12","sebastien-buemi","toro-rosso","ferrari","bridgestone",,,"1:36.284",96284,"1:35.965",95965,"1:39.321",99321,"+3.137",3137,"+0.726",726,21
806,2009,3,11,11,"11","6","nick-heidfeld","bmw-sauber","bmw","bridgestone",,,"1:36.525",96525,"1:35.975",95975,,,,,,,14
806,2009,3,12,12,"12","2","heikki-kovalainen","mclaren","mercedes","bridgestone",,,"1:36.646",96646,"1:36.032",96032,,,,,,,10
806,2009,3,13,13,"13","3","felipe-massa","ferrari","ferrari","bridgestone",,,"1:36.178",96178,"1:36.033",96033,,,,,,,11
806,2009,3,14,14,"14","10","timo-glock","toyota","toyota","bridgestone",,,"1:36.364",96364,"1:36.066",96066,,,,,,,14
806,2009,3,15,15,"15","17","kazuki-nakajima","williams","toyota","bridgestone",,,"1:36.673",96673,"1:36.193",96193,,,,,,,13
806,2009,3,16,16,"16","11","sebastien-bourdais","toro-rosso","ferrari","bridgestone",,,"1:36.906",96906,,,,,,,,,10
806,2009,3,17,17,"17","8","nelson-piquet-jr","renault","renault","bridgestone",,,"1:36.908",96908,,,,,,,,,10
806,2009,3,18,18,"18","5","robert-kubica","bmw-sauber","bmw","bridgestone",,,"1:36.966",96966,,,,,,,,,8
806,2009,3,19,19,"19","20","adrian-sutil","force-india","mercedes","bridgestone",,,"1:37.669",97669,,,,,,,,,10
806,2009,3,20,20,"20","21","giancarlo-fisichella","force-india","mercedes","bridgestone",,,"1:37.672",97672,,,,,,,,,10
807,2009,4,1,1,"1","9","jarno-trulli","toyota","toyota","bridgestone",,,"1:32.779",92779,"1:32.671",92671,"1:33.431",93431,,,,,20
807,2009,4,2,2,"2","10","timo-glock","toyota","toyota","bridgestone",,,"1:33.165",93165,"1:32.613",92613,"1:33.712",93712,"+0.281",281,"+0.281",281,20
807,2009,4,3,3,"3","15","sebastian-vettel","red-bull","renault","bridgestone",,,"1:32.680",92680,"1:32.474",92474,"1:34.015",94015,"+0.584",584,"+0.303",303,18
807,2009,4,4,4,"4","22","jenson-button","brawn","mercedes","bridgestone",,,"1:32.978",92978,"1:32.842",92842,"1:34.044",94044,"+0.613",613,"+0.029",29,20
807,2009,4,5,5,"5","1","lewis-hamilton","mclaren","mercedes","bridgestone",,,"1:32.851",92851,"1:32.877",92877,"1:34.196",94196,"+0.765",765,"+0.152",152,18
807,2009,4,6,6,"6","23","rubens-barrichello","brawn","mercedes","bridgestone",,,"1:33.116",93116,"1:32.842",92842,"1:34.239",94239,"+0.808",808,"+0.043",43,20
807,2009,4,7,7,"7","7","fernando-alonso","renault","renault","bridgestone",,,"1:33.627",93627,"1:32.860",92860,"1:34.578",94578,"+1.147",1147,"+0.339",339,20
807,2009,4,8,8,"8","3","felipe-massa","ferrari","ferrari","bridgestone",,,"1:33.297",93297,"1:33.014",93014,"1:34.818",94818,"+1.387",1387,"+0.240",240,19
807,2009,4,9,9,"9","16","nico-rosberg","williams","toyota","bridgestone",,,"1:33.672",93672,"1:33.166",93166,"1:35.134",95134,"+1.703",1703,"+0.316",316,21
807,2009,4,10,10,"10","4","kimi-raikkonen","ferrari","ferrari","bridgestone",,,"1:33.117",93117,"1:32.827",92827,"1:35.380",95380,"+1.949",1949,"+0.246",246,19
807,2009,4,11,11,"11","2","heikki-kovalainen","mclaren","mercedes","bridgestone",,,"1:33.479",93479,"1:33.242",93242,,,,,,,14
807,2009,4,12,12,"12","17","kazuki-nakajima","williams","toyota","bridgestone",,,"1:33.221",93221,"1:33.348",93348,,,,,,,13
807,2009,4,13,13,"13","5","robert-kubica","bmw-sauber","bmw","bridgestone",,,"1:33.495",93495,"1:33.487",93487,,,,,,,13
807,2009,4,14,14,"14","6","nick-heidfeld","bmw-sauber","bmw","bridgestone",,,"1:33.377",93377,"1:33.562",93562,,,,,,,13
807,2009,4,15,15,"15","8","nelson-piquet-jr","renault","renault","bridgestone",,,"1:33.608",93608,"1:33.941",93941,,,,,,,18
807,2009,4,16,16,"16","20","adrian-sutil","force-india","mercedes","bridgestone",,,"1:33.722",93722,,,,,,,,,10
807,2009,4,17,17,"17","12","sebastien-buemi","toro-rosso","ferrari","bridgestone",,,"1:33.753",93753,,,,,,,,,9
807,2009,4,18,18,"18","21","giancarlo-fisichella","force-india","mercedes","bridgestone",,,"1:33.910",93910,,,,,,,,,9
807,2009,4,19,19,"19","14","mark-webber","red-bull","renault","bridgestone",,,"1:34.038",94038,,,,,,,,,8
807,2009,4,20,20,"20","11","sebastien-bourdais","toro-rosso","ferrari","bridgestone",,,"1:34.159",94159,,,,,,,,,9
808,2009,5,1,1,"1","22","jenson-button","brawn","mercedes","bridgestone",,,"1:20.707",80707,"1:20.192",80192,"1:20.527",80527,,,,,21
808,2009,5,2,2,"2","15","sebastian-vettel","red-bull","renault","bridgestone",,,"1:20.715",80715,"1:20.220",80220,"1:20.660",80660,"+0.133",133,"+0.133",133,15
808,2009,5,3,3,"3","23","rubens-barrichello","brawn","mercedes","bridgestone",,,"1:20.808",80808,"1:19.954",79954,"1:20.762",80762,"+0.235",235,"+0.102",102,20
808,2009,5,4,4,"4","3","felipe-massa","ferrari","ferrari","bridgestone",,,"1:20.484",80484,"1:20.149",80149,"1:20.934",80934,"+0.407",407,"+0.172",172,18
808,2009,5,5,5,"5","14","mark-webber","red-bull","renault","bridgestone",,,"1:20.689",80689,"1:20.007",80007,"1:21.049",81049,"+0.522",522,"+0.115",115,17
808,2009,5,6,6,"6","10","timo-glock","toyota","toyota","bridgestone",,,"1:20.877",80877,"1:20.107",80107,"1:21.247",81247,"+0.720",720,"+0.198",198,25
808,2009,5,7,7,"7","9","jarno-trulli","toyota","toyota","bridgestone",,,"1:21.189",81189,"1:20.420",80420,"1:21.254",81254,"+0.727",727,"+0.007",7,25
808,2009,5,8,8,"8","7","fernando-alonso","renault","renault","bridgestone",,,"1:21.186",81186,"1:20.509",80509,"1:21.392",81392,"+0.865",865,"+0.138",138,20
808,2009,5,9,9,"9","16","nico-rosberg","williams","toyota","bridgestone",,,"1:20.745",80745,"1:20.256",80256,"1:22.558",82558,"+2.031",2031,"+1.166",1166,22
808,2009,5,10,10,"10","5","robert-kubica","bmw-sauber","bmw","bridgestone",,,"1:20.931",80931,"1:20.408",80408,"1:22.685",82685,"+2.158",2158,"+0.127",127,15
808,2009,5,11,11,"11","17","kazuki-nakajima","williams","toyota","bridgestone",,,"1:20.818",80818,"1:20.531",80531,,,,,,,16
808,2009,5,12,12,"12","8","nelson-piquet-jr","renault","renault","bridgestone",,,"1:21.128",81128,"1:20.604",80604,,,,,,,20
808,2009,5,13,13,"13","6","nick-heidfeld","bmw-sauber","bmw","bridgestone",,,"1:21.095",81095,"1:20.676",80676,,,,,,,16
808,2009,5,14,14,"14","1","lewis-hamilton","mclaren","mercedes","bridgestone",,,"1:20.991",80991,"1:20.805",80805,,,,,,,12
808,2009,5,15,15,"15","12","sebastien-buemi","toro-rosso","ferrari","bridgestone",,,"1:21.033",81033,"1:21.067",81067,,,,,,,15
808,2009,5,16,16,"16","4","kimi-raikkonen","ferrari","ferrari","bridgestone",,,"1:21.291",81291,,,,,,,,,5
808,2009,5,17,17,"17","11","sebastien-bourdais","toro-rosso","ferrari","bridgestone",,,"1:21.300",81300,,,,,,,,,8
808,2009,5,18,18,"18","2","heikki-kovalainen","mclaren","mercedes","bridgestone",,,"1:21.675",81675,,,,,,,,,10
808,2009,5,19,19,"19","20","adrian-sutil","force-india","mercedes","bridgestone",,,"1:21.742",81742,,,,,,,,,11
808,2009,5,20,20,"20","21","giancarlo-fisichella","force-india","mercedes","bridgestone",,,"1:22.204",82204,,,,,,,,,11
809,2009,6,1,1,"1","22","jenson-button","brawn","mercedes","bridgestone",,,"1:15.210",75210,"1:15.016",75016,"1:14.902",74902,,,,,25
809,2009,6,2,2,"2","4","kimi-raikkonen","ferrari","ferrari","bridgestone",,,"1:15.746",75746,"1:14.514",74514,"1:14.927",74927,"+0.025",25,"+0.025",25,31
809,2009,6,3,3,"3","23","rubens-barrichello","brawn","mercedes","bridgestone",,,"1:15.425",75425,"1:14.829",74829,"1:15.077",75077,"+0.175",175,"+0.150",150,26
809,2009,6,4,4,"4","15","sebastian-vettel","red-bull","renault","bridgestone",,,"1:15.915",75915,"1:14.879",74879,"1:15.271",75271,"+0.369",369,"+0.194",194,27
809,2009,6,5,5,"5","3","felipe-massa","ferrari","ferrari","bridgestone",,,"1:15.340",75340,"1:15.001",75001,"1:15.437",75437,"+0.535",535,"+0.166",166,28
809,2009,6,6,6,"6","16","nico-rosberg","williams","toyota","bridgestone",,,"1:15.094",75094,"1:14.846",74846,"1:15.455",75455,"+0.553",553,"+0.018",18,23
809,2009,6,7,7,"7","2","heikki-kovalainen","mclaren","mercedes","bridgestone",,,"1:15.495",75495,"1:14.809",74809,"1:15.516",75516,"+0.614",614,"+0.061",61,24
809,2009,6,8,8,"8","14","mark-webber","red-bull","renault","bridgestone",,,"1:15.260",75260,"1:14.825",74825,"1:15.653",75653,"+0.751",751,"+0.137",137,20
809,2009,6,9,9,"9","7","fernando-alonso","renault","renault","bridgestone",,,"1:15.898",75898,"1:15.200",75200,"1:16.009",76009,"+1.107",1107,"+0.356",356,24
809,2009,6,10,10,"10","17","kazuki-nakajima","williams","toyota","bridgestone",,,"1:15.930",75930,"1:15.579",75579,"1:17.344",77344,"+2.442",2442,"+1.335",1335,28
809,2009,6,11,11,"11","12","sebastien-buemi","toro-rosso","ferrari","bridgestone",,,"1:15.834",75834,"1:15.833",75833,,,,,,,17
809,2009,6,12,12,"12","8","nelson-piquet-jr","renault","renault","bridgestone",,,"1:16.013",76013,"1:15.837",75837,,,,,,,22
809,2009,6,13,13,"13","21","giancarlo-fisichella","force-india","mercedes","bridgestone",,,"1:16.063",76063,"1:16.146",76146,,,,,,,18
809,2009,6,14,14,"14","11","sebastien-bourdais","toro-rosso","ferrari","bridgestone",,,"1:16.120",76120,"1:16.281",76281,,,,,,,19
809,2009,6,15,15,"15","20","adrian-sutil","force-india","mercedes","bridgestone",,,"1:16.248",76248,"1:16.545",76545,,,,,,,19
809,2009,6,16,16,"16","1","lewis-hamilton","mclaren","mercedes","bridgestone",,,"1:16.264",76264,,,,,,,,,4
809,2009,6,17,17,"17","6","nick-heidfeld","bmw-sauber","bmw","bridgestone",,,"1:16.264",76264,,,,,,,,,11
809,2009,6,18,18,"18","5","robert-kubica","bmw-sauber","bmw","bridgestone",,,"1:16.405",76405,,,,,,,,,12
809,2009,6,19,19,"19","9","jarno-trulli","toyota","toyota","bridgestone",,,"1:16.548",76548,,,,,,,,,11
809,2009,6,20,20,"20","10","timo-glock","toyota","toyota","bridgestone",,,"1:16.788",76788,,,,,,,,,12
810,2009,7,1,1,"1","15","sebastian-vettel","red-bull","renault","bridgestone",,,"1:27.330",87330,"1:27.016",87016,"1:28.316",88316,,,,,17
810,2009,7,2,2,"2","22","jenson-button","brawn","mercedes","bridgestone",,,"1:27.355",87355,"1:27.230",87230,"1:28.421",88421,"+0.105",105,"+0.105",105,22
810,2009,7,3,3,"3","23","rubens-barrichello","brawn","mercedes","bridgestone",,,"1:27.371",87371,"1:27.418",87418,"1:28.579",88579,"+0.263",263,"+0.158",158,19
810,2009,7,4,4,"4","14","mark-webber","red-bull","renault","bridgestone",,,"1:27.466",87466,"1:27.416",87416,"1:28.613",88613,"+0.297",297,"+0.034",34,20
810,2009,7,5,5,"5","9","jarno-trulli","toyota","toyota","bridgestone",,,"1:27.529",87529,"1:27.195",87195,"1:28.666",88666,"+0.350",350,"+0.053",53,24
810,2009,7,6,6,"6","4","kimi-raikkonen","ferrari","ferrari","bridgestone",,,"1:27.556",87556,"1:27.387",87387,"1:28.815",88815,"+0.499",499,"+0.149",149,24
810,2009,7,7,7,"7","3","felipe-massa","ferrari","ferrari","bridgestone",,,"1:27.508",87508,"1:27.349",87349,"1:28.858",88858,"+0.542",542,"+0.043",43,23
810,2009,7,8,8,"8","7","fernando-alonso","renault","renault","bridgestone",,,"1:27.988",87988,"1:27.473",87473,"1:29.075",89075,"+0.759",759,"+0.217",217,20
810,2009,7,9,9,"9","16","nico-rosberg","williams","toyota","bridgestone",,,"1:27.517",87517,"1:27.418",87418,"1:29.191",89191,"+0.875",875,"+0.116",116,27
810,2009,7,10,10,"10","5","robert-kubica","bmw-sauber","bmw","bridgestone",,,"1:27.788",87788,"1:27.455",87455,"1:29.357",89357,"+1.041",1041,"+0.166",166,20
810,2009,7,11,11,"11","6","nick-heidfeld","bmw-sauber","bmw","bridgestone",,,"1:27.795",87795,"1:27.521",87521,,,,,,,16
810,2009,7,12,12,"12","17","kazuki-nakajima","williams","toyota","bridgestone",,,"1:27.691",87691,"1:27.629",87629,,,,,,,20
810,2009,7,13,13,"13","10","timo-glock","toyota","toyota","bridgestone",,,"1:28.160",88160,"1:27.795",87795,,,,,,,18
810,2009,7,14,14,"14","2","heikki-kovalainen","mclaren","mercedes","bridgestone",,,"1:28.199",88199,"1:28.207",88207,,,,,,,18
810,2009,7,15,15,"15","20","adrian-sutil","force-india","mercedes","bridgestone",,,"1:28.278",88278,"1:28.391",88391,,,,,,,18
810,2009,7,16,16,"16","1","lewis-hamilton","mclaren","mercedes","bridgestone",,,"1:28.318",88318,,,,,,,,,9
810,2009,7,17,17,"17","8","nelson-piquet-jr","renault","renault","bridgestone",,,"1:28.582",88582,,,,,,,,,8
810,2009,7,18,18,"18","12","sebastien-buemi","toro-rosso","ferrari","bridgestone",,,"1:28.708",88708,,,,,,,,,12
810,2009,7,19,19,"19","21","giancarlo-fisichella","force-india","mercedes","bridgestone",,,"1:28.717",88717,,,,,,,,,11
810,2009,7,20,20,"20","11","sebastien-bourdais","toro-rosso","ferrari","bridgestone",,,"1:28.918",88918,,,,,,,,,9
811,2009,8,1,1,"1","15","sebastian-vettel","red-bull","renault","bridgestone",,,"1:18.685",78685,"1:18.119",78119,"1:19.509",79509,,,,,21
811,2009,8,2,2,"2","23","rubens-barrichello","brawn","mercedes","bridgestone",,,"1:19.325",79325,"1:18.335",78335,"1:19.856",79856,"+0.347",347,"+0.347",347,23
811,2009,8,3,3,"3","14","mark-webber","red-bull","renault","bridgestone",,,"1:18.674",78674,"1:18.209",78209,"1:19.868",79868,"+0.359",359,"+0.012",12,18
811,2009,8,4,4,"4","9","jarno-trulli","toyota","toyota","bridgestone",,,"1:18.886",78886,"1:18.240",78240,"1:20.091",80091,"+0.582",582,"+0.223",223,21
811,2009,8,5,5,"5","17","kazuki-nakajima","williams","toyota","bridgestone",,,"1:18.530",78530,"1:18.575",78575,"1:20.216",80216,"+0.707",707,"+0.125",125,27
811,2009,8,6,6,"6","22","jenson-button","brawn","mercedes","bridgestone",,,"1:18.957",78957,"1:18.663",78663,"1:20.289",80289,"+0.780",780,"+0.073",73,25
811,2009,8,7,7,"7","16","nico-rosberg","williams","toyota","bridgestone",,,"1:19.228",79228,"1:18.591",78591,"1:20.361",80361,"+0.852",852,"+0.072",72,21
811,2009,8,8,8,"8","10","timo-glock","toyota","toyota","bridgestone",,,"1:19.198",79198,"1:18.791",78791,"1:20.490",80490,"+0.981",981,"+0.129",129,25
811,2009,8,9,9,"9","4","kimi-raikkonen","ferrari","ferrari","bridgestone",,,"1:19.010",79010,"1:18.566",78566,"1:20.715",80715,"+1.206",1206,"+0.225",225,24
811,2009,8,10,10,"10","7","fernando-alonso","renault","renault","bridgestone",,,"1:19.167",79167,"1:18.761",78761,"1:20.741",80741,"+1.232",1232,"+0.026",26,22
811,2009,8,11,11,"11","3","felipe-massa","ferrari","ferrari","bridgestone",,,"1:19.148",79148,"1:18.927",78927,,,,,,,19
811,2009,8,12,12,"12","5","robert-kubica","bmw-sauber","bmw","bridgestone",,,"1:19.730",79730,"1:19.308",79308,,,,,,,21
811,2009,8,13,13,"13","2","heikki-kovalainen","mclaren","mercedes","bridgestone",,,"1:19.732",79732,"1:19.353",79353,,,,,,,19
811,2009,8,14,14,"14","8","nelson-piquet-jr","renault","renault","bridgestone",,,"1:19.555",79555,"1:19.392",79392,,,,,,,18
811,2009,8,15,15,"15","6","nick-heidfeld","bmw-sauber","bmw","bridgestone",,,"1:19.559",79559,"1:19.448",79448,,,,,,,19
811,2009,8,16,16,"16","21","giancarlo-fisichella","force-india","mercedes","bridgestone",,,"1:19.802",79802,,,,,,,,,11
811,2009,8,17,17,"17","11","sebastien-bourdais","toro-rosso","ferrari","bridgestone",,,"1:19.898",79898,,,,,,,,,10
811,2009,8,18,18,"18","20","adrian-sutil","force-india","mercedes","bridgestone",,,"1:19.909",79909,,,,,,,,,10
811,2009,8,19,19,"19","1","lewis-hamilton","mclaren","mercedes","bridgestone",,,"1:19.917",79917,,,,,,,,,7
811,2009,8,20,20,"20","12","sebastien-buemi","toro-rosso","ferrari","bridgestone",,,"1:20.236",80236,,,,,,,,,12
812,2009,9,1,1,"1","14","mark-webber","red-bull","renault","bridgestone",,,"1:31.257",91257,"1:38.038",98038,"1:32.230",92230,,,,,22
812,2009,9,2,2,"2","23","rubens-barrichello","brawn","mercedes","bridgestone",,,"1:31.482",91482,"1:34.455",94455,"1:32.357",92357,"+0.127",127,"+0.127",127,22
812,2009,9,3,3,"3","22","jenson-button","brawn","mercedes","bridgestone",,,"1:31.568",91568,"1:39.032",99032,"1:32.473",92473,"+0.243",243,"+0.116",116,23
812,2009,9,4,4,"4","15","sebastian-vettel","red-bull","renault","bridgestone",,,"1:31.430",91430,"1:39.504",99504,"1:32.480",92480,"+0.250",250,"+0.007",7,20
812,2009,9,5,5,"5","1","lewis-hamilton","mclaren","mercedes","bridgestone",,,"1:31.473",91473,"1:39.149",99149,"1:32.616",92616,"+0.386",386,"+0.136",136,19
812,2009,9,6,6,"6","2","heikki-kovalainen","mclaren","mercedes","bridgestone",,,"1:31.881",91881,"1:40.826",100826,"1:33.859",93859,"+1.629",1629,"+1.243",1243,21
812,2009,9,7,7,"7","20","adrian-sutil","force-india","mercedes","bridgestone",,,"1:32.015",92015,"1:36.740",96740,"1:34.316",94316,"+2.086",2086,"+0.457",457,20
812,2009,9,8,8,"8","3","felipe-massa","ferrari","ferrari","bridgestone",,,"1:31.600",91600,"1:41.708",101708,"1:34.574",94574,"+2.344",2344,"+0.258",258,22
812,2009,9,9,9,"9","4","kimi-raikkonen","ferrari","ferrari","bridgestone",,,"1:31.869",91869,"1:41.730",101730,"1:34.710",94710,"+2.480",2480,"+0.136",136,23
812,2009,9,10,10,"10","8","nelson-piquet-jr","renault","renault","bridgestone",,,"1:32.128",92128,"1:35.737",95737,"1:34.803",94803,"+2.573",2573,"+0.093",93,24
812,2009,9,11,11,"11","6","nick-heidfeld","bmw-sauber","bmw","bridgestone",,,"1:31.771",91771,"1:42.310",102310,,,,,,,14
812,2009,9,12,12,"12","7","fernando-alonso","renault","renault","bridgestone",,,"1:31.302",91302,"1:42.318",102318,,,,,,,15
812,2009,9,13,13,"13","17","kazuki-nakajima","williams","toyota","bridgestone",,,"1:31.884",91884,"1:42.500",102500,,,,,,,17
812,2009,9,14,14,"14","9","jarno-trulli","toyota","toyota","bridgestone",,,"1:31.760",91760,"1:42.771",102771,,,,,,,17
812,2009,9,15,15,"15","16","nico-rosberg","williams","toyota","bridgestone",,,"1:31.598",91598,"1:42.859",102859,,,,,,,14
812,2009,9,16,16,"16","5","robert-kubica","bmw-sauber","bmw","bridgestone",,,"1:32.190",92190,,,,,,,,,10
812,2009,9,17,17,"17","12","sebastien-buemi","toro-rosso","ferrari","bridgestone",,,"1:32.251",92251,,,,,,,,,11
812,2009,9,18,18,"18","21","giancarlo-fisichella","force-india","mercedes","bridgestone",,,"1:32.402",92402,,,,,,,,,11
812,2009,9,19,19,"19","10","timo-glock","toyota","toyota","bridgestone",,,"1:32.423",92423,,,,,,,,,11
812,2009,9,20,20,"20","11","sebastien-bourdais","toro-rosso","ferrari","bridgestone",,,"1:33.559",93559,,,,,,,,,11
813,2009,10,1,1,"1","7","fernando-alonso","renault","renault","bridgestone",,,"1:21.313",81313,"1:20.826",80826,"1:21.569",81569,,,,,20
813,2009,10,2,2,"2","15","sebastian-vettel","red-bull","renault","bridgestone",,,"1:21.178",81178,"1:20.604",80604,"1:21.607",81607,"+0.038",38,"+0.038",38,20
813,2009,10,3,3,"3","14","mark-webber","red-bull","renault","bridgestone",,,"1:20.964",80964,"1:20.358",80358,"1:21.741",81741,"+0.172",172,"+0.134",134,22
813,2009,10,4,4,"4","1","lewis-hamilton","mclaren","mercedes","bridgestone",,,"1:20.842",80842,"1:20.465",80465,"1:21.839",81839,"+0.270",270,"+0.098",98,23
813,2009,10,5,5,"5","16","nico-rosberg","williams","toyota","bridgestone",,,"1:20.793",80793,"1:20.862",80862,"1:21.890",81890,"+0.321",321,"+0.051",51,24
813,2009,10,6,6,"6","2","heikki-kovalainen","mclaren","mercedes","bridgestone",,,"1:21.659",81659,"1:20.807",80807,"1:22.095",82095,"+0.526",526,"+0.205",205,29
813,2009,10,7,7,"7","4","kimi-raikkonen","ferrari","ferrari","bridgestone",,,"1:21.500",81500,"1:20.647",80647,"1:22.468",82468,"+0.899",899,"+0.373",373,25
813,2009,10,8,8,"8","22","jenson-button","brawn","mercedes","bridgestone",,,"1:21.471",81471,"1:20.707",80707,"1:22.511",82511,"+0.942",942,"+0.043",43,20
813,2009,10,9,9,"9","17","kazuki-nakajima","williams","toyota","bridgestone",,,"1:21.407",81407,"1:20.570",80570,"1:22.835",82835,"+1.266",1266,"+0.324",324,24
813,2009,10,10,10,"10","3","felipe-massa","ferrari","ferrari","bridgestone",,,"1:21.420",81420,"1:20.823",80823,,,,,,,18
813,2009,10,11,11,"11","12","sebastien-buemi","toro-rosso","ferrari","bridgestone",,,"1:21.571",81571,"1:21.002",81002,,,,,,,20
813,2009,10,12,12,"12","9","jarno-trulli","toyota","toyota","bridgestone",,,"1:21.416",81416,"1:21.082",81082,,,,,,,18
813,2009,10,13,13,"13","23","rubens-barrichello","brawn","mercedes","bridgestone",,,"1:21.558",81558,"1:21.222",81222,,,,,,,17
813,2009,10,14,14,"14","10","timo-glock","toyota","toyota","bridgestone",,,"1:21.584",81584,"1:21.242",81242,,,,,,,19
813,2009,10,15,15,"15","8","nelson-piquet-jr","renault","renault","bridgestone",,,"1:21.278",81278,"1:21.389",81389,,,,,,,21
813,2009,10,16,16,"16","6","nick-heidfeld","bmw-sauber","bmw","bridgestone",,,"1:21.738",81738,,,,,,,,,8
813,2009,10,17,17,"17","21","giancarlo-fisichella","force-india","mercedes","bridgestone",,,"1:21.807",81807,,,,,,,,,12
813,2009,10,18,18,"18","20","adrian-sutil","force-india","mercedes","bridgestone",,,"1:21.868",81868,,,,,,,,,5
813,2009,10,19,19,"19","5","robert-kubica","bmw-sauber","bmw","bridgestone",,,"1:21.901",81901,,,,,,,,,8
813,2009,10,20,20,"20","11","jaime-alguersuari","toro-rosso","ferrari","bridgestone",,,"1:22.359",82359,,,,,,,,,10
814,2009,11,1,1,"1","1","lewis-hamilton","mclaren","mercedes","bridgestone",,,"1:38.649",98649,"1:38.182",98182,"1:39.498",99498,,,,,15
814,2009,11,2,2,"2","2","heikki-kovalainen","mclaren","mercedes","bridgestone",,,"1:38.816",98816,"1:38.230",98230,"1:39.532",99532,"+0.034",34,"+0.034",34,26
814,2009,11,3,3,"3","23","rubens-barrichello","brawn","mercedes","bridgestone",,,"1:39.019",99019,"1:38.076",98076,"1:39.563",99563,"+0.065",65,"+0.031",31,21
814,2009,11,4,4,"4","15","sebastian-vettel","red-bull","renault","bridgestone",,,"1:39.295",99295,"1:38.273",98273,"1:39.789",99789,"+0.291",291,"+0.226",226,21
814,2009,11,5,5,"5","22","jenson-button","brawn","mercedes","bridgestone",,,"1:38.531",98531,"1:38.601",98601,"1:39.821",99821,"+0.323",323,"+0.032",32,22
814,2009,11,6,6,"6","4","kimi-raikkonen","ferrari","ferrari","bridgestone",,,"1:38.843",98843,"1:38.782",98782,"1:40.144",100144,"+0.646",646,"+0.323",323,25
814,2009,11,7,7,"7","16","nico-rosberg","williams","toyota","bridgestone",,,"1:39.039",99039,"1:38.346",98346,"1:40.185",100185,"+0.687",687,"+0.041",41,25
814,2009,11,8,8,"8","7","fernando-alonso","renault","renault","bridgestone",,,"1:39.155",99155,"1:38.717",98717,"1:40.236",100236,"+0.738",738,"+0.051",51,21
814,2009,11,9,9,"9","14","mark-webber","red-bull","renault","bridgestone",,,"1:38.983",98983,"1:38.625",98625,"1:40.239",100239,"+0.741",741,"+0.003",3,21
814,2009,11,10,10,"10","5","robert-kubica","bmw-sauber","bmw","bridgestone",,,"1:38.806",98806,"1:38.747",98747,"1:40.512",100512,"+1.014",1014,"+0.273",273,23
814,2009,11,11,11,"11","6","nick-heidfeld","bmw-sauber","bmw","bridgestone",,,"1:39.032",99032,"1:38.826",98826,,,,,,,17
814,2009,11,12,12,"12","20","adrian-sutil","force-india","mercedes","bridgestone",,,"1:39.145",99145,"1:38.846",98846,,,,,,,18
814,2009,11,13,13,"13","10","timo-glock","toyota","toyota","bridgestone",,,"1:39.459",99459,"1:38.991",98991,,,,,,,15
814,2009,11,14,14,"14","8","romain-grosjean","renault","renault","bridgestone",,,"1:39.322",99322,"1:39.040",99040,,,,,,,16
814,2009,11,15,15,"15","12","sebastien-buemi","toro-rosso","ferrari","bridgestone",,,"1:38.912",98912,"1:39.514",99514,,,,,,,17
814,2009,11,16,16,"16","21","giancarlo-fisichella","force-india","mercedes","bridgestone",,,"1:39.531",99531,,,,,,,,,11
814,2009,11,17,17,"17","17","kazuki-nakajima","williams","toyota","bridgestone",,,"1:39.795",99795,,,,,,,,,8
814,2009,11,18,18,"18","9","jarno-trulli","toyota","toyota","bridgestone",,,"1:39.807",99807,,,,,,,,,10
814,2009,11,19,19,"19","11","jaime-alguersuari","toro-rosso","ferrari","bridgestone",,,"1:39.925",99925,,,,,,,,,10
814,2009,11,20,20,"20","3","luca-badoer","ferrari","ferrari","bridgestone",,,"1:41.413",101413,,,,,,,,,13
815,2009,12,1,1,"1","21","giancarlo-fisichella","force-india","mercedes","bridgestone",,,"1:45.102",105102,"1:44.667",104667,"1:46.308",106308,,,,,23
815,2009,12,2,2,"2","9","jarno-trulli","toyota","toyota","bridgestone",,,"1:45.140",105140,"1:44.503",104503,"1:46.395",106395,"+0.087",87,"+0.087",87,24
815,2009,12,3,3,"3","6","nick-heidfeld","bmw-sauber","bmw","bridgestone",,,"1:45.566",105566,"1:44.709",104709,"1:46.500",106500,"+0.192",192,"+0.105",105,18
815,2009,12,4,4,"4","23","rubens-barrichello","brawn","mercedes","bridgestone",,,"1:45.237",105237,"1:44.834",104834,"1:46.513",106513,"+0.205",205,"+0.013",13,23
815,2009,12,5,5,"5","5","robert-kubica","bmw-sauber","bmw","bridgestone",,,"1:45.655",105655,"1:44.557",104557,"1:46.586",106586,"+0.278",278,"+0.073",73,22
815,2009,12,6,6,"6","4","kimi-raikkonen","ferrari","ferrari","bridgestone",,,"1:45.579",105579,"1:44.953",104953,"1:46.633",106633,"+0.325",325,"+0.047",47,21
815,2009,12,7,7,"7","10","timo-glock","toyota","toyota","bridgestone",,,"1:45.450",105450,"1:44.877",104877,"1:46.677",106677,"+0.369",369,"+0.044",44,21
815,2009,12,8,8,"8","15","sebastian-vettel","red-bull","renault","bridgestone",,,"1:45.372",105372,"1:44.592",104592,"1:46.761",106761,"+0.453",453,"+0.084",84,20
815,2009,12,9,9,"9","14","mark-webber","red-bull","renault","bridgestone",,,"1:45.350",105350,"1:44.924",104924,"1:46.788",106788,"+0.480",480,"+0.027",27,22
815,2009,12,10,10,"10","16","nico-rosberg","williams","toyota","bridgestone",,,"1:45.486",105486,"1:45.047",105047,"1:47.362",107362,"+1.054",1054,"+0.574",574,20
815,2009,12,11,11,"11","20","adrian-sutil","force-india","mercedes","bridgestone",,,"1:45.239",105239,"1:45.119",105119,,,,,,,18
815,2009,12,12,12,"12","1","lewis-hamilton","mclaren","mercedes","bridgestone",,,"1:45.767",105767,"1:45.122",105122,,,,,,,16
815,2009,12,13,13,"13","7","fernando-alonso","renault","renault","bridgestone",,,"1:45.707",105707,"1:45.136",105136,,,,,,,16
815,2009,12,14,14,"14","22","jenson-button","brawn","mercedes","bridgestone",,,"1:45.761",105761,"1:45.251",105251,,,,,,,18
815,2009,12,15,15,"15","2","heikki-kovalainen","mclaren","mercedes","bridgestone",,,"1:45.705",105705,"1:45.259",105259,,,,,,,19
815,2009,12,16,16,"16","12","sebastien-buemi","toro-rosso","ferrari","bridgestone",,,"1:45.951",105951,,,,,,,,,7
815,2009,12,17,17,"17","11","jaime-alguersuari","toro-rosso","ferrari","bridgestone",,,"1:46.032",106032,,,,,,,,,10
815,2009,12,18,18,"18","17","kazuki-nakajima","williams","toyota","bridgestone",,,"1:46.307",106307,,,,,,,,,10
815,2009,12,19,19,"19","8","romain-grosjean","renault","renault","bridgestone",,,"1:46.359",106359,,,,,,,,,11
815,2009,12,20,20,"20","3","luca-badoer","ferrari","ferrari","bridgestone",,,"1:46.957",106957,,,,,,,,,11
816,2009,13,1,1,"1","1","lewis-hamilton","mclaren","mercedes","bridgestone",,,"1:23.375",83375,"1:22.973",82973,"1:24.066",84066,,,,,23
816,2009,13,2,2,"2","20","adrian-sutil","force-india","mercedes","bridgestone",,,"1:23.576",83576,"1:23.070",83070,"1:24.261",84261,"+0.195",195,"+0.195",195,24
816,2009,13,3,3,"3","4","kimi-raikkonen","ferrari","ferrari","bridgestone",,,"1:23.349",83349,"1:23.426",83426,"1:24.523",84523,"+0.457",457,"+0.262",262,28
816,2009,13,4,4,"4","2","heikki-kovalainen","mclaren","mercedes","bridgestone",,,"1:23.515",83515,"1:23.528",83528,"1:24.845",84845,"+0.779",779,"+0.322",322,27
816,2009,13,5,5,"5","23","rubens-barrichello","brawn","mercedes","bridgestone",,,"1:23.483",83483,"1:22.976",82976,"1:25.015",85015,"+0.949",949,"+0.170",170,23
816,2009,13,6,6,"6","22","jenson-button","brawn","mercedes","bridgestone",,,"1:23.403",83403,"1:22.955",82955,"1:25.030",85030,"+0.964",964,"+0.015",15,26
816,2009,13,7,7,"7","21","vitantonio-liuzzi","force-india","mercedes","bridgestone",,,"1:23.578",83578,"1:23.207",83207,"1:25.043",85043,"+0.977",977,"+0.013",13,26
816,2009,13,8,8,"8","7","fernando-alonso","renault","renault","bridgestone",,,"1:23.708",83708,"1:23.497",83497,"1:25.072",85072,"+1.006",1006,"+0.029",29,25
816,2009,13,9,9,"9","15","sebastian-vettel","red-bull","renault","bridgestone",,,"1:23.558",83558,"1:23.545",83545,"1:25.180",85180,"+1.114",1114,"+0.108",108,23
816,2009,13,10,10,"10","14","mark-webber","red-bull","renault","bridgestone",,,"1:23.755",83755,"1:23.273",83273,"1:25.314",85314,"+1.248",1248,"+0.134",134,24
816,2009,13,11,11,"11","9","jarno-trulli","toyota","toyota","bridgestone",,,"1:24.014",84014,"1:23.611",83611,,,,,,,20
816,2009,13,12,12,"12","8","romain-grosjean","renault","renault","bridgestone",,,"1:23.975",83975,"1:23.728",83728,,,,,,,22
816,2009,13,13,13,"13","5","robert-kubica","bmw-sauber","bmw","bridgestone",,,"1:24.001",84001,"1:23.866",83866,,,,,,,17
816,2009,13,14,14,"14","3","giancarlo-fisichella","ferrari","ferrari","bridgestone",,,"1:23.828",83828,"1:23.901",83901,,,,,,,24
816,2009,13,15,15,"15","6","nick-heidfeld","bmw-sauber","bmw","bridgestone",,,"1:23.584",83584,"1:24.275",84275,,,,,,,14
816,2009,13,16,16,"16","10","timo-glock","toyota","toyota","bridgestone",,,"1:24.036",84036,,,,,,,,,11
816,2009,13,17,17,"17","17","kazuki-nakajima","williams","toyota","bridgestone",,,"1:24.074",84074,,,,,,,,,9
816,2009,13,18,18,"18","16","nico-rosberg","williams","toyota","bridgestone",,,"1:24.121",84121,,,,,,,,,12
816,2009,13,19,19,"19","12","sebastien-buemi","toro-rosso","ferrari","bridgestone",,,"1:24.220",84220,,,,,,,,,12
816,2009,13,20,20,"20","11","jaime-alguersuari","toro-rosso","ferrari","bridgestone",,,"1:24.951",84951,,,,,,,,,11
817,2009,14,1,1,"1","1","lewis-hamilton","mclaren","mercedes","bridgestone",,,"1:46.977",106977,"1:46.657",106657,"1:47.891",107891,,,,,14
817,2009,14,2,2,"2","15","sebastian-vettel","red-bull","renault","bridgestone",,,"1:47.541",107541,"1:46.362",106362,"1:48.204",108204,"+0.313",313,"+0.313",313,17
817,2009,14,3,3,"3","16","nico-rosberg","williams","toyota","bridgestone",,,"1:47.390",107390,"1:46.197",106197,"1:48.348",108348,"+0.457",457,"+0.144",144,15
817,2009,14,4,4,"4","14","mark-webber","red-bull","renault","bridgestone",,,"1:47.646",107646,"1:46.328",106328,"1:48.722",108722,"+0.831",831,"+0.374",374,19
817,2009,14,5,5,"5","23","rubens-barrichello","brawn","mercedes","bridgestone",,,"1:47.397",107397,"1:46.787",106787,"1:48.828",108828,"+0.937",937,"+0.106",106,20
817,2009,14,6,6,"6","7","fernando-alonso","renault","renault","bridgestone",,,"1:47.757",107757,"1:46.767",106767,"1:49.054",109054,"+1.163",1163,"+0.226",226,17
817,2009,14,7,7,"7","10","timo-glock","toyota","toyota","bridgestone",,,"1:47.770",107770,"1:46.707",106707,"1:49.180",109180,"+1.289",1289,"+0.126",126,18
817,2009,14,8,8,"8","6","nick-heidfeld","bmw-sauber","bmw","bridgestone",,,"1:47.347",107347,"1:46.832",106832,"1:49.307",109307,"+1.416",1416,"+0.127",127,19
817,2009,14,9,9,"9","5","robert-kubica","bmw-sauber","bmw","bridgestone",,,"1:47.615",107615,"1:46.813",106813,"1:49.514",109514,"+1.623",1623,"+0.207",207,18
817,2009,14,10,10,"10","2","heikki-kovalainen","mclaren","mercedes","bridgestone",,,"1:47.542",107542,"1:46.842",106842,"1:49.778",109778,"+1.887",1887,"+0.264",264,18
817,2009,14,11,11,"11","17","kazuki-nakajima","williams","toyota","bridgestone",,,"1:47.637",107637,"1:47.013",107013,,,,,,,14
817,2009,14,12,12,"12","22","jenson-button","brawn","mercedes","bridgestone",,,"1:47.180",107180,"1:47.141",107141,,,,,,,16
817,2009,14,13,13,"13","4","kimi-raikkonen","ferrari","ferrari","bridgestone",,,"1:47.293",107293,"1:47.177",107177,,,,,,,14
817,2009,14,14,14,"14","12","sebastien-buemi","toro-rosso","ferrari","bridgestone",,,"1:47.677",107677,"1:47.369",107369,,,,,,,16
817,2009,14,15,15,"15","9","jarno-trulli","toyota","toyota","bridgestone",,,"1:47.690",107690,"1:47.413",107413,,,,,,,13
817,2009,14,16,16,"16","20","adrian-sutil","force-india","mercedes","bridgestone",,,"1:48.231",108231,,,,,,,,,10
817,2009,14,17,17,"17","11","jaime-alguersuari","toro-rosso","ferrari","bridgestone",,,"1:48.340",108340,,,,,,,,,9
817,2009,14,18,18,"18","3","giancarlo-fisichella","ferrari","ferrari","bridgestone",,,"1:48.350",108350,,,,,,,,,11
817,2009,14,19,19,"19","8","romain-grosjean","renault","renault","bridgestone",,,"1:48.544",108544,,,,,,,,,10
817,2009,14,20,20,"20","21","vitantonio-liuzzi","force-india","mercedes","bridgestone",,,"1:48.792",108792,,,,,,,,,8
818,2009,15,1,1,"1","15","sebastian-vettel","red-bull","renault","bridgestone",,,"1:30.883",90883,"1:30.341",90341,"1:32.160",92160,,,,,14
818,2009,15,2,2,"2","9","jarno-trulli","toyota","toyota","bridgestone",,,"1:31.063",91063,"1:30.737",90737,"1:32.220",92220,"+0.060",60,"+0.060",60,20
818,2009,15,3,3,"3","1","lewis-hamilton","mclaren","mercedes","bridgestone",,,"1:30.917",90917,"1:30.627",90627,"1:32.395",92395,"+0.235",235,"+0.175",175,21
818,2009,15,4,4,"4","20","adrian-sutil","force-india","mercedes","bridgestone",,,"1:31.386",91386,"1:31.222",91222,"1:32.466",92466,"+0.306",306,"+0.071",71,20
818,2009,15,5,5,"5","23","rubens-barrichello","brawn","mercedes","bridgestone",,,"1:31.272",91272,"1:31.055",91055,"1:32.660",92660,"+0.500",500,"+0.194",194,18
818,2009,15,6,6,"6","6","nick-heidfeld","bmw-sauber","bmw","bridgestone",,,"1:31.501",91501,"1:31.260",91260,"1:32.945",92945,"+0.785",785,"+0.285",285,19
818,2009,15,7,7,"7","22","jenson-button","brawn","mercedes","bridgestone",,,"1:31.041",91041,"1:30.880",90880,"1:32.962",92962,"+0.802",802,"+0.017",17,18
818,2009,15,8,8,"8","4","kimi-raikkonen","ferrari","ferrari","bridgestone",,,"1:31.228",91228,"1:31.052",91052,"1:32.980",92980,"+0.820",820,"+0.018",18,23
818,2009,15,9,9,"9","2","heikki-kovalainen","mclaren","mercedes","bridgestone",,,"1:31.499",91499,"1:31.223",91223,,,,,,,21
818,2009,15,10,10,"10","12","sebastien-buemi","toro-rosso","ferrari","bridgestone",,,"1:31.196",91196,"1:31.103",91103,,,,,,,12
818,2009,15,11,11,"11","16","nico-rosberg","williams","toyota","bridgestone",,,"1:31.286",91286,"1:31.482",91482,,,,,,,17
818,2009,15,12,12,"12","7","fernando-alonso","renault","renault","bridgestone",,,"1:31.401",91401,"1:31.638",91638,,,,,,,14
818,2009,15,13,13,"13","5","robert-kubica","bmw-sauber","bmw","bridgestone",,,"1:31.417",91417,"1:32.341",92341,,,,,,,15
818,2009,15,14,14,"14","10","timo-glock","toyota","toyota","bridgestone",,,"1:31.550",91550,,,,,,,,,13
818,2009,15,15,15,"15","11","jaime-alguersuari","toro-rosso","ferrari","bridgestone",,,"1:31.571",91571,,,,,,,,,14
818,2009,15,16,16,"16","3","giancarlo-fisichella","ferrari","ferrari","bridgestone",,,"1:31.704",91704,,,,,,,,,11
818,2009,15,17,17,"17","17","kazuki-nakajima","williams","toyota","bridgestone",,,"1:31.718",91718,,,,,,,,,8
818,2009,15,18,18,"18","8","romain-grosjean","renault","renault","bridgestone",,,"1:32.073",92073,,,,,,,,,8
818,2009,15,19,19,"19","21","vitantonio-liuzzi","force-india","mercedes","bridgestone",,,"1:32.087",92087,,,,,,,,,9
819,2009,16,1,1,"1","23","rubens-barrichello","brawn","mercedes","bridgestone",,,"1:24.100",84100,"1:21.659",81659,"1:19.576",79576,,,,,30
819,2009,16,2,2,"2","14","mark-webber","red-bull","renault","bridgestone",,,"1:24.722",84722,"1:20.803",80803,"1:19.668",79668,"+0.092",92,"+0.092",92,28
819,2009,16,3,3,"3","20","adrian-sutil","force-india","mercedes","bridgestone",,,"1:24.447",84447,"1:20.753",80753,"1:19.912",79912,"+0.336",336,"+0.244",244,28
819,2009,16,4,4,"4","9","jarno-trulli","toyota","toyota","bridgestone",,,"1:24.621",84621,"1:20.635",80635,"1:20.097",80097,"+0.521",521,"+0.185",185,29
819,2009,16,5,5,"5","4","kimi-raikkonen","ferrari","ferrari","bridgestone",,,"1:23.047",83047,"1:21.378",81378,"1:20.168",80168,"+0.592",592,"+0.071",71,30
819,2009,16,6,6,"6","12","sebastien-buemi","toro-rosso","ferrari","bridgestone",,,"1:24.591",84591,"1:20.701",80701,"1:20.250",80250,"+0.674",674,"+0.082",82,35
819,2009,16,7,7,"7","16","nico-rosberg","williams","toyota","bridgestone",,,"1:22.828",82828,"1:20.368",80368,"1:20.326",80326,"+0.750",750,"+0.076",76,31
819,2009,16,8,8,"8","5","robert-kubica","bmw-sauber","bmw","bridgestone",,,"1:23.072",83072,"1:21.147",81147,"1:20.631",80631,"+1.055",1055,"+0.305",305,30
819,2009,16,9,9,"9","17","kazuki-nakajima","williams","toyota","bridgestone",,,"1:23.161",83161,"1:20.427",80427,"1:20.674",80674,"+1.098",1098,"+0.043",43,32
819,2009,16,10,10,"10","7","fernando-alonso","renault","renault","bridgestone",,,"1:24.842",84842,"1:21.657",81657,"1:21.422",81422,"+1.846",1846,"+0.748",748,27
819,2009,16,11,11,"11","10","kamui-kobayashi","toyota","toyota","bridgestone",,,"1:24.335",84335,"1:21.960",81960,,,,,,,22
819,2009,16,12,12,"12","11","jaime-alguersuari","toro-rosso","ferrari","bridgestone",,,"1:24.773",84773,"1:22.231",82231,,,,,,,25
819,2009,16,13,13,"13","8","romain-grosjean","renault","renault","bridgestone",,,"1:24.394",84394,"1:22.477",82477,,,,,,,23
819,2009,16,14,14,"14","22","jenson-button","brawn","mercedes","bridgestone",,,"1:24.297",84297,"1:22.504",82504,,,,,,,23
819,2009,16,15,15,"15","21","vitantonio-liuzzi","force-india","mercedes","bridgestone",,,"1:24.645",84645,,,,,,,,,12
819,2009,16,16,16,"16","15","sebastian-vettel","red-bull","renault","bridgestone",,,"1:25.009",85009,,,,,,,,,13
819,2009,16,17,17,"17","2","heikki-kovalainen","mclaren","mercedes","bridgestone",,,"1:25.052",85052,,,,,,,,,12
819,2009,16,18,18,"18","1","lewis-hamilton","mclaren","mercedes","bridgestone",,,"1:25.192",85192,,,,,,,,,11
819,2009,16,19,19,"19","6","nick-heidfeld","bmw-sauber","bmw","bridgestone",,,"1:25.515",85515,,,,,,,,,11
819,2009,16,20,20,"20","3","giancarlo-fisichella","ferrari","ferrari","bridgestone",,,"1:40.703",100703,,,,,,,,,3
820,2009,17,1,1,"1","1","lewis-hamilton","mclaren","mercedes","bridgestone",,,"1:39.873",99873,"1:39.695",99695,"1:40.948",100948,,,,,20
820,2009,17,2,2,"2","15","sebastian-vettel","red-bull","renault","bridgestone",,,"1:40.666",100666,"1:39.984",99984,"1:41.615",101615,"+0.667",667,"+0.667",667,21
820,2009,17,3,3,"3","14","mark-webber","red-bull","renault","bridgestone",,,"1:40.667",100667,"1:40.272",100272,"1:41.726",101726,"+0.778",778,"+0.111",111,21
820,2009,17,4,4,"4","23","rubens-barrichello","brawn","mercedes","bridgestone",,,"1:40.574",100574,"1:40.421",100421,"1:41.786",101786,"+0.838",838,"+0.060",60,24
820,2009,17,5,5,"5","22","jenson-button","brawn","mercedes","bridgestone",,,"1:40.378",100378,"1:40.148",100148,"1:41.892",101892,"+0.944",944,"+0.106",106,25
820,2009,17,6,6,"6","9","jarno-trulli","toyota","toyota","bridgestone",,,"1:40.517",100517,"1:40.373",100373,"1:41.897",101897,"+0.949",949,"+0.005",5,24
820,2009,17,7,7,"7","5","robert-kubica","bmw-sauber","bmw","bridgestone",,,"1:40.520",100520,"1:40.545",100545,"1:41.992",101992,"+1.044",1044,"+0.095",95,25
820,2009,17,8,8,"8","6","nick-heidfeld","bmw-sauber","bmw","bridgestone",,,"1:40.558",100558,"1:40.635",100635,"1:42.343",102343,"+1.395",1395,"+0.351",351,24
820,2009,17,9,9,"9","16","nico-rosberg","williams","toyota","bridgestone",,,"1:40.842",100842,"1:40.661",100661,"1:42.583",102583,"+1.635",1635,"+0.240",240,25
820,2009,17,10,10,"10","12","sebastien-buemi","toro-rosso","ferrari","bridgestone",,,"1:40.908",100908,"1:40.430",100430,"1:42.713",102713,"+1.765",1765,"+0.130",130,27
820,2009,17,11,11,"11","4","kimi-raikkonen","ferrari","ferrari","bridgestone",,,"1:41.100",101100,"1:40.726",100726,,,,,,,20
820,2009,17,12,12,"12","10","kamui-kobayashi","toyota","toyota","bridgestone",,,"1:41.035",101035,"1:40.777",100777,,,,,,,17
820,2009,17,13,13,"13","2","heikki-kovalainen","mclaren","mercedes","bridgestone",,,"1:40.808",100808,"1:40.983",100983,,,,,,,16
820,2009,17,14,14,"14","17","kazuki-nakajima","williams","toyota","bridgestone",,,"1:41.096",101096,"1:41.148",101148,,,,,,,18
820,2009,17,15,15,"15","11","jaime-alguersuari","toro-rosso","ferrari","bridgestone",,,"1:41.503",101503,"1:41.689",101689,,,,,,,19
820,2009,17,16,16,"16","7","fernando-alonso","renault","renault","bridgestone",,,"1:41.667",101667,,,,,,,,,12
820,2009,17,17,17,"17","21","vitantonio-liuzzi","force-india","mercedes","bridgestone",,,"1:41.701",101701,,,,,,,,,10
820,2009,17,18,18,"18","20","adrian-sutil","force-india","mercedes","bridgestone",,,"1:41.863",101863,,,,,,,,,10
820,2009,17,19,19,"19","8","romain-grosjean","renault","renault","bridgestone",,,"1:41.950",101950,,,,,,,,,12
820,2009,17,20,20,"20","3","giancarlo-fisichella","ferrari","ferrari","bridgestone",,,"1:42.184",102184,,,,,,,,,12
821,2010,1,1,1,"1","5","sebastian-vettel","red-bull","renault","bridgestone",,,"1:55.029",115029,"1:53.883",113883,"1:54.101",114101,,,,,14
821,2010,1,2,2,"2","7","felipe-massa","ferrari","ferrari","bridgestone",,,"1:55.313",115313,"1:54.331",114331,"1:54.242",114242,"+0.141",141,"+0.141",141,16
821,2010,1,3,3,"3","8","fernando-alonso","ferrari","ferrari","bridgestone",,,"1:54.612",114612,"1:54.172",114172,"1:54.608",114608,"+0.507",507,"+0.366",366,20
821,2010,1,4,4,"4","2","lewis-hamilton","mclaren","mercedes","bridgestone",,,"1:55.341",115341,"1:54.707",114707,"1:55.217",115217,"+1.116",1116,"+0.609",609,19
821,2010,1,5,5,"5","4","nico-rosberg","mercedes","mercedes","bridgestone",,,"1:55.463",115463,"1:54.682",114682,"1:55.241",115241,"+1.140",1140,"+0.024",24,13
821,2010,1,6,6,"6","6","mark-webber","red-bull","renault","bridgestone",,,"1:55.298",115298,"1:54.318",114318,"1:55.284",115284,"+1.183",1183,"+0.043",43,13
821,2010,1,7,7,"7","3","michael-schumacher","mercedes","mercedes","bridgestone",,,"1:55.593",115593,"1:55.105",115105,"1:55.524",115524,"+1.423",1423,"+0.240",240,15
821,2010,1,8,8,"8","1","jenson-button","mclaren","mercedes","bridgestone",,,"1:55.715",115715,"1:55.168",115168,"1:55.672",115672,"+1.571",1571,"+0.148",148,17
821,2010,1,9,9,"9","11","robert-kubica","renault","renault","bridgestone",,,"1:55.511",115511,"1:54.963",114963,"1:55.885",115885,"+1.784",1784,"+0.213",213,17
821,2010,1,10,10,"10","14","adrian-sutil","force-india","mercedes","bridgestone",,,"1:55.213",115213,"1:54.996",114996,"1:56.309",116309,"+2.208",2208,"+0.424",424,16
821,2010,1,11,11,"11","9","rubens-barrichello","williams","cosworth","bridgestone",,,"1:55.969",115969,"1:55.330",115330,,,,,,,12
821,2010,1,12,12,"12","15","vitantonio-liuzzi","force-india","mercedes","bridgestone",,,"1:55.628",115628,"1:55.653",115653,,,,,,,13
821,2010,1,13,13,"13","10","nico-hulkenberg","williams","cosworth","bridgestone",,,"1:56.375",116375,"1:55.857",115857,,,,,,,14
821,2010,1,14,14,"14","22","pedro-de-la-rosa","sauber","ferrari","bridgestone",,,"1:56.428",116428,"1:56.237",116237,,,,,,,13
821,2010,1,15,15,"15","16","sebastien-buemi","toro-rosso","ferrari","bridgestone",,,"1:56.189",116189,"1:56.265",116265,,,,,,,14
821,2010,1,16,16,"16","23","kamui-kobayashi","sauber","ferrari","bridgestone",,,"1:56.541",116541,"1:56.270",116270,,,,,,,13
821,2010,1,17,17,"17","12","vitaly-petrov","renault","renault","bridgestone",,,"1:56.167",116167,"1:56.619",116619,,,,,,,14
821,2010,1,18,18,"18","17","jaime-alguersuari","toro-rosso","ferrari","bridgestone",,,"1:57.071",117071,,,,,,,,,6
821,2010,1,19,19,"19","24","timo-glock","virgin","cosworth","bridgestone",,,"1:59.728",119728,,,,,,,,,7
821,2010,1,20,20,"20","18","jarno-trulli","lotus-racing","cosworth","bridgestone",,,"1:59.852",119852,,,,,,,,,6
821,2010,1,21,21,"21","19","heikki-kovalainen","lotus-racing","cosworth","bridgestone",,,"2:00.313",120313,,,,,,,,,7
821,2010,1,22,22,"22","25","lucas-di-grassi","virgin","cosworth","bridgestone",,,"2:00.587",120587,,,,,,,,,7
821,2010,1,23,23,"23","21","bruno-senna","hrt","cosworth","bridgestone",,,"2:03.240",123240,,,,,,,,,6
821,2010,1,24,24,"24","20","karun-chandhok","hrt","cosworth","bridgestone",,,"2:04.904",124904,,,,,,,,,7
822,2010,2,1,1,"1","5","sebastian-vettel","red-bull","renault","bridgestone",,,"1:24.774",84774,"1:24.096",84096,"1:23.919",83919,,,,,19
822,2010,2,2,2,"2","6","mark-webber","red-bull","renault","bridgestone",,,"1:25.286",85286,"1:24.276",84276,"1:24.035",84035,"+0.116",116,"+0.116",116,20
822,2010,2,3,3,"3","8","fernando-alonso","ferrari","ferrari","bridgestone",,,"1:25.082",85082,"1:24.335",84335,"1:24.111",84111,"+0.192",192,"+0.076",76,22
822,2010,2,4,4,"4","1","jenson-button","mclaren","mercedes","bridgestone",,,"1:24.897",84897,"1:24.531",84531,"1:24.675",84675,"+0.756",756,"+0.564",564,19
822,2010,2,5,5,"5","7","felipe-massa","ferrari","ferrari","bridgestone",,,"1:25.548",85548,"1:25.010",85010,"1:24.837",84837,"+0.918",918,"+0.162",162,24
822,2010,2,6,6,"6","4","nico-rosberg","mercedes","mercedes","bridgestone",,,"1:24.788",84788,"1:24.788",84788,"1:24.884",84884,"+0.965",965,"+0.047",47,26
822,2010,2,7,7,"7","3","michael-schumacher","mercedes","mercedes","bridgestone",,,"1:25.351",85351,"1:24.871",84871,"1:24.927",84927,"+1.008",1008,"+0.043",43,24
822,2010,2,8,8,"8","9","rubens-barrichello","williams","cosworth","bridgestone",,,"1:25.702",85702,"1:25.085",85085,"1:25.217",85217,"+1.298",1298,"+0.290",290,20
822,2010,2,9,9,"9","11","robert-kubica","renault","renault","bridgestone",,,"1:25.588",85588,"1:25.122",85122,"1:25.372",85372,"+1.453",1453,"+0.155",155,23
822,2010,2,10,10,"10","14","adrian-sutil","force-india","mercedes","bridgestone",,,"1:25.504",85504,"1:25.046",85046,"1:26.036",86036,"+2.117",2117,"+0.664",664,24
822,2010,2,11,11,"11","2","lewis-hamilton","mclaren","mercedes","bridgestone",,,"1:25.046",85046,"1:25.184",85184,,,,,,,13
822,2010,2,12,12,"12","16","sebastien-buemi","toro-rosso","ferrari","bridgestone",,,"1:26.061",86061,"1:25.638",85638,,,,,,,17
822,2010,2,13,13,"13","15","vitantonio-liuzzi","force-india","mercedes","bridgestone",,,"1:26.170",86170,"1:25.743",85743,,,,,,,19
822,2010,2,14,14,"14","22","pedro-de-la-rosa","sauber","ferrari","bridgestone",,,"1:26.089",86089,"1:25.747",85747,,,,,,,15
822,2010,2,15,15,"15","10","nico-hulkenberg","williams","cosworth","bridgestone",,,"1:25.866",85866,"1:25.748",85748,,,,,,,17
822,2010,2,16,16,"16","23","kamui-kobayashi","sauber","ferrari","bridgestone",,,"1:26.251",86251,"1:25.777",85777,,,,,,,16
822,2010,2,17,17,"17","17","jaime-alguersuari","toro-rosso","ferrari","bridgestone",,,"1:26.095",86095,"1:26.089",86089,,,,,,,16
822,2010,2,18,18,"18","12","vitaly-petrov","renault","renault","bridgestone",,,"1:26.471",86471,,,,,,,,,10
822,2010,2,19,19,"19","19","heikki-kovalainen","lotus-racing","cosworth","bridgestone",,,"1:28.797",88797,,,,,,,,,9
822,2010,2,20,20,"20","18","jarno-trulli","lotus-racing","cosworth","bridgestone",,,"1:29.111",89111,,,,,,,,,8
822,2010,2,21,21,"21","24","timo-glock","virgin","cosworth","bridgestone",,,"1:29.592",89592,,,,,,,,,8
822,2010,2,22,22,"22","25","lucas-di-grassi","virgin","cosworth","bridgestone",,,"1:30.185",90185,,,,,,,,,8
822,2010,2,23,23,"23","21","bruno-senna","hrt","cosworth","bridgestone",,,"1:30.526",90526,,,,,,,,,10
822,2010,2,24,24,"24","20","karun-chandhok","hrt","cosworth","bridgestone",,,"1:30.613",90613,,,,,,,,,10
823,2010,3,1,1,"1","6","mark-webber","red-bull","renault","bridgestone",,,"1:51.886",111886,"1:48.210",108210,"1:49.327",109327,,,,,18
823,2010,3,2,2,"2","4","nico-rosberg","mercedes","mercedes","bridgestone",,,"1:52.560",112560,"1:47.417",107417,"1:50.673",110673,"+1.346",1346,"+1.346",1346,22
823,2010,3,3,3,"3","5","sebastian-vettel","red-bull","renault","bridgestone",,,"1:47.632",107632,"1:46.828",106828,"1:50.789",110789,"+1.462",1462,"+0.116",116,19
823,2010,3,4,4,"4","14","adrian-sutil","force-india","mercedes","bridgestone",,,"1:49.479",109479,"1:47.085",107085,"1:50.914",110914,"+1.587",1587,"+0.125",125,21
823,2010,3,5,5,"5","10","nico-hulkenberg","williams","cosworth","bridgestone",,,"1:49.664",109664,"1:47.346",107346,"1:51.001",111001,"+1.674",1674,"+0.087",87,22
823,2010,3,6,6,"6","11","robert-kubica","renault","renault","bridgestone",,,"1:46.283",106283,"1:46.951",106951,"1:51.051",111051,"+1.724",1724,"+0.050",50,19
823,2010,3,7,7,"7","9","rubens-barrichello","williams","cosworth","bridgestone",,,"1:50.301",110301,"1:48.371",108371,"1:51.511",111511,"+2.184",2184,"+0.460",460,21
823,2010,3,8,8,"8","3","michael-schumacher","mercedes","mercedes","bridgestone",,,"1:52.239",112239,"1:48.400",108400,"1:51.717",111717,"+2.390",2390,"+0.206",206,24
823,2010,3,9,9,"9","23","kamui-kobayashi","sauber","ferrari","bridgestone",,,"1:48.467",108467,"1:47.792",107792,"1:51.767",111767,"+2.440",2440,"+0.050",50,21
823,2010,3,10,10,"10","15","vitantonio-liuzzi","force-india","mercedes","bridgestone",,,"1:49.922",109922,"1:48.238",108238,"1:52.254",112254,"+2.927",2927,"+0.487",487,21
823,2010,3,11,11,"11","12","vitaly-petrov","renault","renault","bridgestone",,,"1:47.952",107952,"1:48.760",108760,,,,,,,15
823,2010,3,12,12,"12","22","pedro-de-la-rosa","sauber","ferrari","bridgestone",,,"1:47.153",107153,"1:48.771",108771,,,,,,,14
823,2010,3,13,13,"13","16","sebastien-buemi","toro-rosso","ferrari","bridgestone",,,"1:48.945",108945,"1:49.207",109207,,,,,,,15
823,2010,3,14,14,"14","17","jaime-alguersuari","toro-rosso","ferrari","bridgestone",,,"1:48.655",108655,"1:49.464",109464,,,,,,,16
823,2010,3,15,15,"15","19","heikki-kovalainen","lotus-racing","cosworth","bridgestone",,,"1:52.875",112875,"1:52.270",112270,,,,,,,16
823,2010,3,16,16,"16","24","timo-glock","virgin","cosworth","bridgestone",,,"1:52.398",112398,"1:52.520",112520,,,,,,,13
823,2010,3,17,17,"17","1","jenson-button","mclaren","mercedes","bridgestone",,,"1:52.211",112211,,,,,,,,,3
823,2010,3,18,18,"18","18","jarno-trulli","lotus-racing","cosworth","bridgestone",,,"1:52.884",112884,,,,,,,,,6
823,2010,3,19,19,"19","8","fernando-alonso","ferrari","ferrari","bridgestone",,,"1:53.044",113044,,,,,,,,,8
823,2010,3,20,20,"20","2","lewis-hamilton","mclaren","mercedes","bridgestone",,,"1:53.050",113050,,,,,,,,,8
823,2010,3,21,21,"21","7","felipe-massa","ferrari","ferrari","bridgestone",,,"1:53.283",113283,,,,,,,,,7
823,2010,3,22,22,"22","20","karun-chandhok","hrt","cosworth","bridgestone",,,"1:56.299",116299,,,,,,,,,9
823,2010,3,23,23,"23","21","bruno-senna","hrt","cosworth","bridgestone",,,"1:57.269",117269,,,,,,,,,9
823,2010,3,24,24,"24","25","lucas-di-grassi","virgin","cosworth","bridgestone",,,"1:59.977",119977,,,,,,,,,4
824,2010,4,1,1,"1","5","sebastian-vettel","red-bull","renault","bridgestone",,,"1:36.317",96317,"1:35.280",95280,"1:34.558",94558,,,,,21
824,2010,4,2,2,"2","6","mark-webber","red-bull","renault","bridgestone",,,"1:35.978",95978,"1:35.100",95100,"1:34.806",94806,"+0.248",248,"+0.248",248,17
824,2010,4,3,3,"3","8","fernando-alonso","ferrari","ferrari","bridgestone",,,"1:35.987",95987,"1:35.235",95235,"1:34.913",94913,"+0.355",355,"+0.107",107,15
824,2010,4,4,4,"4","4","nico-rosberg","mercedes","mercedes","bridgestone",,,"1:35.952",95952,"1:35.134",95134,"1:34.923",94923,"+0.365",365,"+0.010",10,17
824,2010,4,5,5,"5","1","jenson-button","mclaren","mercedes","bridgestone",,,"1:36.122",96122,"1:35.443",95443,"1:34.979",94979,"+0.421",421,"+0.056",56,17
824,2010,4,6,6,"6","2","lewis-hamilton","mclaren","mercedes","bridgestone",,,"1:35.641",95641,"1:34.928",94928,"1:35.034",95034,"+0.476",476,"+0.055",55,13
824,2010,4,7,7,"7","7","felipe-massa","ferrari","ferrari","bridgestone",,,"1:36.076",96076,"1:35.290",95290,"1:35.180",95180,"+0.622",622,"+0.146",146,19
824,2010,4,8,8,"8","11","robert-kubica","renault","renault","bridgestone",,,"1:36.348",96348,"1:35.550",95550,"1:35.364",95364,"+0.806",806,"+0.184",184,21
824,2010,4,9,9,"9","3","michael-schumacher","mercedes","mercedes","bridgestone",,,"1:36.484",96484,"1:35.715",95715,"1:35.646",95646,"+1.088",1088,"+0.282",282,21
824,2010,4,10,10,"10","14","adrian-sutil","force-india","mercedes","bridgestone",,,"1:36.671",96671,"1:35.665",95665,"1:35.963",95963,"+1.405",1405,"+0.317",317,23
824,2010,4,11,11,"11","9","rubens-barrichello","williams","cosworth","bridgestone",,,"1:36.664",96664,"1:35.748",95748,,,,,,,15
824,2010,4,12,12,"12","17","jaime-alguersuari","toro-rosso","ferrari","bridgestone",,,"1:36.618",96618,"1:36.047",96047,,,,,,,17
824,2010,4,13,13,"13","16","sebastien-buemi","toro-rosso","ferrari","bridgestone",,,"1:36.793",96793,"1:36.149",96149,,,,,,,17
824,2010,4,14,14,"14","12","vitaly-petrov","renault","renault","bridgestone",,,"1:37.031",97031,"1:36.311",96311,,,,,,,10
824,2010,4,15,15,"15","23","kamui-kobayashi","sauber","ferrari","bridgestone",,,"1:37.044",97044,"1:36.422",96422,,,,,,,16
824,2010,4,16,16,"16","10","nico-hulkenberg","williams","cosworth","bridgestone",,,"1:37.049",97049,"1:36.647",96647,,,,,,,14
824,2010,4,17,17,"17","22","pedro-de-la-rosa","sauber","ferrari","bridgestone",,,"1:37.050",97050,"1:37.020",97020,,,,,,,15
824,2010,4,18,18,"18","15","vitantonio-liuzzi","force-india","mercedes","bridgestone",,,"1:37.161",97161,,,,,,,,,9
824,2010,4,19,19,"19","24","timo-glock","virgin","cosworth","bridgestone",,,"1:39.278",99278,,,,,,,,,6
824,2010,4,20,20,"20","18","jarno-trulli","lotus-racing","cosworth","bridgestone",,,"1:39.399",99399,,,,,,,,,9
824,2010,4,21,21,"21","19","heikki-kovalainen","lotus-racing","cosworth","bridgestone",,,"1:39.520",99520,,,,,,,,,8
824,2010,4,22,22,"22","25","lucas-di-grassi","virgin","cosworth","bridgestone",,,"1:39.783",99783,,,,,,,,,6
824,2010,4,23,23,"23","21","bruno-senna","hrt","cosworth","bridgestone",,,"1:40.469",100469,,,,,,,,,10
824,2010,4,24,24,"24","20","karun-chandhok","hrt","cosworth","bridgestone",,,"1:40.578",100578,,,,,,,,,7
825,2010,5,1,1,"1","6","mark-webber","red-bull","renault","bridgestone",,,"1:21.412",81412,"1:20.655",80655,"1:19.995",79995,,,,,18
825,2010,5,2,2,"2","5","sebastian-vettel","red-bull","renault","bridgestone",,,"1:21.680",81680,"1:20.772",80772,"1:20.101",80101,"+0.106",106,"+0.106",106,20
825,2010,5,3,3,"3","2","lewis-hamilton","mclaren","mercedes","bridgestone",,,"1:21.723",81723,"1:21.415",81415,"1:20.829",80829,"+0.834",834,"+0.728",728,17
825,2010,5,4,4,"4","8","fernando-alonso","ferrari","ferrari","bridgestone",,,"1:21.957",81957,"1:21.549",81549,"1:20.937",80937,"+0.942",942,"+0.108",108,23
825,2010,5,5,5,"5","1","jenson-button","mclaren","mercedes","bridgestone",,,"1:21.915",81915,"1:21.168",81168,"1:20.991",80991,"+0.996",996,"+0.054",54,18
825,2010,5,6,6,"6","3","michael-schumacher","mercedes","mercedes","bridgestone",,,"1:22.528",82528,"1:21.557",81557,"1:21.294",81294,"+1.299",1299,"+0.303",303,18
825,2010,5,7,7,"7","11","robert-kubica","renault","renault","bridgestone",,,"1:22.488",82488,"1:21.599",81599,"1:21.353",81353,"+1.358",1358,"+0.059",59,16
825,2010,5,8,8,"8","4","nico-rosberg","mercedes","mercedes","bridgestone",,,"1:22.419",82419,"1:21.867",81867,"1:21.408",81408,"+1.413",1413,"+0.055",55,22
825,2010,5,9,9,"9","7","felipe-massa","ferrari","ferrari","bridgestone",,,"1:22.564",82564,"1:21.841",81841,"1:21.585",81585,"+1.590",1590,"+0.177",177,24
825,2010,5,10,10,"10","23","kamui-kobayashi","sauber","ferrari","bridgestone",,,"1:22.577",82577,"1:21.725",81725,"1:21.984",81984,"+1.989",1989,"+0.399",399,20
825,2010,5,11,11,"11","14","adrian-sutil","force-india","mercedes","bridgestone",,,"1:22.628",82628,"1:21.985",81985,,,,,,,17
825,2010,5,12,12,"12","22","pedro-de-la-rosa","sauber","ferrari","bridgestone",,,"1:22.211",82211,"1:22.026",82026,,,,,,,17
825,2010,5,13,13,"13","10","nico-hulkenberg","williams","cosworth","bridgestone",,,"1:22.857",82857,"1:22.131",82131,,,,,,,14
825,2010,5,14,14,"14","12","vitaly-petrov","renault","renault","bridgestone",,,"1:22.976",82976,"1:22.139",82139,,,,,,,14
825,2010,5,15,15,"15","16","sebastien-buemi","toro-rosso","ferrari","bridgestone",,,"1:22.699",82699,"1:22.191",82191,,,,,,,16
825,2010,5,16,16,"16","17","jaime-alguersuari","toro-rosso","ferrari","bridgestone",,,"1:22.593",82593,"1:22.207",82207,,,,,,,15
825,2010,5,17,17,"17","15","vitantonio-liuzzi","force-india","mercedes","bridgestone",,,"1:23.084",83084,"1:22.854",82854,,,,,,,18
825,2010,5,18,18,"18","9","rubens-barrichello","williams","cosworth","bridgestone",,,"1:23.125",83125,,,,,,,,,9
825,2010,5,19,19,"19","18","jarno-trulli","lotus-racing","cosworth","bridgestone",,,"1:24.674",84674,,,,,,,,,10
825,2010,5,20,20,"20","19","heikki-kovalainen","lotus-racing","cosworth","bridgestone",,,"1:24.748",84748,,,,,,,,,10
825,2010,5,21,21,"21","24","timo-glock","virgin","cosworth","bridgestone",,,"1:25.475",85475,,,,,,,,,8
825,2010,5,22,22,"22","25","lucas-di-grassi","virgin","cosworth","bridgestone",,,"1:25.556",85556,,,,,,,,,7
825,2010,5,23,23,"23","20","karun-chandhok","hrt","cosworth","bridgestone",,,"1:26.750",86750,,,,,,,,,8
825,2010,5,24,24,"24","21","bruno-senna","hrt","cosworth","bridgestone",,,"1:27.122",87122,,,,,,,,,9
826,2010,6,1,1,"1","6","mark-webber","red-bull","renault","bridgestone",,,"1:15.035",75035,"1:14.462",74462,"1:13.826",73826,,,,,25
826,2010,6,2,2,"2","11","robert-kubica","renault","renault","bridgestone",,,"1:15.045",75045,"1:14.549",74549,"1:14.120",74120,"+0.294",294,"+0.294",294,28
826,2010,6,3,3,"3","5","sebastian-vettel","red-bull","renault","bridgestone",,,"1:15.110",75110,"1:14.568",74568,"1:14.227",74227,"+0.401",401,"+0.107",107,23
826,2010,6,4,4,"4","7","felipe-massa","ferrari","ferrari","bridgestone",,,"1:14.757",74757,"1:14.405",74405,"1:14.283",74283,"+0.457",457,"+0.056",56,23
826,2010,6,5,5,"5","2","lewis-hamilton","mclaren","mercedes","bridgestone",,,"1:15.676",75676,"1:14.527",74527,"1:14.432",74432,"+0.606",606,"+0.149",149,31
826,2010,6,6,6,"6","4","nico-rosberg","mercedes","mercedes","bridgestone",,,"1:15.188",75188,"1:14.375",74375,"1:14.544",74544,"+0.718",718,"+0.112",112,18
826,2010,6,7,7,"7","3","michael-schumacher","mercedes","mercedes","bridgestone",,,"1:15.649",75649,"1:14.691",74691,"1:14.590",74590,"+0.764",764,"+0.046",46,23
826,2010,6,8,8,"8","1","jenson-button","mclaren","mercedes","bridgestone",,,"1:15.623",75623,"1:15.150",75150,"1:14.637",74637,"+0.811",811,"+0.047",47,28
826,2010,6,9,9,"9","9","rubens-barrichello","williams","cosworth","bridgestone",,,"1:15.590",75590,"1:15.083",75083,"1:14.901",74901,"+1.075",1075,"+0.264",264,29
826,2010,6,10,10,"10","15","vitantonio-liuzzi","force-india","mercedes","bridgestone",,,"1:15.397",75397,"1:15.061",75061,"1:15.170",75170,"+1.344",1344,"+0.269",269,27
826,2010,6,11,11,"11","10","nico-hulkenberg","williams","cosworth","bridgestone",,,"1:16.030",76030,"1:15.317",75317,,,,,,,19
826,2010,6,12,12,"12","14","adrian-sutil","force-india","mercedes","bridgestone",,,"1:15.445",75445,"1:15.318",75318,,,,,,,18
826,2010,6,13,13,"13","16","sebastien-buemi","toro-rosso","ferrari","bridgestone",,,"1:15.961",75961,"1:15.413",75413,,,,,,,21
826,2010,6,14,14,"14","12","vitaly-petrov","renault","renault","bridgestone",,,"1:15.482",75482,"1:15.576",75576,,,,,,,19
826,2010,6,15,15,"15","22","pedro-de-la-rosa","sauber","ferrari","bridgestone",,,"1:15.908",75908,"1:15.692",75692,,,,,,,20
826,2010,6,16,16,"16","23","kamui-kobayashi","sauber","ferrari","bridgestone",,,"1:16.175",76175,"1:15.992",75992,,,,,,,21
826,2010,6,17,17,"17","17","jaime-alguersuari","toro-rosso","ferrari","bridgestone",,,"1:16.021",76021,"1:16.176",76176,,,,,,,20
826,2010,6,18,18,"18","19","heikki-kovalainen","lotus-racing","cosworth","bridgestone",,,"1:17.094",77094,,,,,,,,,11
826,2010,6,19,19,"19","18","jarno-trulli","lotus-racing","cosworth","bridgestone",,,"1:17.134",77134,,,,,,,,,12
826,2010,6,20,20,"20","24","timo-glock","virgin","cosworth","bridgestone",,,"1:17.377",77377,,,,,,,,,12
826,2010,6,21,21,"21","25","lucas-di-grassi","virgin","cosworth","bridgestone",,,"1:17.864",77864,,,,,,,,,12
826,2010,6,22,22,"22","21","bruno-senna","hrt","cosworth","bridgestone",,,"1:18.509",78509,,,,,,,,,12
826,2010,6,23,23,"23","20","karun-chandhok","hrt","cosworth","bridgestone",,,"1:19.559",79559,,,,,,,,,14
827,2010,7,1,1,"1","6","mark-webber","red-bull","renault","bridgestone",,,"1:27.500",87500,"1:26.818",86818,"1:26.295",86295,,,,,18
827,2010,7,2,2,"2","2","lewis-hamilton","mclaren","mercedes","bridgestone",,,"1:27.667",87667,"1:27.013",87013,"1:26.433",86433,"+0.138",138,"+0.138",138,18
827,2010,7,3,3,"3","5","sebastian-vettel","red-bull","renault","bridgestone",,,"1:27.067",87067,"1:26.729",86729,"1:26.760",86760,"+0.465",465,"+0.327",327,18
827,2010,7,4,4,"4","1","jenson-button","mclaren","mercedes","bridgestone",,,"1:27.555",87555,"1:27.277",87277,"1:26.781",86781,"+0.486",486,"+0.021",21,18
827,2010,7,5,5,"5","3","michael-schumacher","mercedes","mercedes","bridgestone",,,"1:27.756",87756,"1:27.438",87438,"1:26.857",86857,"+0.562",562,"+0.076",76,19
827,2010,7,6,6,"6","4","nico-rosberg","mercedes","mercedes","bridgestone",,,"1:27.649",87649,"1:27.141",87141,"1:26.952",86952,"+0.657",657,"+0.095",95,18
827,2010,7,7,7,"7","11","robert-kubica","renault","renault","bridgestone",,,"1:27.766",87766,"1:27.426",87426,"1:27.039",87039,"+0.744",744,"+0.087",87,19
827,2010,7,8,8,"8","7","felipe-massa","ferrari","ferrari","bridgestone",,,"1:27.993",87993,"1:27.200",87200,"1:27.082",87082,"+0.787",787,"+0.043",43,18
827,2010,7,9,9,"9","12","vitaly-petrov","renault","renault","bridgestone",,,"1:27.620",87620,"1:27.387",87387,"1:27.430",87430,"+1.135",1135,"+0.348",348,21
827,2010,7,10,10,"10","23","kamui-kobayashi","sauber","ferrari","bridgestone",,,"1:28.158",88158,"1:27.434",87434,"1:28.122",88122,"+1.827",1827,"+0.692",692,17
827,2010,7,11,11,"11","14","adrian-sutil","force-india","mercedes","bridgestone",,,"1:27.951",87951,"1:27.525",87525,,,,,,,18
827,2010,7,12,12,"12","8","fernando-alonso","ferrari","ferrari","bridgestone",,,"1:27.857",87857,"1:27.612",87612,,,,,,,14
827,2010,7,13,13,"13","22","pedro-de-la-rosa","sauber","ferrari","bridgestone",,,"1:28.147",88147,"1:27.879",87879,,,,,,,14
827,2010,7,14,14,"14","16","sebastien-buemi","toro-rosso","ferrari","bridgestone",,,"1:28.534",88534,"1:28.273",88273,,,,,,,15
827,2010,7,15,15,"15","9","rubens-barrichello","williams","cosworth","bridgestone",,,"1:28.336",88336,"1:28.392",88392,,,,,,,14
827,2010,7,16,16,"16","17","jaime-alguersuari","toro-rosso","ferrari","bridgestone",,,"1:28.460",88460,"1:28.540",88540,,,,,,,16
827,2010,7,17,17,"17","10","nico-hulkenberg","williams","cosworth","bridgestone",,,"1:28.227",88227,"1:28.841",88841,,,,,,,15
827,2010,7,18,18,"18","15","vitantonio-liuzzi","force-india","mercedes","bridgestone",,,"1:28.958",88958,,,,,,,,,8
827,2010,7,19,19,"19","18","jarno-trulli","lotus-racing","cosworth","bridgestone",,,"1:30.237",90237,,,,,,,,,13
827,2010,7,20,20,"20","19","heikki-kovalainen","lotus-racing","cosworth","bridgestone",,,"1:30.519",90519,,,,,,,,,11
827,2010,7,21,21,"21","24","timo-glock","virgin","cosworth","bridgestone",,,"1:30.744",90744,,,,,,,,,9
827,2010,7,22,22,"22","21","bruno-senna","hrt","cosworth","bridgestone",,,"1:31.266",91266,,,,,,,,,9
827,2010,7,23,23,"23","25","lucas-di-grassi","virgin","cosworth","bridgestone",,,"1:31.989",91989,,,,,,,,,9
827,2010,7,24,24,"24","20","karun-chandhok","hrt","cosworth","bridgestone",,,"1:32.060",92060,,,,,,,,,10
828,2010,8,1,1,"1","2","lewis-hamilton","mclaren","mercedes","bridgestone",,,"1:15.889",75889,"1:15.528",75528,"1:15.105",75105,,,,,20
828,2010,8,2,2,"2","6","mark-webber","red-bull","renault","bridgestone",,,"1:16.423",76423,"1:15.692",75692,"1:15.373",75373,"+0.268",268,"+0.268",268,21
828,2010,8,3,3,"3","5","sebastian-vettel","red-bull","renault","bridgestone",,,"1:16.129",76129,"1:15.556",75556,"1:15.420",75420,"+0.315",315,"+0.047",47,24
828,2010,8,4,4,"4","8","fernando-alonso","ferrari","ferrari","bridgestone",,,"1:16.171",76171,"1:15.597",75597,"1:15.435",75435,"+0.330",330,"+0.015",15,24
828,2010,8,5,5,"5","1","jenson-button","mclaren","mercedes","bridgestone",,,"1:16.371",76371,"1:15.742",75742,"1:15.520",75520,"+0.415",415,"+0.085",85,24
828,2010,8,6,6,"6","15","vitantonio-liuzzi","force-india","mercedes","bridgestone",,,"1:17.086",77086,"1:16.171",76171,"1:15.648",75648,"+0.543",543,"+0.128",128,22
828,2010,8,7,7,"7","7","felipe-massa","ferrari","ferrari","bridgestone",,,"1:16.673",76673,"1:16.314",76314,"1:15.688",75688,"+0.583",583,"+0.040",40,23
828,2010,8,8,8,"8","11","robert-kubica","renault","renault","bridgestone",,,"1:16.370",76370,"1:15.682",75682,"1:15.715",75715,"+0.610",610,"+0.027",27,21
828,2010,8,9,9,"9","14","adrian-sutil","force-india","mercedes","bridgestone",,,"1:16.495",76495,"1:16.295",76295,"1:15.881",75881,"+0.776",776,"+0.166",166,21
828,2010,8,10,10,"10","4","nico-rosberg","mercedes","mercedes","bridgestone",,,"1:16.350",76350,"1:16.001",76001,"1:16.071",76071,"+0.966",966,"+0.190",190,20
828,2010,8,11,11,"11","9","rubens-barrichello","williams","cosworth","bridgestone",,,"1:16.880",76880,"1:16.434",76434,,,,,,,22
828,2010,8,12,12,"12","10","nico-hulkenberg","williams","cosworth","bridgestone",,,"1:16.770",76770,"1:16.438",76438,,,,,,,20
828,2010,8,13,13,"13","3","michael-schumacher","mercedes","mercedes","bridgestone",,,"1:16.598",76598,"1:16.492",76492,,,,,,,16
828,2010,8,14,14,"14","12","vitaly-petrov","renault","renault","bridgestone",,,"1:16.569",76569,"1:16.844",76844,,,,,,,21
828,2010,8,15,15,"15","16","sebastien-buemi","toro-rosso","ferrari","bridgestone",,,"1:17.356",77356,"1:16.928",76928,,,,,,,16
828,2010,8,16,16,"16","17","jaime-alguersuari","toro-rosso","ferrari","bridgestone",,,"1:17.027",77027,"1:17.029",77029,,,,,,,17
828,2010,8,17,17,"17","22","pedro-de-la-rosa","sauber","ferrari","bridgestone",,,"1:17.611",77611,"1:17.384",77384,,,,,,,19
828,2010,8,18,18,"18","23","kamui-kobayashi","sauber","ferrari","bridgestone",,,"1:18.019",78019,,,,,,,,,10
828,2010,8,19,19,"19","19","heikki-kovalainen","lotus-racing","cosworth","bridgestone",,,"1:18.237",78237,,,,,,,,,12
828,2010,8,20,20,"20","18","jarno-trulli","lotus-racing","cosworth","bridgestone",,,"1:18.698",78698,,,,,,,,,11
828,2010,8,21,21,"21","24","timo-glock","virgin","cosworth","bridgestone",,,"1:18.941",78941,,,,,,,,,12
828,2010,8,22,22,"22","21","bruno-senna","hrt","cosworth","bridgestone",,,"1:19.484",79484,,,,,,,,,10
828,2010,8,23,23,"23","25","lucas-di-grassi","virgin","cosworth","bridgestone",,,"1:19.675",79675,,,,,,,,,12
828,2010,8,24,24,"24","20","karun-chandhok","hrt","cosworth","bridgestone",,,"1:27.757",87757,,,,,,,,,3
829,2010,9,1,1,"1","5","sebastian-vettel","red-bull","renault","bridgestone",,,"1:38.324",98324,"1:38.015",98015,"1:37.587",97587,,,,,18
829,2010,9,2,2,"2","6","mark-webber","red-bull","renault","bridgestone",,,"1:38.549",98549,"1:38.041",98041,"1:37.662",97662,"+0.075",75,"+0.075",75,21
829,2010,9,3,3,"3","2","lewis-hamilton","mclaren","mercedes","bridgestone",,,"1:38.697",98697,"1:38.158",98158,"1:37.969",97969,"+0.382",382,"+0.307",307,17
829,2010,9,4,4,"4","8","fernando-alonso","ferrari","ferrari","bridgestone",,,"1:38.472",98472,"1:38.179",98179,"1:38.075",98075,"+0.488",488,"+0.106",106,23
829,2010,9,5,5,"5","7","felipe-massa","ferrari","ferrari","bridgestone",,,"1:38.657",98657,"1:38.046",98046,"1:38.127",98127,"+0.540",540,"+0.052",52,22
829,2010,9,6,6,"6","11","robert-kubica","renault","renault","bridgestone",,,"1:38.132",98132,"1:38.062",98062,"1:38.137",98137,"+0.550",550,"+0.010",10,18
829,2010,9,7,7,"7","1","jenson-button","mclaren","mercedes","bridgestone",,,"1:38.360",98360,"1:38.399",98399,"1:38.210",98210,"+0.623",623,"+0.073",73,22
829,2010,9,8,8,"8","10","nico-hulkenberg","williams","cosworth","bridgestone",,,"1:38.843",98843,"1:38.523",98523,"1:38.428",98428,"+0.841",841,"+0.218",218,23
829,2010,9,9,9,"9","9","rubens-barrichello","williams","cosworth","bridgestone",,,"1:38.449",98449,"1:38.326",98326,"1:38.428",98428,"+0.841",841,"+0.000",0,23
829,2010,9,10,10,"10","12","vitaly-petrov","renault","renault","bridgestone",,,"1:39.004",99004,"1:38.552",98552,"1:38.523",98523,"+0.936",936,"+0.095",95,21
829,2010,9,11,11,"11","16","sebastien-buemi","toro-rosso","ferrari","bridgestone",,,"1:39.096",99096,"1:38.586",98586,,,,,,,15
829,2010,9,12,12,"12","4","nico-rosberg","mercedes","mercedes","bridgestone",,,"1:38.752",98752,"1:38.627",98627,,,,,,,12
829,2010,9,13,13,"13","14","adrian-sutil","force-india","mercedes","bridgestone",,,"1:39.021",99021,"1:38.851",98851,,,,,,,14
829,2010,9,14,14,"14","15","vitantonio-liuzzi","force-india","mercedes","bridgestone",,,"1:38.969",98969,"1:38.884",98884,,,,,,,15
829,2010,9,15,15,"15","3","michael-schumacher","mercedes","mercedes","bridgestone",,,"1:38.994",98994,"1:39.234",99234,,,,,,,19
829,2010,9,16,16,"16","22","pedro-de-la-rosa","sauber","ferrari","bridgestone",,,"1:39.003",99003,"1:39.264",99264,,,,,,,16
829,2010,9,17,17,"17","17","jaime-alguersuari","toro-rosso","ferrari","bridgestone",,,"1:39.128",99128,"1:39.458",99458,,,,,,,16
829,2010,9,18,18,"18","23","kamui-kobayashi","sauber","ferrari","bridgestone",,,"1:39.343",99343,,,,,,,,,9
829,2010,9,19,19,"19","18","jarno-trulli","lotus-racing","cosworth","bridgestone",,,"1:40.658",100658,,,,,,,,,11
829,2010,9,20,20,"20","19","heikki-kovalainen","lotus-racing","cosworth","bridgestone",,,"1:40.882",100882,,,,,,,,,11
829,2010,9,21,21,"21","25","lucas-di-grassi","virgin","cosworth","bridgestone",,,"1:42.086",102086,,,,,,,,,11
829,2010,9,22,22,"22","24","timo-glock","virgin","cosworth","bridgestone",,,"1:42.140",102140,,,,,,,,,9
829,2010,9,23,23,"23","20","karun-chandhok","hrt","cosworth","bridgestone",,,"1:42.600",102600,,,,,,,,,9
829,2010,9,24,24,"24","21","bruno-senna","hrt","cosworth","bridgestone",,,"1:42.851",102851,,,,,,,,,10
830,2010,10,1,1,"1","5","sebastian-vettel","red-bull","renault","bridgestone",,,"1:30.841",90841,"1:30.480",90480,"1:29.615",89615,,,,,18
830,2010,10,2,2,"2","6","mark-webber","red-bull","renault","bridgestone",,,"1:30.858",90858,"1:30.114",90114,"1:29.758",89758,"+0.143",143,"+0.143",143,18
830,2010,10,3,3,"3","8","fernando-alonso","ferrari","ferrari","bridgestone",,,"1:30.997",90997,"1:30.700",90700,"1:30.426",90426,"+0.811",811,"+0.668",668,23
830,2010,10,4,4,"4","2","lewis-hamilton","mclaren","mercedes","bridgestone",,,"1:31.297",91297,"1:31.118",91118,"1:30.556",90556,"+0.941",941,"+0.130",130,17
830,2010,10,5,5,"5","4","nico-rosberg","mercedes","mercedes","bridgestone",,,"1:31.626",91626,"1:31.085",91085,"1:30.625",90625,"+1.010",1010,"+0.069",69,23
830,2010,10,6,6,"6","11","robert-kubica","renault","renault","bridgestone",,,"1:31.680",91680,"1:31.344",91344,"1:31.040",91040,"+1.425",1425,"+0.415",415,22
830,2010,10,7,7,"7","7","felipe-massa","ferrari","ferrari","bridgestone",,,"1:31.313",91313,"1:31.010",91010,"1:31.172",91172,"+1.557",1557,"+0.132",132,26
830,2010,10,8,8,"8","9","rubens-barrichello","williams","cosworth","bridgestone",,,"1:31.424",91424,"1:31.126",91126,"1:31.175",91175,"+1.560",1560,"+0.003",3,20
830,2010,10,9,9,"9","22","pedro-de-la-rosa","sauber","ferrari","bridgestone",,,"1:31.533",91533,"1:31.327",91327,"1:31.274",91274,"+1.659",1659,"+0.099",99,16
830,2010,10,10,10,"10","3","michael-schumacher","mercedes","mercedes","bridgestone",,,"1:32.058",92058,"1:31.022",91022,"1:31.430",91430,"+1.815",1815,"+0.156",156,20
830,2010,10,11,11,"11","14","adrian-sutil","force-india","mercedes","bridgestone",,,"1:31.109",91109,"1:31.399",91399,,,,,,,15
830,2010,10,12,12,"12","23","kamui-kobayashi","sauber","ferrari","bridgestone",,,"1:31.851",91851,"1:31.421",91421,,,,,,,14
830,2010,10,13,13,"13","10","nico-hulkenberg","williams","cosworth","bridgestone",,,"1:32.144",92144,"1:31.635",91635,,,,,,,17
830,2010,10,14,14,"14","1","jenson-button","mclaren","mercedes","bridgestone",,,"1:31.435",91435,"1:31.699",91699,,,,,,,17
830,2010,10,15,15,"15","15","vitantonio-liuzzi","force-india","mercedes","bridgestone",,,"1:32.226",92226,"1:31.708",91708,,,,,,,14
830,2010,10,16,16,"16","12","vitaly-petrov","renault","renault","bridgestone",,,"1:31.638",91638,"1:31.796",91796,,,,,,,14
830,2010,10,17,17,"17","16","sebastien-buemi","toro-rosso","ferrari","bridgestone",,,"1:31.901",91901,"1:32.012",92012,,,,,,,14
830,2010,10,18,18,"18","17","jaime-alguersuari","toro-rosso","ferrari","bridgestone",,,"1:32.430",92430,,,,,,,,,7
830,2010,10,19,19,"19","19","heikki-kovalainen","lotus-racing","cosworth","bridgestone",,,"1:34.405",94405,,,,,,,,,9
830,2010,10,20,20,"20","24","timo-glock","virgin","cosworth","bridgestone",,,"1:34.775",94775,,,,,,,,,10
830,2010,10,21,21,"21","18","jarno-trulli","lotus-racing","cosworth","bridgestone",,,"1:34.864",94864,,,,,,,,,10
830,2010,10,22,22,"22","25","lucas-di-grassi","virgin","cosworth","bridgestone",,,"1:35.212",95212,,,,,,,,,10
830,2010,10,23,23,"23","20","karun-chandhok","hrt","cosworth","bridgestone",,,"1:36.576",96576,,,,,,,,,7
830,2010,10,24,24,"24","21","sakon-yamamoto","hrt","cosworth","bridgestone",,,"1:36.968",96968,,,,,,,,,9
831,2010,11,1,1,"1","5","sebastian-vettel","red-bull","renault","bridgestone",,,"1:15.152",75152,"1:14.249",74249,"1:13.791",73791,,,,,22
831,2010,11,2,2,"2","8","fernando-alonso","ferrari","ferrari","bridgestone",,,"1:14.808",74808,"1:14.081",74081,"1:13.793",73793,"+0.002",2,"+0.002",2,22
831,2010,11,3,3,"3","7","felipe-massa","ferrari","ferrari","bridgestone",,,"1:15.216",75216,"1:14.478",74478,"1:14.290",74290,"+0.499",499,"+0.497",497,24
831,2010,11,4,4,"4","6","mark-webber","red-bull","renault","bridgestone",,,"1:15.334",75334,"1:14.340",74340,"1:14.347",74347,"+0.556",556,"+0.057",57,25
831,2010,11,5,5,"5","1","jenson-button","mclaren","mercedes","bridgestone",,,"1:15.823",75823,"1:14.716",74716,"1:14.427",74427,"+0.636",636,"+0.080",80,23
831,2010,11,6,6,"6","2","lewis-hamilton","mclaren","mercedes","bridgestone",,,"1:15.505",75505,"1:14.488",74488,"1:14.566",74566,"+0.775",775,"+0.139",139,20
831,2010,11,7,7,"7","11","robert-kubica","renault","renault","bridgestone",,,"1:15.736",75736,"1:14.835",74835,"1:15.079",75079,"+1.288",1288,"+0.513",513,23
831,2010,11,8,8,"8","9","rubens-barrichello","williams","cosworth","bridgestone",,,"1:16.398",76398,"1:14.698",74698,"1:15.109",75109,"+1.318",1318,"+0.030",30,25
831,2010,11,9,9,"9","4","nico-rosberg","mercedes","mercedes","bridgestone",,,"1:16.178",76178,"1:15.018",75018,"1:15.179",75179,"+1.388",1388,"+0.070",70,25
831,2010,11,10,10,"10","10","nico-hulkenberg","williams","cosworth","bridgestone",,,"1:16.387",76387,"1:14.943",74943,"1:15.339",75339,"+1.548",1548,"+0.160",160,22
831,2010,11,11,11,"11","3","michael-schumacher","mercedes","mercedes","bridgestone",,,"1:16.084",76084,"1:15.026",75026,,,,,,,18
831,2010,11,12,12,"12","23","kamui-kobayashi","sauber","ferrari","bridgestone",,,"1:15.951",75951,"1:15.084",75084,,,,,,,12
831,2010,11,13,13,"13","12","vitaly-petrov","renault","renault","bridgestone",,,"1:16.521",76521,"1:15.307",75307,,,,,,,17
831,2010,11,14,14,"14","14","adrian-sutil","force-india","mercedes","bridgestone",,,"1:16.220",76220,"1:15.467",75467,,,,,,,16
831,2010,11,15,15,"15","22","pedro-de-la-rosa","sauber","ferrari","bridgestone",,,"1:16.450",76450,"1:15.550",75550,,,,,,,11
831,2010,11,16,16,"16","17","jaime-alguersuari","toro-rosso","ferrari","bridgestone",,,"1:16.664",76664,"1:15.588",75588,,,,,,,14
831,2010,11,17,17,"17","16","sebastien-buemi","toro-rosso","ferrari","bridgestone",,,"1:16.029",76029,"1:15.974",75974,,,,,,,15
831,2010,11,18,18,"18","18","jarno-trulli","lotus-racing","cosworth","bridgestone",,,"1:17.583",77583,,,,,,,,,12
831,2010,11,19,19,"19","19","heikki-kovalainen","lotus-racing","cosworth","bridgestone",,,"1:18.300",78300,,,,,,,,,11
831,2010,11,20,20,"20","24","timo-glock","virgin","cosworth","bridgestone",,,"1:18.343",78343,,,,,,,,,6
831,2010,11,21,21,"21","21","bruno-senna","hrt","cosworth","bridgestone",,,"1:18.592",78592,,,,,,,,,10
831,2010,11,22,22,"22","15","vitantonio-liuzzi","force-india","mercedes","bridgestone",,,"1:18.952",78952,,,,,,,,,3
831,2010,11,23,23,"23","20","sakon-yamamoto","hrt","cosworth","bridgestone",,,"1:19.844",79844,,,,,,,,,11
831,2010,11,24,24,"24","25","lucas-di-grassi","virgin","cosworth","bridgestone",,,,,,,,,,,,,1
832,2010,12,1,1,"1","5","sebastian-vettel","red-bull","renault","bridgestone",,,"1:20.417",80417,"1:19.573",79573,"1:18.773",78773,,,,,21
832,2010,12,2,2,"2","6","mark-webber","red-bull","renault","bridgestone",,,"1:21.132",81132,"1:19.531",79531,"1:19.184",79184,"+0.411",411,"+0.411",411,20
832,2010,12,3,3,"3","8","fernando-alonso","ferrari","ferrari","bridgestone",,,"1:21.278",81278,"1:20.237",80237,"1:19.987",79987,"+1.214",1214,"+0.803",803,23
832,2010,12,4,4,"4","7","felipe-massa","ferrari","ferrari","bridgestone",,,"1:21.299",81299,"1:20.857",80857,"1:20.331",80331,"+1.558",1558,"+0.344",344,25
832,2010,12,5,5,"5","2","lewis-hamilton","mclaren","mercedes","bridgestone",,,"1:21.455",81455,"1:20.877",80877,"1:20.499",80499,"+1.726",1726,"+0.168",168,25
832,2010,12,6,6,"6","4","nico-rosberg","mercedes","mercedes","bridgestone",,,"1:21.212",81212,"1:20.811",80811,"1:21.082",81082,"+2.309",2309,"+0.583",583,21
832,2010,12,7,7,"7","12","vitaly-petrov","renault","renault","bridgestone",,,"1:21.558",81558,"1:20.797",80797,"1:21.229",81229,"+2.456",2456,"+0.147",147,25
832,2010,12,8,8,"8","11","robert-kubica","renault","renault","bridgestone",,,"1:21.159",81159,"1:20.867",80867,"1:21.328",81328,"+2.555",2555,"+0.099",99,22
832,2010,12,9,9,"9","22","pedro-de-la-rosa","sauber","ferrari","bridgestone",,,"1:21.891",81891,"1:21.273",81273,"1:21.411",81411,"+2.638",2638,"+0.083",83,23
832,2010,12,10,10,"10","10","nico-hulkenberg","williams","cosworth","bridgestone",,,"1:21.598",81598,"1:21.275",81275,"1:21.710",81710,"+2.937",2937,"+0.299",299,26
832,2010,12,11,11,"11","1","jenson-button","mclaren","mercedes","bridgestone",,,"1:21.422",81422,"1:21.292",81292,,,,,,,19
832,2010,12,12,12,"12","9","rubens-barrichello","williams","cosworth","bridgestone",,,"1:21.478",81478,"1:21.331",81331,,,,,,,14
832,2010,12,13,13,"13","14","adrian-sutil","force-india","mercedes","bridgestone",,,"1:22.080",82080,"1:21.517",81517,,,,,,,18
832,2010,12,14,14,"14","3","michael-schumacher","mercedes","mercedes","bridgestone",,,"1:21.840",81840,"1:21.630",81630,,,,,,,15
832,2010,12,15,15,"15","16","sebastien-buemi","toro-rosso","ferrari","bridgestone",,,"1:21.982",81982,"1:21.897",81897,,,,,,,17
832,2010,12,16,16,"16","15","vitantonio-liuzzi","force-india","mercedes","bridgestone",,,"1:21.789",81789,"1:21.927",81927,,,,,,,17
832,2010,12,17,17,"17","17","jaime-alguersuari","toro-rosso","ferrari","bridgestone",,,"1:21.978",81978,"1:21.998",81998,,,,,,,16
832,2010,12,18,18,"18","23","kamui-kobayashi","sauber","ferrari","bridgestone",,,"1:22.222",82222,,,,,,,,,10
832,2010,12,19,19,"19","24","timo-glock","virgin","cosworth","bridgestone",,,"1:24.050",84050,,,,,,,,,10
832,2010,12,20,20,"20","19","heikki-kovalainen","lotus-racing","cosworth","bridgestone",,,"1:24.120",84120,,,,,,,,,9
832,2010,12,21,21,"21","18","jarno-trulli","lotus-racing","cosworth","bridgestone",,,"1:24.199",84199,,,,,,,,,9
832,2010,12,22,22,"22","25","lucas-di-grassi","virgin","cosworth","bridgestone",,,"1:25.118",85118,,,,,,,,,10
832,2010,12,23,23,"23","21","bruno-senna","hrt","cosworth","bridgestone",,,"1:26.391",86391,,,,,,,,,9
832,2010,12,24,24,"24","20","sakon-yamamoto","hrt","cosworth","bridgestone",,,"1:26.453",86453,,,,,,,,,9
833,2010,13,1,1,"1","6","mark-webber","red-bull","renault","bridgestone",,,"1:57.352",117352,"1:47.253",107253,"1:45.778",105778,,,,,21
833,2010,13,2,2,"2","2","lewis-hamilton","mclaren","mercedes","bridgestone",,,"1:56.706",116706,"1:46.211",106211,"1:45.863",105863,"+0.085",85,"+0.085",85,18
833,2010,13,3,3,"3","11","robert-kubica","renault","renault","bridgestone",,,"1:56.041",116041,"1:47.320",107320,"1:46.100",106100,"+0.322",322,"+0.237",237,19
833,2010,13,4,4,"4","5","sebastian-vettel","red-bull","renault","bridgestone",,,"1:58.487",118487,"1:47.245",107245,"1:46.127",106127,"+0.349",349,"+0.027",27,23
833,2010,13,5,5,"5","1","jenson-button","mclaren","mercedes","bridgestone",,,"1:57.981",117981,"1:46.790",106790,"1:46.206",106206,"+0.428",428,"+0.079",79,18
833,2010,13,6,6,"6","7","felipe-massa","ferrari","ferrari","bridgestone",,,"1:58.323",118323,"1:47.322",107322,"1:46.314",106314,"+0.536",536,"+0.108",108,20
833,2010,13,7,7,"7","9","rubens-barrichello","williams","cosworth","bridgestone",,,"1:55.757",115757,"1:47.797",107797,"1:46.602",106602,"+0.824",824,"+0.288",288,19
833,2010,13,8,8,"8","14","adrian-sutil","force-india","mercedes","bridgestone",,,"1:58.730",118730,"1:47.292",107292,"1:46.659",106659,"+0.881",881,"+0.057",57,18
833,2010,13,9,9,"9","10","nico-hulkenberg","williams","cosworth","bridgestone",,,"1:55.442",115442,"1:47.821",107821,"1:47.053",107053,"+1.275",1275,"+0.394",394,20
833,2010,13,10,10,"10","8","fernando-alonso","ferrari","ferrari","bridgestone",,,"1:57.023",117023,"1:47.544",107544,"1:47.441",107441,"+1.663",1663,"+0.388",388,21
833,2010,13,11,11,"11","3","michael-schumacher","mercedes","mercedes","bridgestone",,,"1:56.313",116313,"1:47.874",107874,,,,,,,16
833,2010,13,12,12,"12","4","nico-rosberg","mercedes","mercedes","bridgestone",,,"1:54.826",114826,"1:47.885",107885,,,,,,,16
833,2010,13,13,13,"13","17","jaime-alguersuari","toro-rosso","ferrari","bridgestone",,,"1:58.944",118944,"1:48.267",108267,,,,,,,17
833,2010,13,14,14,"14","15","vitantonio-liuzzi","force-india","mercedes","bridgestone",,,"2:01.102",121102,"1:48.680",108680,,,,,,,14
833,2010,13,15,15,"15","16","sebastien-buemi","toro-rosso","ferrari","bridgestone",,,"2:00.386",120386,"1:49.209",109209,,,,,,,16
833,2010,13,16,16,"16","19","heikki-kovalainen","lotus-racing","cosworth","bridgestone",,,"2:01.343",121343,"1:50.980",110980,,,,,,,12
833,2010,13,17,17,"17","24","timo-glock","virgin","cosworth","bridgestone",,,"2:01.316",121316,"1:52.049",112049,,,,,,,16
833,2010,13,18,18,"18","18","jarno-trulli","lotus-racing","cosworth","bridgestone",,,"2:01.491",121491,,,,,,,,,9
833,2010,13,19,19,"19","23","kamui-kobayashi","sauber","ferrari","bridgestone",,,"2:02.284",122284,,,,,,,,,6
833,2010,13,20,20,"20","21","bruno-senna","hrt","cosworth","bridgestone",,,"2:03.612",123612,,,,,,,,,7
833,2010,13,21,21,"21","20","sakon-yamamoto","hrt","cosworth","bridgestone",,,"2:03.941",123941,,,,,,,,,8
833,2010,13,22,22,"22","22","pedro-de-la-rosa","sauber","ferrari","bridgestone",,,"2:05.294",125294,,,,,,,,,6
833,2010,13,23,23,"23","25","lucas-di-grassi","virgin","cosworth","bridgestone",,,"2:18.754",138754,,,,,,,,,5
833,2010,13,24,24,"24","12","vitaly-petrov","renault","renault","bridgestone",,,,,,,,,,,,,1
834,2010,14,1,1,"1","8","fernando-alonso","ferrari","ferrari","bridgestone",,,"1:22.646",82646,"1:22.297",82297,"1:21.962",81962,,,,,23
834,2010,14,2,2,"2","1","jenson-button","mclaren","mercedes","bridgestone",,,"1:23.085",83085,"1:22.354",82354,"1:22.084",82084,"+0.122",122,"+0.122",122,21
834,2010,14,3,3,"3","7","felipe-massa","ferrari","ferrari","bridgestone",,,"1:22.421",82421,"1:22.610",82610,"1:22.293",82293,"+0.331",331,"+0.209",209,25
834,2010,14,4,4,"4","6","mark-webber","red-bull","renault","bridgestone",,,"1:23.431",83431,"1:22.706",82706,"1:22.433",82433,"+0.471",471,"+0.140",140,26
834,2010,14,5,5,"5","2","lewis-hamilton","mclaren","mercedes","bridgestone",,,"1:22.830",82830,"1:22.394",82394,"1:22.623",82623,"+0.661",661,"+0.190",190,17
834,2010,14,6,6,"6","5","sebastian-vettel","red-bull","renault","bridgestone",,,"1:23.235",83235,"1:22.701",82701,"1:22.675",82675,"+0.713",713,"+0.052",52,23
834,2010,14,7,7,"7","4","nico-rosberg","mercedes","mercedes","bridgestone",,,"1:23.529",83529,"1:23.055",83055,"1:23.027",83027,"+1.065",1065,"+0.352",352,23
834,2010,14,8,8,"8","10","nico-hulkenberg","williams","cosworth","bridgestone",,,"1:23.516",83516,"1:22.989",82989,"1:23.037",83037,"+1.075",1075,"+0.010",10,23
834,2010,14,9,9,"9","11","robert-kubica","renault","renault","bridgestone",,,"1:23.234",83234,"1:22.880",82880,"1:23.039",83039,"+1.077",1077,"+0.002",2,18
834,2010,14,10,10,"10","9","rubens-barrichello","williams","cosworth","bridgestone",,,"1:23.695",83695,"1:23.142",83142,"1:23.328",83328,"+1.366",1366,"+0.289",289,26
834,2010,14,11,11,"11","14","adrian-sutil","force-india","mercedes","bridgestone",,,"1:23.493",83493,"1:23.199",83199,,,,,,,16
834,2010,14,12,12,"12","3","michael-schumacher","mercedes","mercedes","bridgestone",,,"1:23.840",83840,"1:23.388",83388,,,,,,,19
834,2010,14,13,13,"13","23","kamui-kobayashi","sauber","ferrari","bridgestone",,,"1:24.273",84273,"1:23.659",83659,,,,,,,17
834,2010,14,14,14,"14","16","sebastien-buemi","toro-rosso","ferrari","bridgestone",,,"1:23.744",83744,"1:23.681",83681,,,,,,,19
834,2010,14,15,15,"15","12","vitaly-petrov","renault","renault","bridgestone",,,"1:24.086",84086,"1:23.819",83819,,,,,,,17
834,2010,14,16,16,"16","17","jaime-alguersuari","toro-rosso","ferrari","bridgestone",,,"1:24.083",84083,"1:23.919",83919,,,,,,,19
834,2010,14,17,17,"17","22","pedro-de-la-rosa","sauber","ferrari","bridgestone",,,"1:24.442",84442,"1:24.044",84044,,,,,,,16
834,2010,14,18,18,"18","18","jarno-trulli","lotus-racing","cosworth","bridgestone",,,"1:25.540",85540,,,,,,,,,10
834,2010,14,19,19,"19","19","heikki-kovalainen","lotus-racing","cosworth","bridgestone",,,"1:25.742",85742,,,,,,,,,11
834,2010,14,20,20,"20","15","vitantonio-liuzzi","force-india","mercedes","bridgestone",,,"1:25.774",85774,,,,,,,,,3
834,2010,14,21,21,"21","24","timo-glock","virgin","cosworth","bridgestone",,,"1:25.934",85934,,,,,,,,,11
834,2010,14,22,22,"22","25","lucas-di-grassi","virgin","cosworth","bridgestone",,,"1:25.974",85974,,,,,,,,,10
834,2010,14,23,23,"23","21","bruno-senna","hrt","cosworth","bridgestone",,,"1:26.847",86847,,,,,,,,,11
834,2010,14,24,24,"24","20","sakon-yamamoto","hrt","cosworth","bridgestone",,,"1:27.020",87020,,,,,,,,,10
835,2010,15,1,1,"1","8","fernando-alonso","ferrari","ferrari","bridgestone",,,"1:46.541",106541,"1:45.809",105809,"1:45.390",105390,,,,,21
835,2010,15,2,2,"2","5","sebastian-vettel","red-bull","renault","bridgestone",,,"1:46.960",106960,"1:45.561",105561,"1:45.457",105457,"+0.067",67,"+0.067",67,17
835,2010,15,3,3,"3","2","lewis-hamilton","mclaren","mercedes","bridgestone",,,"1:48.296",108296,"1:46.042",106042,"1:45.571",105571,"+0.181",181,"+0.114",114,18
835,2010,15,4,4,"4","1","jenson-button","mclaren","mercedes","bridgestone",,,"1:48.032",108032,"1:46.490",106490,"1:45.944",105944,"+0.554",554,"+0.373",373,18
835,2010,15,5,5,"5","6","mark-webber","red-bull","renault","bridgestone",,,"1:47.088",107088,"1:45.908",105908,"1:45.977",105977,"+0.587",587,"+0.033",33,19
835,2010,15,6,6,"6","9","rubens-barrichello","williams","cosworth","bridgestone",,,"1:48.183",108183,"1:47.019",107019,"1:46.236",106236,"+0.846",846,"+0.259",259,22
835,2010,15,7,7,"7","4","nico-rosberg","mercedes","mercedes","bridgestone",,,"1:48.554",108554,"1:46.783",106783,"1:46.443",106443,"+1.053",1053,"+0.207",207,18
835,2010,15,8,8,"8","11","robert-kubica","renault","renault","bridgestone",,,"1:47.657",107657,"1:46.949",106949,"1:46.593",106593,"+1.203",1203,"+0.150",150,15
835,2010,15,9,9,"9","3","michael-schumacher","mercedes","mercedes","bridgestone",,,"1:48.425",108425,"1:47.160",107160,"1:46.702",106702,"+1.312",1312,"+0.109",109,17
835,2010,15,10,10,"10","23","kamui-kobayashi","sauber","ferrari","bridgestone",,,"1:48.908",108908,"1:47.599",107599,"1:47.884",107884,"+2.494",2494,"+1.182",1182,18
835,2010,15,11,11,"11","17","jaime-alguersuari","toro-rosso","ferrari","bridgestone",,,"1:48.127",108127,"1:47.666",107666,,,,,,,16
835,2010,15,12,12,"12","10","nico-hulkenberg","williams","cosworth","bridgestone",,,"1:47.984",107984,"1:47.674",107674,,,,,,,13
835,2010,15,13,13,"13","12","vitaly-petrov","renault","renault","bridgestone",,,"1:48.906",108906,"1:48.165",108165,,,,,,,13
835,2010,15,14,14,"14","16","sebastien-buemi","toro-rosso","ferrari","bridgestone",,,"1:49.063",109063,"1:48.502",108502,,,,,,,16
835,2010,15,15,15,"15","22","nick-heidfeld","sauber","ferrari","bridgestone",,,"1:48.696",108696,"1:48.557",108557,,,,,,,16
835,2010,15,16,16,"16","14","adrian-sutil","force-india","mercedes","bridgestone",,,"1:48.496",108496,"1:48.899",108899,,,,,,,14
835,2010,15,17,17,"17","15","vitantonio-liuzzi","force-india","mercedes","bridgestone",,,"1:48.988",108988,"1:48.961",108961,,,,,,,11
835,2010,15,18,18,"18","24","timo-glock","virgin","cosworth","bridgestone",,,"1:50.721",110721,,,,,,,,,9
835,2010,15,19,19,"19","19","heikki-kovalainen","lotus-racing","cosworth","bridgestone",,,"1:50.915",110915,,,,,,,,,9
835,2010,15,20,20,"20","25","lucas-di-grassi","virgin","cosworth","bridgestone",,,"1:51.107",111107,,,,,,,,,9
835,2010,15,21,21,"21","18","jarno-trulli","lotus-racing","cosworth","bridgestone",,,"1:51.641",111641,,,,,,,,,10
835,2010,15,22,22,"22","20","christian-klien","hrt","cosworth","bridgestone",,,"1:52.946",112946,,,,,,,,,7
835,2010,15,23,23,"23","21","bruno-senna","hrt","cosworth","bridgestone",,,"1:54.174",114174,,,,,,,,,9
835,2010,15,24,24,"24","7","felipe-massa","ferrari","ferrari","bridgestone",,,,,,,,,,,,,2
836,2010,16,1,1,"1","5","sebastian-vettel","red-bull","renault","bridgestone",,,"1:32.035",92035,"1:31.184",91184,"1:30.785",90785,,,,,20
836,2010,16,2,2,"2","6","mark-webber","red-bull","renault","bridgestone",,,"1:32.476",92476,"1:31.241",91241,"1:30.853",90853,"+0.068",68,"+0.068",68,21
836,2010,16,3,3,"3","2","lewis-hamilton","mclaren","mercedes","bridgestone",,,"1:32.809",92809,"1:31.523",91523,"1:31.169",91169,"+0.384",384,"+0.316",316,22
836,2010,16,4,4,"4","11","robert-kubica","renault","renault","bridgestone",,,"1:32.808",92808,"1:32.042",92042,"1:31.231",91231,"+0.446",446,"+0.062",62,21
836,2010,16,5,5,"5","8","fernando-alonso","ferrari","ferrari","bridgestone",,,"1:32.555",92555,"1:31.819",91819,"1:31.352",91352,"+0.567",567,"+0.121",121,26
836,2010,16,6,6,"6","1","jenson-button","mclaren","mercedes","bridgestone",,,"1:32.636",92636,"1:31.763",91763,"1:31.378",91378,"+0.593",593,"+0.026",26,21
836,2010,16,7,7,"7","4","nico-rosberg","mercedes","mercedes","bridgestone",,,"1:32.238",92238,"1:31.886",91886,"1:31.494",91494,"+0.709",709,"+0.116",116,22
836,2010,16,8,8,"8","9","rubens-barrichello","williams","cosworth","bridgestone",,,"1:32.361",92361,"1:31.874",91874,"1:31.535",91535,"+0.750",750,"+0.041",41,22
836,2010,16,9,9,"9","10","nico-hulkenberg","williams","cosworth","bridgestone",,,"1:32.211",92211,"1:31.926",91926,"1:31.559",91559,"+0.774",774,"+0.024",24,20
836,2010,16,10,10,"10","3","michael-schumacher","mercedes","mercedes","bridgestone",,,"1:32.513",92513,"1:32.073",92073,"1:31.846",91846,"+1.061",1061,"+0.287",287,21
836,2010,16,11,11,"11","22","nick-heidfeld","sauber","ferrari","bridgestone",,,"1:33.011",93011,"1:32.187",92187,,,,,,,17
836,2010,16,12,12,"12","7","felipe-massa","ferrari","ferrari","bridgestone",,,"1:32.721",92721,"1:32.321",92321,,,,,,,20
836,2010,16,13,13,"13","12","vitaly-petrov","renault","renault","bridgestone",,,"1:32.849",92849,"1:32.422",92422,,,,,,,18
836,2010,16,14,14,"14","23","kamui-kobayashi","sauber","ferrari","bridgestone",,,"1:32.783",92783,"1:32.427",92427,,,,,,,15
836,2010,16,15,15,"15","14","adrian-sutil","force-india","mercedes","bridgestone",,,"1:33.186",93186,"1:32.659",92659,,,,,,,17
836,2010,16,16,16,"16","17","jaime-alguersuari","toro-rosso","ferrari","bridgestone",,,"1:33.471",93471,"1:33.071",93071,,,,,,,17
836,2010,16,17,17,"17","15","vitantonio-liuzzi","force-india","mercedes","bridgestone",,,"1:33.216",93216,"1:33.154",93154,,,,,,,16
836,2010,16,18,18,"18","16","sebastien-buemi","toro-rosso","ferrari","bridgestone",,,"1:33.568",93568,,,,,,,,,11
836,2010,16,19,19,"19","18","jarno-trulli","lotus-racing","cosworth","bridgestone",,,"1:35.346",95346,,,,,,,,,10
836,2010,16,20,20,"20","19","heikki-kovalainen","lotus-racing","cosworth","bridgestone",,,"1:35.464",95464,,,,,,,,,11
836,2010,16,21,21,"21","25","lucas-di-grassi","virgin","cosworth","bridgestone",,,"1:36.265",96265,,,,,,,,,9
836,2010,16,22,22,"22","24","timo-glock","virgin","cosworth","bridgestone",,,"1:36.332",96332,,,,,,,,,8
836,2010,16,23,23,"23","21","bruno-senna","hrt","cosworth","bridgestone",,,"1:37.270",97270,,,,,,,,,10
836,2010,16,24,24,"24","20","sakon-yamamoto","hrt","cosworth","bridgestone",,,"1:37.365",97365,,,,,,,,,8
837,2010,17,1,1,"1","5","sebastian-vettel","red-bull","renault","bridgestone",,,"1:37.123",97123,"1:36.074",96074,"1:35.585",95585,,,,,19
837,2010,17,2,2,"2","6","mark-webber","red-bull","renault","bridgestone",,,"1:37.373",97373,"1:36.039",96039,"1:35.659",95659,"+0.074",74,"+0.074",74,21
837,2010,17,3,3,"3","8","fernando-alonso","ferrari","ferrari","bridgestone",,,"1:37.144",97144,"1:36.287",96287,"1:35.766",95766,"+0.181",181,"+0.107",107,23
837,2010,17,4,4,"4","2","lewis-hamilton","mclaren","mercedes","bridgestone",,,"1:37.113",97113,"1:36.197",96197,"1:36.062",96062,"+0.477",477,"+0.296",296,20
837,2010,17,5,5,"5","4","nico-rosberg","mercedes","mercedes","bridgestone",,,"1:37.708",97708,"1:36.791",96791,"1:36.535",96535,"+0.950",950,"+0.473",473,18
837,2010,17,6,6,"6","7","felipe-massa","ferrari","ferrari","bridgestone",,,"1:37.515",97515,"1:36.169",96169,"1:36.571",96571,"+0.986",986,"+0.036",36,18
837,2010,17,7,7,"7","1","jenson-button","mclaren","mercedes","bridgestone",,,"1:38.123",98123,"1:37.064",97064,"1:36.731",96731,"+1.146",1146,"+0.160",160,21
837,2010,17,8,8,"8","11","robert-kubica","renault","renault","bridgestone",,,"1:37.703",97703,"1:37.179",97179,"1:36.824",96824,"+1.239",1239,"+0.093",93,21
837,2010,17,9,9,"9","3","michael-schumacher","mercedes","mercedes","bridgestone",,,"1:37.980",97980,"1:37.077",97077,"1:36.950",96950,"+1.365",1365,"+0.126",126,22
837,2010,17,10,10,"10","9","rubens-barrichello","williams","cosworth","bridgestone",,,"1:38.257",98257,"1:37.511",97511,"1:36.998",96998,"+1.413",1413,"+0.048",48,25
837,2010,17,11,11,"11","10","nico-hulkenberg","williams","cosworth","bridgestone",,,"1:38.115",98115,"1:37.620",97620,,,,,,,18
837,2010,17,12,12,"12","23","kamui-kobayashi","sauber","ferrari","bridgestone",,,"1:38.429",98429,"1:37.643",97643,,,,,,,15
837,2010,17,13,13,"13","22","nick-heidfeld","sauber","ferrari","bridgestone",,,"1:38.171",98171,"1:37.715",97715,,,,,,,16
837,2010,17,14,14,"14","14","adrian-sutil","force-india","mercedes","bridgestone",,,"1:38.572",98572,"1:37.783",97783,,,,,,,18
837,2010,17,15,15,"15","12","vitaly-petrov","renault","renault","bridgestone",,,"1:38.174",98174,"1:37.799",97799,,,,,,,18
837,2010,17,16,16,"16","17","jaime-alguersuari","toro-rosso","ferrari","bridgestone",,,"1:38.583",98583,"1:37.853",97853,,,,,,,18
837,2010,17,17,17,"17","16","sebastien-buemi","toro-rosso","ferrari","bridgestone",,,"1:38.621",98621,"1:38.594",98594,,,,,,,16
837,2010,17,18,18,"18","15","vitantonio-liuzzi","force-india","mercedes","bridgestone",,,"1:38.955",98955,,,,,,,,,10
837,2010,17,19,19,"19","18","jarno-trulli","lotus-racing","cosworth","bridgestone",,,"1:40.521",100521,,,,,,,,,10
837,2010,17,20,20,"20","24","timo-glock","virgin","cosworth","bridgestone",,,"1:40.748",100748,,,,,,,,,8
837,2010,17,21,21,"21","19","heikki-kovalainen","lotus-racing","cosworth","bridgestone",,,"1:41.768",101768,,,,,,,,,9
837,2010,17,22,22,"22","25","lucas-di-grassi","virgin","cosworth","bridgestone",,,"1:42.325",102325,,,,,,,,,10
837,2010,17,23,23,"23","20","sakon-yamamoto","hrt","cosworth","bridgestone",,,"1:42.444",102444,,,,,,,,,10
837,2010,17,24,24,"24","21","bruno-senna","hrt","cosworth","bridgestone",,,"1:43.283",103283,,,,,,,,,7
838,2010,18,1,1,"1","10","nico-hulkenberg","williams","cosworth","bridgestone",,,"1:20.050",80050,"1:19.144",79144,"1:14.470",74470,,,,,35
838,2010,18,2,2,"2","5","sebastian-vettel","red-bull","renault","bridgestone",,,"1:19.160",79160,"1:18.691",78691,"1:15.519",75519,"+1.049",1049,"+1.049",1049,27
838,2010,18,3,3,"3","6","mark-webber","red-bull","renault","bridgestone",,,"1:19.025",79025,"1:18.516",78516,"1:15.637",75637,"+1.167",1167,"+0.118",118,28
838,2010,18,4,4,"4","2","lewis-hamilton","mclaren","mercedes","bridgestone",,,"1:19.931",79931,"1:18.921",78921,"1:15.747",75747,"+1.277",1277,"+0.110",110,32
838,2010,18,5,5,"5","8","fernando-alonso","ferrari","ferrari","bridgestone",,,"1:18.987",78987,"1:19.010",79010,"1:15.989",75989,"+1.519",1519,"+0.242",242,34
838,2010,18,6,6,"6","9","rubens-barrichello","williams","cosworth","bridgestone",,,"1:19.799",79799,"1:18.925",78925,"1:16.203",76203,"+1.733",1733,"+0.214",214,32
838,2010,18,7,7,"7","11","robert-kubica","renault","renault","bridgestone",,,"1:19.249",79249,"1:18.877",78877,"1:16.552",76552,"+2.082",2082,"+0.349",349,31
838,2010,18,8,8,"8","3","michael-schumacher","mercedes","mercedes","bridgestone",,,"1:19.879",79879,"1:18.923",78923,"1:16.925",76925,"+2.455",2455,"+0.373",373,30
838,2010,18,9,9,"9","7","felipe-massa","ferrari","ferrari","bridgestone",,,"1:19.778",79778,"1:19.200",79200,"1:17.101",77101,"+2.631",2631,"+0.176",176,31
838,2010,18,10,10,"10","12","vitaly-petrov","renault","renault","bridgestone",,,"1:20.189",80189,"1:19.153",79153,"1:17.656",77656,"+3.186",3186,"+0.555",555,33
838,2010,18,11,11,"11","1","jenson-button","mclaren","mercedes","bridgestone",,,"1:19.905",79905,"1:19.288",79288,,,,,,,25
838,2010,18,12,12,"12","23","kamui-kobayashi","sauber","ferrari","bridgestone",,,"1:19.741",79741,"1:19.385",79385,,,,,,,26
838,2010,18,13,13,"13","4","nico-rosberg","mercedes","mercedes","bridgestone",,,"1:20.153",80153,"1:19.486",79486,,,,,,,23
838,2010,18,14,14,"14","17","jaime-alguersuari","toro-rosso","ferrari","bridgestone",,,"1:20.158",80158,"1:19.581",79581,,,,,,,24
838,2010,18,15,15,"15","16","sebastien-buemi","toro-rosso","ferrari","bridgestone",,,"1:20.096",80096,"1:19.847",79847,,,,,,,24
838,2010,18,16,16,"16","22","nick-heidfeld","sauber","ferrari","bridgestone",,,"1:20.174",80174,"1:19.899",79899,,,,,,,26
838,2010,18,17,17,"17","15","vitantonio-liuzzi","force-india","mercedes","bridgestone",,,"1:20.592",80592,"1:20.357",80357,,,,,,,23
838,2010,18,18,18,"18","14","adrian-sutil","force-india","mercedes","bridgestone",,,"1:20.830",80830,,,,,,,,,13
838,2010,18,19,19,"19","24","timo-glock","virgin","cosworth","bridgestone",,,"1:22.130",82130,,,,,,,,,13
838,2010,18,20,20,"20","18","jarno-trulli","lotus-racing","cosworth","bridgestone",,,"1:22.250",82250,,,,,,,,,14
838,2010,18,21,21,"21","19","heikki-kovalainen","lotus-racing","cosworth","bridgestone",,,"1:22.378",82378,,,,,,,,,14
838,2010,18,22,22,"22","25","lucas-di-grassi","virgin","cosworth","bridgestone",,,"1:22.810",82810,,,,,,,,,13
838,2010,18,23,23,"23","20","christian-klien","hrt","cosworth","bridgestone",,,"1:23.083",83083,,,,,,,,,15
838,2010,18,24,24,"24","21","bruno-senna","hrt","cosworth","bridgestone",,,"1:23.796",83796,,,,,,,,,15
839,2010,19,1,1,"1","5","sebastian-vettel","red-bull","renault","bridgestone",,,"1:40.318",100318,"1:39.874",99874,"1:39.394",99394,,,,,17
839,2010,19,2,2,"2","2","lewis-hamilton","mclaren","mercedes","bridgestone",,,"1:40.335",100335,"1:40.119",100119,"1:39.425",99425,"+0.031",31,"+0.031",31,19
839,2010,19,3,3,"3","8","fernando-alonso","ferrari","ferrari","bridgestone",,,"1:40.170",100170,"1:40.311",100311,"1:39.792",99792,"+0.398",398,"+0.367",367,21
839,2010,19,4,4,"4","1","jenson-button","mclaren","mercedes","bridgestone",,,"1:40.877",100877,"1:40.014",100014,"1:39.823",99823,"+0.429",429,"+0.031",31,23
839,2010,19,5,5,"5","6","mark-webber","red-bull","renault","bridgestone",,,"1:40.690",100690,"1:40.074",100074,"1:39.925",99925,"+0.531",531,"+0.102",102,20
839,2010,19,6,6,"6","7","felipe-massa","ferrari","ferrari","bridgestone",,,"1:40.942",100942,"1:40.323",100323,"1:40.202",100202,"+0.808",808,"+0.277",277,19
839,2010,19,7,7,"7","9","rubens-barrichello","williams","cosworth","bridgestone",,,"1:40.904",100904,"1:40.476",100476,"1:40.203",100203,"+0.809",809,"+0.001",1,26
839,2010,19,8,8,"8","3","michael-schumacher","mercedes","mercedes","bridgestone",,,"1:41.222",101222,"1:40.452",100452,"1:40.516",100516,"+1.122",1122,"+0.313",313,20
839,2010,19,9,9,"9","4","nico-rosberg","mercedes","mercedes","bridgestone",,,"1:40.231",100231,"1:40.060",100060,"1:40.589",100589,"+1.195",1195,"+0.073",73,25
839,2010,19,10,10,"10","12","vitaly-petrov","renault","renault","bridgestone",,,"1:41.018",101018,"1:40.658",100658,"1:40.901",100901,"+1.507",1507,"+0.312",312,21
839,2010,19,11,11,"11","11","robert-kubica","renault","renault","bridgestone",,,"1:41.336",101336,"1:40.780",100780,,,,,,,13
839,2010,19,12,12,"12","23","kamui-kobayashi","sauber","ferrari","bridgestone",,,"1:41.045",101045,"1:40.783",100783,,,,,,,14
839,2010,19,13,13,"13","14","adrian-sutil","force-india","mercedes","bridgestone",,,"1:41.473",101473,"1:40.914",100914,,,,,,,18
839,2010,19,14,14,"14","22","nick-heidfeld","sauber","ferrari","bridgestone",,,"1:41.409",101409,"1:41.113",101113,,,,,,,17
839,2010,19,15,15,"15","10","nico-hulkenberg","williams","cosworth","bridgestone",,,"1:41.015",101015,"1:41.418",101418,,,,,,,18
839,2010,19,16,16,"16","15","vitantonio-liuzzi","force-india","mercedes","bridgestone",,,"1:41.681",101681,"1:41.642",101642,,,,,,,18
839,2010,19,17,17,"17","17","jaime-alguersuari","toro-rosso","ferrari","bridgestone",,,"1:41.707",101707,"1:41.738",101738,,,,,,,18
839,2010,19,18,18,"18","16","sebastien-buemi","toro-rosso","ferrari","bridgestone",,,"1:41.824",101824,,,,,,,,,11
839,2010,19,19,19,"19","18","jarno-trulli","lotus-racing","cosworth","bridgestone",,,"1:43.516",103516,,,,,,,,,11
839,2010,19,20,20,"20","19","heikki-kovalainen","lotus-racing","cosworth","bridgestone",,,"1:43.712",103712,,,,,,,,,11
839,2010,19,21,21,"21","24","timo-glock","virgin","cosworth","bridgestone",,,"1:44.095",104095,,,,,,,,,10
839,2010,19,22,22,"22","25","lucas-di-grassi","virgin","cosworth","bridgestone",,,"1:44.510",104510,,,,,,,,,9
839,2010,19,23,23,"23","21","bruno-senna","hrt","cosworth","bridgestone",,,"1:45.085",105085,,,,,,,,,10
839,2010,19,24,24,"24","20","christian-klien","hrt","cosworth","bridgestone",,,"1:45.296",105296,,,,,,,,,10
840,2011,1,1,1,"1","1","sebastian-vettel","red-bull","renault","pirelli",,,"1:25.296",85296,"1:24.090",84090,"1:23.529",83529,,,,,16
840,2011,1,2,2,"2","3","lewis-hamilton","mclaren","mercedes","pirelli",,,"1:25.384",85384,"1:24.595",84595,"1:24.307",84307,"+0.778",778,"+0.778",778,19
840,2011,1,3,3,"3","2","mark-webber","red-bull","renault","pirelli",,,"1:25.900",85900,"1:24.658",84658,"1:24.395",84395,"+0.866",866,"+0.088",88,15
840,2011,1,4,4,"4","4","jenson-button","mclaren","mercedes","pirelli",,,"1:25.886",85886,"1:24.957",84957,"1:24.779",84779,"+1.250",1250,"+0.384",384,18
840,2011,1,5,5,"5","5","fernando-alonso","ferrari","ferrari","pirelli",,,"1:25.707",85707,"1:25.242",85242,"1:24.974",84974,"+1.445",1445,"+0.195",195,19
840,2011,1,6,6,"6","10","vitaly-petrov","renault","renault","pirelli",,,"1:25.543",85543,"1:25.582",85582,"1:25.247",85247,"+1.718",1718,"+0.273",273,18
840,2011,1,7,7,"7","8","nico-rosberg","mercedes","mercedes","pirelli",,,"1:25.856",85856,"1:25.606",85606,"1:25.421",85421,"+1.892",1892,"+0.174",174,17
840,2011,1,8,8,"8","6","felipe-massa","ferrari","ferrari","pirelli",,,"1:26.031",86031,"1:25.611",85611,"1:25.599",85599,"+2.070",2070,"+0.178",178,18
840,2011,1,9,9,"9","16","kamui-kobayashi","sauber","ferrari","pirelli",,,"1:25.717",85717,"1:25.405",85405,"1:25.626",85626,"+2.097",2097,"+0.027",27,17
840,2011,1,10,10,"10","18","sebastien-buemi","toro-rosso","ferrari","pirelli",,,"1:26.232",86232,"1:25.882",85882,"1:27.066",87066,"+3.537",3537,"+1.440",1440,15
840,2011,1,11,11,"11","7","michael-schumacher","mercedes","mercedes","pirelli",,,"1:25.962",85962,"1:25.971",85971,,,,,,,13
840,2011,1,12,12,"12","19","jaime-alguersuari","toro-rosso","ferrari","pirelli",,,"1:26.620",86620,"1:26.103",86103,,,,,,,11
840,2011,1,13,13,"13","17","sergio-perez","sauber","ferrari","pirelli",,,"1:25.812",85812,"1:26.108",86108,,,,,,,9
840,2011,1,14,14,"14","15","paul-di-resta","force-india","mercedes","pirelli",,,"1:27.222",87222,"1:26.739",86739,,,,,,,16
840,2011,1,15,15,"15","12","pastor-maldonado","williams","cosworth","pirelli",,,"1:26.298",86298,"1:26.768",86768,,,,,,,17
840,2011,1,16,16,"16","14","adrian-sutil","force-india","mercedes","pirelli",,,"1:26.245",86245,"1:31.407",91407,,,,,,,15
840,2011,1,17,17,"17","11","rubens-barrichello","williams","cosworth","pirelli",,,"1:26.270",86270,,,,,,,,,12
840,2011,1,18,18,"18","9","nick-heidfeld","renault","renault","pirelli",,,"1:27.239",87239,,,,,,,,,10
840,2011,1,19,19,"19","20","heikki-kovalainen","lotus-racing","renault","pirelli",,,"1:29.254",89254,,,,,,,,,10
840,2011,1,20,20,"20","21","jarno-trulli","lotus-racing","renault","pirelli",,,"1:29.342",89342,,,,,,,,,12
840,2011,1,21,21,"21","24","timo-glock","virgin","cosworth","pirelli",,,"1:29.858",89858,,,,,,,,,10
840,2011,1,22,22,"22","25","jerome-dambrosio","virgin","cosworth","pirelli",,,"1:30.822",90822,,,,,,,,,8
840,2011,1,23,,"NC","23","vitantonio-liuzzi","hrt","cosworth","pirelli",,,"1:32.978",92978,,,,,,,,,11
840,2011,1,24,,"NC","22","narain-karthikeyan","hrt","cosworth","pirelli",,,"1:34.293",94293,,,,,,,,,11
841,2011,2,1,1,"1","1","sebastian-vettel","red-bull","renault","pirelli",,,"1:37.468",97468,"1:35.934",95934,"1:34.870",94870,,,,,12
841,2011,2,2,2,"2","3","lewis-hamilton","mclaren","mercedes","pirelli",,,"1:36.861",96861,"1:35.852",95852,"1:34.974",94974,"+0.104",104,"+0.104",104,19
841,2011,2,3,3,"3","2","mark-webber","red-bull","renault","pirelli",,,"1:37.924",97924,"1:36.080",96080,"1:35.179",95179,"+0.309",309,"+0.205",205,17
841,2011,2,4,4,"4","4","jenson-button","mclaren","mercedes","pirelli",,,"1:37.033",97033,"1:35.569",95569,"1:35.200",95200,"+0.330",330,"+0.021",21,15
841,2011,2,5,5,"5","5","fernando-alonso","ferrari","ferrari","pirelli",,,"1:36.897",96897,"1:36.320",96320,"1:35.802",95802,"+0.932",932,"+0.602",602,14
841,2011,2,6,6,"6","9","nick-heidfeld","renault","renault","pirelli",,,"1:37.224",97224,"1:36.811",96811,"1:36.124",96124,"+1.254",1254,"+0.322",322,9
841,2011,2,7,7,"7","6","felipe-massa","ferrari","ferrari","pirelli",,,"1:36.744",96744,"1:36.557",96557,"1:36.251",96251,"+1.381",1381,"+0.127",127,13
841,2011,2,8,8,"8","10","vitaly-petrov","renault","renault","pirelli",,,"1:37.210",97210,"1:36.642",96642,"1:36.324",96324,"+1.454",1454,"+0.073",73,9
841,2011,2,9,9,"9","8","nico-rosberg","mercedes","mercedes","pirelli",,,"1:37.316",97316,"1:36.388",96388,"1:36.809",96809,"+1.939",1939,"+0.485",485,17
841,2011,2,10,10,"10","16","kamui-kobayashi","sauber","ferrari","pirelli",,,"1:36.994",96994,"1:36.691",96691,"1:36.820",96820,"+1.950",1950,"+0.011",11,13
841,2011,2,11,11,"11","7","michael-schumacher","mercedes","mercedes","pirelli",,,"1:36.904",96904,"1:37.035",97035,,,,,,,12
841,2011,2,12,12,"12","18","sebastien-buemi","toro-rosso","ferrari","pirelli",,,"1:37.693",97693,"1:37.160",97160,,,,,,,13
841,2011,2,13,13,"13","19","jaime-alguersuari","toro-rosso","ferrari","pirelli",,,"1:37.677",97677,"1:37.347",97347,,,,,,,12
841,2011,2,14,14,"14","15","paul-di-resta","force-india","mercedes","pirelli",,,"1:38.045",98045,"1:37.370",97370,,,,,,,12
841,2011,2,15,15,"15","11","rubens-barrichello","williams","cosworth","pirelli",,,"1:38.163",98163,"1:37.496",97496,,,,,,,15
841,2011,2,16,16,"16","17","sergio-perez","sauber","ferrari","pirelli",,,"1:37.759",97759,"1:37.528",97528,,,,,,,10
841,2011,2,17,17,"17","14","adrian-sutil","force-india","mercedes","pirelli",,,"1:37.693",97693,"1:37.593",97593,,,,,,,9
841,2011,2,18,18,"18","12","pastor-maldonado","williams","cosworth","pirelli",,,"1:38.276",98276,,,,,,,,,8
841,2011,2,19,19,"19","20","heikki-kovalainen","lotus-racing","renault","pirelli",,,"1:38.645",98645,,,,,,,,,8
841,2011,2,20,20,"20","21","jarno-trulli","lotus-racing","renault","pirelli",,,"1:38.791",98791,,,,,,,,,8
841,2011,2,21,21,"21","24","timo-glock","virgin","cosworth","pirelli",,,"1:40.648",100648,,,,,,,,,8
841,2011,2,22,22,"22","25","jerome-dambrosio","virgin","cosworth","pirelli",,,"1:41.001",101001,,,,,,,,,7
841,2011,2,23,23,"23","23","vitantonio-liuzzi","hrt","cosworth","pirelli",,,"1:41.549",101549,,,,,,,,,7
841,2011,2,24,24,"24","22","narain-karthikeyan","hrt","cosworth","pirelli",,,"1:42.574",102574,,,,,,,,,7
842,2011,3,1,1,"1","1","sebastian-vettel","red-bull","renault","pirelli",,,"1:35.674",95674,"1:34.776",94776,"1:33.706",93706,,,,,14
842,2011,3,2,2,"2","4","jenson-button","mclaren","mercedes","pirelli",,,"1:35.924",95924,"1:34.662",94662,"1:34.421",94421,"+0.715",715,"+0.715",715,13
842,2011,3,3,3,"3","3","lewis-hamilton","mclaren","mercedes","pirelli",,,"1:36.091",96091,"1:34.486",94486,"1:34.463",94463,"+0.757",757,"+0.042",42,11
842,2011,3,4,4,"4","8","nico-rosberg","mercedes","mercedes","pirelli",,,"1:35.272",95272,"1:35.850",95850,"1:34.670",94670,"+0.964",964,"+0.207",207,19
842,2011,3,5,5,"5","5","fernando-alonso","ferrari","ferrari","pirelli",,,"1:35.389",95389,"1:35.165",95165,"1:35.119",95119,"+1.413",1413,"+0.449",449,18
842,2011,3,6,6,"6","6","felipe-massa","ferrari","ferrari","pirelli",,,"1:35.478",95478,"1:35.437",95437,"1:35.145",95145,"+1.439",1439,"+0.026",26,18
842,2011,3,7,7,"7","19","jaime-alguersuari","toro-rosso","ferrari","pirelli",,,"1:36.133",96133,"1:35.563",95563,"1:36.158",96158,"+2.452",2452,"+1.013",1013,16
842,2011,3,8,8,"8","15","paul-di-resta","force-india","mercedes","pirelli",,,"1:35.702",95702,"1:35.858",95858,"1:36.190",96190,"+2.484",2484,"+0.032",32,17
842,2011,3,9,9,"9","18","sebastien-buemi","toro-rosso","ferrari","pirelli",,,"1:36.110",96110,"1:35.500",95500,"1:36.203",96203,"+2.497",2497,"+0.013",13,16
842,2011,3,10,10,"10","10","vitaly-petrov","renault","renault","pirelli",,,"1:35.370",95370,"1:35.149",95149,,,,,,,11
842,2011,3,11,11,"11","14","adrian-sutil","force-india","mercedes","pirelli",,,"1:36.092",96092,"1:35.874",95874,,,,,,,14
842,2011,3,12,12,"12","17","sergio-perez","sauber","ferrari","pirelli",,,"1:36.046",96046,"1:36.053",96053,,,,,,,16
842,2011,3,13,13,"13","16","kamui-kobayashi","sauber","ferrari","pirelli",,,"1:36.147",96147,"1:36.236",96236,,,,,,,11
842,2011,3,14,14,"14","7","michael-schumacher","mercedes","mercedes","pirelli",,,"1:35.508",95508,"1:36.457",96457,,,,,,,16
842,2011,3,15,15,"15","11","rubens-barrichello","williams","cosworth","pirelli",,,"1:35.911",95911,"1:36.465",96465,,,,,,,15
842,2011,3,16,16,"16","9","nick-heidfeld","renault","renault","pirelli",,,"1:35.910",95910,"1:36.611",96611,,,,,,,11
842,2011,3,17,17,"17","12","pastor-maldonado","williams","cosworth","pirelli",,,"1:36.121",96121,"1:36.956",96956,,,,,,,17
842,2011,3,18,18,"18","2","mark-webber","red-bull","renault","pirelli",,,"1:36.468",96468,,,,,,,,,8
842,2011,3,19,19,"19","20","heikki-kovalainen","lotus-racing","renault","pirelli",,,"1:37.894",97894,,,,,,,,,7
842,2011,3,20,20,"20","21","jarno-trulli","lotus-racing","renault","pirelli",,,"1:38.318",98318,,,,,,,,,10
842,2011,3,21,21,"21","25","jerome-dambrosio","virgin","cosworth","pirelli",,,"1:39.119",99119,,,,,,,,,8
842,2011,3,22,22,"22","24","timo-glock","virgin","cosworth","pirelli",,,"1:39.708",99708,,,,,,,,,8
842,2011,3,23,23,"23","23","vitantonio-liuzzi","hrt","cosworth","pirelli",,,"1:40.212",100212,,,,,,,,,9
842,2011,3,24,24,"24","22","narain-karthikeyan","hrt","cosworth","pirelli",,,"1:40.445",100445,,,,,,,,,9
843,2011,4,1,1,"1","1","sebastian-vettel","red-bull","renault","pirelli",,,"1:27.039",87039,"1:25.610",85610,"1:25.049",85049,,,,,12
843,2011,4,2,2,"2","2","mark-webber","red-bull","renault","pirelli",,,"1:27.090",87090,"1:26.075",86075,"1:25.454",85454,"+0.405",405,"+0.405",405,10
843,2011,4,3,3,"3","8","nico-rosberg","mercedes","mercedes","pirelli",,,"1:27.514",87514,"1:25.801",85801,"1:25.574",85574,"+0.525",525,"+0.120",120,15
843,2011,4,4,4,"4","3","lewis-hamilton","mclaren","mercedes","pirelli",,,"1:27.091",87091,"1:26.066",86066,"1:25.595",85595,"+0.546",546,"+0.021",21,13
843,2011,4,5,5,"5","5","fernando-alonso","ferrari","ferrari","pirelli",,,"1:27.349",87349,"1:26.152",86152,"1:25.851",85851,"+0.802",802,"+0.256",256,16
843,2011,4,6,6,"6","4","jenson-button","mclaren","mercedes","pirelli",,,"1:27.374",87374,"1:26.485",86485,"1:25.982",85982,"+0.933",933,"+0.131",131,14
843,2011,4,7,7,"7","10","vitaly-petrov","renault","renault","pirelli",,,"1:27.475",87475,"1:26.654",86654,"1:26.296",86296,"+1.247",1247,"+0.314",314,15
843,2011,4,8,8,"8","7","michael-schumacher","mercedes","mercedes","pirelli",,,"1:27.697",87697,"1:26.121",86121,"1:26.646",86646,"+1.597",1597,"+0.350",350,13
843,2011,4,9,9,"9","9","nick-heidfeld","renault","renault","pirelli",,,"1:27.901",87901,"1:26.740",86740,"1:26.659",86659,"+1.610",1610,"+0.013",13,13
843,2011,4,10,10,"10","6","felipe-massa","ferrari","ferrari","pirelli",,,"1:27.013",87013,"1:26.395",86395,,,,,,,16
843,2011,4,11,11,"11","11","rubens-barrichello","williams","cosworth","pirelli",,,"1:28.246",88246,"1:26.764",86764,,,,,,,10
843,2011,4,12,12,"12","14","adrian-sutil","force-india","mercedes","pirelli",,,"1:27.392",87392,"1:27.027",87027,,,,,,,14
843,2011,4,13,13,"13","15","paul-di-resta","force-india","mercedes","pirelli",,,"1:27.625",87625,"1:27.145",87145,,,,,,,11
843,2011,4,14,14,"14","12","pastor-maldonado","williams","cosworth","pirelli",,,"1:27.396",87396,"1:27.236",87236,,,,,,,14
843,2011,4,15,15,"15","17","sergio-perez","sauber","ferrari","pirelli",,,"1:27.778",87778,"1:27.244",87244,,,,,,,11
843,2011,4,16,16,"16","18","sebastien-buemi","toro-rosso","ferrari","pirelli",,,"1:27.620",87620,"1:27.255",87255,,,,,,,9
843,2011,4,17,17,"17","19","jaime-alguersuari","toro-rosso","ferrari","pirelli",,,"1:28.055",88055,"1:27.572",87572,,,,,,,7
843,2011,4,18,18,"18","20","heikki-kovalainen","lotus-racing","renault","pirelli",,,"1:28.780",88780,,,,,,,,,8
843,2011,4,19,19,"19","21","jarno-trulli","lotus-racing","renault","pirelli",,,"1:29.673",89673,,,,,,,,,8
843,2011,4,20,20,"20","25","jerome-dambrosio","virgin","cosworth","pirelli",,,"1:30.445",90445,,,,,,,,,8
843,2011,4,21,21,"21","23","vitantonio-liuzzi","hrt","cosworth","pirelli",,,"1:30.692",90692,,,,,,,,,7
843,2011,4,22,22,"22","24","timo-glock","virgin","cosworth","pirelli",,,"1:30.813",90813,,,,,,,,,8
843,2011,4,23,23,"23","22","narain-karthikeyan","hrt","cosworth","pirelli",,,"1:31.564",91564,,,,,,,,,8
843,2011,4,24,24,"24","16","kamui-kobayashi","sauber","ferrari","pirelli",,,,,,,,,,,,,2
844,2011,5,1,1,"1","2","mark-webber","red-bull","renault","pirelli",,,"1:23.619",83619,"1:21.773",81773,"1:20.981",80981,,,,,12
844,2011,5,2,2,"2","1","sebastian-vettel","red-bull","renault","pirelli",,,"1:24.142",84142,"1:21.540",81540,"1:21.181",81181,"+0.200",200,"+0.200",200,13
844,2011,5,3,3,"3","3","lewis-hamilton","mclaren","mercedes","pirelli",,,"1:24.370",84370,"1:22.148",82148,"1:21.961",81961,"+0.980",980,"+0.780",780,12
844,2011,5,4,4,"4","5","fernando-alonso","ferrari","ferrari","pirelli",,,"1:23.485",83485,"1:22.813",82813,"1:21.964",81964,"+0.983",983,"+0.003",3,15
844,2011,5,5,5,"5","4","jenson-button","mclaren","mercedes","pirelli",,,"1:24.428",84428,"1:22.050",82050,"1:21.996",81996,"+1.015",1015,"+0.032",32,12
844,2011,5,6,6,"6","10","vitaly-petrov","renault","renault","pirelli",,,"1:23.069",83069,"1:22.948",82948,"1:22.471",82471,"+1.490",1490,"+0.475",475,14
844,2011,5,7,7,"7","8","nico-rosberg","mercedes","mercedes","pirelli",,,"1:23.507",83507,"1:22.569",82569,"1:22.599",82599,"+1.618",1618,"+0.128",128,14
844,2011,5,8,8,"8","6","felipe-massa","ferrari","ferrari","pirelli",,,"1:23.506",83506,"1:23.026",83026,"1:22.888",82888,"+1.907",1907,"+0.289",289,15
844,2011,5,9,9,"9","12","pastor-maldonado","williams","cosworth","pirelli",,,"1:23.406",83406,"1:22.854",82854,"1:22.952",82952,"+1.971",1971,"+0.064",64,14
844,2011,5,10,10,"10","7","michael-schumacher","mercedes","mercedes","pirelli",,,"1:22.960",82960,"1:22.671",82671,,,,,,,12
844,2011,5,11,11,"11","18","sebastien-buemi","toro-rosso","ferrari","pirelli",,,"1:23.962",83962,"1:23.231",83231,,,,,,,6
844,2011,5,12,12,"12","17","sergio-perez","sauber","ferrari","pirelli",,,"1:24.209",84209,"1:23.367",83367,,,,,,,9
844,2011,5,13,13,"13","19","jaime-alguersuari","toro-rosso","ferrari","pirelli",,,"1:24.049",84049,"1:23.694",83694,,,,,,,9
844,2011,5,14,14,"14","16","kamui-kobayashi","sauber","ferrari","pirelli",,,"1:23.656",83656,"1:23.702",83702,,,,,,,8
844,2011,5,15,15,"15","20","heikki-kovalainen","lotus-racing","renault","pirelli",,,"1:25.874",85874,"1:25.403",85403,,,,,,,6
844,2011,5,16,16,"16","15","paul-di-resta","force-india","mercedes","pirelli",,,"1:24.332",84332,"1:26.126",86126,,,,,,,13
844,2011,5,17,17,"17","14","adrian-sutil","force-india","mercedes","pirelli",,,"1:24.648",84648,"1:26.571",86571,,,,,,,13
844,2011,5,18,18,"18","21","jarno-trulli","lotus-racing","renault","pirelli",,,"1:26.521",86521,,,,,,,,,4
844,2011,5,19,19,"19","11","rubens-barrichello","williams","cosworth","pirelli",,,"1:26.910",86910,,,,,,,,,5
844,2011,5,20,20,"20","24","timo-glock","virgin","cosworth","pirelli",,,"1:27.315",87315,,,,,,,,,8
844,2011,5,21,21,"21","23","vitantonio-liuzzi","hrt","cosworth","pirelli",,,"1:27.809",87809,,,,,,,,,9
844,2011,5,22,22,"22","22","narain-karthikeyan","hrt","cosworth","pirelli",,,"1:27.908",87908,,,,,,,,,9
844,2011,5,23,23,"23","25","jerome-dambrosio","virgin","cosworth","pirelli",,,"1:28.556",88556,,,,,,,,,5
845,2011,6,1,1,"1","1","sebastian-vettel","red-bull","renault","pirelli",,,"1:15.606",75606,"1:14.277",74277,"1:13.556",73556,,,,,18
845,2011,6,2,2,"2","4","jenson-button","mclaren","mercedes","pirelli",,,"1:15.397",75397,"1:14.545",74545,"1:13.997",73997,"+0.441",441,"+0.441",441,18
845,2011,6,3,3,"3","2","mark-webber","red-bull","renault","pirelli",,,"1:16.087",76087,"1:14.742",74742,"1:14.019",74019,"+0.463",463,"+0.022",22,24
845,2011,6,4,4,"4","5","fernando-alonso","ferrari","ferrari","pirelli",,,"1:16.051",76051,"1:14.569",74569,"1:14.483",74483,"+0.927",927,"+0.464",464,22
845,2011,6,5,5,"5","7","michael-schumacher","mercedes","mercedes","pirelli",,,"1:16.092",76092,"1:14.981",74981,"1:14.682",74682,"+1.126",1126,"+0.199",199,29
845,2011,6,6,6,"6","6","felipe-massa","ferrari","ferrari","pirelli",,,"1:16.309",76309,"1:14.648",74648,"1:14.877",74877,"+1.321",1321,"+0.195",195,25
845,2011,6,7,7,"7","8","nico-rosberg","mercedes","mercedes","pirelli",,,"1:15.858",75858,"1:14.741",74741,"1:15.766",75766,"+2.210",2210,"+0.889",889,26
845,2011,6,8,8,"8","12","pastor-maldonado","williams","cosworth","pirelli",,,"1:15.819",75819,"1:15.545",75545,"1:16.528",76528,"+2.972",2972,"+0.762",762,23
845,2011,6,9,9,"9","3","lewis-hamilton","mclaren","mercedes","pirelli",,,"1:15.207",75207,"1:14.275",74275,,,,,,,15
845,2011,6,10,10,"10","17","sergio-perez","sauber","ferrari","pirelli",,,"1:15.918",75918,"1:15.482",75482,,,,,,,23
845,2011,6,11,11,"11","10","vitaly-petrov","renault","renault","pirelli",,,"1:16.378",76378,"1:15.815",75815,,,,,,,21
845,2011,6,12,12,"12","11","rubens-barrichello","williams","cosworth","pirelli",,,"1:16.616",76616,"1:15.826",75826,,,,,,,20
845,2011,6,13,13,"13","16","kamui-kobayashi","sauber","ferrari","pirelli",,,"1:16.513",76513,"1:15.973",75973,,,,,,,20
845,2011,6,14,14,"14","15","paul-di-resta","force-india","mercedes","pirelli",,,"1:16.813",76813,"1:16.118",76118,,,,,,,22
845,2011,6,15,15,"15","14","adrian-sutil","force-india","mercedes","pirelli",,,"1:16.600",76600,"1:16.121",76121,,,,,,,19
845,2011,6,16,16,"16","9","nick-heidfeld","renault","renault","pirelli",,,"1:16.681",76681,"1:16.214",76214,,,,,,,22
845,2011,6,17,17,"17","18","sebastien-buemi","toro-rosso","ferrari","pirelli",,,"1:16.358",76358,"1:16.300",76300,,,,,,,17
845,2011,6,18,18,"18","20","heikki-kovalainen","lotus-racing","renault","pirelli",,,"1:17.343",77343,,,,,,,,,10
845,2011,6,19,19,"19","21","jarno-trulli","lotus-racing","renault","pirelli",,,"1:17.381",77381,,,,,,,,,9
845,2011,6,20,20,"20","19","jaime-alguersuari","toro-rosso","ferrari","pirelli",,,"1:17.820",77820,,,,,,,,,9
845,2011,6,21,21,"21","24","timo-glock","virgin","cosworth","pirelli",,,"1:17.914",77914,,,,,,,,,12
845,2011,6,22,22,"22","25","jerome-dambrosio","virgin","cosworth","pirelli",,,"1:18.736",78736,,,,,,,,,11
846,2011,7,1,1,"1","1","sebastian-vettel","red-bull","renault","pirelli",,,"1:14.011",74011,"1:13.486",73486,"1:13.014",73014,,,,,17
846,2011,7,2,2,"2","5","fernando-alonso","ferrari","ferrari","pirelli",,,"1:13.822",73822,"1:13.672",73672,"1:13.199",73199,"+0.185",185,"+0.185",185,19
846,2011,7,3,3,"3","6","felipe-massa","ferrari","ferrari","pirelli",,,"1:14.026",74026,"1:13.431",73431,"1:13.217",73217,"+0.203",203,"+0.018",18,20
846,2011,7,4,4,"4","2","mark-webber","red-bull","renault","pirelli",,,"1:14.375",74375,"1:13.654",73654,"1:13.429",73429,"+0.415",415,"+0.212",212,22
846,2011,7,5,5,"5","3","lewis-hamilton","mclaren","mercedes","pirelli",,,"1:14.114",74114,"1:13.926",73926,"1:13.565",73565,"+0.551",551,"+0.136",136,18
846,2011,7,6,6,"6","8","nico-rosberg","mercedes","mercedes","pirelli",,,"1:14.920",74920,"1:13.950",73950,"1:13.814",73814,"+0.800",800,"+0.249",249,14
846,2011,7,7,7,"7","4","jenson-button","mclaren","mercedes","pirelli",,,"1:14.374",74374,"1:13.955",73955,"1:13.838",73838,"+0.824",824,"+0.024",24,20
846,2011,7,8,8,"8","7","michael-schumacher","mercedes","mercedes","pirelli",,,"1:14.970",74970,"1:14.242",74242,"1:13.864",73864,"+0.850",850,"+0.026",26,14
846,2011,7,9,9,"9","9","nick-heidfeld","renault","renault","pirelli",,,"1:15.096",75096,"1:14.467",74467,"1:14.062",74062,"+1.048",1048,"+0.198",198,27
846,2011,7,10,10,"10","10","vitaly-petrov","renault","renault","pirelli",,,"1:14.699",74699,"1:14.354",74354,"1:14.085",74085,"+1.071",1071,"+0.023",23,25
846,2011,7,11,11,"11","15","paul-di-resta","force-india","mercedes","pirelli",,,"1:14.874",74874,"1:14.752",74752,,,,,,,19
846,2011,7,12,12,"12","12","pastor-maldonado","williams","cosworth","pirelli",,,"1:15.585",75585,"1:15.043",75043,,,,,,,20
846,2011,7,13,13,"13","16","kamui-kobayashi","sauber","ferrari","pirelli",,,"1:15.694",75694,"1:15.285",75285,,,,,,,21
846,2011,7,14,14,"14","14","adrian-sutil","force-india","mercedes","pirelli",,,"1:14.931",74931,"1:15.287",75287,,,,,,,21
846,2011,7,15,15,"15","18","sebastien-buemi","toro-rosso","ferrari","pirelli",,,"1:15.901",75901,"1:15.334",75334,,,,,,,18
846,2011,7,16,16,"16","11","rubens-barrichello","williams","cosworth","pirelli",,,"1:15.331",75331,"1:15.361",75361,,,,,,,20
846,2011,7,17,17,"17","17","pedro-de-la-rosa","sauber","ferrari","pirelli",,,"1:16.229",76229,"1:15.587",75587,,,,,,,21
846,2011,7,18,18,"18","19","jaime-alguersuari","toro-rosso","ferrari","pirelli",,,"1:16.294",76294,,,,,,,,,10
846,2011,7,19,19,"19","21","jarno-trulli","lotus-racing","renault","pirelli",,,"1:16.745",76745,,,,,,,,,12
846,2011,7,20,20,"20","20","heikki-kovalainen","lotus-racing","renault","pirelli",,,"1:16.786",76786,,,,,,,,,10
846,2011,7,21,21,"21","23","vitantonio-liuzzi","hrt","cosworth","pirelli",,,"1:18.424",78424,,,,,,,,,10
846,2011,7,22,22,"22","24","timo-glock","virgin","cosworth","pirelli",,,"1:18.537",78537,,,,,,,,,12
846,2011,7,23,23,"23","22","narain-karthikeyan","hrt","cosworth","pirelli",,,"1:18.574",78574,,,,,,,,,11
846,2011,7,24,,"NC","25","jerome-dambrosio","virgin","cosworth","pirelli",,,"1:19.414",79414,,,,,,,,,13
847,2011,8,1,1,"1","1","sebastian-vettel","red-bull","renault","pirelli",,,"1:39.116",99116,"1:37.305",97305,"1:36.975",96975,,,,,15
847,2011,8,2,2,"2","2","mark-webber","red-bull","renault","pirelli",,,"1:39.956",99956,"1:38.058",98058,"1:37.163",97163,"+0.188",188,"+0.188",188,19
847,2011,8,3,3,"3","3","lewis-hamilton","mclaren","mercedes","pirelli",,,"1:39.244",99244,"1:37.727",97727,"1:37.380",97380,"+0.405",405,"+0.217",217,13
847,2011,8,4,4,"4","5","fernando-alonso","ferrari","ferrari","pirelli",,,"1:39.725",99725,"1:37.930",97930,"1:37.454",97454,"+0.479",479,"+0.074",74,20
847,2011,8,5,5,"5","6","felipe-massa","ferrari","ferrari","pirelli",,,"1:38.413",98413,"1:38.566",98566,"1:37.535",97535,"+0.560",560,"+0.081",81,20
847,2011,8,6,6,"6","4","jenson-button","mclaren","mercedes","pirelli",,,"1:39.453",99453,"1:37.749",97749,"1:37.645",97645,"+0.670",670,"+0.110",110,14
847,2011,8,7,7,"7","8","nico-rosberg","mercedes","mercedes","pirelli",,,"1:39.266",99266,"1:38.373",98373,"1:38.231",98231,"+1.256",1256,"+0.586",586,15
847,2011,8,8,8,"8","7","michael-schumacher","mercedes","mercedes","pirelli",,,"1:39.198",99198,"1:38.365",98365,"1:38.240",98240,"+1.265",1265,"+0.009",9,18
847,2011,8,9,9,"9","9","nick-heidfeld","renault","renault","pirelli",,,"1:39.877",99877,"1:38.781",98781,,,,,,,17
847,2011,8,10,10,"10","14","adrian-sutil","force-india","mercedes","pirelli",,,"1:39.329",99329,"1:39.034",99034,,,,,,,14
847,2011,8,11,11,"11","10","vitaly-petrov","renault","renault","pirelli",,,"1:39.690",99690,"1:39.068",99068,,,,,,,14
847,2011,8,12,12,"12","15","paul-di-resta","force-india","mercedes","pirelli",,,"1:39.852",99852,"1:39.422",99422,,,,,,,16
847,2011,8,13,13,"13","11","rubens-barrichello","williams","cosworth","pirelli",,,"1:39.602",99602,"1:39.489",99489,,,,,,,19
847,2011,8,14,14,"14","16","kamui-kobayashi","sauber","ferrari","pirelli",,,"1:40.131",100131,"1:39.525",99525,,,,,,,17
847,2011,8,15,15,"15","12","pastor-maldonado","williams","cosworth","pirelli",,,"1:39.690",99690,"1:39.645",99645,,,,,,,10
847,2011,8,16,16,"16","17","sergio-perez","sauber","ferrari","pirelli",,,"1:39.494",99494,"1:39.657",99657,,,,,,,13
847,2011,8,17,17,"17","18","sebastien-buemi","toro-rosso","ferrari","pirelli",,,"1:39.679",99679,"1:39.711",99711,,,,,,,8
847,2011,8,18,18,"18","19","jaime-alguersuari","toro-rosso","ferrari","pirelli",,,"1:40.232",100232,,,,,,,,,5
847,2011,8,19,19,"19","20","heikki-kovalainen","lotus-racing","renault","pirelli",,,"1:41.664",101664,,,,,,,,,10
847,2011,8,20,20,"20","21","jarno-trulli","lotus-racing","renault","pirelli",,,"1:42.234",102234,,,,,,,,,9
847,2011,8,21,21,"21","24","timo-glock","virgin","cosworth","pirelli",,,"1:42.553",102553,,,,,,,,,9
847,2011,8,22,22,"22","23","vitantonio-liuzzi","hrt","cosworth","pirelli",,,"1:43.584",103584,,,,,,,,,10
847,2011,8,23,23,"23","25","jerome-dambrosio","virgin","cosworth","pirelli",,,"1:43.735",103735,,,,,,,,,6
847,2011,8,24,24,"24","22","narain-karthikeyan","hrt","cosworth","pirelli",,,"1:44.363",104363,,,,,,,,,9
848,2011,9,1,1,"1","2","mark-webber","red-bull","renault","pirelli",,,"1:32.670",92670,"1:31.673",91673,"1:30.399",90399,,,,,19
848,2011,9,2,2,"2","1","sebastian-vettel","red-bull","renault","pirelli",,,"1:32.977",92977,"1:32.379",92379,"1:30.431",90431,"+0.032",32,"+0.032",32,19
848,2011,9,3,3,"3","5","fernando-alonso","ferrari","ferrari","pirelli",,,"1:32.986",92986,"1:31.727",91727,"1:30.516",90516,"+0.117",117,"+0.085",85,20
848,2011,9,4,4,"4","6","felipe-massa","ferrari","ferrari","pirelli",,,"1:32.760",92760,"1:31.640",91640,"1:31.124",91124,"+0.725",725,"+0.608",608,16
848,2011,9,5,5,"5","4","jenson-button","mclaren","mercedes","pirelli",,,"1:34.230",94230,"1:32.273",92273,"1:31.898",91898,"+1.499",1499,"+0.774",774,21
848,2011,9,6,6,"6","15","paul-di-resta","force-india","mercedes","pirelli",,,"1:34.472",94472,"1:32.569",92569,"1:31.929",91929,"+1.530",1530,"+0.031",31,14
848,2011,9,7,7,"7","12","pastor-maldonado","williams","cosworth","pirelli",,,"1:32.702",92702,"1:32.588",92588,"1:31.933",91933,"+1.534",1534,"+0.004",4,16
848,2011,9,8,8,"8","16","kamui-kobayashi","sauber","ferrari","pirelli",,,"1:34.324",94324,"1:32.399",92399,"1:32.128",92128,"+1.729",1729,"+0.195",195,16
848,2011,9,9,9,"9","8","nico-rosberg","mercedes","mercedes","pirelli",,,"1:34.186",94186,"1:32.295",92295,"1:32.209",92209,"+1.810",1810,"+0.081",81,18
848,2011,9,10,10,"10","3","lewis-hamilton","mclaren","mercedes","pirelli",,,"1:33.581",93581,"1:32.505",92505,"1:32.376",92376,"+1.977",1977,"+0.167",167,20
848,2011,9,11,11,"11","14","adrian-sutil","force-india","mercedes","pirelli",,,"1:34.454",94454,"1:32.617",92617,,,,,,,14
848,2011,9,12,12,"12","17","sergio-perez","sauber","ferrari","pirelli",,,"1:34.145",94145,"1:32.624",92624,,,,,,,14
848,2011,9,13,13,"13","7","michael-schumacher","mercedes","mercedes","pirelli",,,"1:34.160",94160,"1:32.656",92656,,,,,,,15
848,2011,9,14,14,"14","10","vitaly-petrov","renault","renault","pirelli",,,"1:34.428",94428,"1:32.734",92734,,,,,,,14
848,2011,9,15,15,"15","11","rubens-barrichello","williams","cosworth","pirelli",,,"1:33.532",93532,"1:33.119",93119,,,,,,,12
848,2011,9,16,16,"16","9","nick-heidfeld","renault","renault","pirelli",,,"1:35.132",95132,"1:33.805",93805,,,,,,,15
848,2011,9,17,17,"17","20","heikki-kovalainen","lotus-racing","renault","pirelli",,,"1:34.923",94923,"1:34.821",94821,,,,,,,9
848,2011,9,18,18,"18","19","jaime-alguersuari","toro-rosso","ferrari","pirelli",,,"1:35.245",95245,,,,,,,,,7
848,2011,9,19,19,"19","18","sebastien-buemi","toro-rosso","ferrari","pirelli",,,"1:35.749",95749,,,,,,,,,7
848,2011,9,20,20,"20","24","timo-glock","virgin","cosworth","pirelli",,,"1:36.203",96203,,,,,,,,,7
848,2011,9,21,21,"21","21","jarno-trulli","lotus-racing","renault","pirelli",,,"1:36.456",96456,,,,,,,,,4
848,2011,9,22,22,"22","25","jerome-dambrosio","virgin","cosworth","pirelli",,,"1:37.154",97154,,,,,,,,,6
848,2011,9,23,23,"23","23","vitantonio-liuzzi","hrt","cosworth","pirelli",,,"1:37.484",97484,,,,,,,,,7
848,2011,9,24,24,"24","22","daniel-ricciardo","hrt","cosworth","pirelli",,,"1:38.059",98059,,,,,,,,,6
849,2011,10,1,1,"1","2","mark-webber","red-bull","renault","pirelli",,,"1:33.096",93096,"1:31.311",91311,"1:30.079",90079,,,,,18
849,2011,10,2,2,"2","3","lewis-hamilton","mclaren","mercedes","pirelli",,,"1:32.934",92934,"1:30.998",90998,"1:30.134",90134,"+0.055",55,"+0.055",55,15
849,2011,10,3,3,"3","1","sebastian-vettel","red-bull","renault","pirelli",,,"1:32.973",92973,"1:31.017",91017,"1:30.216",90216,"+0.137",137,"+0.082",82,16
849,2011,10,4,4,"4","5","fernando-alonso","ferrari","ferrari","pirelli",,,"1:32.916",92916,"1:31.150",91150,"1:30.442",90442,"+0.363",363,"+0.226",226,16
849,2011,10,5,5,"5","6","felipe-massa","ferrari","ferrari","pirelli",,,"1:31.826",91826,"1:31.582",91582,"1:30.910",90910,"+0.831",831,"+0.468",468,19
849,2011,10,6,6,"6","8","nico-rosberg","mercedes","mercedes","pirelli",,,"1:32.785",92785,"1:31.343",91343,"1:31.263",91263,"+1.184",1184,"+0.353",353,22
849,2011,10,7,7,"7","4","jenson-button","mclaren","mercedes","pirelli",,,"1:33.224",93224,"1:31.532",91532,"1:31.288",91288,"+1.209",1209,"+0.025",25,14
849,2011,10,8,8,"8","14","adrian-sutil","force-india","mercedes","pirelli",,,"1:32.286",92286,"1:31.809",91809,"1:32.010",92010,"+1.931",1931,"+0.722",722,18
849,2011,10,9,9,"9","10","vitaly-petrov","renault","renault","pirelli",,,"1:33.187",93187,"1:31.985",91985,"1:32.187",92187,"+2.108",2108,"+0.177",177,16
849,2011,10,10,10,"10","7","michael-schumacher","mercedes","mercedes","pirelli",,,"1:32.603",92603,"1:32.180",92180,"1:32.482",92482,"+2.403",2403,"+0.295",295,18
849,2011,10,11,11,"11","9","nick-heidfeld","renault","renault","pirelli",,,"1:32.505",92505,"1:32.215",92215,,,,,,,16
849,2011,10,12,12,"12","15","paul-di-resta","force-india","mercedes","pirelli",,,"1:32.651",92651,"1:32.560",92560,,,,,,,15
849,2011,10,13,13,"13","12","pastor-maldonado","williams","cosworth","pirelli",,,"1:33.003",93003,"1:32.635",92635,,,,,,,13
849,2011,10,14,14,"14","11","rubens-barrichello","williams","cosworth","pirelli",,,"1:33.664",93664,"1:33.043",93043,,,,,,,18
849,2011,10,15,15,"15","17","sergio-perez","sauber","ferrari","pirelli",,,"1:33.295",93295,"1:33.176",93176,,,,,,,14
849,2011,10,16,16,"16","19","jaime-alguersuari","toro-rosso","ferrari","pirelli",,,"1:33.658",93658,"1:33.698",93698,,,,,,,11
849,2011,10,17,17,"17","16","kamui-kobayashi","sauber","ferrari","pirelli",,,"1:33.786",93786,,,,,,,,,5
849,2011,10,18,18,"18","20","heikki-kovalainen","lotus-racing","renault","pirelli",,,"1:35.599",95599,,,,,,,,,9
849,2011,10,19,19,"19","24","timo-glock","virgin","cosworth","pirelli",,,"1:36.400",96400,,,,,,,,,12
849,2011,10,20,20,"20","21","karun-chandhok","lotus-racing","renault","pirelli",,,"1:36.422",96422,,,,,,,,,11
849,2011,10,21,21,"21","25","jerome-dambrosio","virgin","cosworth","pirelli",,,"1:36.641",96641,,,,,,,,,12
849,2011,10,22,22,"22","23","vitantonio-liuzzi","hrt","cosworth","pirelli",,,"1:37.011",97011,,,,,,,,,11
849,2011,10,23,23,"23","22","daniel-ricciardo","hrt","cosworth","pirelli",,,"1:37.036",97036,,,,,,,,,11
849,2011,10,24,,"EX","18","sebastien-buemi","toro-rosso","ferrari","pirelli",,,"1:33.635",93635,"1:33.546",93546,,,,,,,11
850,2011,11,1,1,"1","1","sebastian-vettel","red-bull","renault","pirelli",,,"1:21.740",81740,"1:21.095",81095,"1:19.815",79815,,,,,14
850,2011,11,2,2,"2","3","lewis-hamilton","mclaren","mercedes","pirelli",,,"1:21.636",81636,"1:21.105",81105,"1:19.978",79978,"+0.163",163,"+0.163",163,12
850,2011,11,3,3,"3","4","jenson-button","mclaren","mercedes","pirelli",,,"1:22.038",82038,"1:20.578",80578,"1:20.024",80024,"+0.209",209,"+0.046",46,15
850,2011,11,4,4,"4","6","felipe-massa","ferrari","ferrari","pirelli",,,"1:22.130",82130,"1:21.099",81099,"1:20.350",80350,"+0.535",535,"+0.326",326,15
850,2011,11,5,5,"5","5","fernando-alonso","ferrari","ferrari","pirelli",,,"1:21.578",81578,"1:20.262",80262,"1:20.365",80365,"+0.550",550,"+0.015",15,15
850,2011,11,6,6,"6","2","mark-webber","red-bull","renault","pirelli",,,"1:22.208",82208,"1:20.890",80890,"1:20.474",80474,"+0.659",659,"+0.109",109,16
850,2011,11,7,7,"7","8","nico-rosberg","mercedes","mercedes","pirelli",,,"1:22.996",82996,"1:21.243",81243,"1:21.098",81098,"+1.283",1283,"+0.624",624,12
850,2011,11,8,8,"8","14","adrian-sutil","force-india","mercedes","pirelli",,,"1:22.237",82237,"1:22.000",82000,"1:21.445",81445,"+1.630",1630,"+0.347",347,19
850,2011,11,9,9,"9","7","michael-schumacher","mercedes","mercedes","pirelli",,,"1:22.876",82876,"1:21.852",81852,"1:21.907",81907,"+2.092",2092,"+0.462",462,17
850,2011,11,10,10,"10","17","sergio-perez","sauber","ferrari","pirelli",,,"1:23.067",83067,"1:22.157",82157,,,,,,,16
850,2011,11,11,11,"11","15","paul-di-resta","force-india","mercedes","pirelli",,,"1:22.976",82976,"1:22.256",82256,,,,,,,13
850,2011,11,12,12,"12","10","vitaly-petrov","renault","renault","pirelli",,,"1:23.070",83070,"1:22.284",82284,,,,,,,14
850,2011,11,13,13,"13","16","kamui-kobayashi","sauber","ferrari","pirelli",,,"1:23.278",83278,"1:22.435",82435,,,,,,,16
850,2011,11,14,14,"14","9","nick-heidfeld","renault","renault","pirelli",,,"1:23.024",83024,"1:22.470",82470,,,,,,,14
850,2011,11,15,15,"15","11","rubens-barrichello","williams","cosworth","pirelli",,,"1:23.075",83075,"1:22.684",82684,,,,,,,16
850,2011,11,16,16,"16","19","jaime-alguersuari","toro-rosso","ferrari","pirelli",,,"1:23.285",83285,"1:22.979",82979,,,,,,,10
850,2011,11,17,17,"17","12","pastor-maldonado","williams","cosworth","pirelli",,,"1:23.847",83847,,,,,,,,,9
850,2011,11,18,18,"18","18","sebastien-buemi","toro-rosso","ferrari","pirelli",,,"1:24.070",84070,,,,,,,,,9
850,2011,11,19,19,"19","20","heikki-kovalainen","lotus-racing","renault","pirelli",,,"1:24.362",84362,,,,,,,,,8
850,2011,11,20,20,"20","21","jarno-trulli","lotus-racing","renault","pirelli",,,"1:24.534",84534,,,,,,,,,7
850,2011,11,21,21,"21","24","timo-glock","virgin","cosworth","pirelli",,,"1:26.294",86294,,,,,,,,,10
850,2011,11,22,22,"22","23","vitantonio-liuzzi","hrt","cosworth","pirelli",,,"1:26.323",86323,,,,,,,,,11
850,2011,11,23,23,"23","22","daniel-ricciardo","hrt","cosworth","pirelli",,,"1:26.479",86479,,,,,,,,,11
850,2011,11,24,24,"24","25","jerome-dambrosio","virgin","cosworth","pirelli",,,"1:26.510",86510,,,,,,,,,8
851,2011,12,1,1,"1","1","sebastian-vettel","red-bull","renault","pirelli",,,"2:03.029",123029,"2:03.317",123317,"1:48.298",108298,,,,,22
851,2011,12,2,2,"2","3","lewis-hamilton","mclaren","mercedes","pirelli",,,"2:03.008",123008,"2:02.823",122823,"1:48.730",108730,"+0.432",432,"+0.432",432,21
851,2011,12,3,3,"3","2","mark-webber","red-bull","renault","pirelli",,,"2:02.827",122827,"2:03.302",123302,"1:49.376",109376,"+1.078",1078,"+0.646",646,23
851,2011,12,4,4,"4","6","felipe-massa","ferrari","ferrari","pirelli",,,"2:05.834",125834,"2:04.507",124507,"1:50.256",110256,"+1.958",1958,"+0.880",880,21
851,2011,12,5,5,"5","8","nico-rosberg","mercedes","mercedes","pirelli",,,"2:05.091",125091,"2:03.723",123723,"1:50.552",110552,"+2.254",2254,"+0.296",296,23
851,2011,12,6,6,"6","19","jaime-alguersuari","toro-rosso","ferrari","pirelli",,,"2:05.419",125419,"2:04.561",124561,"1:50.773",110773,"+2.475",2475,"+0.221",221,24
851,2011,12,7,7,"7","9","bruno-senna","renault","renault","pirelli",,,"2:05.047",125047,"2:04.452",124452,"1:51.121",111121,"+2.823",2823,"+0.348",348,24
851,2011,12,8,8,"8","5","fernando-alonso","ferrari","ferrari","pirelli",,,"2:04.450",124450,"2:02.768",122768,"1:51.251",111251,"+2.953",2953,"+0.130",130,22
851,2011,12,9,9,"9","17","sergio-perez","sauber","ferrari","pirelli",,,"2:06.284",126284,"2:04.625",124625,"1:51.374",111374,"+3.076",3076,"+0.123",123,24
851,2011,12,10,10,"10","10","vitaly-petrov","renault","renault","pirelli",,,"2:05.292",125292,"2:03.466",123466,"1:52.303",112303,"+4.005",4005,"+0.929",929,23
851,2011,12,11,11,"11","18","sebastien-buemi","toro-rosso","ferrari","pirelli",,,"2:04.744",124744,"2:04.692",124692,,,,,,,18
851,2011,12,12,12,"12","16","kamui-kobayashi","sauber","ferrari","pirelli",,,"2:07.194",127194,"2:04.757",124757,,,,,,,18
851,2011,12,13,13,"13","4","jenson-button","mclaren","mercedes","pirelli",,,"2:01.813",121813,"2:05.150",125150,,,,,,,15
851,2011,12,14,14,"14","11","rubens-barrichello","williams","cosworth","pirelli",,,"2:05.720",125720,"2:07.349",127349,,,,,,,17
851,2011,12,15,15,"15","14","adrian-sutil","force-india","mercedes","pirelli",,,"2:06.000",126000,"2:07.777",127777,,,,,,,12
851,2011,12,16,16,"16","12","pastor-maldonado","williams","cosworth","pirelli",,,"2:05.621",125621,"2:08.106",128106,,,,,,,17
851,2011,12,17,17,"17","20","heikki-kovalainen","lotus-racing","renault","pirelli",,,"2:06.780",126780,"2:08.354",128354,,,,,,,15
851,2011,12,18,18,"18","15","paul-di-resta","force-india","mercedes","pirelli",,,"2:07.758",127758,,,,,,,,,8
851,2011,12,19,19,"19","21","jarno-trulli","lotus-racing","renault","pirelli",,,"2:08.773",128773,,,,,,,,,8
851,2011,12,20,20,"20","24","timo-glock","virgin","cosworth","pirelli",,,"2:09.566",129566,,,,,,,,,9
851,2011,12,21,,"NC","25","jerome-dambrosio","virgin","cosworth","pirelli",,,"2:11.601",131601,,,,,,,,,9
851,2011,12,22,,"NC","23","vitantonio-liuzzi","hrt","cosworth","pirelli",,,"2:11.616",131616,,,,,,,,,9
851,2011,12,23,,"NC","22","daniel-ricciardo","hrt","cosworth","pirelli",,,"2:13.077",133077,,,,,,,,,9
851,2011,12,24,,"NC","7","michael-schumacher","mercedes","mercedes","pirelli",,,,,,,,,,,,,1
852,2011,13,1,1,"1","1","sebastian-vettel","red-bull","renault","pirelli",,,"1:24.002",84002,"1:22.914",82914,"1:22.275",82275,,,,,15
852,2011,13,2,2,"2","3","lewis-hamilton","mclaren","mercedes","pirelli",,,"1:23.976",83976,"1:23.172",83172,"1:22.725",82725,"+0.450",450,"+0.450",450,16
852,2011,13,3,3,"3","4","jenson-button","mclaren","mercedes","pirelli",,,"1:24.013",84013,"1:23.031",83031,"1:22.777",82777,"+0.502",502,"+0.052",52,17
852,2011,13,4,4,"4","5","fernando-alonso","ferrari","ferrari","pirelli",,,"1:24.134",84134,"1:23.342",83342,"1:22.841",82841,"+0.566",566,"+0.064",64,18
852,2011,13,5,5,"5","2","mark-webber","red-bull","renault","pirelli",,,"1:24.148",84148,"1:23.387",83387,"1:22.972",82972,"+0.697",697,"+0.131",131,14
852,2011,13,6,6,"6","6","felipe-massa","ferrari","ferrari","pirelli",,,"1:24.523",84523,"1:23.681",83681,"1:23.188",83188,"+0.913",913,"+0.216",216,17
852,2011,13,7,7,"7","10","vitaly-petrov","renault","renault","pirelli",,,"1:24.486",84486,"1:23.741",83741,"1:23.530",83530,"+1.255",1255,"+0.342",342,19
852,2011,13,8,8,"8","7","michael-schumacher","mercedes","mercedes","pirelli",,,"1:25.108",85108,"1:23.671",83671,"1:23.777",83777,"+1.502",1502,"+0.247",247,13
852,2011,13,9,9,"9","8","nico-rosberg","mercedes","mercedes","pirelli",,,"1:24.550",84550,"1:23.335",83335,"1:24.477",84477,"+2.202",2202,"+0.700",700,17
852,2011,13,10,10,"10","9","bruno-senna","renault","renault","pirelli",,,"1:24.914",84914,"1:24.157",84157,,,,,,,20
852,2011,13,11,11,"11","15","paul-di-resta","force-india","mercedes","pirelli",,,"1:24.574",84574,"1:24.163",84163,,,,,,,15
852,2011,13,12,12,"12","14","adrian-sutil","force-india","mercedes","pirelli",,,"1:24.595",84595,"1:24.209",84209,,,,,,,18
852,2011,13,13,13,"13","11","rubens-barrichello","williams","cosworth","pirelli",,,"1:24.975",84975,"1:24.648",84648,,,,,,,19
852,2011,13,14,14,"14","12","pastor-maldonado","williams","cosworth","pirelli",,,"1:24.798",84798,"1:24.726",84726,,,,,,,16
852,2011,13,15,15,"15","17","sergio-perez","sauber","ferrari","pirelli",,,"1:25.113",85113,"1:24.845",84845,,,,,,,17
852,2011,13,16,16,"16","18","sebastien-buemi","toro-rosso","ferrari","pirelli",,,"1:25.164",85164,"1:24.932",84932,,,,,,,18
852,2011,13,17,17,"17","16","kamui-kobayashi","sauber","ferrari","pirelli",,,"1:24.879",84879,"1:25.065",85065,,,,,,,16
852,2011,13,18,18,"18","19","jaime-alguersuari","toro-rosso","ferrari","pirelli",,,"1:25.334",85334,,,,,,,,,11
852,2011,13,19,19,"19","21","jarno-trulli","lotus-racing","renault","pirelli",,,"1:26.647",86647,,,,,,,,,12
852,2011,13,20,20,"20","20","heikki-kovalainen","lotus-racing","renault","pirelli",,,"1:27.184",87184,,,,,,,,,13
852,2011,13,21,21,"21","24","timo-glock","virgin","cosworth","pirelli",,,"1:27.591",87591,,,,,,,,,9
852,2011,13,22,22,"22","25","jerome-dambrosio","virgin","cosworth","pirelli",,,"1:27.609",87609,,,,,,,,,11
852,2011,13,23,23,"23","22","daniel-ricciardo","hrt","cosworth","pirelli",,,"1:28.054",88054,,,,,,,,,12
852,2011,13,24,24,"24","23","vitantonio-liuzzi","hrt","cosworth","pirelli",,,"1:28.231",88231,,,,,,,,,11
853,2011,14,1,1,"1","1","sebastian-vettel","red-bull","renault","pirelli",,,"1:46.397",106397,"1:44.931",104931,"1:44.381",104381,,,,,12
853,2011,14,2,2,"2","2","mark-webber","red-bull","renault","pirelli",,,"1:47.332",107332,"1:45.651",105651,"1:44.732",104732,"+0.351",351,"+0.351",351,14
853,2011,14,3,3,"3","4","jenson-button","mclaren","mercedes","pirelli",,,"1:46.956",106956,"1:45.472",105472,"1:44.804",104804,"+0.423",423,"+0.072",72,14
853,2011,14,4,4,"4","3","lewis-hamilton","mclaren","mercedes","pirelli",,,"1:47.014",107014,"1:46.829",106829,"1:44.809",104809,"+0.428",428,"+0.005",5,12
853,2011,14,5,5,"5","5","fernando-alonso","ferrari","ferrari","pirelli",,,"1:47.054",107054,"1:45.779",105779,"1:44.874",104874,"+0.493",493,"+0.065",65,13
853,2011,14,6,6,"6","6","felipe-massa","ferrari","ferrari","pirelli",,,"1:47.945",107945,"1:45.955",105955,"1:45.800",105800,"+1.419",1419,"+0.926",926,14
853,2011,14,7,7,"7","8","nico-rosberg","mercedes","mercedes","pirelli",,,"1:47.688",107688,"1:46.405",106405,"1:46.013",106013,"+1.632",1632,"+0.213",213,11
853,2011,14,8,8,"8","7","michael-schumacher","mercedes","mercedes","pirelli",,,"1:48.819",108819,"1:46.043",106043,,,,,,,11
853,2011,14,9,9,"9","14","adrian-sutil","force-india","mercedes","pirelli",,,"1:47.952",107952,"1:47.093",107093,,,,,,,14
853,2011,14,10,10,"10","15","paul-di-resta","force-india","mercedes","pirelli",,,"1:48.022",108022,"1:47.486",107486,,,,,,,14
853,2011,14,11,11,"11","17","sergio-perez","sauber","ferrari","pirelli",,,"1:47.717",107717,"1:47.616",107616,,,,,,,13
853,2011,14,12,12,"12","11","rubens-barrichello","williams","cosworth","pirelli",,,"1:48.061",108061,"1:48.082",108082,,,,,,,14
853,2011,14,13,13,"13","12","pastor-maldonado","williams","cosworth","pirelli",,,"1:49.710",109710,"1:48.270",108270,,,,,,,16
853,2011,14,14,14,"14","18","sebastien-buemi","toro-rosso","ferrari","pirelli",,,"1:48.753",108753,"1:48.634",108634,,,,,,,11
853,2011,14,15,15,"15","9","bruno-senna","renault","renault","pirelli",,,"1:48.861",108861,"1:48.662",108662,,,,,,,13
853,2011,14,16,16,"16","19","jaime-alguersuari","toro-rosso","ferrari","pirelli",,,"1:49.588",109588,"1:49.862",109862,,,,,,,10
853,2011,14,17,17,"17","16","kamui-kobayashi","sauber","ferrari","pirelli",,,"1:48.054",108054,,,,,,,,,8
853,2011,14,18,18,"18","10","vitaly-petrov","renault","renault","pirelli",,,"1:49.835",109835,,,,,,,,,8
853,2011,14,19,19,"19","20","heikki-kovalainen","lotus-racing","renault","pirelli",,,"1:50.948",110948,,,,,,,,,6
853,2011,14,20,20,"20","21","jarno-trulli","lotus-racing","renault","pirelli",,,"1:51.012",111012,,,,,,,,,6
853,2011,14,21,21,"21","24","timo-glock","virgin","cosworth","pirelli",,,"1:52.154",112154,,,,,,,,,7
853,2011,14,22,22,"22","25","jerome-dambrosio","virgin","cosworth","pirelli",,,"1:52.363",112363,,,,,,,,,6
853,2011,14,23,23,"23","22","daniel-ricciardo","hrt","cosworth","pirelli",,,"1:52.404",112404,,,,,,,,,6
853,2011,14,24,24,"24","23","vitantonio-liuzzi","hrt","cosworth","pirelli",,,"1:52.810",112810,,,,,,,,,6
854,2011,15,1,1,"1","1","sebastian-vettel","red-bull","renault","pirelli",,,"1:33.051",93051,"1:31.424",91424,"1:30.466",90466,,,,,14
854,2011,15,2,2,"2","4","jenson-button","mclaren","mercedes","pirelli",,,"1:32.947",92947,"1:31.434",91434,"1:30.475",90475,"+0.009",9,"+0.009",9,14
854,2011,15,3,3,"3","3","lewis-hamilton","mclaren","mercedes","pirelli",,,"1:32.843",92843,"1:31.139",91139,"1:30.617",90617,"+0.151",151,"+0.142",142,14
854,2011,15,4,4,"4","6","felipe-massa","ferrari","ferrari","pirelli",,,"1:33.235",93235,"1:31.909",91909,"1:30.804",90804,"+0.338",338,"+0.187",187,15
854,2011,15,5,5,"5","5","fernando-alonso","ferrari","ferrari","pirelli",,,"1:32.817",92817,"1:31.612",91612,"1:30.886",90886,"+0.420",420,"+0.082",82,13
854,2011,15,6,6,"6","2","mark-webber","red-bull","renault","pirelli",,,"1:33.135",93135,"1:31.576",91576,"1:31.156",91156,"+0.690",690,"+0.270",270,14
854,2011,15,7,7,"7","7","michael-schumacher","mercedes","mercedes","pirelli",,,"1:33.748",93748,"1:32.116",92116,,,,,,,10
854,2011,15,8,8,"8","9","bruno-senna","renault","renault","pirelli",,,"1:33.359",93359,"1:32.297",92297,,,,,,,12
854,2011,15,9,9,"9","10","vitaly-petrov","renault","renault","pirelli",,,"1:32.877",92877,"1:32.245",92245,,,,,,,17
854,2011,15,10,10,"10","16","kamui-kobayashi","sauber","ferrari","pirelli",,,"1:32.626",92626,"1:32.380",92380,,,,,,,15
854,2011,15,11,11,"11","14","adrian-sutil","force-india","mercedes","pirelli",,,"1:32.761",92761,"1:32.463",92463,,,,,,,14
854,2011,15,12,12,"12","15","paul-di-resta","force-india","mercedes","pirelli",,,"1:33.499",93499,"1:32.746",92746,,,,,,,10
854,2011,15,13,13,"13","11","rubens-barrichello","williams","cosworth","pirelli",,,"1:33.921",93921,"1:33.079",93079,,,,,,,13
854,2011,15,14,14,"14","12","pastor-maldonado","williams","cosworth","pirelli",,,"1:33.781",93781,"1:33.224",93224,,,,,,,14
854,2011,15,15,15,"15","18","sebastien-buemi","toro-rosso","ferrari","pirelli",,,"1:33.064",93064,"1:33.227",93227,,,,,,,10
854,2011,15,16,16,"16","19","jaime-alguersuari","toro-rosso","ferrari","pirelli",,,"1:35.111",95111,"1:33.427",93427,,,,,,,10
854,2011,15,17,17,"17","17","sergio-perez","sauber","ferrari","pirelli",,,"1:34.704",94704,,,,,,,,,6
854,2011,15,18,18,"18","20","heikki-kovalainen","lotus-racing","renault","pirelli",,,"1:35.454",95454,,,,,,,,,3
854,2011,15,19,19,"19","21","jarno-trulli","lotus-racing","renault","pirelli",,,"1:35.514",95514,,,,,,,,,6
854,2011,15,20,20,"20","25","jerome-dambrosio","virgin","cosworth","pirelli",,,"1:36.439",96439,,,,,,,,,8
854,2011,15,21,21,"21","24","timo-glock","virgin","cosworth","pirelli",,,"1:36.507",96507,,,,,,,,,7
854,2011,15,22,22,"22","22","daniel-ricciardo","hrt","cosworth","pirelli",,,"1:37.846",97846,,,,,,,,,7
854,2011,15,23,,"NC","8","nico-rosberg","mercedes","mercedes","pirelli",,,,,,,,,,,,,1
854,2011,15,24,,"NC","23","vitantonio-liuzzi","hrt","cosworth","pirelli",,,,,,,,,,,,,2
855,2011,16,1,1,"1","3","lewis-hamilton","mclaren","mercedes","pirelli",,,"1:37.525",97525,"1:36.526",96526,"1:35.820",95820,,,,,14
855,2011,16,2,2,"2","1","sebastian-vettel","red-bull","renault","pirelli",,,"1:39.093",99093,"1:37.285",97285,"1:36.042",96042,"+0.222",222,"+0.222",222,12
855,2011,16,3,3,"3","4","jenson-button","mclaren","mercedes","pirelli",,,"1:37.929",97929,"1:37.302",97302,"1:36.126",96126,"+0.306",306,"+0.084",84,14
855,2011,16,4,4,"4","2","mark-webber","red-bull","renault","pirelli",,,"1:39.071",99071,"1:37.292",97292,"1:36.468",96468,"+0.648",648,"+0.342",342,11
855,2011,16,5,5,"5","6","felipe-massa","ferrari","ferrari","pirelli",,,"1:38.670",98670,"1:37.313",97313,"1:36.831",96831,"+1.011",1011,"+0.363",363,16
855,2011,16,6,6,"6","5","fernando-alonso","ferrari","ferrari","pirelli",,,"1:38.393",98393,"1:37.352",97352,"1:36.980",96980,"+1.160",1160,"+0.149",149,11
855,2011,16,7,7,"7","8","nico-rosberg","mercedes","mercedes","pirelli",,,"1:38.426",98426,"1:37.892",97892,"1:37.754",97754,"+1.934",1934,"+0.774",774,12
855,2011,16,8,8,"8","10","vitaly-petrov","renault","renault","pirelli",,,"1:38.378",98378,"1:38.186",98186,"1:38.124",98124,"+2.304",2304,"+0.370",370,19
855,2011,16,9,9,"9","15","paul-di-resta","force-india","mercedes","pirelli",,,"1:38.549",98549,"1:38.254",98254,,,,,,,16
855,2011,16,10,10,"10","14","adrian-sutil","force-india","mercedes","pirelli",,,"1:38.789",98789,"1:38.219",98219,,,,,,,14
855,2011,16,11,11,"11","19","jaime-alguersuari","toro-rosso","ferrari","pirelli",,,"1:39.392",99392,"1:38.315",98315,,,,,,,11
855,2011,16,12,12,"12","7","michael-schumacher","mercedes","mercedes","pirelli",,,"1:38.502",98502,"1:38.354",98354,,,,,,,9
855,2011,16,13,13,"13","18","sebastien-buemi","toro-rosso","ferrari","pirelli",,,"1:39.352",99352,"1:38.508",98508,,,,,,,11
855,2011,16,14,14,"14","16","kamui-kobayashi","sauber","ferrari","pirelli",,,"1:39.464",99464,"1:38.775",98775,,,,,,,13
855,2011,16,15,15,"15","9","bruno-senna","renault","renault","pirelli",,,"1:39.316",99316,"1:38.791",98791,,,,,,,14
855,2011,16,16,16,"16","12","pastor-maldonado","williams","cosworth","pirelli",,,"1:39.436",99436,"1:39.189",99189,,,,,,,8
855,2011,16,17,17,"17","17","sergio-perez","sauber","ferrari","pirelli",,,"1:39.097",99097,"1:39.443",99443,,,,,,,14
855,2011,16,18,18,"18","11","rubens-barrichello","williams","cosworth","pirelli",,,"1:39.538",99538,,,,,,,,,4
855,2011,16,19,19,"19","20","heikki-kovalainen","lotus-racing","renault","pirelli",,,"1:40.522",100522,,,,,,,,,6
855,2011,16,20,20,"20","21","jarno-trulli","lotus-racing","renault","pirelli",,,"1:41.101",101101,,,,,,,,,6
855,2011,16,21,21,"21","24","timo-glock","virgin","cosworth","pirelli",,,"1:42.091",102091,,,,,,,,,7
855,2011,16,22,22,"22","25","jerome-dambrosio","virgin","cosworth","pirelli",,,"1:43.483",103483,,,,,,,,,8
855,2011,16,23,23,"23","23","vitantonio-liuzzi","hrt","cosworth","pirelli",,,"1:43.758",103758,,,,,,,,,8
855,2011,16,24,,"NC","22","daniel-ricciardo","hrt","cosworth","pirelli",,,,,,,,,,,,,2
856,2011,17,1,1,"1","1","sebastian-vettel","red-bull","renault","pirelli",,,"1:26.218",86218,"1:24.657",84657,"1:24.178",84178,,,,,16
856,2011,17,2,2,"2","3","lewis-hamilton","mclaren","mercedes","pirelli",,,"1:26.563",86563,"1:25.019",85019,"1:24.474",84474,"+0.296",296,"+0.296",296,18
856,2011,17,3,3,"3","2","mark-webber","red-bull","renault","pirelli",,,"1:26.473",86473,"1:25.282",85282,"1:24.508",84508,"+0.330",330,"+0.034",34,17
856,2011,17,4,4,"4","5","fernando-alonso","ferrari","ferrari","pirelli",,,"1:26.774",86774,"1:25.158",85158,"1:24.519",84519,"+0.341",341,"+0.011",11,19
856,2011,17,5,5,"5","4","jenson-button","mclaren","mercedes","pirelli",,,"1:26.225",86225,"1:25.299",85299,"1:24.950",84950,"+0.772",772,"+0.431",431,20
856,2011,17,6,6,"6","6","felipe-massa","ferrari","ferrari","pirelli",,,"1:27.012",87012,"1:25.522",85522,"1:25.122",85122,"+0.944",944,"+0.172",172,18
856,2011,17,7,7,"7","8","nico-rosberg","mercedes","mercedes","pirelli",,,"1:26.364",86364,"1:25.555",85555,"1:25.451",85451,"+1.273",1273,"+0.329",329,19
856,2011,17,8,8,"8","14","adrian-sutil","force-india","mercedes","pirelli",,,"1:26.271",86271,"1:26.140",86140,,,,,,,19
856,2011,17,9,9,"9","18","sebastien-buemi","toro-rosso","ferrari","pirelli",,,"1:26.608",86608,"1:26.161",86161,,,,,,,19
856,2011,17,10,10,"10","19","jaime-alguersuari","toro-rosso","ferrari","pirelli",,,"1:26.557",86557,"1:26.319",86319,,,,,,,19
856,2011,17,11,11,"11","10","vitaly-petrov","renault","renault","pirelli",,,"1:26.189",86189,"1:26.319",86319,,,,,,,20
856,2011,17,12,12,"12","7","michael-schumacher","mercedes","mercedes","pirelli",,,"1:26.790",86790,"1:26.337",86337,,,,,,,17
856,2011,17,13,13,"13","15","paul-di-resta","force-india","mercedes","pirelli",,,"1:26.864",86864,"1:26.503",86503,,,,,,,15
856,2011,17,14,14,"14","12","pastor-maldonado","williams","cosworth","pirelli",,,"1:26.829",86829,"1:26.537",86537,,,,,,,18
856,2011,17,15,15,"15","9","bruno-senna","renault","renault","pirelli",,,"1:26.766",86766,"1:26.651",86651,,,,,,,16
856,2011,17,16,16,"16","11","rubens-barrichello","williams","cosworth","pirelli",,,"1:27.479",87479,"1:27.247",87247,,,,,,,17
856,2011,17,17,17,"17","17","sergio-perez","sauber","ferrari","pirelli",,,"1:27.249",87249,"1:27.562",87562,,,,,,,10
856,2011,17,18,18,"18","16","kamui-kobayashi","sauber","ferrari","pirelli",,,"1:27.876",87876,,,,,,,,,6
856,2011,17,19,19,"19","20","heikki-kovalainen","lotus-racing","renault","pirelli",,,"1:28.565",88565,,,,,,,,,13
856,2011,17,20,20,"20","21","jarno-trulli","lotus-racing","renault","pirelli",,,"1:28.752",88752,,,,,,,,,13
856,2011,17,21,21,"21","23","daniel-ricciardo","hrt","cosworth","pirelli",,,"1:30.216",90216,,,,,,,,,11
856,2011,17,22,22,"22","22","narain-karthikeyan","hrt","cosworth","pirelli",,,"1:30.238",90238,,,,,,,,,11
856,2011,17,23,23,"23","25","jerome-dambrosio","virgin","cosworth","pirelli",,,"1:30.866",90866,,,,,,,,,14
856,2011,17,24,,"NC","24","timo-glock","virgin","cosworth","pirelli",,,"1:34.046",94046,,,,,,,,,3
857,2011,18,1,1,"1","1","sebastian-vettel","red-bull","renault","pirelli",,,"1:40.478",100478,"1:38.516",98516,"1:38.481",98481,,,,,16
857,2011,18,2,2,"2","3","lewis-hamilton","mclaren","mercedes","pirelli",,,"1:39.782",99782,"1:38.434",98434,"1:38.622",98622,"+0.141",141,"+0.141",141,15
857,2011,18,3,3,"3","4","jenson-button","mclaren","mercedes","pirelli",,,"1:40.227",100227,"1:39.097",99097,"1:38.631",98631,"+0.150",150,"+0.009",9,14
857,2011,18,4,4,"4","2","mark-webber","red-bull","renault","pirelli",,,"1:40.167",100167,"1:38.821",98821,"1:38.858",98858,"+0.377",377,"+0.227",227,19
857,2011,18,5,5,"5","5","fernando-alonso","ferrari","ferrari","pirelli",,,"1:41.380",101380,"1:39.058",99058,"1:39.058",99058,"+0.577",577,"+0.200",200,16
857,2011,18,6,6,"6","6","felipe-massa","ferrari","ferrari","pirelli",,,"1:41.592",101592,"1:39.623",99623,"1:39.695",99695,"+1.214",1214,"+0.637",637,20
857,2011,18,7,7,"7","8","nico-rosberg","mercedes","mercedes","pirelli",,,"1:41.120",101120,"1:39.420",99420,"1:39.773",99773,"+1.292",1292,"+0.078",78,17
857,2011,18,8,8,"8","7","michael-schumacher","mercedes","mercedes","pirelli",,,"1:42.605",102605,"1:40.554",100554,"1:40.662",100662,"+2.181",2181,"+0.889",889,18
857,2011,18,9,9,"9","14","adrian-sutil","force-india","mercedes","pirelli",,,"1:40.595",100595,"1:40.205",100205,"1:40.768",100768,"+2.287",2287,"+0.106",106,17
857,2011,18,10,10,"10","15","paul-di-resta","force-india","mercedes","pirelli",,,"1:41.064",101064,"1:40.414",100414,,,,,,,15
857,2011,18,11,11,"11","17","sergio-perez","sauber","ferrari","pirelli",,,"1:41.311",101311,"1:40.874",100874,,,,,,,18
857,2011,18,12,12,"12","10","vitaly-petrov","renault","renault","pirelli",,,"1:40.955",100955,"1:40.919",100919,,,,,,,18
857,2011,18,13,13,"13","18","sebastien-buemi","toro-rosso","ferrari","pirelli",,,"1:41.737",101737,"1:41.009",101009,,,,,,,15
857,2011,18,14,14,"14","9","bruno-senna","renault","renault","pirelli",,,"1:41.391",101391,"1:41.079",101079,,,,,,,15
857,2011,18,15,15,"15","19","jaime-alguersuari","toro-rosso","ferrari","pirelli",,,"1:41.386",101386,"1:41.162",101162,,,,,,,16
857,2011,18,16,16,"16","16","kamui-kobayashi","sauber","ferrari","pirelli",,,"1:41.613",101613,"1:41.240",101240,,,,,,,17
857,2011,18,17,17,"17","12","pastor-maldonado","williams","cosworth","pirelli",,,"1:42.258",102258,"1:41.760",101760,,,,,,,13
857,2011,18,18,18,"18","20","heikki-kovalainen","lotus-racing","renault","pirelli",,,"1:42.979",102979,,,,,,,,,11
857,2011,18,19,19,"19","21","jarno-trulli","lotus-racing","renault","pirelli",,,"1:43.884",103884,,,,,,,,,11
857,2011,18,20,20,"20","24","timo-glock","virgin","cosworth","pirelli",,,"1:44.515",104515,,,,,,,,,9
857,2011,18,21,21,"21","22","daniel-ricciardo","hrt","cosworth","pirelli",,,"1:44.641",104641,,,,,,,,,9
857,2011,18,22,22,"22","25","jerome-dambrosio","virgin","cosworth","pirelli",,,"1:44.699",104699,,,,,,,,,8
857,2011,18,23,23,"23","23","vitantonio-liuzzi","hrt","cosworth","pirelli",,,"1:45.159",105159,,,,,,,,,8
858,2011,19,1,1,"1","1","sebastian-vettel","red-bull","renault","pirelli",,,"1:13.664",73664,"1:12.446",72446,"1:11.918",71918,,,,,17
858,2011,19,2,2,"2","2","mark-webber","red-bull","renault","pirelli",,,"1:13.467",73467,"1:12.658",72658,"1:12.099",72099,"+0.181",181,"+0.181",181,16
858,2011,19,3,3,"3","4","jenson-button","mclaren","mercedes","pirelli",,,"1:13.281",73281,"1:12.820",72820,"1:12.283",72283,"+0.365",365,"+0.184",184,18
858,2011,19,4,4,"4","3","lewis-hamilton","mclaren","mercedes","pirelli",,,"1:13.361",73361,"1:12.811",72811,"1:12.480",72480,"+0.562",562,"+0.197",197,22
858,2011,19,5,5,"5","5","fernando-alonso","ferrari","ferrari","pirelli",,,"1:13.969",73969,"1:12.870",72870,"1:12.591",72591,"+0.673",673,"+0.111",111,22
858,2011,19,6,6,"6","8","nico-rosberg","mercedes","mercedes","pirelli",,,"1:14.083",74083,"1:12.569",72569,"1:13.050",73050,"+1.132",1132,"+0.459",459,21
858,2011,19,7,7,"7","6","felipe-massa","ferrari","ferrari","pirelli",,,"1:14.269",74269,"1:13.291",73291,"1:13.068",73068,"+1.150",1150,"+0.018",18,18
858,2011,19,8,8,"8","14","adrian-sutil","force-india","mercedes","pirelli",,,"1:13.480",73480,"1:13.261",73261,"1:13.298",73298,"+1.380",1380,"+0.230",230,23
858,2011,19,9,9,"9","9","bruno-senna","renault","renault","pirelli",,,"1:14.453",74453,"1:13.300",73300,"1:13.761",73761,"+1.843",1843,"+0.463",463,20
858,2011,19,10,10,"10","7","michael-schumacher","mercedes","mercedes","pirelli",,,"1:13.694",73694,"1:13.571",73571,,,,,,,18
858,2011,19,11,11,"11","15","paul-di-resta","force-india","mercedes","pirelli",,,"1:13.733",73733,"1:13.584",73584,,,,,,,17
858,2011,19,12,12,"12","11","rubens-barrichello","williams","cosworth","pirelli",,,"1:14.117",74117,"1:13.801",73801,,,,,,,17
858,2011,19,13,13,"13","19","jaime-alguersuari","toro-rosso","ferrari","pirelli",,,"1:14.225",74225,"1:13.804",73804,,,,,,,18
858,2011,19,14,14,"14","18","sebastien-buemi","toro-rosso","ferrari","pirelli",,,"1:14.500",74500,"1:13.919",73919,,,,,,,22
858,2011,19,15,15,"15","10","vitaly-petrov","renault","renault","pirelli",,,"1:13.859",73859,"1:14.053",74053,,,,,,,16
858,2011,19,16,16,"16","16","kamui-kobayashi","sauber","ferrari","pirelli",,,"1:14.571",74571,"1:14.129",74129,,,,,,,18
858,2011,19,17,17,"17","17","sergio-perez","sauber","ferrari","pirelli",,,"1:14.430",74430,"1:14.182",74182,,,,,,,21
858,2011,19,18,18,"18","12","pastor-maldonado","williams","cosworth","pirelli",,,"1:14.625",74625,,,,,,,,,11
858,2011,19,19,19,"19","20","heikki-kovalainen","lotus-racing","renault","pirelli",,,"1:15.068",75068,,,,,,,,,11
858,2011,19,20,20,"20","21","jarno-trulli","lotus-racing","renault","pirelli",,,"1:15.358",75358,,,,,,,,,14
858,2011,19,21,21,"21","23","vitantonio-liuzzi","hrt","cosworth","pirelli",,,"1:16.631",76631,,,,,,,,,8
858,2011,19,22,22,"22","22","daniel-ricciardo","hrt","cosworth","pirelli",,,"1:16.890",76890,,,,,,,,,9
858,2011,19,23,23,"23","25","jerome-dambrosio","virgin","cosworth","pirelli",,,"1:17.019",77019,,,,,,,,,10
858,2011,19,24,24,"24","24","timo-glock","virgin","cosworth","pirelli",,,"1:17.060",77060,,,,,,,,,10
859,2012,1,1,1,"1","4","lewis-hamilton","mclaren","mercedes","pirelli",,,"1:26.800",86800,"1:25.626",85626,"1:24.922",84922,,,,,14
859,2012,1,2,2,"2","3","jenson-button","mclaren","mercedes","pirelli",,,"1:26.832",86832,"1:25.663",85663,"1:25.074",85074,"+0.152",152,"+0.152",152,15
859,2012,1,3,3,"3","10","romain-grosjean","lotus-f1","renault","pirelli",,,"1:26.498",86498,"1:25.845",85845,"1:25.302",85302,"+0.380",380,"+0.228",228,21
859,2012,1,4,4,"4","7","michael-schumacher","mercedes","mercedes","pirelli",,,"1:26.586",86586,"1:25.571",85571,"1:25.336",85336,"+0.414",414,"+0.034",34,18
859,2012,1,5,5,"5","2","mark-webber","red-bull","renault","pirelli",,,"1:27.117",87117,"1:26.297",86297,"1:25.651",85651,"+0.729",729,"+0.315",315,17
859,2012,1,6,6,"6","1","sebastian-vettel","red-bull","renault","pirelli",,,"1:26.773",86773,"1:25.982",85982,"1:25.668",85668,"+0.746",746,"+0.017",17,18
859,2012,1,7,7,"7","8","nico-rosberg","mercedes","mercedes","pirelli",,,"1:26.763",86763,"1:25.469",85469,"1:25.686",85686,"+0.764",764,"+0.018",18,16
859,2012,1,8,8,"8","18","pastor-maldonado","williams","renault","pirelli",,,"1:26.803",86803,"1:26.206",86206,"1:25.908",85908,"+0.986",986,"+0.222",222,20
859,2012,1,9,9,"9","12","nico-hulkenberg","force-india","mercedes","pirelli",,,"1:27.464",87464,"1:26.314",86314,"1:26.451",86451,"+1.529",1529,"+0.543",543,18
859,2012,1,10,10,"10","16","daniel-ricciardo","toro-rosso","ferrari","pirelli",,,"1:27.024",87024,"1:26.319",86319,,,,,,,16
859,2012,1,11,11,"11","17","jean-eric-vergne","toro-rosso","ferrari","pirelli",,,"1:26.493",86493,"1:26.429",86429,,,,,,,12
859,2012,1,12,12,"12","5","fernando-alonso","ferrari","ferrari","pirelli",,,"1:26.688",86688,"1:26.494",86494,,,,,,,12
859,2012,1,13,13,"13","14","kamui-kobayashi","sauber","ferrari","pirelli",,,"1:26.182",86182,"1:26.590",86590,,,,,,,12
859,2012,1,14,14,"14","19","bruno-senna","williams","renault","pirelli",,,"1:27.004",87004,"1:26.663",86663,,,,,,,16
859,2012,1,15,15,"15","11","paul-di-resta","force-india","mercedes","pirelli",,,"1:27.469",87469,"1:27.086",87086,,,,,,,16
859,2012,1,16,16,"16","6","felipe-massa","ferrari","ferrari","pirelli",,,"1:27.633",87633,"1:27.497",87497,,,,,,,16
859,2012,1,17,17,"17","15","sergio-perez","sauber","ferrari","pirelli",,,"1:26.596",86596,,,,,,,,,11
859,2012,1,18,18,"18","9","kimi-raikkonen","lotus-f1","renault","pirelli",,,"1:27.758",87758,,,,,,,,,9
859,2012,1,19,19,"19","20","heikki-kovalainen","caterham","renault","pirelli",,,"1:28.679",88679,,,,,,,,,7
859,2012,1,20,20,"20","21","vitaly-petrov","caterham","renault","pirelli",,,"1:29.018",89018,,,,,,,,,8
859,2012,1,21,21,"21","24","timo-glock","marussia","cosworth","pirelli",,,"1:30.923",90923,,,,,,,,,10
859,2012,1,22,22,"22","25","charles-pic","marussia","cosworth","pirelli",,,"1:31.670",91670,,,,,,,,,9
859,2012,1,23,,"NC","22","pedro-de-la-rosa","hrt","cosworth","pirelli",,,"1:33.495",93495,,,,,,,,,6
859,2012,1,24,,"NC","23","narain-karthikeyan","hrt","cosworth","pirelli",,,"1:33.643",93643,,,,,,,,,6
860,2012,2,1,1,"1","4","lewis-hamilton","mclaren","mercedes","pirelli",,,"1:37.813",97813,"1:37.106",97106,"1:36.219",96219,,,,,14
860,2012,2,2,2,"2","3","jenson-button","mclaren","mercedes","pirelli",,,"1:37.575",97575,"1:36.928",96928,"1:36.368",96368,"+0.149",149,"+0.149",149,14
860,2012,2,3,3,"3","7","michael-schumacher","mercedes","mercedes","pirelli",,,"1:37.517",97517,"1:37.017",97017,"1:36.391",96391,"+0.172",172,"+0.023",23,14
860,2012,2,4,4,"4","2","mark-webber","red-bull","renault","pirelli",,,"1:37.172",97172,"1:37.375",97375,"1:36.461",96461,"+0.242",242,"+0.070",70,19
860,2012,2,5,5,"5","9","kimi-raikkonen","lotus-f1","renault","pirelli",,,"1:37.961",97961,"1:36.715",96715,"1:36.461",96461,"+0.242",242,"+0.000",0,13
860,2012,2,6,6,"6","1","sebastian-vettel","red-bull","renault","pirelli",,,"1:38.102",98102,"1:37.419",97419,"1:36.634",96634,"+0.415",415,"+0.173",173,14
860,2012,2,7,7,"7","10","romain-grosjean","lotus-f1","renault","pirelli",,,"1:38.058",98058,"1:37.338",97338,"1:36.658",96658,"+0.439",439,"+0.024",24,14
860,2012,2,8,8,"8","8","nico-rosberg","mercedes","mercedes","pirelli",,,"1:37.696",97696,"1:36.996",96996,"1:36.664",96664,"+0.445",445,"+0.006",6,14
860,2012,2,9,9,"9","5","fernando-alonso","ferrari","ferrari","pirelli",,,"1:38.151",98151,"1:37.379",97379,"1:37.566",97566,"+1.347",1347,"+0.902",902,16
860,2012,2,10,10,"10","15","sergio-perez","sauber","ferrari","pirelli",,,"1:37.933",97933,"1:37.477",97477,"1:37.698",97698,"+1.479",1479,"+0.132",132,17
860,2012,2,11,11,"11","18","pastor-maldonado","williams","renault","pirelli",,,"1:37.789",97789,"1:37.589",97589,,,,,,,14
860,2012,2,12,12,"12","6","felipe-massa","ferrari","ferrari","pirelli",,,"1:38.381",98381,"1:37.731",97731,,,,,,,15
860,2012,2,13,13,"13","19","bruno-senna","williams","renault","pirelli",,,"1:38.437",98437,"1:37.841",97841,,,,,,,13
860,2012,2,14,14,"14","11","paul-di-resta","force-india","mercedes","pirelli",,,"1:38.325",98325,"1:37.877",97877,,,,,,,15
860,2012,2,15,15,"15","16","daniel-ricciardo","toro-rosso","ferrari","pirelli",,,"1:38.419",98419,"1:37.883",97883,,,,,,,14
860,2012,2,16,16,"16","12","nico-hulkenberg","force-india","mercedes","pirelli",,,"1:38.303",98303,"1:37.890",97890,,,,,,,13
860,2012,2,17,17,"17","14","kamui-kobayashi","sauber","ferrari","pirelli",,,"1:38.372",98372,"1:38.069",98069,,,,,,,12
860,2012,2,18,18,"18","17","jean-eric-vergne","toro-rosso","ferrari","pirelli",,,"1:39.077",99077,,,,,,,,,7
860,2012,2,19,19,"19","20","heikki-kovalainen","caterham","renault","pirelli",,,"1:39.306",99306,,,,,,,,,9
860,2012,2,20,20,"20","21","vitaly-petrov","caterham","renault","pirelli",,,"1:39.567",99567,,,,,,,,,6
860,2012,2,21,21,"21","24","timo-glock","marussia","cosworth","pirelli",,,"1:40.903",100903,,,,,,,,,8
860,2012,2,22,22,"22","25","charles-pic","marussia","cosworth","pirelli",,,"1:41.250",101250,,,,,,,,,8
860,2012,2,23,23,"23","22","pedro-de-la-rosa","hrt","cosworth","pirelli",,,"1:42.914",102914,,,,,,,,,4
860,2012,2,24,24,"24","23","narain-karthikeyan","hrt","cosworth","pirelli",,,"1:43.655",103655,,,,,,,,,6
861,2012,3,1,1,"1","8","nico-rosberg","mercedes","mercedes","pirelli",,,"1:36.875",96875,"1:35.725",95725,"1:35.121",95121,,,,,11
861,2012,3,2,2,"2","4","lewis-hamilton","mclaren","mercedes","pirelli",,,"1:36.763",96763,"1:35.902",95902,"1:35.626",95626,"+0.505",505,"+0.505",505,14
861,2012,3,3,3,"3","7","michael-schumacher","mercedes","mercedes","pirelli",,,"1:36.797",96797,"1:35.794",95794,"1:35.691",95691,"+0.570",570,"+0.065",65,13
861,2012,3,4,4,"4","14","kamui-kobayashi","sauber","ferrari","pirelli",,,"1:36.863",96863,"1:35.853",95853,"1:35.784",95784,"+0.663",663,"+0.093",93,13
861,2012,3,5,5,"5","9","kimi-raikkonen","lotus-f1","renault","pirelli",,,"1:36.850",96850,"1:35.921",95921,"1:35.898",95898,"+0.777",777,"+0.114",114,15
861,2012,3,6,6,"6","3","jenson-button","mclaren","mercedes","pirelli",,,"1:36.746",96746,"1:35.942",95942,"1:36.191",96191,"+1.070",1070,"+0.293",293,16
861,2012,3,7,7,"7","2","mark-webber","red-bull","renault","pirelli",,,"1:36.682",96682,"1:35.700",95700,"1:36.290",96290,"+1.169",1169,"+0.099",99,14
861,2012,3,8,8,"8","15","sergio-perez","sauber","ferrari","pirelli",,,"1:36.198",96198,"1:35.831",95831,"1:36.524",96524,"+1.403",1403,"+0.234",234,17
861,2012,3,9,9,"9","5","fernando-alonso","ferrari","ferrari","pirelli",,,"1:36.292",96292,"1:35.982",95982,"1:36.622",96622,"+1.501",1501,"+0.098",98,17
861,2012,3,10,10,"10","10","romain-grosjean","lotus-f1","renault","pirelli",,,"1:36.343",96343,"1:35.903",95903,,,,,,,15
861,2012,3,11,11,"11","1","sebastian-vettel","red-bull","renault","pirelli",,,"1:36.911",96911,"1:36.031",96031,,,,,,,11
861,2012,3,12,12,"12","6","felipe-massa","ferrari","ferrari","pirelli",,,"1:36.556",96556,"1:36.255",96255,,,,,,,14
861,2012,3,13,13,"13","18","pastor-maldonado","williams","renault","pirelli",,,"1:36.528",96528,"1:36.283",96283,,,,,,,14
861,2012,3,14,14,"14","19","bruno-senna","williams","renault","pirelli",,,"1:36.674",96674,"1:36.289",96289,,,,,,,14
861,2012,3,15,15,"15","11","paul-di-resta","force-india","mercedes","pirelli",,,"1:36.639",96639,"1:36.317",96317,,,,,,,14
861,2012,3,16,16,"16","12","nico-hulkenberg","force-india","mercedes","pirelli",,,"1:36.921",96921,"1:36.745",96745,,,,,,,14
861,2012,3,17,17,"17","16","daniel-ricciardo","toro-rosso","ferrari","pirelli",,,"1:36.933",96933,"1:36.956",96956,,,,,,,14
861,2012,3,18,18,"18","17","jean-eric-vergne","toro-rosso","ferrari","pirelli",,,"1:37.714",97714,,,,,,,,,8
861,2012,3,19,19,"19","20","heikki-kovalainen","caterham","renault","pirelli",,,"1:38.463",98463,,,,,,,,,9
861,2012,3,20,20,"20","21","vitaly-petrov","caterham","renault","pirelli",,,"1:38.677",98677,,,,,,,,,7
861,2012,3,21,21,"21","24","timo-glock","marussia","cosworth","pirelli",,,"1:39.282",99282,,,,,,,,,10
861,2012,3,22,22,"22","25","charles-pic","marussia","cosworth","pirelli",,,"1:39.717",99717,,,,,,,,,10
861,2012,3,23,23,"23","22","pedro-de-la-rosa","hrt","cosworth","pirelli",,,"1:40.411",100411,,,,,,,,,7
861,2012,3,24,24,"24","23","narain-karthikeyan","hrt","cosworth","pirelli",,,"1:41.000",101000,,,,,,,,,10
862,2012,4,1,1,"1","1","sebastian-vettel","red-bull","renault","pirelli",,,"1:34.308",94308,"1:33.527",93527,"1:32.422",92422,,,,,18
862,2012,4,2,2,"2","4","lewis-hamilton","mclaren","mercedes","pirelli",,,"1:34.813",94813,"1:33.209",93209,"1:32.520",92520,"+0.098",98,"+0.098",98,13
862,2012,4,3,3,"3","2","mark-webber","red-bull","renault","pirelli",,,"1:34.015",94015,"1:33.311",93311,"1:32.637",92637,"+0.215",215,"+0.117",117,17
862,2012,4,4,4,"4","3","jenson-button","mclaren","mercedes","pirelli",,,"1:34.792",94792,"1:33.416",93416,"1:32.711",92711,"+0.289",289,"+0.074",74,12
862,2012,4,5,5,"5","8","nico-rosberg","mercedes","mercedes","pirelli",,,"1:34.588",94588,"1:33.219",93219,"1:32.821",92821,"+0.399",399,"+0.110",110,10
862,2012,4,6,6,"6","16","daniel-ricciardo","toro-rosso","ferrari","pirelli",,,"1:33.988",93988,"1:33.556",93556,"1:32.912",92912,"+0.490",490,"+0.091",91,17
862,2012,4,7,7,"7","10","romain-grosjean","lotus-f1","renault","pirelli",,,"1:34.041",94041,"1:33.246",93246,"1:33.008",93008,"+0.586",586,"+0.096",96,13
862,2012,4,8,8,"8","15","sergio-perez","sauber","ferrari","pirelli",,,"1:33.814",93814,"1:33.660",93660,"1:33.394",93394,"+0.972",972,"+0.386",386,17
862,2012,4,9,9,"9","5","fernando-alonso","ferrari","ferrari","pirelli",,,"1:34.760",94760,"1:33.403",93403,,,,,,,11
862,2012,4,10,10,"10","11","paul-di-resta","force-india","mercedes","pirelli",,,"1:34.624",94624,"1:33.510",93510,,,,,,,15
862,2012,4,11,11,"11","9","kimi-raikkonen","lotus-f1","renault","pirelli",,,"1:34.552",94552,"1:33.789",93789,,,,,,,6
862,2012,4,12,12,"12","14","kamui-kobayashi","sauber","ferrari","pirelli",,,"1:34.131",94131,"1:33.806",93806,,,,,,,13
862,2012,4,13,13,"13","12","nico-hulkenberg","force-india","mercedes","pirelli",,,"1:34.601",94601,"1:33.807",93807,,,,,,,12
862,2012,4,14,14,"14","6","felipe-massa","ferrari","ferrari","pirelli",,,"1:34.372",94372,"1:33.912",93912,,,,,,,14
862,2012,4,15,15,"15","19","bruno-senna","williams","renault","pirelli",,,"1:34.466",94466,"1:34.017",94017,,,,,,,14
862,2012,4,16,16,"16","20","heikki-kovalainen","caterham","renault","pirelli",,,"1:34.852",94852,"1:36.132",96132,,,,,,,10
862,2012,4,17,17,"17","18","pastor-maldonado","williams","renault","pirelli",,,"1:34.639",94639,,,,,,,,,8
862,2012,4,18,18,"18","7","michael-schumacher","mercedes","mercedes","pirelli",,,"1:34.865",94865,,,,,,,,,5
862,2012,4,19,19,"19","17","jean-eric-vergne","toro-rosso","ferrari","pirelli",,,"1:35.014",95014,,,,,,,,,8
862,2012,4,20,20,"20","21","vitaly-petrov","caterham","renault","pirelli",,,"1:35.823",95823,,,,,,,,,7
862,2012,4,21,21,"21","25","charles-pic","marussia","cosworth","pirelli",,,"1:37.683",97683,,,,,,,,,8
862,2012,4,22,22,"22","22","pedro-de-la-rosa","hrt","cosworth","pirelli",,,"1:37.883",97883,,,,,,,,,6
862,2012,4,23,23,"23","24","timo-glock","marussia","cosworth","pirelli",,,"1:37.905",97905,,,,,,,,,7
862,2012,4,24,24,"24","23","narain-karthikeyan","hrt","cosworth","pirelli",,,"1:38.314",98314,,,,,,,,,7
863,2012,5,1,1,"1","18","pastor-maldonado","williams","renault","pirelli",,,"1:23.380",83380,"1:22.105",82105,"1:22.285",82285,,,,,14
863,2012,5,2,2,"2","5","fernando-alonso","ferrari","ferrari","pirelli",,,"1:23.276",83276,"1:22.862",82862,"1:22.302",82302,"+0.017",17,"+0.017",17,15
863,2012,5,3,3,"3","10","romain-grosjean","lotus-f1","renault","pirelli",,,"1:23.248",83248,"1:22.667",82667,"1:22.424",82424,"+0.139",139,"+0.122",122,14
863,2012,5,4,4,"4","9","kimi-raikkonen","lotus-f1","renault","pirelli",,,"1:23.406",83406,"1:22.856",82856,"1:22.487",82487,"+0.202",202,"+0.063",63,13
863,2012,5,5,5,"5","15","sergio-perez","sauber","ferrari","pirelli",,,"1:24.261",84261,"1:22.773",82773,"1:22.533",82533,"+0.248",248,"+0.046",46,14
863,2012,5,6,6,"6","8","nico-rosberg","mercedes","mercedes","pirelli",,,"1:23.370",83370,"1:22.882",82882,"1:23.005",83005,"+0.720",720,"+0.472",472,17
863,2012,5,7,7,"7","1","sebastian-vettel","red-bull","renault","pirelli",,,"1:23.850",83850,"1:22.884",82884,,,,,,,14
863,2012,5,8,8,"8","7","michael-schumacher","mercedes","mercedes","pirelli",,,"1:23.757",83757,"1:22.904",82904,,,,,,,15
863,2012,5,9,9,"9","14","kamui-kobayashi","sauber","ferrari","pirelli",,,"1:23.386",83386,"1:22.897",82897,,,,,,,14
863,2012,5,10,10,"10","3","jenson-button","mclaren","mercedes","pirelli",,,"1:23.510",83510,"1:22.944",82944,,,,,,,13
863,2012,5,11,11,"11","2","mark-webber","red-bull","renault","pirelli",,,"1:23.592",83592,"1:22.977",82977,,,,,,,8
863,2012,5,12,12,"12","11","paul-di-resta","force-india","mercedes","pirelli",,,"1:23.852",83852,"1:23.125",83125,,,,,,,14
863,2012,5,13,13,"13","12","nico-hulkenberg","force-india","mercedes","pirelli",,,"1:23.720",83720,"1:23.177",83177,,,,,,,13
863,2012,5,14,14,"14","17","jean-eric-vergne","toro-rosso","ferrari","pirelli",,,"1:24.362",84362,"1:23.265",83265,,,,,,,11
863,2012,5,15,15,"15","16","daniel-ricciardo","toro-rosso","ferrari","pirelli",,,"1:23.906",83906,"1:23.442",83442,,,,,,,11
863,2012,5,16,16,"16","6","felipe-massa","ferrari","ferrari","pirelli",,,"1:23.886",83886,"1:23.444",83444,,,,,,,12
863,2012,5,17,17,"17","19","bruno-senna","williams","renault","pirelli",,,"1:24.981",84981,,,,,,,,,8
863,2012,5,18,18,"18","21","vitaly-petrov","caterham","renault","pirelli",,,"1:25.277",85277,,,,,,,,,8
863,2012,5,19,19,"19","20","heikki-kovalainen","caterham","renault","pirelli",,,"1:25.507",85507,,,,,,,,,8
863,2012,5,20,20,"20","25","charles-pic","marussia","cosworth","pirelli",,,"1:26.582",86582,,,,,,,,,8
863,2012,5,21,21,"21","24","timo-glock","marussia","cosworth","pirelli",,,"1:27.032",87032,,,,,,,,,8
863,2012,5,22,22,"22","22","pedro-de-la-rosa","hrt","cosworth","pirelli",,,"1:27.555",87555,,,,,,,,,6
863,2012,5,23,,"NC","23","narain-karthikeyan","hrt","cosworth","pirelli",,,"1:31.122",91122,,,,,,,,,4
863,2012,5,24,,"EX","4","lewis-hamilton","mclaren","mercedes","pirelli",,,"1:22.583",82583,"1:22.465",82465,"1:21.707",81707,,,,,17
864,2012,6,1,1,"1","7","michael-schumacher","mercedes","mercedes","pirelli",,,"1:15.873",75873,"1:15.062",75062,"1:14.301",74301,,,,,22
864,2012,6,2,2,"2","2","mark-webber","red-bull","renault","pirelli",,,"1:16.013",76013,"1:15.035",75035,"1:14.381",74381,"+0.080",80,"+0.080",80,19
864,2012,6,3,3,"3","8","nico-rosberg","mercedes","mercedes","pirelli",,,"1:15.900",75900,"1:15.022",75022,"1:14.448",74448,"+0.147",147,"+0.067",67,21
864,2012,6,4,4,"4","4","lewis-hamilton","mclaren","mercedes","pirelli",,,"1:16.063",76063,"1:15.166",75166,"1:14.583",74583,"+0.282",282,"+0.135",135,20
864,2012,6,5,5,"5","10","romain-grosjean","lotus-f1","renault","pirelli",,,"1:15.718",75718,"1:15.219",75219,"1:14.639",74639,"+0.338",338,"+0.056",56,27
864,2012,6,6,6,"6","5","fernando-alonso","ferrari","ferrari","pirelli",,,"1:16.153",76153,"1:15.128",75128,"1:14.948",74948,"+0.647",647,"+0.309",309,22
864,2012,6,7,7,"7","6","felipe-massa","ferrari","ferrari","pirelli",,,"1:15.983",75983,"1:14.911",74911,"1:15.049",75049,"+0.748",748,"+0.101",101,19
864,2012,6,8,8,"8","9","kimi-raikkonen","lotus-f1","renault","pirelli",,,"1:15.889",75889,"1:15.322",75322,"1:15.199",75199,"+0.898",898,"+0.150",150,28
864,2012,6,9,9,"9","18","pastor-maldonado","williams","renault","pirelli",,,"1:16.017",76017,"1:15.026",75026,"1:15.245",75245,"+0.944",944,"+0.046",46,22
864,2012,6,10,10,"10","1","sebastian-vettel","red-bull","renault","pirelli",,,"1:15.757",75757,"1:15.234",75234,,,,,,,24
864,2012,6,11,11,"11","12","nico-hulkenberg","force-india","mercedes","pirelli",,,"1:15.418",75418,"1:15.421",75421,,,,,,,17
864,2012,6,12,12,"12","14","kamui-kobayashi","sauber","ferrari","pirelli",,,"1:15.648",75648,"1:15.508",75508,,,,,,,19
864,2012,6,13,13,"13","3","jenson-button","mclaren","mercedes","pirelli",,,"1:16.399",76399,"1:15.536",75536,,,,,,,18
864,2012,6,14,14,"14","19","bruno-senna","williams","renault","pirelli",,,"1:15.923",75923,"1:15.709",75709,,,,,,,20
864,2012,6,15,15,"15","11","paul-di-resta","force-india","mercedes","pirelli",,,"1:16.062",76062,"1:15.718",75718,,,,,,,14
864,2012,6,16,16,"16","16","daniel-ricciardo","toro-rosso","ferrari","pirelli",,,"1:16.360",76360,"1:15.878",75878,,,,,,,19
864,2012,6,17,17,"17","17","jean-eric-vergne","toro-rosso","ferrari","pirelli",,,"1:16.491",76491,"1:16.885",76885,,,,,,,14
864,2012,6,18,18,"18","20","heikki-kovalainen","caterham","renault","pirelli",,,"1:16.538",76538,,,,,,,,,13
864,2012,6,19,19,"19","21","vitaly-petrov","caterham","renault","pirelli",,,"1:17.404",77404,,,,,,,,,13
864,2012,6,20,20,"20","24","timo-glock","marussia","cosworth","pirelli",,,"1:17.947",77947,,,,,,,,,11
864,2012,6,21,21,"21","22","pedro-de-la-rosa","hrt","cosworth","pirelli",,,"1:18.096",78096,,,,,,,,,11
864,2012,6,22,22,"22","25","charles-pic","marussia","cosworth","pirelli",,,"1:18.476",78476,,,,,,,,,12
864,2012,6,23,23,"23","23","narain-karthikeyan","hrt","cosworth","pirelli",,,"1:19.310",79310,,,,,,,,,8
864,2012,6,24,,"NC","15","sergio-perez","sauber","ferrari","pirelli",,,,,,,,,,,,,2
865,2012,7,1,1,"1","1","sebastian-vettel","red-bull","renault","pirelli",,,"1:14.661",74661,"1:14.187",74187,"1:13.784",73784,,,,,16
865,2012,7,2,2,"2","4","lewis-hamilton","mclaren","mercedes","pirelli",,,"1:14.891",74891,"1:14.371",74371,"1:14.087",74087,"+0.303",303,"+0.303",303,22
865,2012,7,3,3,"3","5","fernando-alonso","ferrari","ferrari","pirelli",,,"1:14.916",74916,"1:14.314",74314,"1:14.151",74151,"+0.367",367,"+0.064",64,23
865,2012,7,4,4,"4","2","mark-webber","red-bull","renault","pirelli",,,"1:14.956",74956,"1:14.479",74479,"1:14.346",74346,"+0.562",562,"+0.195",195,19
865,2012,7,5,5,"5","8","nico-rosberg","mercedes","mercedes","pirelli",,,"1:15.098",75098,"1:14.568",74568,"1:14.411",74411,"+0.627",627,"+0.065",65,25
865,2012,7,6,6,"6","6","felipe-massa","ferrari","ferrari","pirelli",,,"1:15.194",75194,"1:14.641",74641,"1:14.465",74465,"+0.681",681,"+0.054",54,24
865,2012,7,7,7,"7","10","romain-grosjean","lotus-f1","renault","pirelli",,,"1:15.163",75163,"1:14.627",74627,"1:14.645",74645,"+0.861",861,"+0.180",180,28
865,2012,7,8,8,"8","11","paul-di-resta","force-india","mercedes","pirelli",,,"1:15.019",75019,"1:14.639",74639,"1:14.705",74705,"+0.921",921,"+0.060",60,22
865,2012,7,9,9,"9","7","michael-schumacher","mercedes","mercedes","pirelli",,,"1:14.892",74892,"1:14.480",74480,"1:14.812",74812,"+1.028",1028,"+0.107",107,18
865,2012,7,10,10,"10","3","jenson-button","mclaren","mercedes","pirelli",,,"1:14.799",74799,"1:14.680",74680,"1:15.182",75182,"+1.398",1398,"+0.370",370,24
865,2012,7,11,11,"11","14","kamui-kobayashi","sauber","ferrari","pirelli",,,"1:15.101",75101,"1:14.688",74688,,,,,,,21
865,2012,7,12,12,"12","9","kimi-raikkonen","lotus-f1","renault","pirelli",,,"1:14.995",74995,"1:14.734",74734,,,,,,,22
865,2012,7,13,13,"13","12","nico-hulkenberg","force-india","mercedes","pirelli",,,"1:15.106",75106,"1:14.748",74748,,,,,,,18
865,2012,7,14,14,"14","16","daniel-ricciardo","toro-rosso","ferrari","pirelli",,,"1:15.552",75552,"1:15.078",75078,,,,,,,21
865,2012,7,15,15,"15","15","sergio-perez","sauber","ferrari","pirelli",,,"1:15.326",75326,"1:15.156",75156,,,,,,,21
865,2012,7,16,16,"16","19","bruno-senna","williams","renault","pirelli",,,"1:14.995",74995,"1:15.170",75170,,,,,,,20
865,2012,7,17,17,"17","18","pastor-maldonado","williams","renault","pirelli",,,"1:14.979",74979,"1:15.231",75231,,,,,,,21
865,2012,7,18,18,"18","20","heikki-kovalainen","caterham","renault","pirelli",,,"1:16.263",76263,,,,,,,,,12
865,2012,7,19,19,"19","21","vitaly-petrov","caterham","renault","pirelli",,,"1:16.482",76482,,,,,,,,,10
865,2012,7,20,20,"20","17","jean-eric-vergne","toro-rosso","ferrari","pirelli",,,"1:16.602",76602,,,,,,,,,12
865,2012,7,21,21,"21","22","pedro-de-la-rosa","hrt","cosworth","pirelli",,,"1:17.492",77492,,,,,,,,,8
865,2012,7,22,22,"22","24","timo-glock","marussia","cosworth","pirelli",,,"1:17.901",77901,,,,,,,,,10
865,2012,7,23,23,"23","25","charles-pic","marussia","cosworth","pirelli",,,"1:18.255",78255,,,,,,,,,9
865,2012,7,24,24,"24","23","narain-karthikeyan","hrt","cosworth","pirelli",,,"1:18.330",78330,,,,,,,,,9
866,2012,8,1,1,"1","1","sebastian-vettel","red-bull","renault","pirelli",,,"1:39.626",99626,"1:38.530",98530,"1:38.086",98086,,,,,15
866,2012,8,2,2,"2","4","lewis-hamilton","mclaren","mercedes","pirelli",,,"1:39.169",99169,"1:38.616",98616,"1:38.410",98410,"+0.324",324,"+0.324",324,17
866,2012,8,3,3,"3","18","pastor-maldonado","williams","renault","pirelli",,,"1:38.825",98825,"1:38.570",98570,"1:38.475",98475,"+0.389",389,"+0.065",65,21
866,2012,8,4,4,"4","10","romain-grosjean","lotus-f1","renault","pirelli",,,"1:39.530",99530,"1:38.489",98489,"1:38.505",98505,"+0.419",419,"+0.030",30,16
866,2012,8,5,5,"5","9","kimi-raikkonen","lotus-f1","renault","pirelli",,,"1:39.464",99464,"1:38.531",98531,"1:38.513",98513,"+0.427",427,"+0.008",8,16
866,2012,8,6,6,"6","8","nico-rosberg","mercedes","mercedes","pirelli",,,"1:39.061",99061,"1:38.504",98504,"1:38.623",98623,"+0.537",537,"+0.110",110,17
866,2012,8,7,7,"7","14","kamui-kobayashi","sauber","ferrari","pirelli",,,"1:39.651",99651,"1:38.703",98703,"1:38.741",98741,"+0.655",655,"+0.118",118,12
866,2012,8,8,8,"8","12","nico-hulkenberg","force-india","mercedes","pirelli",,,"1:39.009",99009,"1:38.689",98689,"1:38.752",98752,"+0.666",666,"+0.011",11,19
866,2012,8,9,9,"9","3","jenson-button","mclaren","mercedes","pirelli",,,"1:39.622",99622,"1:38.563",98563,"1:38.801",98801,"+0.715",715,"+0.049",49,16
866,2012,8,10,10,"10","11","paul-di-resta","force-india","mercedes","pirelli",,,"1:38.858",98858,"1:38.519",98519,"1:38.992",98992,"+0.906",906,"+0.191",191,18
866,2012,8,11,11,"11","5","fernando-alonso","ferrari","ferrari","pirelli",,,"1:39.409",99409,"1:38.707",98707,,,,,,,14
866,2012,8,12,12,"12","7","michael-schumacher","mercedes","mercedes","pirelli",,,"1:39.447",99447,"1:38.770",98770,,,,,,,12
866,2012,8,13,13,"13","6","felipe-massa","ferrari","ferrari","pirelli",,,"1:39.388",99388,"1:38.780",98780,,,,,,,14
866,2012,8,14,14,"14","19","bruno-senna","williams","renault","pirelli",,,"1:39.449",99449,"1:39.207",99207,,,,,,,15
866,2012,8,15,15,"15","15","sergio-perez","sauber","ferrari","pirelli",,,"1:39.353",99353,"1:39.358",99358,,,,,,,14
866,2012,8,16,16,"16","20","heikki-kovalainen","caterham","renault","pirelli",,,"1:40.087",100087,"1:40.295",100295,,,,,,,11
866,2012,8,17,17,"17","16","daniel-ricciardo","toro-rosso","ferrari","pirelli",,,"1:39.924",99924,"1:40.358",100358,,,,,,,12
866,2012,8,18,18,"18","17","jean-eric-vergne","toro-rosso","ferrari","pirelli",,,"1:40.203",100203,,,,,,,,,9
866,2012,8,19,19,"19","2","mark-webber","red-bull","renault","pirelli",,,"1:40.395",100395,,,,,,,,,7
866,2012,8,20,20,"20","21","vitaly-petrov","caterham","renault","pirelli",,,"1:40.457",100457,,,,,,,,,8
866,2012,8,21,21,"21","22","pedro-de-la-rosa","hrt","cosworth","pirelli",,,"1:42.171",102171,,,,,,,,,7
866,2012,8,22,22,"22","23","narain-karthikeyan","hrt","cosworth","pirelli",,,"1:42.527",102527,,,,,,,,,8
866,2012,8,23,23,"23","25","charles-pic","marussia","cosworth","pirelli",,,"1:42.675",102675,,,,,,,,,10
867,2012,9,1,1,"1","5","fernando-alonso","ferrari","ferrari","pirelli",,,"1:46.515",106515,"1:56.921",116921,"1:51.746",111746,,,,,25
867,2012,9,2,2,"2","2","mark-webber","red-bull","renault","pirelli",,,"1:47.276",107276,"1:55.898",115898,"1:51.793",111793,"+0.047",47,"+0.047",47,23
867,2012,9,3,3,"3","7","michael-schumacher","mercedes","mercedes","pirelli",,,"1:46.571",106571,"1:55.799",115799,"1:52.020",112020,"+0.274",274,"+0.227",227,22
867,2012,9,4,4,"4","1","sebastian-vettel","red-bull","renault","pirelli",,,"1:46.279",106279,"1:56.931",116931,"1:52.199",112199,"+0.453",453,"+0.179",179,23
867,2012,9,5,5,"5","6","felipe-massa","ferrari","ferrari","pirelli",,,"1:47.401",107401,"1:56.388",116388,"1:53.065",113065,"+1.319",1319,"+0.866",866,24
867,2012,9,6,6,"6","9","kimi-raikkonen","lotus-f1","renault","pirelli",,,"1:47.309",107309,"1:56.469",116469,"1:53.290",113290,"+1.544",1544,"+0.225",225,24
867,2012,9,7,7,"7","18","pastor-maldonado","williams","renault","pirelli",,,"1:46.449",106449,"1:56.802",116802,"1:53.539",113539,"+1.793",1793,"+0.249",249,25
867,2012,9,8,8,"8","4","lewis-hamilton","mclaren","mercedes","pirelli",,,"1:47.433",107433,"1:54.897",114897,"1:53.543",113543,"+1.797",1797,"+0.004",4,25
867,2012,9,9,9,"9","12","nico-hulkenberg","force-india","mercedes","pirelli",,,"1:46.334",106334,"1:55.556",115556,"1:54.382",114382,"+2.636",2636,"+0.839",839,22
867,2012,9,10,10,"10","10","romain-grosjean","lotus-f1","renault","pirelli",,,"1:47.043",107043,"1:56.388",116388,,,,,,,20
867,2012,9,11,11,"11","11","paul-di-resta","force-india","mercedes","pirelli",,,"1:47.582",107582,"1:57.009",117009,,,,,,,19
867,2012,9,12,12,"12","14","kamui-kobayashi","sauber","ferrari","pirelli",,,"1:46.649",106649,"1:57.071",117071,,,,,,,18
867,2012,9,13,13,"13","8","nico-rosberg","mercedes","mercedes","pirelli",,,"1:47.724",107724,"1:57.108",117108,,,,,,,17
867,2012,9,14,14,"14","16","daniel-ricciardo","toro-rosso","ferrari","pirelli",,,"1:47.266",107266,"1:57.132",117132,,,,,,,18
867,2012,9,15,15,"15","19","bruno-senna","williams","renault","pirelli",,,"1:47.105",107105,"1:57.426",117426,,,,,,,19
867,2012,9,16,16,"16","17","jean-eric-vergne","toro-rosso","ferrari","pirelli",,,"1:47.705",107705,"1:57.719",117719,,,,,,,18
867,2012,9,17,17,"17","15","sergio-perez","sauber","ferrari","pirelli",,,"1:46.494",106494,"1:57.895",117895,,,,,,,19
867,2012,9,18,18,"18","3","jenson-button","mclaren","mercedes","pirelli",,,"1:48.044",108044,,,,,,,,,12
867,2012,9,19,19,"19","21","vitaly-petrov","caterham","renault","pirelli",,,"1:49.027",109027,,,,,,,,,10
867,2012,9,20,20,"20","20","heikki-kovalainen","caterham","renault","pirelli",,,"1:49.477",109477,,,,,,,,,10
867,2012,9,21,21,"21","24","timo-glock","marussia","cosworth","pirelli",,,"1:51.618",111618,,,,,,,,,10
867,2012,9,22,22,"22","22","pedro-de-la-rosa","hrt","cosworth","pirelli",,,"1:52.742",112742,,,,,,,,,11
867,2012,9,23,23,"23","23","narain-karthikeyan","hrt","cosworth","pirelli",,,"1:53.040",113040,,,,,,,,,10
867,2012,9,24,,"NC","25","charles-pic","marussia","cosworth","pirelli",,,"1:54.143",114143,,,,,,,,,10
868,2012,10,1,1,"1","5","fernando-alonso","ferrari","ferrari","pirelli",,,"1:16.073",76073,"1:38.521",98521,"1:40.621",100621,,,,,23
868,2012,10,2,2,"2","1","sebastian-vettel","red-bull","renault","pirelli",,,"1:16.393",76393,"1:38.309",98309,"1:41.026",101026,"+0.405",405,"+0.405",405,23
868,2012,10,3,3,"3","2","mark-webber","red-bull","renault","pirelli",,,"1:16.500",76500,"1:39.382",99382,"1:41.496",101496,"+0.875",875,"+0.470",470,24
868,2012,10,4,4,"4","7","michael-schumacher","mercedes","mercedes","pirelli",,,"1:16.686",76686,"1:38.010",98010,"1:42.459",102459,"+1.838",1838,"+0.963",963,24
868,2012,10,5,5,"5","12","nico-hulkenberg","force-india","mercedes","pirelli",,,"1:16.271",76271,"1:39.467",99467,"1:43.501",103501,"+2.880",2880,"+1.042",1042,24
868,2012,10,6,6,"6","18","pastor-maldonado","williams","renault","pirelli",,,"1:16.181",76181,"1:38.731",98731,"1:43.950",103950,"+3.329",3329,"+0.449",449,27
868,2012,10,7,7,"7","3","jenson-button","mclaren","mercedes","pirelli",,,"1:16.507",76507,"1:38.659",98659,"1:44.113",104113,"+3.492",3492,"+0.163",163,20
868,2012,10,8,8,"8","4","lewis-hamilton","mclaren","mercedes","pirelli",,,"1:16.221",76221,"1:37.365",97365,"1:44.186",104186,"+3.565",3565,"+0.073",73,18
868,2012,10,9,9,"9","11","paul-di-resta","force-india","mercedes","pirelli",,,"1:16.352",76352,"1:39.703",99703,"1:44.889",104889,"+4.268",4268,"+0.703",703,26
868,2012,10,10,10,"10","9","kimi-raikkonen","lotus-f1","renault","pirelli",,,"1:15.693",75693,"1:39.729",99729,"1:45.811",105811,"+5.190",5190,"+0.922",922,20
868,2012,10,11,11,"11","16","daniel-ricciardo","toro-rosso","ferrari","pirelli",,,"1:16.516",76516,"1:39.789",99789,,,,,,,15
868,2012,10,12,12,"12","15","sergio-perez","sauber","ferrari","pirelli",,,"1:15.726",75726,"1:39.933",99933,,,,,,,17
868,2012,10,13,13,"13","14","kamui-kobayashi","sauber","ferrari","pirelli",,,"1:16.481",76481,"1:39.985",99985,,,,,,,16
868,2012,10,14,14,"14","6","felipe-massa","ferrari","ferrari","pirelli",,,"1:16.265",76265,"1:40.212",100212,,,,,,,17
868,2012,10,15,15,"15","10","romain-grosjean","lotus-f1","renault","pirelli",,,"1:16.685",76685,"1:40.574",100574,,,,,,,18
868,2012,10,16,16,"16","19","bruno-senna","williams","renault","pirelli",,,"1:16.426",76426,"1:40.752",100752,,,,,,,21
868,2012,10,17,17,"17","8","nico-rosberg","mercedes","mercedes","pirelli",,,"1:15.988",75988,"1:41.551",101551,,,,,,,18
868,2012,10,18,18,"18","17","jean-eric-vergne","toro-rosso","ferrari","pirelli",,,"1:16.741",76741,,,,,,,,,9
868,2012,10,19,19,"19","20","heikki-kovalainen","caterham","renault","pirelli",,,"1:17.620",77620,,,,,,,,,8
868,2012,10,20,20,"20","21","vitaly-petrov","caterham","renault","pirelli",,,"1:18.531",78531,,,,,,,,,9
868,2012,10,21,21,"21","25","charles-pic","marussia","cosworth","pirelli",,,"1:19.220",79220,,,,,,,,,12
868,2012,10,22,22,"22","24","timo-glock","marussia","cosworth","pirelli",,,"1:19.291",79291,,,,,,,,,11
868,2012,10,23,23,"23","22","pedro-de-la-rosa","hrt","cosworth","pirelli",,,"1:19.912",79912,,,,,,,,,8
868,2012,10,24,24,"24","23","narain-karthikeyan","hrt","cosworth","pirelli",,,"1:20.230",80230,,,,,,,,,10
869,2012,11,1,1,"1","4","lewis-hamilton","mclaren","mercedes","pirelli",,,"1:21.794",81794,"1:21.060",81060,"1:20.953",80953,,,,,18
869,2012,11,2,2,"2","10","romain-grosjean","lotus-f1","renault","pirelli",,,"1:22.755",82755,"1:21.657",81657,"1:21.366",81366,"+0.413",413,"+0.413",413,26
869,2012,11,3,3,"3","1","sebastian-vettel","red-bull","renault","pirelli",,,"1:22.948",82948,"1:21.407",81407,"1:21.416",81416,"+0.463",463,"+0.050",50,18
869,2012,11,4,4,"4","3","jenson-button","mclaren","mercedes","pirelli",,,"1:22.028",82028,"1:21.618",81618,"1:21.583",81583,"+0.630",630,"+0.167",167,22
869,2012,11,5,5,"5","9","kimi-raikkonen","lotus-f1","renault","pirelli",,,"1:22.234",82234,"1:21.583",81583,"1:21.730",81730,"+0.777",777,"+0.147",147,22
869,2012,11,6,6,"6","5","fernando-alonso","ferrari","ferrari","pirelli",,,"1:22.095",82095,"1:21.598",81598,"1:21.844",81844,"+0.891",891,"+0.114",114,19
869,2012,11,7,7,"7","6","felipe-massa","ferrari","ferrari","pirelli",,,"1:22.203",82203,"1:21.534",81534,"1:21.900",81900,"+0.947",947,"+0.056",56,19
869,2012,11,8,8,"8","18","pastor-maldonado","williams","renault","pirelli",,,"1:22.475",82475,"1:21.504",81504,"1:21.939",81939,"+0.986",986,"+0.039",39,22
869,2012,11,9,9,"9","19","bruno-senna","williams","renault","pirelli",,,"1:22.271",82271,"1:21.697",81697,"1:22.343",82343,"+1.390",1390,"+0.404",404,24
869,2012,11,10,10,"10","12","nico-hulkenberg","force-india","mercedes","pirelli",,,"1:22.176",82176,"1:21.653",81653,"1:22.847",82847,"+1.894",1894,"+0.504",504,19
869,2012,11,11,11,"11","2","mark-webber","red-bull","renault","pirelli",,,"1:22.829",82829,"1:21.715",81715,,,,,,,17
869,2012,11,12,12,"12","11","paul-di-resta","force-india","mercedes","pirelli",,,"1:21.912",81912,"1:21.813",81813,,,,,,,15
869,2012,11,13,13,"13","8","nico-rosberg","mercedes","mercedes","pirelli",,,"1:22.079",82079,"1:21.895",81895,,,,,,,16
869,2012,11,14,14,"14","15","sergio-perez","sauber","ferrari","pirelli",,,"1:22.110",82110,"1:21.895",81895,,,,,,,17
869,2012,11,15,15,"15","14","kamui-kobayashi","sauber","ferrari","pirelli",,,"1:22.801",82801,"1:22.300",82300,,,,,,,17
869,2012,11,16,16,"16","17","jean-eric-vergne","toro-rosso","ferrari","pirelli",,,"1:22.799",82799,"1:22.380",82380,,,,,,,10
869,2012,11,17,17,"17","7","michael-schumacher","mercedes","mercedes","pirelli",,,"1:22.436",82436,"1:22.723",82723,,,,,,,17
869,2012,11,18,18,"18","16","daniel-ricciardo","toro-rosso","ferrari","pirelli",,,"1:23.250",83250,,,,,,,,,8
869,2012,11,19,19,"19","20","heikki-kovalainen","caterham","renault","pirelli",,,"1:23.576",83576,,,,,,,,,8
869,2012,11,20,20,"20","21","vitaly-petrov","caterham","renault","pirelli",,,"1:24.167",84167,,,,,,,,,7
869,2012,11,21,21,"21","25","charles-pic","marussia","cosworth","pirelli",,,"1:25.244",85244,,,,,,,,,9
869,2012,11,22,22,"22","24","timo-glock","marussia","cosworth","pirelli",,,"1:25.476",85476,,,,,,,,,10
869,2012,11,23,23,"23","22","pedro-de-la-rosa","hrt","cosworth","pirelli",,,"1:25.916",85916,,,,,,,,,9
869,2012,11,24,24,"24","23","narain-karthikeyan","hrt","cosworth","pirelli",,,"1:26.178",86178,,,,,,,,,11
870,2012,12,1,1,"1","3","jenson-button","mclaren","mercedes","pirelli",,,"1:49.250",109250,"1:47.654",107654,"1:47.573",107573,,,,,14
870,2012,12,2,2,"2","14","kamui-kobayashi","sauber","ferrari","pirelli",,,"1:49.686",109686,"1:48.569",108569,"1:47.871",107871,"+0.298",298,"+0.298",298,18
870,2012,12,3,3,"3","18","pastor-maldonado","williams","renault","pirelli",,,"1:48.993",108993,"1:48.780",108780,"1:47.893",107893,"+0.320",320,"+0.022",22,20
870,2012,12,4,4,"4","9","kimi-raikkonen","lotus-f1","renault","pirelli",,,"1:49.546",109546,"1:48.414",108414,"1:48.205",108205,"+0.632",632,"+0.312",312,14
870,2012,12,5,5,"5","15","sergio-perez","sauber","ferrari","pirelli",,,"1:49.642",109642,"1:47.980",107980,"1:48.219",108219,"+0.646",646,"+0.014",14,16
870,2012,12,6,6,"6","5","fernando-alonso","ferrari","ferrari","pirelli",,,"1:49.401",109401,"1:48.598",108598,"1:48.313",108313,"+0.740",740,"+0.094",94,15
870,2012,12,7,7,"7","2","mark-webber","red-bull","renault","pirelli",,,"1:49.859",109859,"1:48.546",108546,"1:48.392",108392,"+0.819",819,"+0.079",79,13
870,2012,12,8,8,"8","4","lewis-hamilton","mclaren","mercedes","pirelli",,,"1:49.605",109605,"1:48.563",108563,"1:48.394",108394,"+0.821",821,"+0.002",2,16
870,2012,12,9,9,"9","10","romain-grosjean","lotus-f1","renault","pirelli",,,"1:50.126",110126,"1:48.714",108714,"1:48.538",108538,"+0.965",965,"+0.144",144,18
870,2012,12,10,10,"10","11","paul-di-resta","force-india","mercedes","pirelli",,,"1:50.033",110033,"1:48.729",108729,"1:48.890",108890,"+1.317",1317,"+0.352",352,19
870,2012,12,11,11,"11","1","sebastian-vettel","red-bull","renault","pirelli",,,"1:49.722",109722,"1:48.792",108792,,,,,,,12
870,2012,12,12,12,"12","12","nico-hulkenberg","force-india","mercedes","pirelli",,,"1:49.362",109362,"1:48.855",108855,,,,,,,13
870,2012,12,13,13,"13","7","michael-schumacher","mercedes","mercedes","pirelli",,,"1:49.742",109742,"1:49.081",109081,,,,,,,14
870,2012,12,14,14,"14","6","felipe-massa","ferrari","ferrari","pirelli",,,"1:49.588",109588,"1:49.147",109147,,,,,,,13
870,2012,12,15,15,"15","17","jean-eric-vergne","toro-rosso","ferrari","pirelli",,,"1:49.763",109763,"1:49.354",109354,,,,,,,13
870,2012,12,16,16,"16","16","daniel-ricciardo","toro-rosso","ferrari","pirelli",,,"1:49.572",109572,"1:49.543",109543,,,,,,,13
870,2012,12,17,17,"17","19","bruno-senna","williams","renault","pirelli",,,"1:49.958",109958,"1:50.088",110088,,,,,,,15
870,2012,12,18,18,"18","8","nico-rosberg","mercedes","mercedes","pirelli",,,"1:50.181",110181,,,,,,,,,10
870,2012,12,19,19,"19","20","heikki-kovalainen","caterham","renault","pirelli",,,"1:51.739",111739,,,,,,,,,7
870,2012,12,20,20,"20","21","vitaly-petrov","caterham","renault","pirelli",,,"1:51.967",111967,,,,,,,,,6
870,2012,12,21,21,"21","24","timo-glock","marussia","cosworth","pirelli",,,"1:52.336",112336,,,,,,,,,8
870,2012,12,22,22,"22","22","pedro-de-la-rosa","hrt","cosworth","pirelli",,,"1:53.030",113030,,,,,,,,,6
870,2012,12,23,23,"23","25","charles-pic","marussia","cosworth","pirelli",,,"1:53.493",113493,,,,,,,,,6
870,2012,12,24,24,"24","23","narain-karthikeyan","hrt","cosworth","pirelli",,,"1:54.989",114989,,,,,,,,,8
871,2012,13,1,1,"1","4","lewis-hamilton","mclaren","mercedes","pirelli",,,"1:24.211",84211,"1:24.394",84394,"1:24.010",84010,,,,,15
871,2012,13,2,2,"2","3","jenson-button","mclaren","mercedes","pirelli",,,"1:24.672",84672,"1:24.255",84255,"1:24.133",84133,"+0.123",123,"+0.123",123,15
871,2012,13,3,3,"3","6","felipe-massa","ferrari","ferrari","pirelli",,,"1:24.882",84882,"1:24.505",84505,"1:24.247",84247,"+0.237",237,"+0.114",114,16
871,2012,13,4,4,"4","11","paul-di-resta","force-india","mercedes","pirelli",,,"1:24.875",84875,"1:24.345",84345,"1:24.304",84304,"+0.294",294,"+0.057",57,17
871,2012,13,5,5,"5","7","michael-schumacher","mercedes","mercedes","pirelli",,,"1:25.302",85302,"1:24.675",84675,"1:24.540",84540,"+0.530",530,"+0.236",236,14
871,2012,13,6,6,"6","1","sebastian-vettel","red-bull","renault","pirelli",,,"1:25.011",85011,"1:24.687",84687,"1:24.802",84802,"+0.792",792,"+0.262",262,22
871,2012,13,7,7,"7","8","nico-rosberg","mercedes","mercedes","pirelli",,,"1:24.689",84689,"1:24.515",84515,"1:24.833",84833,"+0.823",823,"+0.031",31,15
871,2012,13,8,8,"8","9","kimi-raikkonen","lotus-f1","renault","pirelli",,,"1:25.151",85151,"1:24.742",84742,"1:24.855",84855,"+0.845",845,"+0.022",22,18
871,2012,13,9,9,"9","14","kamui-kobayashi","sauber","ferrari","pirelli",,,"1:25.317",85317,"1:24.683",84683,"1:25.109",85109,"+1.099",1099,"+0.254",254,18
871,2012,13,10,10,"10","5","fernando-alonso","ferrari","ferrari","pirelli",,,"1:24.175",84175,"1:24.242",84242,"1:25.678",85678,"+1.668",1668,"+0.569",569,16
871,2012,13,11,11,"11","2","mark-webber","red-bull","renault","pirelli",,,"1:25.556",85556,"1:24.809",84809,,,,,,,21
871,2012,13,12,12,"12","18","pastor-maldonado","williams","renault","pirelli",,,"1:25.103",85103,"1:24.820",84820,,,,,,,17
871,2012,13,13,13,"13","15","sergio-perez","sauber","ferrari","pirelli",,,"1:25.300",85300,"1:24.901",84901,,,,,,,14
871,2012,13,14,14,"14","19","bruno-senna","williams","renault","pirelli",,,"1:25.135",85135,"1:25.042",85042,,,,,,,16
871,2012,13,15,15,"15","16","daniel-ricciardo","toro-rosso","ferrari","pirelli",,,"1:25.728",85728,"1:25.312",85312,,,,,,,20
871,2012,13,16,16,"16","10","jerome-dambrosio","lotus-f1","renault","pirelli",,,"1:25.834",85834,"1:25.408",85408,,,,,,,19
871,2012,13,17,17,"17","17","jean-eric-vergne","toro-rosso","ferrari","pirelli",,,"1:25.649",85649,"1:25.441",85441,,,,,,,18
871,2012,13,18,18,"18","20","heikki-kovalainen","caterham","renault","pirelli",,,"1:26.382",86382,,,,,,,,,11
871,2012,13,19,19,"19","21","vitaly-petrov","caterham","renault","pirelli",,,"1:26.887",86887,,,,,,,,,11
871,2012,13,20,20,"20","24","timo-glock","marussia","cosworth","pirelli",,,"1:27.039",87039,,,,,,,,,10
871,2012,13,21,21,"21","25","charles-pic","marussia","cosworth","pirelli",,,"1:27.073",87073,,,,,,,,,9
871,2012,13,22,22,"22","23","narain-karthikeyan","hrt","cosworth","pirelli",,,"1:27.441",87441,,,,,,,,,9
871,2012,13,23,23,"23","22","pedro-de-la-rosa","hrt","cosworth","pirelli",,,"1:27.629",87629,,,,,,,,,10
871,2012,13,24,,"NC","12","nico-hulkenberg","force-india","mercedes","pirelli",,,,,,,,,,,,,2
872,2012,14,1,1,"1","4","lewis-hamilton","mclaren","mercedes","pirelli",,,"1:48.285",108285,"1:46.665",106665,"1:46.362",106362,,,,,14
872,2012,14,2,2,"2","18","pastor-maldonado","williams","renault","pirelli",,,"1:49.494",109494,"1:47.602",107602,"1:46.804",106804,"+0.442",442,"+0.442",442,17
872,2012,14,3,3,"3","1","sebastian-vettel","red-bull","renault","pirelli",,,"1:48.240",108240,"1:46.791",106791,"1:46.905",106905,"+0.543",543,"+0.101",101,14
872,2012,14,4,4,"4","3","jenson-button","mclaren","mercedes","pirelli",,,"1:49.381",109381,"1:47.661",107661,"1:46.939",106939,"+0.577",577,"+0.034",34,15
872,2012,14,5,5,"5","5","fernando-alonso","ferrari","ferrari","pirelli",,,"1:49.391",109391,"1:47.567",107567,"1:47.216",107216,"+0.854",854,"+0.277",277,14
872,2012,14,6,6,"6","11","paul-di-resta","force-india","mercedes","pirelli",,,"1:48.028",108028,"1:47.667",107667,"1:47.241",107241,"+0.879",879,"+0.025",25,18
872,2012,14,7,7,"7","2","mark-webber","red-bull","renault","pirelli",,,"1:48.717",108717,"1:47.513",107513,"1:47.475",107475,"+1.113",1113,"+0.234",234,17
872,2012,14,8,8,"8","10","romain-grosjean","lotus-f1","renault","pirelli",,,"1:47.688",107688,"1:47.529",107529,"1:47.788",107788,"+1.426",1426,"+0.313",313,16
872,2012,14,9,9,"9","7","michael-schumacher","mercedes","mercedes","pirelli",,,"1:49.546",109546,"1:47.823",107823,,,,,,,14
872,2012,14,10,10,"10","8","nico-rosberg","mercedes","mercedes","pirelli",,,"1:49.463",109463,"1:47.943",107943,,,,,,,13
872,2012,14,11,11,"11","12","nico-hulkenberg","force-india","mercedes","pirelli",,,"1:49.547",109547,"1:47.975",107975,,,,,,,12
872,2012,14,12,12,"12","9","kimi-raikkonen","lotus-f1","renault","pirelli",,,"1:48.169",108169,"1:48.261",108261,,,,,,,14
872,2012,14,13,13,"13","6","felipe-massa","ferrari","ferrari","pirelli",,,"1:49.767",109767,"1:48.344",108344,,,,,,,12
872,2012,14,14,14,"14","15","sergio-perez","sauber","ferrari","pirelli",,,"1:49.055",109055,"1:48.505",108505,,,,,,,14
872,2012,14,15,15,"15","16","daniel-ricciardo","toro-rosso","ferrari","pirelli",,,"1:49.023",109023,"1:48.774",108774,,,,,,,13
872,2012,14,16,16,"16","17","jean-eric-vergne","toro-rosso","ferrari","pirelli",,,"1:49.564",109564,"1:48.849",108849,,,,,,,14
872,2012,14,17,17,"17","19","bruno-senna","williams","renault","pirelli",,,"1:49.809",109809,,,,,,,,,10
872,2012,14,18,18,"18","14","kamui-kobayashi","sauber","ferrari","pirelli",,,"1:49.933",109933,,,,,,,,,8
872,2012,14,19,19,"19","21","vitaly-petrov","caterham","renault","pirelli",,,"1:50.846",110846,,,,,,,,,6
872,2012,14,20,20,"20","20","heikki-kovalainen","caterham","renault","pirelli",,,"1:51.137",111137,,,,,,,,,6
872,2012,14,21,21,"21","24","timo-glock","marussia","cosworth","pirelli",,,"1:51.370",111370,,,,,,,,,8
872,2012,14,22,22,"22","25","charles-pic","marussia","cosworth","pirelli",,,"1:51.762",111762,,,,,,,,,8
872,2012,14,23,23,"23","23","narain-karthikeyan","hrt","cosworth","pirelli",,,"1:52.372",112372,,,,,,,,,7
872,2012,14,24,24,"24","22","pedro-de-la-rosa","hrt","cosworth","pirelli",,,"1:53.355",113355,,,,,,,,,7
873,2012,15,1,1,"1","1","sebastian-vettel","red-bull","renault","pirelli",,,"1:32.608",92608,"1:31.501",91501,"1:30.839",90839,,,,,11
873,2012,15,2,2,"2","2","mark-webber","red-bull","renault","pirelli",,,"1:32.951",92951,"1:31.950",91950,"1:31.090",91090,"+0.251",251,"+0.251",251,15
873,2012,15,3,3,"3","3","jenson-button","mclaren","mercedes","pirelli",,,"1:33.077",93077,"1:31.772",91772,"1:31.290",91290,"+0.451",451,"+0.200",200,14
873,2012,15,4,4,"4","14","kamui-kobayashi","sauber","ferrari","pirelli",,,"1:32.042",92042,"1:31.886",91886,"1:31.700",91700,"+0.861",861,"+0.410",410,16
873,2012,15,5,5,"5","10","romain-grosjean","lotus-f1","renault","pirelli",,,"1:32.029",92029,"1:31.988",91988,"1:31.898",91898,"+1.059",1059,"+0.198",198,20
873,2012,15,6,6,"6","15","sergio-perez","sauber","ferrari","pirelli",,,"1:32.147",92147,"1:32.169",92169,"1:32.022",92022,"+1.183",1183,"+0.124",124,20
873,2012,15,7,7,"7","5","fernando-alonso","ferrari","ferrari","pirelli",,,"1:32.459",92459,"1:31.833",91833,"1:32.114",92114,"+1.275",1275,"+0.092",92,17
873,2012,15,8,8,"8","9","kimi-raikkonen","lotus-f1","renault","pirelli",,,"1:32.221",92221,"1:31.826",91826,"1:32.208",92208,"+1.369",1369,"+0.094",94,18
873,2012,15,9,9,"9","4","lewis-hamilton","mclaren","mercedes","pirelli",,,"1:33.061",93061,"1:32.121",92121,"1:32.327",92327,"+1.488",1488,"+0.119",119,17
873,2012,15,10,10,"10","12","nico-hulkenberg","force-india","mercedes","pirelli",,,"1:32.828",92828,"1:32.272",92272,,,,,,,12
873,2012,15,11,11,"11","6","felipe-massa","ferrari","ferrari","pirelli",,,"1:32.946",92946,"1:32.293",92293,,,,,,,12
873,2012,15,12,12,"12","11","paul-di-resta","force-india","mercedes","pirelli",,,"1:32.898",92898,"1:32.327",92327,,,,,,,14
873,2012,15,13,13,"13","7","michael-schumacher","mercedes","mercedes","pirelli",,,"1:33.349",93349,"1:32.469",92469,,,,,,,10
873,2012,15,14,14,"14","18","pastor-maldonado","williams","renault","pirelli",,,"1:32.834",92834,"1:32.512",92512,,,,,,,11
873,2012,15,15,15,"15","8","nico-rosberg","mercedes","mercedes","pirelli",,,"1:33.015",93015,"1:32.625",92625,,,,,,,16
873,2012,15,16,16,"16","16","daniel-ricciardo","toro-rosso","ferrari","pirelli",,,"1:33.059",93059,"1:32.954",92954,,,,,,,14
873,2012,15,17,17,"17","17","jean-eric-vergne","toro-rosso","ferrari","pirelli",,,"1:33.370",93370,"1:33.368",93368,,,,,,,14
873,2012,15,18,18,"18","19","bruno-senna","williams","renault","pirelli",,,"1:33.405",93405,,,,,,,,,8
873,2012,15,19,19,"19","20","heikki-kovalainen","caterham","renault","pirelli",,,"1:34.657",94657,,,,,,,,,6
873,2012,15,20,20,"20","24","timo-glock","marussia","cosworth","pirelli",,,"1:35.213",95213,,,,,,,,,8
873,2012,15,21,21,"21","22","pedro-de-la-rosa","hrt","cosworth","pirelli",,,"1:35.385",95385,,,,,,,,,6
873,2012,15,22,22,"22","25","charles-pic","marussia","cosworth","pirelli",,,"1:35.429",95429,,,,,,,,,8
873,2012,15,23,23,"23","21","vitaly-petrov","caterham","renault","pirelli",,,"1:35.432",95432,,,,,,,,,8
873,2012,15,24,24,"24","23","narain-karthikeyan","hrt","cosworth","pirelli",,,"1:36.734",96734,,,,,,,,,6
874,2012,16,1,1,"1","2","mark-webber","red-bull","renault","pirelli",,,"1:38.397",98397,"1:38.220",98220,"1:37.242",97242,,,,,17
874,2012,16,2,2,"2","1","sebastian-vettel","red-bull","renault","pirelli",,,"1:38.208",98208,"1:37.767",97767,"1:37.316",97316,"+0.074",74,"+0.074",74,13
874,2012,16,3,3,"3","4","lewis-hamilton","mclaren","mercedes","pirelli",,,"1:39.180",99180,"1:38.000",98000,"1:37.469",97469,"+0.227",227,"+0.153",153,16
874,2012,16,4,4,"4","5","fernando-alonso","ferrari","ferrari","pirelli",,,"1:39.144",99144,"1:37.987",97987,"1:37.534",97534,"+0.292",292,"+0.065",65,19
874,2012,16,5,5,"5","9","kimi-raikkonen","lotus-f1","renault","pirelli",,,"1:38.887",98887,"1:38.227",98227,"1:37.625",97625,"+0.383",383,"+0.091",91,17
874,2012,16,6,6,"6","6","felipe-massa","ferrari","ferrari","pirelli",,,"1:38.937",98937,"1:38.253",98253,"1:37.884",97884,"+0.642",642,"+0.259",259,16
874,2012,16,7,7,"7","10","romain-grosjean","lotus-f1","renault","pirelli",,,"1:38.863",98863,"1:38.275",98275,"1:37.934",97934,"+0.692",692,"+0.050",50,20
874,2012,16,8,8,"8","12","nico-hulkenberg","force-india","mercedes","pirelli",,,"1:38.981",98981,"1:38.428",98428,"1:38.266",98266,"+1.024",1024,"+0.332",332,18
874,2012,16,9,9,"9","8","nico-rosberg","mercedes","mercedes","pirelli",,,"1:38.999",98999,"1:38.417",98417,"1:38.361",98361,"+1.119",1119,"+0.095",95,17
874,2012,16,10,10,"10","7","michael-schumacher","mercedes","mercedes","pirelli",,,"1:38.808",98808,"1:38.436",98436,"1:38.513",98513,"+1.271",1271,"+0.152",152,18
874,2012,16,11,11,"11","3","jenson-button","mclaren","mercedes","pirelli",,,"1:38.615",98615,"1:38.441",98441,,,,,,,11
874,2012,16,12,12,"12","15","sergio-perez","sauber","ferrari","pirelli",,,"1:38.630",98630,"1:38.460",98460,,,,,,,13
874,2012,16,13,13,"13","14","kamui-kobayashi","sauber","ferrari","pirelli",,,"1:38.719",98719,"1:38.594",98594,,,,,,,14
874,2012,16,14,14,"14","11","paul-di-resta","force-india","mercedes","pirelli",,,"1:38.942",98942,"1:38.643",98643,,,,,,,15
874,2012,16,15,15,"15","18","pastor-maldonado","williams","renault","pirelli",,,"1:39.024",99024,"1:38.725",98725,,,,,,,16
874,2012,16,16,16,"16","16","daniel-ricciardo","toro-rosso","ferrari","pirelli",,,"1:38.784",98784,"1:39.084",99084,,,,,,,13
874,2012,16,17,17,"17","17","jean-eric-vergne","toro-rosso","ferrari","pirelli",,,"1:38.744",98744,"1:39.340",99340,,,,,,,14
874,2012,16,18,18,"18","19","bruno-senna","williams","renault","pirelli",,,"1:39.443",99443,,,,,,,,,9
874,2012,16,19,19,"19","21","vitaly-petrov","caterham","renault","pirelli",,,"1:40.207",100207,,,,,,,,,7
874,2012,16,20,20,"20","20","heikki-kovalainen","caterham","renault","pirelli",,,"1:40.333",100333,,,,,,,,,10
874,2012,16,21,21,"21","25","charles-pic","marussia","cosworth","pirelli",,,"1:41.317",101317,,,,,,,,,8
874,2012,16,22,22,"22","24","timo-glock","marussia","cosworth","pirelli",,,"1:41.371",101371,,,,,,,,,8
874,2012,16,23,23,"23","22","pedro-de-la-rosa","hrt","cosworth","pirelli",,,"1:42.881",102881,,,,,,,,,7
874,2012,16,24,,"NC","23","narain-karthikeyan","hrt","cosworth","pirelli",,,,,,,,,,,,,1
875,2012,17,1,1,"1","1","sebastian-vettel","red-bull","renault","pirelli",,,"1:26.387",86387,"1:25.435",85435,"1:25.283",85283,,,,,13
875,2012,17,2,2,"2","2","mark-webber","red-bull","renault","pirelli",,,"1:26.744",86744,"1:25.610",85610,"1:25.327",85327,"+0.044",44,"+0.044",44,17
875,2012,17,3,3,"3","4","lewis-hamilton","mclaren","mercedes","pirelli",,,"1:26.516",86516,"1:25.816",85816,"1:25.544",85544,"+0.261",261,"+0.217",217,23
875,2012,17,4,4,"4","3","jenson-button","mclaren","mercedes","pirelli",,,"1:26.564",86564,"1:25.467",85467,"1:25.659",85659,"+0.376",376,"+0.115",115,21
875,2012,17,5,5,"5","5","fernando-alonso","ferrari","ferrari","pirelli",,,"1:26.829",86829,"1:25.834",85834,"1:25.773",85773,"+0.490",490,"+0.114",114,21
875,2012,17,6,6,"6","6","felipe-massa","ferrari","ferrari","pirelli",,,"1:26.939",86939,"1:26.111",86111,"1:25.857",85857,"+0.574",574,"+0.084",84,18
875,2012,17,7,7,"7","9","kimi-raikkonen","lotus-f1","renault","pirelli",,,"1:26.740",86740,"1:26.101",86101,"1:26.236",86236,"+0.953",953,"+0.379",379,25
875,2012,17,8,8,"8","15","sergio-perez","sauber","ferrari","pirelli",,,"1:27.179",87179,"1:26.076",86076,"1:26.360",86360,"+1.077",1077,"+0.124",124,23
875,2012,17,9,9,"9","18","pastor-maldonado","williams","renault","pirelli",,,"1:26.048",86048,"1:25.983",85983,"1:26.713",86713,"+1.430",1430,"+0.353",353,24
875,2012,17,10,10,"10","8","nico-rosberg","mercedes","mercedes","pirelli",,,"1:26.458",86458,"1:25.976",85976,,,,,,,23
875,2012,17,11,11,"11","10","romain-grosjean","lotus-f1","renault","pirelli",,,"1:26.897",86897,"1:26.136",86136,,,,,,,16
875,2012,17,12,12,"12","12","nico-hulkenberg","force-india","mercedes","pirelli",,,"1:27.185",87185,"1:26.241",86241,,,,,,,20
875,2012,17,13,13,"13","19","bruno-senna","williams","renault","pirelli",,,"1:26.851",86851,"1:26.331",86331,,,,,,,19
875,2012,17,14,14,"14","7","michael-schumacher","mercedes","mercedes","pirelli",,,"1:27.482",87482,"1:26.574",86574,,,,,,,19
875,2012,17,15,15,"15","16","daniel-ricciardo","toro-rosso","ferrari","pirelli",,,"1:27.006",87006,"1:26.777",86777,,,,,,,19
875,2012,17,16,16,"16","11","paul-di-resta","force-india","mercedes","pirelli",,,"1:27.462",87462,"1:26.989",86989,,,,,,,19
875,2012,17,17,17,"17","14","kamui-kobayashi","sauber","ferrari","pirelli",,,"1:27.517",87517,"1:27.219",87219,,,,,,,17
875,2012,17,18,18,"18","17","jean-eric-vergne","toro-rosso","ferrari","pirelli",,,"1:27.525",87525,,,,,,,,,11
875,2012,17,19,19,"19","21","vitaly-petrov","caterham","renault","pirelli",,,"1:28.756",88756,,,,,,,,,10
875,2012,17,20,20,"20","20","heikki-kovalainen","caterham","renault","pirelli",,,"1:29.500",89500,,,,,,,,,10
875,2012,17,21,21,"21","24","timo-glock","marussia","cosworth","pirelli",,,"1:29.613",89613,,,,,,,,,11
875,2012,17,22,22,"22","22","pedro-de-la-rosa","hrt","cosworth","pirelli",,,"1:30.592",90592,,,,,,,,,8
875,2012,17,23,23,"23","23","narain-karthikeyan","hrt","cosworth","pirelli",,,"1:30.593",90593,,,,,,,,,10
875,2012,17,24,24,"24","25","charles-pic","marussia","cosworth","pirelli",,,"1:30.662",90662,,,,,,,,,11
876,2012,18,1,1,"1","4","lewis-hamilton","mclaren","mercedes","pirelli",,,"1:41.497",101497,"1:40.901",100901,"1:40.630",100630,,,,,15
876,2012,18,2,2,"2","2","mark-webber","red-bull","renault","pirelli",,,"1:41.933",101933,"1:41.277",101277,"1:40.978",100978,"+0.348",348,"+0.348",348,17
876,2012,18,3,3,"3","18","pastor-maldonado","williams","renault","pirelli",,,"1:41.981",101981,"1:41.907",101907,"1:41.226",101226,"+0.596",596,"+0.248",248,22
876,2012,18,4,4,"4","9","kimi-raikkonen","lotus-f1","renault","pirelli",,,"1:42.222",102222,"1:41.532",101532,"1:41.260",101260,"+0.630",630,"+0.034",34,20
876,2012,18,5,5,"5","3","jenson-button","mclaren","mercedes","pirelli",,,"1:42.342",102342,"1:41.873",101873,"1:41.290",101290,"+0.660",660,"+0.030",30,20
876,2012,18,6,6,"6","5","fernando-alonso","ferrari","ferrari","pirelli",,,"1:41.939",101939,"1:41.514",101514,"1:41.582",101582,"+0.952",952,"+0.292",292,17
876,2012,18,7,7,"7","8","nico-rosberg","mercedes","mercedes","pirelli",,,"1:41.926",101926,"1:41.698",101698,"1:41.603",101603,"+0.973",973,"+0.021",21,17
876,2012,18,8,8,"8","6","felipe-massa","ferrari","ferrari","pirelli",,,"1:41.974",101974,"1:41.846",101846,"1:41.723",101723,"+1.093",1093,"+0.120",120,17
876,2012,18,9,9,"9","10","romain-grosjean","lotus-f1","renault","pirelli",,,"1:42.046",102046,"1:41.620",101620,"1:41.778",101778,"+1.148",1148,"+0.055",55,24
876,2012,18,10,10,"10","12","nico-hulkenberg","force-india","mercedes","pirelli",,,"1:42.579",102579,"1:42.019",102019,,,,,,,16
876,2012,18,11,11,"11","15","sergio-perez","sauber","ferrari","pirelli",,,"1:42.624",102624,"1:42.084",102084,,,,,,,17
876,2012,18,12,12,"12","11","paul-di-resta","force-india","mercedes","pirelli",,,"1:42.572",102572,"1:42.218",102218,,,,,,,16
876,2012,18,13,13,"13","7","michael-schumacher","mercedes","mercedes","pirelli",,,"1:42.735",102735,"1:42.289",102289,,,,,,,14
876,2012,18,14,14,"14","19","bruno-senna","williams","renault","pirelli",,,"1:43.298",103298,"1:42.330",102330,,,,,,,18
876,2012,18,15,15,"15","14","kamui-kobayashi","sauber","ferrari","pirelli",,,"1:43.582",103582,"1:42.606",102606,,,,,,,17
876,2012,18,16,16,"16","16","daniel-ricciardo","toro-rosso","ferrari","pirelli",,,"1:43.280",103280,"1:42.765",102765,,,,,,,14
876,2012,18,17,17,"17","17","jean-eric-vergne","toro-rosso","ferrari","pirelli",,,"1:44.058",104058,,,,,,,,,9
876,2012,18,18,18,"18","20","heikki-kovalainen","caterham","renault","pirelli",,,"1:44.956",104956,,,,,,,,,11
876,2012,18,19,19,"19","25","charles-pic","marussia","cosworth","pirelli",,,"1:45.089",105089,,,,,,,,,10
876,2012,18,20,20,"20","21","vitaly-petrov","caterham","renault","pirelli",,,"1:45.151",105151,,,,,,,,,11
876,2012,18,21,21,"21","24","timo-glock","marussia","cosworth","pirelli",,,"1:45.426",105426,,,,,,,,,9
876,2012,18,22,22,"22","22","pedro-de-la-rosa","hrt","cosworth","pirelli",,,"1:45.766",105766,,,,,,,,,8
876,2012,18,23,23,"23","23","narain-karthikeyan","hrt","cosworth","pirelli",,,"1:46.382",106382,,,,,,,,,9
876,2012,18,24,,"EX","1","sebastian-vettel","red-bull","renault","pirelli",,,"1:42.160",102160,"1:41.511",101511,"1:41.073",101073,,,,,16
877,2012,19,1,1,"1","1","sebastian-vettel","red-bull","renault","pirelli",,,"1:36.558",96558,"1:35.796",95796,"1:35.657",95657,,,,,20
877,2012,19,2,2,"2","4","lewis-hamilton","mclaren","mercedes","pirelli",,,"1:37.058",97058,"1:36.795",96795,"1:35.766",95766,"+0.109",109,"+0.109",109,20
877,2012,19,3,3,"3","2","mark-webber","red-bull","renault","pirelli",,,"1:37.215",97215,"1:36.298",96298,"1:36.174",96174,"+0.517",517,"+0.408",408,20
877,2012,19,4,4,"4","10","romain-grosjean","lotus-f1","renault","pirelli",,,"1:37.486",97486,"1:36.906",96906,"1:36.587",96587,"+0.930",930,"+0.413",413,28
877,2012,19,5,5,"5","9","kimi-raikkonen","lotus-f1","renault","pirelli",,,"1:38.051",98051,"1:37.404",97404,"1:36.708",96708,"+1.051",1051,"+0.121",121,26
877,2012,19,6,6,"6","7","michael-schumacher","mercedes","mercedes","pirelli",,,"1:37.927",97927,"1:37.102",97102,"1:36.794",96794,"+1.137",1137,"+0.086",86,22
877,2012,19,7,7,"7","6","felipe-massa","ferrari","ferrari","pirelli",,,"1:37.667",97667,"1:36.549",96549,"1:36.937",96937,"+1.280",1280,"+0.143",143,24
877,2012,19,8,8,"8","12","nico-hulkenberg","force-india","mercedes","pirelli",,,"1:37.756",97756,"1:37.066",97066,"1:37.141",97141,"+1.484",1484,"+0.204",204,20
877,2012,19,9,9,"9","5","fernando-alonso","ferrari","ferrari","pirelli",,,"1:37.968",97968,"1:37.123",97123,"1:37.300",97300,"+1.643",1643,"+0.159",159,24
877,2012,19,10,10,"10","18","pastor-maldonado","williams","renault","pirelli",,,"1:37.537",97537,"1:37.011",97011,"1:37.842",97842,"+2.185",2185,"+0.542",542,26
877,2012,19,11,11,"11","19","bruno-senna","williams","renault","pirelli",,,"1:37.520",97520,"1:37.604",97604,,,,,,,20
877,2012,19,12,12,"12","3","jenson-button","mclaren","mercedes","pirelli",,,"1:37.565",97565,"1:37.616",97616,,,,,,,12
877,2012,19,13,13,"13","11","paul-di-resta","force-india","mercedes","pirelli",,,"1:38.104",98104,"1:37.665",97665,,,,,,,15
877,2012,19,14,14,"14","17","jean-eric-vergne","toro-rosso","ferrari","pirelli",,,"1:38.434",98434,"1:37.879",97879,,,,,,,17
877,2012,19,15,15,"15","15","sergio-perez","sauber","ferrari","pirelli",,,"1:38.500",98500,"1:38.206",98206,,,,,,,16
877,2012,19,16,16,"16","14","kamui-kobayashi","sauber","ferrari","pirelli",,,"1:38.418",98418,"1:38.437",98437,,,,,,,15
877,2012,19,17,17,"17","8","nico-rosberg","mercedes","mercedes","pirelli",,,"1:38.862",98862,"1:38.501",98501,,,,,,,16
877,2012,19,18,18,"18","16","daniel-ricciardo","toro-rosso","ferrari","pirelli",,,"1:39.114",99114,,,,,,,,,9
877,2012,19,19,19,"19","24","timo-glock","marussia","cosworth","pirelli",,,"1:40.056",100056,,,,,,,,,12
877,2012,19,20,20,"20","25","charles-pic","marussia","cosworth","pirelli",,,"1:40.664",100664,,,,,,,,,11
877,2012,19,21,21,"21","21","vitaly-petrov","caterham","renault","pirelli",,,"1:40.809",100809,,,,,,,,,7
877,2012,19,22,22,"22","20","heikki-kovalainen","caterham","renault","pirelli",,,"1:41.166",101166,,,,,,,,,7
877,2012,19,23,23,"23","22","pedro-de-la-rosa","hrt","cosworth","pirelli",,,"1:42.011",102011,,,,,,,,,12
877,2012,19,24,24,"24","23","narain-karthikeyan","hrt","cosworth","pirelli",,,"1:42.740",102740,,,,,,,,,10
878,2012,20,1,1,"1","4","lewis-hamilton","mclaren","mercedes","pirelli",,,"1:15.075",75075,"1:13.398",73398,"1:12.458",72458,,,,,21
878,2012,20,2,2,"2","3","jenson-button","mclaren","mercedes","pirelli",,,"1:15.456",75456,"1:13.515",73515,"1:12.513",72513,"+0.055",55,"+0.055",55,20
878,2012,20,3,3,"3","2","mark-webber","red-bull","renault","pirelli",,,"1:16.180",76180,"1:13.667",73667,"1:12.581",72581,"+0.123",123,"+0.068",68,22
878,2012,20,4,4,"4","1","sebastian-vettel","red-bull","renault","pirelli",,,"1:15.644",75644,"1:13.209",73209,"1:12.760",72760,"+0.302",302,"+0.179",179,19
878,2012,20,5,5,"5","6","felipe-massa","ferrari","ferrari","pirelli",,,"1:16.263",76263,"1:14.048",74048,"1:12.987",72987,"+0.529",529,"+0.227",227,25
878,2012,20,6,6,"6","18","pastor-maldonado","williams","renault","pirelli",,,"1:16.266",76266,"1:13.698",73698,"1:13.174",73174,"+0.716",716,"+0.187",187,24
878,2012,20,7,7,"7","12","nico-hulkenberg","force-india","mercedes","pirelli",,,"1:15.536",75536,"1:13.704",73704,"1:13.206",73206,"+0.748",748,"+0.032",32,23
878,2012,20,8,8,"8","5","fernando-alonso","ferrari","ferrari","pirelli",,,"1:16.097",76097,"1:13.856",73856,"1:13.253",73253,"+0.795",795,"+0.047",47,25
878,2012,20,9,9,"9","9","kimi-raikkonen","lotus-f1","renault","pirelli",,,"1:16.432",76432,"1:13.698",73698,"1:13.298",73298,"+0.840",840,"+0.045",45,22
878,2012,20,10,10,"10","8","nico-rosberg","mercedes","mercedes","pirelli",,,"1:15.929",75929,"1:13.848",73848,"1:13.489",73489,"+1.031",1031,"+0.191",191,26
878,2012,20,11,11,"11","11","paul-di-resta","force-india","mercedes","pirelli",,,"1:15.901",75901,"1:14.121",74121,,,,,,,18
878,2012,20,12,12,"12","19","bruno-senna","williams","renault","pirelli",,,"1:15.333",75333,"1:14.219",74219,,,,,,,21
878,2012,20,13,13,"13","15","sergio-perez","sauber","ferrari","pirelli",,,"1:15.974",75974,"1:14.234",74234,,,,,,,21
878,2012,20,14,14,"14","7","michael-schumacher","mercedes","mercedes","pirelli",,,"1:16.005",76005,"1:14.334",74334,,,,,,,17
878,2012,20,15,15,"15","14","kamui-kobayashi","sauber","ferrari","pirelli",,,"1:16.400",76400,"1:14.380",74380,,,,,,,24
878,2012,20,16,16,"16","16","daniel-ricciardo","toro-rosso","ferrari","pirelli",,,"1:16.744",76744,"1:14.574",74574,,,,,,,22
878,2012,20,17,17,"17","17","jean-eric-vergne","toro-rosso","ferrari","pirelli",,,"1:16.722",76722,"1:14.619",74619,,,,,,,23
878,2012,20,18,18,"18","10","romain-grosjean","lotus-f1","renault","pirelli",,,"1:16.967",76967,,,,,,,,,8
878,2012,20,19,19,"19","21","vitaly-petrov","caterham","renault","pirelli",,,"1:17.073",77073,,,,,,,,,14
878,2012,20,20,20,"20","20","heikki-kovalainen","caterham","renault","pirelli",,,"1:17.086",77086,,,,,,,,,14
878,2012,20,21,21,"21","24","timo-glock","marussia","cosworth","pirelli",,,"1:17.508",77508,,,,,,,,,13
878,2012,20,22,22,"22","25","charles-pic","marussia","cosworth","pirelli",,,"1:18.104",78104,,,,,,,,,14
878,2012,20,23,23,"23","23","narain-karthikeyan","hrt","cosworth","pirelli",,,"1:19.576",79576,,,,,,,,,13
878,2012,20,24,24,"24","22","pedro-de-la-rosa","hrt","cosworth","pirelli",,,"1:19.699",79699,,,,,,,,,12
879,2013,1,1,1,"1","1","sebastian-vettel","red-bull","renault","pirelli",,,"1:44.657",104657,"1:36.745",96745,"1:27.407",87407,,,,,27
879,2013,1,2,2,"2","2","mark-webber","red-bull","renault","pirelli",,,"1:44.472",104472,"1:36.524",96524,"1:27.827",87827,"+0.420",420,"+0.420",420,26
879,2013,1,3,3,"3","10","lewis-hamilton","mercedes","mercedes","pirelli",,,"1:45.456",105456,"1:36.625",96625,"1:28.087",88087,"+0.680",680,"+0.260",260,29
879,2013,1,4,4,"4","4","felipe-massa","ferrari","ferrari","pirelli",,,"1:44.635",104635,"1:36.666",96666,"1:28.490",88490,"+1.083",1083,"+0.403",403,23
879,2013,1,5,5,"5","3","fernando-alonso","ferrari","ferrari","pirelli",,,"1:43.850",103850,"1:36.691",96691,"1:28.493",88493,"+1.086",1086,"+0.003",3,26
879,2013,1,6,6,"6","9","nico-rosberg","mercedes","mercedes","pirelli",,,"1:43.380",103380,"1:36.194",96194,"1:28.523",88523,"+1.116",1116,"+0.030",30,28
879,2013,1,7,7,"7","7","kimi-raikkonen","lotus-f1","renault","pirelli",,,"1:45.545",105545,"1:37.517",97517,"1:28.738",88738,"+1.331",1331,"+0.215",215,27
879,2013,1,8,8,"8","8","romain-grosjean","lotus-f1","renault","pirelli",,,"1:44.284",104284,"1:37.641",97641,"1:29.013",89013,"+1.606",1606,"+0.275",275,25
879,2013,1,9,9,"9","14","paul-di-resta","force-india","mercedes","pirelli",,,"1:45.601",105601,"1:36.901",96901,"1:29.305",89305,"+1.898",1898,"+0.292",292,23
879,2013,1,10,10,"10","5","jenson-button","mclaren","mercedes","pirelli",,,"1:44.688",104688,"1:36.644",96644,"1:30.357",90357,"+2.950",2950,"+1.052",1052,24
879,2013,1,11,11,"11","11","nico-hulkenberg","sauber","ferrari","pirelli",,,"1:45.930",105930,"1:38.067",98067,,,,,,,19
879,2013,1,12,12,"12","15","adrian-sutil","force-india","mercedes","pirelli",,,"1:47.330",107330,"1:38.134",98134,,,,,,,19
879,2013,1,13,13,"13","18","jean-eric-vergne","toro-rosso","ferrari","pirelli",,,"1:44.871",104871,"1:38.778",98778,,,,,,,19
879,2013,1,14,14,"14","19","daniel-ricciardo","toro-rosso","ferrari","pirelli",,,"1:46.450",106450,"1:39.042",99042,,,,,,,20
879,2013,1,15,15,"15","6","sergio-perez","mclaren","mercedes","pirelli",,,"1:44.300",104300,"1:39.900",99900,,,,,,,18
879,2013,1,16,16,"16","17","valtteri-bottas","williams","renault","pirelli",,,"1:47.328",107328,"1:40.290",100290,,,,,,,19
879,2013,1,17,17,"17","16","pastor-maldonado","williams","renault","pirelli",,,"1:47.614",107614,,,,,,,,,11
879,2013,1,18,18,"18","12","esteban-gutierrez","sauber","ferrari","pirelli",,,"1:47.776",107776,,,,,,,,,10
879,2013,1,19,19,"19","22","jules-bianchi","marussia","cosworth","pirelli",,,"1:48.147",108147,,,,,,,,,11
879,2013,1,20,20,"20","23","max-chilton","marussia","cosworth","pirelli",,,"1:48.909",108909,,,,,,,,,11
879,2013,1,21,21,"21","21","giedo-van-der-garde","caterham","renault","pirelli",,,"1:49.519",109519,,,,,,,,,11
879,2013,1,22,,"NC","20","charles-pic","caterham","renault","pirelli",,,"1:50.626",110626,,,,,,,,,10
880,2013,2,1,1,"1","1","sebastian-vettel","red-bull","renault","pirelli",,,"1:37.899",97899,"1:37.245",97245,"1:49.674",109674,,,,,13
880,2013,2,2,2,"2","4","felipe-massa","ferrari","ferrari","pirelli",,,"1:37.712",97712,"1:36.874",96874,"1:50.587",110587,"+0.913",913,"+0.913",913,15
880,2013,2,3,3,"3","3","fernando-alonso","ferrari","ferrari","pirelli",,,"1:37.314",97314,"1:36.877",96877,"1:50.727",110727,"+1.053",1053,"+0.140",140,14
880,2013,2,4,4,"4","10","lewis-hamilton","mercedes","mercedes","pirelli",,,"1:37.513",97513,"1:36.517",96517,"1:51.699",111699,"+2.025",2025,"+0.972",972,15
880,2013,2,5,5,"5","2","mark-webber","red-bull","renault","pirelli",,,"1:37.619",97619,"1:36.449",96449,"1:52.244",112244,"+2.570",2570,"+0.545",545,14
880,2013,2,6,6,"6","9","nico-rosberg","mercedes","mercedes","pirelli",,,"1:37.239",97239,"1:36.190",96190,"1:52.519",112519,"+2.845",2845,"+0.275",275,14
880,2013,2,7,7,"7","7","kimi-raikkonen","lotus-f1","renault","pirelli",,,"1:36.959",96959,"1:36.640",96640,"1:52.970",112970,"+3.296",3296,"+0.451",451,12
880,2013,2,8,8,"8","5","jenson-button","mclaren","mercedes","pirelli",,,"1:37.487",97487,"1:37.117",97117,"1:53.175",113175,"+3.501",3501,"+0.205",205,14
880,2013,2,9,9,"9","15","adrian-sutil","force-india","mercedes","pirelli",,,"1:36.809",96809,"1:36.834",96834,"1:53.439",113439,"+3.765",3765,"+0.264",264,12
880,2013,2,10,10,"10","6","sergio-perez","mclaren","mercedes","pirelli",,,"1:37.702",97702,"1:37.342",97342,"1:54.136",114136,"+4.462",4462,"+0.697",697,16
880,2013,2,11,11,"11","8","romain-grosjean","lotus-f1","renault","pirelli",,,"1:37.363",97363,"1:37.636",97636,,,,,,,7
880,2013,2,12,12,"12","11","nico-hulkenberg","sauber","ferrari","pirelli",,,"1:37.931",97931,"1:38.125",98125,,,,,,,12
880,2013,2,13,13,"13","19","daniel-ricciardo","toro-rosso","ferrari","pirelli",,,"1:37.722",97722,"1:38.822",98822,,,,,,,12
880,2013,2,14,14,"14","12","esteban-gutierrez","sauber","ferrari","pirelli",,,"1:37.707",97707,"1:39.221",99221,,,,,,,14
880,2013,2,15,15,"15","14","paul-di-resta","force-india","mercedes","pirelli",,,"1:37.493",97493,"1:44.509",104509,,,,,,,10
880,2013,2,16,16,"16","16","pastor-maldonado","williams","renault","pirelli",,,"1:37.867",97867,,,,,,,,,10
880,2013,2,17,17,"17","18","jean-eric-vergne","toro-rosso","ferrari","pirelli",,,"1:38.157",98157,,,,,,,,,8
880,2013,2,18,18,"18","17","valtteri-bottas","williams","renault","pirelli",,,"1:38.207",98207,,,,,,,,,7
880,2013,2,19,19,"19","22","jules-bianchi","marussia","cosworth","pirelli",,,"1:38.434",98434,,,,,,,,,8
880,2013,2,20,20,"20","20","charles-pic","caterham","renault","pirelli",,,"1:39.314",99314,,,,,,,,,6
880,2013,2,21,21,"21","23","max-chilton","marussia","cosworth","pirelli",,,"1:39.672",99672,,,,,,,,,8
880,2013,2,22,22,"22","21","giedo-van-der-garde","caterham","renault","pirelli",,,"1:39.932",99932,,,,,,,,,6
881,2013,3,1,1,"1","10","lewis-hamilton","mercedes","mercedes","pirelli",,,"1:35.793",95793,"1:35.078",95078,"1:34.484",94484,,,,,9
881,2013,3,2,2,"2","7","kimi-raikkonen","lotus-f1","renault","pirelli",,,"1:37.046",97046,"1:35.659",95659,"1:34.761",94761,"+0.277",277,"+0.277",277,11
881,2013,3,3,3,"3","3","fernando-alonso","ferrari","ferrari","pirelli",,,"1:36.253",96253,"1:35.148",95148,"1:34.788",94788,"+0.304",304,"+0.027",27,12
881,2013,3,4,4,"4","9","nico-rosberg","mercedes","mercedes","pirelli",,,"1:35.959",95959,"1:35.537",95537,"1:34.861",94861,"+0.377",377,"+0.073",73,9
881,2013,3,5,5,"5","4","felipe-massa","ferrari","ferrari","pirelli",,,"1:35.972",95972,"1:35.403",95403,"1:34.933",94933,"+0.449",449,"+0.072",72,12
881,2013,3,6,6,"6","8","romain-grosjean","lotus-f1","renault","pirelli",,,"1:36.929",96929,"1:36.065",96065,"1:35.364",95364,"+0.880",880,"+0.431",431,9
881,2013,3,7,7,"7","19","daniel-ricciardo","toro-rosso","ferrari","pirelli",,,"1:36.993",96993,"1:36.258",96258,"1:35.998",95998,"+1.514",1514,"+0.634",634,15
881,2013,3,8,8,"8","5","jenson-button","mclaren","mercedes","pirelli",,,"1:36.667",96667,"1:35.784",95784,"2:05.673",125673,"+31.189",31189,"+29.675",29675,12
881,2013,3,9,9,"9","1","sebastian-vettel","red-bull","renault","pirelli",,,"1:36.537",96537,"1:35.343",95343,,,,,,,13
881,2013,3,10,10,"10","11","nico-hulkenberg","sauber","ferrari","pirelli",,,"1:36.985",96985,"1:36.261",96261,,,,,,,11
881,2013,3,11,11,"11","14","paul-di-resta","force-india","mercedes","pirelli",,,"1:37.478",97478,"1:36.287",96287,,,,,,,9
881,2013,3,12,12,"12","6","sergio-perez","mclaren","mercedes","pirelli",,,"1:36.952",96952,"1:36.314",96314,,,,,,,10
881,2013,3,13,13,"13","15","adrian-sutil","force-india","mercedes","pirelli",,,"1:37.349",97349,"1:36.405",96405,,,,,,,11
881,2013,3,14,14,"14","2","mark-webber","red-bull","renault","pirelli",,,"1:36.148",96148,"1:36.679",96679,,,,,,,6
881,2013,3,15,15,"15","16","pastor-maldonado","williams","renault","pirelli",,,"1:37.281",97281,"1:37.139",97139,,,,,,,10
881,2013,3,16,16,"16","18","jean-eric-vergne","toro-rosso","ferrari","pirelli",,,"1:37.508",97508,"1:37.199",97199,,,,,,,12
881,2013,3,17,17,"17","17","valtteri-bottas","williams","renault","pirelli",,,"1:37.769",97769,,,,,,,,,3
881,2013,3,18,18,"18","12","esteban-gutierrez","sauber","ferrari","pirelli",,,"1:37.990",97990,,,,,,,,,5
881,2013,3,19,19,"19","22","jules-bianchi","marussia","cosworth","pirelli",,,"1:38.780",98780,,,,,,,,,6
881,2013,3,20,20,"20","23","max-chilton","marussia","cosworth","pirelli",,,"1:39.537",99537,,,,,,,,,3
881,2013,3,21,21,"21","20","charles-pic","caterham","renault","pirelli",,,"1:39.614",99614,,,,,,,,,6
881,2013,3,22,22,"22","21","giedo-van-der-garde","caterham","renault","pirelli",,,"1:39.660",99660,,,,,,,,,6
882,2013,4,1,1,"1","9","nico-rosberg","mercedes","mercedes","pirelli",,,"1:33.364",93364,"1:32.867",92867,"1:32.330",92330,,,,,14
882,2013,4,2,2,"2","1","sebastian-vettel","red-bull","renault","pirelli",,,"1:33.327",93327,"1:32.746",92746,"1:32.584",92584,"+0.254",254,"+0.254",254,12
882,2013,4,3,3,"3","3","fernando-alonso","ferrari","ferrari","pirelli",,,"1:32.878",92878,"1:33.316",93316,"1:32.667",92667,"+0.337",337,"+0.083",83,11
882,2013,4,4,4,"4","10","lewis-hamilton","mercedes","mercedes","pirelli",,,"1:33.498",93498,"1:33.346",93346,"1:32.762",92762,"+0.432",432,"+0.095",95,13
882,2013,4,5,5,"5","2","mark-webber","red-bull","renault","pirelli",,,"1:33.966",93966,"1:33.098",93098,"1:33.078",93078,"+0.748",748,"+0.316",316,13
882,2013,4,6,6,"6","4","felipe-massa","ferrari","ferrari","pirelli",,,"1:33.780",93780,"1:33.358",93358,"1:33.207",93207,"+0.877",877,"+0.129",129,13
882,2013,4,7,7,"7","14","paul-di-resta","force-india","mercedes","pirelli",,,"1:33.762",93762,"1:33.335",93335,"1:33.235",93235,"+0.905",905,"+0.028",28,14
882,2013,4,8,8,"8","15","adrian-sutil","force-india","mercedes","pirelli",,,"1:34.048",94048,"1:33.378",93378,"1:33.246",93246,"+0.916",916,"+0.011",11,16
882,2013,4,9,9,"9","7","kimi-raikkonen","lotus-f1","renault","pirelli",,,"1:33.827",93827,"1:33.146",93146,"1:33.327",93327,"+0.997",997,"+0.081",81,13
882,2013,4,10,10,"10","5","jenson-button","mclaren","mercedes","pirelli",,,"1:34.071",94071,"1:33.702",93702,,,,,,,11
882,2013,4,11,11,"11","8","romain-grosjean","lotus-f1","renault","pirelli",,,"1:33.498",93498,"1:33.762",93762,,,,,,,7
882,2013,4,12,12,"12","6","sergio-perez","mclaren","mercedes","pirelli",,,"1:34.310",94310,"1:33.914",93914,,,,,,,9
882,2013,4,13,13,"13","19","daniel-ricciardo","toro-rosso","ferrari","pirelli",,,"1:34.120",94120,"1:33.974",93974,,,,,,,14
882,2013,4,14,14,"14","11","nico-hulkenberg","sauber","ferrari","pirelli",,,"1:34.409",94409,"1:33.976",93976,,,,,,,14
882,2013,4,15,15,"15","17","valtteri-bottas","williams","renault","pirelli",,,"1:34.425",94425,"1:34.105",94105,,,,,,,13
882,2013,4,16,16,"16","18","jean-eric-vergne","toro-rosso","ferrari","pirelli",,,"1:34.314",94314,"1:34.284",94284,,,,,,,13
882,2013,4,17,17,"17","16","pastor-maldonado","williams","renault","pirelli",,,"1:34.425",94425,,,,,,,,,6
882,2013,4,18,18,"18","12","esteban-gutierrez","sauber","ferrari","pirelli",,,"1:34.730",94730,,,,,,,,,9
882,2013,4,19,19,"19","20","charles-pic","caterham","renault","pirelli",,,"1:35.283",95283,,,,,,,,,6
882,2013,4,20,20,"20","22","jules-bianchi","marussia","cosworth","pirelli",,,"1:36.178",96178,,,,,,,,,6
882,2013,4,21,21,"21","21","giedo-van-der-garde","caterham","renault","pirelli",,,"1:36.304",96304,,,,,,,,,7
882,2013,4,22,22,"22","23","max-chilton","marussia","cosworth","pirelli",,,"1:36.476",96476,,,,,,,,,6
883,2013,5,1,1,"1","9","nico-rosberg","mercedes","mercedes","pirelli",,,"1:21.913",81913,"1:21.776",81776,"1:20.718",80718,,,,,12
883,2013,5,2,2,"2","10","lewis-hamilton","mercedes","mercedes","pirelli",,,"1:21.728",81728,"1:21.001",81001,"1:20.972",80972,"+0.254",254,"+0.254",254,12
883,2013,5,3,3,"3","1","sebastian-vettel","red-bull","renault","pirelli",,,"1:22.158",82158,"1:21.602",81602,"1:21.054",81054,"+0.336",336,"+0.082",82,12
883,2013,5,4,4,"4","7","kimi-raikkonen","lotus-f1","renault","pirelli",,,"1:22.210",82210,"1:21.676",81676,"1:21.177",81177,"+0.459",459,"+0.123",123,17
883,2013,5,5,5,"5","3","fernando-alonso","ferrari","ferrari","pirelli",,,"1:22.264",82264,"1:21.646",81646,"1:21.218",81218,"+0.500",500,"+0.041",41,12
883,2013,5,6,6,"6","4","felipe-massa","ferrari","ferrari","pirelli",,,"1:22.492",82492,"1:21.978",81978,"1:21.219",81219,"+0.501",501,"+0.001",1,12
883,2013,5,7,7,"7","8","romain-grosjean","lotus-f1","renault","pirelli",,,"1:22.613",82613,"1:21.998",81998,"1:21.308",81308,"+0.590",590,"+0.089",89,16
883,2013,5,8,8,"8","2","mark-webber","red-bull","renault","pirelli",,,"1:22.342",82342,"1:21.718",81718,"1:21.570",81570,"+0.852",852,"+0.262",262,12
883,2013,5,9,9,"9","6","sergio-perez","mclaren","mercedes","pirelli",,,"1:23.116",83116,"1:21.790",81790,"1:22.069",82069,"+1.351",1351,"+0.499",499,13
883,2013,5,10,10,"10","14","paul-di-resta","force-india","mercedes","pirelli",,,"1:22.663",82663,"1:22.019",82019,"1:22.233",82233,"+1.515",1515,"+0.164",164,17
883,2013,5,11,11,"11","19","daniel-ricciardo","toro-rosso","ferrari","pirelli",,,"1:22.905",82905,"1:22.127",82127,,,,,,,14
883,2013,5,12,12,"12","18","jean-eric-vergne","toro-rosso","ferrari","pirelli",,,"1:22.775",82775,"1:22.166",82166,,,,,,,12
883,2013,5,13,13,"13","15","adrian-sutil","force-india","mercedes","pirelli",,,"1:22.952",82952,"1:22.346",82346,,,,,,,12
883,2013,5,14,14,"14","5","jenson-button","mclaren","mercedes","pirelli",,,"1:23.166",83166,"1:22.355",82355,,,,,,,9
883,2013,5,15,15,"15","11","nico-hulkenberg","sauber","ferrari","pirelli",,,"1:23.058",83058,"1:22.389",82389,,,,,,,13
883,2013,5,16,16,"16","12","esteban-gutierrez","sauber","ferrari","pirelli",,,"1:23.218",83218,"1:22.793",82793,,,,,,,15
883,2013,5,17,17,"17","17","valtteri-bottas","williams","renault","pirelli",,,"1:23.260",83260,,,,,,,,,9
883,2013,5,18,18,"18","16","pastor-maldonado","williams","renault","pirelli",,,"1:23.318",83318,,,,,,,,,9
883,2013,5,19,19,"19","21","giedo-van-der-garde","caterham","renault","pirelli",,,"1:24.661",84661,,,,,,,,,6
883,2013,5,20,20,"20","22","jules-bianchi","marussia","cosworth","pirelli",,,"1:24.713",84713,,,,,,,,,6
883,2013,5,21,21,"21","23","max-chilton","marussia","cosworth","pirelli",,,"1:24.996",84996,,,,,,,,,6
883,2013,5,22,22,"22","20","charles-pic","caterham","renault","pirelli",,,"1:25.070",85070,,,,,,,,,6
884,2013,6,1,1,"1","9","nico-rosberg","mercedes","mercedes","pirelli",,,"1:24.620",84620,"1:16.135",76135,"1:13.876",73876,,,,,31
884,2013,6,2,2,"2","10","lewis-hamilton","mercedes","mercedes","pirelli",,,"1:23.779",83779,"1:16.265",76265,"1:13.967",73967,"+0.091",91,"+0.091",91,31
884,2013,6,3,3,"3","1","sebastian-vettel","red-bull","renault","pirelli",,,"1:24.243",84243,"1:15.988",75988,"1:13.980",73980,"+0.104",104,"+0.013",13,29
884,2013,6,4,4,"4","2","mark-webber","red-bull","renault","pirelli",,,"1:25.352",85352,"1:17.322",77322,"1:14.181",74181,"+0.305",305,"+0.201",201,30
884,2013,6,5,5,"5","7","kimi-raikkonen","lotus-f1","renault","pirelli",,,"1:25.835",85835,"1:16.040",76040,"1:14.822",74822,"+0.946",946,"+0.641",641,31
884,2013,6,6,6,"6","3","fernando-alonso","ferrari","ferrari","pirelli",,,"1:23.712",83712,"1:16.510",76510,"1:14.824",74824,"+0.948",948,"+0.002",2,32
884,2013,6,7,7,"7","6","sergio-perez","mclaren","mercedes","pirelli",,,"1:24.682",84682,"1:17.748",77748,"1:15.138",75138,"+1.262",1262,"+0.314",314,31
884,2013,6,8,8,"8","15","adrian-sutil","force-india","mercedes","pirelli",,,"1:25.108",85108,"1:17.261",77261,"1:15.383",75383,"+1.507",1507,"+0.245",245,29
884,2013,6,9,9,"9","5","jenson-button","mclaren","mercedes","pirelli",,,"1:23.744",83744,"1:17.420",77420,"1:15.647",75647,"+1.771",1771,"+0.264",264,29
884,2013,6,10,10,"10","18","jean-eric-vergne","toro-rosso","ferrari","pirelli",,,"1:23.699",83699,"1:17.623",77623,"1:15.703",75703,"+1.827",1827,"+0.056",56,29
884,2013,6,11,11,"11","11","nico-hulkenberg","sauber","ferrari","pirelli",,,"1:25.547",85547,"1:18.331",78331,,,,,,,22
884,2013,6,12,12,"12","19","daniel-ricciardo","toro-rosso","ferrari","pirelli",,,"1:24.852",84852,"1:18.344",78344,,,,,,,23
884,2013,6,13,13,"13","8","romain-grosjean","lotus-f1","renault","pirelli",,,"1:23.738",83738,"1:18.603",78603,,,,,,,13
884,2013,6,14,14,"14","17","valtteri-bottas","williams","renault","pirelli",,,"1:24.681",84681,"1:19.077",79077,,,,,,,22
884,2013,6,15,15,"15","21","giedo-van-der-garde","caterham","renault","pirelli",,,"1:26.095",86095,"1:19.408",79408,,,,,,,21
884,2013,6,16,16,"16","16","pastor-maldonado","williams","renault","pirelli",,,"1:23.452",83452,"1:21.688",81688,,,,,,,22
884,2013,6,17,17,"17","14","paul-di-resta","force-india","mercedes","pirelli",,,"1:26.322",86322,,,,,,,,,14
884,2013,6,18,18,"18","20","charles-pic","caterham","renault","pirelli",,,"1:26.633",86633,,,,,,,,,13
884,2013,6,19,19,"19","12","esteban-gutierrez","sauber","ferrari","pirelli",,,"1:26.917",86917,,,,,,,,,12
884,2013,6,20,20,"20","23","max-chilton","marussia","cosworth","pirelli",,,"1:27.303",87303,,,,,,,,,13
884,2013,6,21,,"NC","22","jules-bianchi","marussia","cosworth","pirelli",,,,,,,,,,,,,1
884,2013,6,22,,"NC","4","felipe-massa","ferrari","ferrari","pirelli",,,,,,,,,,,,,
885,2013,7,1,1,"1","1","sebastian-vettel","red-bull","renault","pirelli",,,"1:22.318",82318,"1:28.166",88166,"1:25.425",85425,,,,,25
885,2013,7,2,2,"2","10","lewis-hamilton","mercedes","mercedes","pirelli",,,"1:23.801",83801,"1:27.649",87649,"1:25.512",85512,"+0.087",87,"+0.087",87,31
885,2013,7,3,3,"3","17","valtteri-bottas","williams","renault","pirelli",,,"1:23.446",83446,"1:28.419",88419,"1:25.897",85897,"+0.472",472,"+0.385",385,30
885,2013,7,4,4,"4","9","nico-rosberg","mercedes","mercedes","pirelli",,,"1:23.840",83840,"1:28.420",88420,"1:26.008",86008,"+0.583",583,"+0.111",111,32
885,2013,7,5,5,"5","2","mark-webber","red-bull","renault","pirelli",,,"1:23.247",83247,"1:28.145",88145,"1:26.208",86208,"+0.783",783,"+0.200",200,30
885,2013,7,6,6,"6","3","fernando-alonso","ferrari","ferrari","pirelli",,,"1:23.224",83224,"1:28.788",88788,"1:26.504",86504,"+1.079",1079,"+0.296",296,30
885,2013,7,7,7,"7","18","jean-eric-vergne","toro-rosso","ferrari","pirelli",,,"1:24.159",84159,"1:28.527",88527,"1:26.543",86543,"+1.118",1118,"+0.039",39,32
885,2013,7,8,8,"8","15","adrian-sutil","force-india","mercedes","pirelli",,,"1:24.551",84551,"1:28.799",88799,"1:27.348",87348,"+1.923",1923,"+0.805",805,29
885,2013,7,9,9,"9","7","kimi-raikkonen","lotus-f1","renault","pirelli",,,"1:24.451",84451,"1:28.667",88667,"1:27.432",87432,"+2.007",2007,"+0.084",84,32
885,2013,7,10,10,"10","19","daniel-ricciardo","toro-rosso","ferrari","pirelli",,,"1:24.770",84770,"1:29.359",89359,"1:27.946",87946,"+2.521",2521,"+0.514",514,31
885,2013,7,11,11,"11","11","nico-hulkenberg","sauber","ferrari","pirelli",,,"1:23.899",83899,"1:29.435",89435,,,,,,,22
885,2013,7,12,12,"12","6","sergio-perez","mclaren","mercedes","pirelli",,,"1:24.176",84176,"1:29.761",89761,,,,,,,23
885,2013,7,13,13,"13","16","pastor-maldonado","williams","renault","pirelli",,,"1:24.776",84776,"1:29.917",89917,,,,,,,24
885,2013,7,14,14,"14","5","jenson-button","mclaren","mercedes","pirelli",,,"1:24.021",84021,"1:30.068",90068,,,,,,,22
885,2013,7,15,15,"15","12","esteban-gutierrez","sauber","ferrari","pirelli",,,"1:24.408",84408,"1:30.315",90315,,,,,,,24
885,2013,7,16,16,"16","4","felipe-massa","ferrari","ferrari","pirelli",,,"1:23.735",83735,"1:30.354",90354,,,,,,,20
885,2013,7,17,17,"17","14","paul-di-resta","force-india","mercedes","pirelli",,,"1:24.908",84908,,,,,,,,,12
885,2013,7,18,18,"18","20","charles-pic","caterham","renault","pirelli",,,"1:25.626",85626,,,,,,,,,10
885,2013,7,19,19,"19","8","romain-grosjean","lotus-f1","renault","pirelli",,,"1:25.716",85716,,,,,,,,,13
885,2013,7,20,20,"20","22","jules-bianchi","marussia","cosworth","pirelli",,,"1:26.508",86508,,,,,,,,,12
885,2013,7,21,21,"21","23","max-chilton","marussia","cosworth","pirelli",,,"1:27.062",87062,,,,,,,,,12
885,2013,7,22,22,"22","21","giedo-van-der-garde","caterham","renault","pirelli",,,"1:27.110",87110,,,,,,,,,10
886,2013,8,1,1,"1","10","lewis-hamilton","mercedes","mercedes","pirelli",,,"1:30.995",90995,"1:31.224",91224,"1:29.607",89607,,,,,12
886,2013,8,2,2,"2","9","nico-rosberg","mercedes","mercedes","pirelli",,,"1:31.355",91355,"1:31.028",91028,"1:30.059",90059,"+0.452",452,"+0.452",452,12
886,2013,8,3,3,"3","1","sebastian-vettel","red-bull","renault","pirelli",,,"1:31.559",91559,"1:30.990",90990,"1:30.211",90211,"+0.604",604,"+0.152",152,14
886,2013,8,4,4,"4","2","mark-webber","red-bull","renault","pirelli",,,"1:31.605",91605,"1:31.002",91002,"1:30.220",90220,"+0.613",613,"+0.009",9,15
886,2013,8,5,5,"5","19","daniel-ricciardo","toro-rosso","ferrari","pirelli",,,"1:32.097",92097,"1:31.182",91182,"1:30.757",90757,"+1.150",1150,"+0.537",537,20
886,2013,8,6,6,"6","15","adrian-sutil","force-india","mercedes","pirelli",,,"1:32.002",92002,"1:31.097",91097,"1:30.908",90908,"+1.301",1301,"+0.151",151,17
886,2013,8,7,7,"7","8","romain-grosjean","lotus-f1","renault","pirelli",,,"1:31.466",91466,"1:31.530",91530,"1:30.955",90955,"+1.348",1348,"+0.047",47,23
886,2013,8,8,8,"8","7","kimi-raikkonen","lotus-f1","renault","pirelli",,,"1:31.400",91400,"1:31.592",91592,"1:30.962",90962,"+1.355",1355,"+0.007",7,17
886,2013,8,9,9,"9","3","fernando-alonso","ferrari","ferrari","pirelli",,,"1:32.266",92266,"1:31.387",91387,"1:30.979",90979,"+1.372",1372,"+0.017",17,16
886,2013,8,10,10,"10","5","jenson-button","mclaren","mercedes","pirelli",,,"1:31.979",91979,"1:31.649",91649,,,,,,,12
886,2013,8,11,11,"11","4","felipe-massa","ferrari","ferrari","pirelli",,,"1:32.241",92241,"1:31.779",91779,,,,,,,15
886,2013,8,12,12,"12","18","jean-eric-vergne","toro-rosso","ferrari","pirelli",,,"1:32.105",92105,"1:31.785",91785,,,,,,,16
886,2013,8,13,13,"13","6","sergio-perez","mclaren","mercedes","pirelli",,,"1:31.953",91953,"1:32.082",92082,,,,,,,15
886,2013,8,14,14,"14","11","nico-hulkenberg","sauber","ferrari","pirelli",,,"1:32.168",92168,"1:32.211",92211,,,,,,,15
886,2013,8,15,15,"15","16","pastor-maldonado","williams","renault","pirelli",,,"1:32.512",92512,"1:32.359",92359,,,,,,,18
886,2013,8,16,16,"16","17","valtteri-bottas","williams","renault","pirelli",,,"1:32.664",92664,,,,,,,,,10
886,2013,8,17,17,"17","12","esteban-gutierrez","sauber","ferrari","pirelli",,,"1:32.666",92666,,,,,,,,,11
886,2013,8,18,18,"18","20","charles-pic","caterham","renault","pirelli",,,"1:33.866",93866,,,,,,,,,6
886,2013,8,19,19,"19","22","jules-bianchi","marussia","cosworth","pirelli",,,"1:34.108",94108,,,,,,,,,8
886,2013,8,20,20,"20","21","giedo-van-der-garde","caterham","renault","pirelli",,,"1:35.481",95481,,,,,,,,,3
886,2013,8,21,21,"21","23","max-chilton","marussia","cosworth","pirelli",,,"1:35.858",95858,,,,,,,,,10
886,2013,8,22,,"EX","14","paul-di-resta","force-india","mercedes","pirelli",,,"1:32.062",92062,"1:31.291",91291,"1:30.736",90736,,,,,19
887,2013,9,1,1,"1","10","lewis-hamilton","mercedes","mercedes","pirelli",,,"1:31.131",91131,"1:30.152",90152,"1:29.398",89398,,,,,14
887,2013,9,2,2,"2","1","sebastian-vettel","red-bull","renault","pirelli",,,"1:31.269",91269,"1:29.992",89992,"1:29.501",89501,"+0.103",103,"+0.103",103,14
887,2013,9,3,3,"3","2","mark-webber","red-bull","renault","pirelli",,,"1:31.428",91428,"1:30.217",90217,"1:29.608",89608,"+0.210",210,"+0.107",107,14
887,2013,9,4,4,"4","7","kimi-raikkonen","lotus-f1","renault","pirelli",,,"1:30.676",90676,"1:29.852",89852,"1:29.892",89892,"+0.494",494,"+0.284",284,15
887,2013,9,5,5,"5","8","romain-grosjean","lotus-f1","renault","pirelli",,,"1:31.242",91242,"1:30.005",90005,"1:29.959",89959,"+0.561",561,"+0.067",67,16
887,2013,9,6,6,"6","19","daniel-ricciardo","toro-rosso","ferrari","pirelli",,,"1:31.081",91081,"1:30.223",90223,"1:30.528",90528,"+1.130",1130,"+0.569",569,16
887,2013,9,7,7,"7","4","felipe-massa","ferrari","ferrari","pirelli",,,"1:30.547",90547,"1:29.825",89825,"1:31.126",91126,"+1.728",1728,"+0.598",598,17
887,2013,9,8,8,"8","3","fernando-alonso","ferrari","ferrari","pirelli",,,"1:30.709",90709,"1:29.962",89962,"1:31.209",91209,"+1.811",1811,"+0.083",83,15
887,2013,9,9,9,"9","5","jenson-button","mclaren","mercedes","pirelli",,,"1:31.181",91181,"1:30.269",90269,,,,,,,16
887,2013,9,10,10,"10","11","nico-hulkenberg","sauber","ferrari","pirelli",,,"1:31.132",91132,"1:30.231",90231,,,,,,,13
887,2013,9,11,11,"11","9","nico-rosberg","mercedes","mercedes","pirelli",,,"1:31.322",91322,"1:30.326",90326,,,,,,,10
887,2013,9,12,12,"12","14","paul-di-resta","force-india","mercedes","pirelli",,,"1:31.322",91322,"1:30.697",90697,,,,,,,18
887,2013,9,13,13,"13","6","sergio-perez","mclaren","mercedes","pirelli",,,"1:31.498",91498,"1:30.933",90933,,,,,,,16
887,2013,9,14,14,"14","12","esteban-gutierrez","sauber","ferrari","pirelli",,,"1:31.681",91681,"1:31.010",91010,,,,,,,17
887,2013,9,15,15,"15","15","adrian-sutil","force-india","mercedes","pirelli",,,"1:31.320",91320,"1:31.010",91010,,,,,,,15
887,2013,9,16,16,"16","18","jean-eric-vergne","toro-rosso","ferrari","pirelli",,,"1:31.629",91629,"1:31.104",91104,,,,,,,12
887,2013,9,17,17,"17","17","valtteri-bottas","williams","renault","pirelli",,,"1:31.693",91693,,,,,,,,,8
887,2013,9,18,18,"18","16","pastor-maldonado","williams","renault","pirelli",,,"1:31.707",91707,,,,,,,,,6
887,2013,9,19,19,"19","20","charles-pic","caterham","renault","pirelli",,,"1:32.937",92937,,,,,,,,,8
887,2013,9,20,20,"20","22","jules-bianchi","marussia","cosworth","pirelli",,,"1:33.063",93063,,,,,,,,,9
887,2013,9,21,21,"21","21","giedo-van-der-garde","caterham","renault","pirelli",,,"1:33.734",93734,,,,,,,,,8
887,2013,9,22,22,"22","23","max-chilton","marussia","cosworth","pirelli",,,"1:34.098",94098,,,,,,,,,9
888,2013,10,1,1,"1","10","lewis-hamilton","mercedes","mercedes","pirelli",,,"1:20.363",80363,"1:19.862",79862,"1:19.388",79388,,,,,15
888,2013,10,2,2,"2","1","sebastian-vettel","red-bull","renault","pirelli",,,"1:20.646",80646,"1:19.992",79992,"1:19.426",79426,"+0.038",38,"+0.038",38,12
888,2013,10,3,3,"3","8","romain-grosjean","lotus-f1","renault","pirelli",,,"1:20.447",80447,"1:20.101",80101,"1:19.595",79595,"+0.207",207,"+0.169",169,15
888,2013,10,4,4,"4","9","nico-rosberg","mercedes","mercedes","pirelli",,,"1:20.350",80350,"1:19.778",79778,"1:19.720",79720,"+0.332",332,"+0.125",125,16
888,2013,10,5,5,"5","3","fernando-alonso","ferrari","ferrari","pirelli",,,"1:20.652",80652,"1:20.183",80183,"1:19.791",79791,"+0.403",403,"+0.071",71,15
888,2013,10,6,6,"6","7","kimi-raikkonen","lotus-f1","renault","pirelli",,,"1:20.867",80867,"1:20.243",80243,"1:19.851",79851,"+0.463",463,"+0.060",60,17
888,2013,10,7,7,"7","4","felipe-massa","ferrari","ferrari","pirelli",,,"1:21.004",81004,"1:20.460",80460,"1:19.929",79929,"+0.541",541,"+0.078",78,15
888,2013,10,8,8,"8","19","daniel-ricciardo","toro-rosso","ferrari","pirelli",,,"1:21.181",81181,"1:20.527",80527,"1:20.641",80641,"+1.253",1253,"+0.712",712,14
888,2013,10,9,9,"9","6","sergio-perez","mclaren","mercedes","pirelli",,,"1:21.612",81612,"1:20.545",80545,"1:22.398",82398,"+3.010",3010,"+1.757",1757,16
888,2013,10,10,10,"10","2","mark-webber","red-bull","renault","pirelli",,,"1:21.264",81264,"1:20.503",80503,,,,,,,13
888,2013,10,11,11,"11","15","adrian-sutil","force-india","mercedes","pirelli",,,"1:21.471",81471,"1:20.569",80569,,,,,,,17
888,2013,10,12,12,"12","11","nico-hulkenberg","sauber","ferrari","pirelli",,,"1:21.028",81028,"1:20.580",80580,,,,,,,13
888,2013,10,13,13,"13","5","jenson-button","mclaren","mercedes","pirelli",,,"1:21.131",81131,"1:20.777",80777,,,,,,,10
888,2013,10,14,14,"14","18","jean-eric-vergne","toro-rosso","ferrari","pirelli",,,"1:21.345",81345,"1:21.029",81029,,,,,,,12
888,2013,10,15,15,"15","16","pastor-maldonado","williams","renault","pirelli",,,"1:20.816",80816,"1:21.133",81133,,,,,,,15
888,2013,10,16,16,"16","17","valtteri-bottas","williams","renault","pirelli",,,"1:21.135",81135,"1:21.219",81219,,,,,,,13
888,2013,10,17,17,"17","12","esteban-gutierrez","sauber","ferrari","pirelli",,,"1:21.724",81724,,,,,,,,,11
888,2013,10,18,18,"18","14","paul-di-resta","force-india","mercedes","pirelli",,,"1:22.043",82043,,,,,,,,,11
888,2013,10,19,19,"19","20","charles-pic","caterham","renault","pirelli",,,"1:23.007",83007,,,,,,,,,8
888,2013,10,20,20,"20","21","giedo-van-der-garde","caterham","renault","pirelli",,,"1:23.333",83333,,,,,,,,,7
888,2013,10,21,21,"21","22","jules-bianchi","marussia","cosworth","pirelli",,,"1:23.787",83787,,,,,,,,,8
888,2013,10,22,22,"22","23","max-chilton","marussia","cosworth","pirelli",,,"1:23.997",83997,,,,,,,,,8
889,2013,11,1,1,"1","10","lewis-hamilton","mercedes","mercedes","pirelli",,,"2:00.368",120368,"1:49.067",109067,"2:01.012",121012,,,,,22
889,2013,11,2,2,"2","1","sebastian-vettel","red-bull","renault","pirelli",,,"2:01.863",121863,"1:48.646",108646,"2:01.200",121200,"+0.188",188,"+0.188",188,19
889,2013,11,3,3,"3","2","mark-webber","red-bull","renault","pirelli",,,"2:01.597",121597,"1:48.641",108641,"2:01.325",121325,"+0.313",313,"+0.125",125,20
889,2013,11,4,4,"4","9","nico-rosberg","mercedes","mercedes","pirelli",,,"2:01.099",121099,"1:48.552",108552,"2:02.251",122251,"+1.239",1239,"+0.926",926,20
889,2013,11,5,5,"5","14","paul-di-resta","force-india","mercedes","pirelli",,,"2:02.338",122338,"1:48.925",108925,"2:02.332",122332,"+1.320",1320,"+0.081",81,22
889,2013,11,6,6,"6","5","jenson-button","mclaren","mercedes","pirelli",,,"2:01.301",121301,"1:48.641",108641,"2:03.075",123075,"+2.063",2063,"+0.743",743,21
889,2013,11,7,7,"7","8","romain-grosjean","lotus-f1","renault","pirelli",,,"2:02.476",122476,"1:48.649",108649,"2:03.081",123081,"+2.069",2069,"+0.006",6,22
889,2013,11,8,8,"8","7","kimi-raikkonen","lotus-f1","renault","pirelli",,,"2:01.151",121151,"1:48.296",108296,"2:03.390",123390,"+2.378",2378,"+0.309",309,22
889,2013,11,9,9,"9","3","fernando-alonso","ferrari","ferrari","pirelli",,,"2:00.190",120190,"1:48.309",108309,"2:03.482",123482,"+2.470",2470,"+0.092",92,21
889,2013,11,10,10,"10","4","felipe-massa","ferrari","ferrari","pirelli",,,"2:01.462",121462,"1:49.020",109020,"2:04.059",124059,"+3.047",3047,"+0.577",577,21
889,2013,11,11,11,"11","11","nico-hulkenberg","sauber","ferrari","pirelli",,,"2:01.712",121712,"1:49.088",109088,,,,,,,17
889,2013,11,12,12,"12","15","adrian-sutil","force-india","mercedes","pirelli",,,"2:02.749",122749,"1:49.103",109103,,,,,,,17
889,2013,11,13,13,"13","6","sergio-perez","mclaren","mercedes","pirelli",,,"2:02.425",122425,"1:49.304",109304,,,,,,,16
889,2013,11,14,14,"14","21","giedo-van-der-garde","caterham","renault","pirelli",,,"2:00.564",120564,"1:52.036",112036,,,,,,,15
889,2013,11,15,15,"15","22","jules-bianchi","marussia","cosworth","pirelli",,,"2:02.110",122110,"1:52.563",112563,,,,,,,16
889,2013,11,16,16,"16","23","max-chilton","marussia","cosworth","pirelli",,,"2:02.948",122948,"1:52.762",112762,,,,,,,17
889,2013,11,17,17,"17","16","pastor-maldonado","williams","renault","pirelli",,,"2:03.072",123072,,,,,,,,,10
889,2013,11,18,18,"18","18","jean-eric-vergne","toro-rosso","ferrari","pirelli",,,"2:03.300",123300,,,,,,,,,10
889,2013,11,19,19,"19","19","daniel-ricciardo","toro-rosso","ferrari","pirelli",,,"2:03.317",123317,,,,,,,,,10
889,2013,11,20,20,"20","17","valtteri-bottas","williams","renault","pirelli",,,"2:03.432",123432,,,,,,,,,10
889,2013,11,21,21,"21","12","esteban-gutierrez","sauber","ferrari","pirelli",,,"2:04.324",124324,,,,,,,,,10
889,2013,11,22,22,"22","20","charles-pic","caterham","renault","pirelli",,,"2:07.384",127384,,,,,,,,,8
890,2013,12,1,1,"1","1","sebastian-vettel","red-bull","renault","pirelli",,,"1:24.319",84319,"1:23.977",83977,"1:23.755",83755,,,,,15
890,2013,12,2,2,"2","2","mark-webber","red-bull","renault","pirelli",,,"1:24.923",84923,"1:24.263",84263,"1:23.968",83968,"+0.213",213,"+0.213",213,18
890,2013,12,3,3,"3","11","nico-hulkenberg","sauber","ferrari","pirelli",,,"1:24.776",84776,"1:24.305",84305,"1:24.065",84065,"+0.310",310,"+0.097",97,21
890,2013,12,4,4,"4","4","felipe-massa","ferrari","ferrari","pirelli",,,"1:24.950",84950,"1:24.479",84479,"1:24.132",84132,"+0.377",377,"+0.067",67,21
890,2013,12,5,5,"5","3","fernando-alonso","ferrari","ferrari","pirelli",,,"1:24.661",84661,"1:24.227",84227,"1:24.142",84142,"+0.387",387,"+0.010",10,15
890,2013,12,6,6,"6","9","nico-rosberg","mercedes","mercedes","pirelli",,,"1:24.527",84527,"1:24.393",84393,"1:24.192",84192,"+0.437",437,"+0.050",50,26
890,2013,12,7,7,"7","19","daniel-ricciardo","toro-rosso","ferrari","pirelli",,,"1:24.655",84655,"1:24.290",84290,"1:24.209",84209,"+0.454",454,"+0.017",17,24
890,2013,12,8,8,"8","6","sergio-perez","mclaren","mercedes","pirelli",,,"1:24.635",84635,"1:24.592",84592,"1:24.502",84502,"+0.747",747,"+0.293",293,17
890,2013,12,9,9,"9","5","jenson-button","mclaren","mercedes","pirelli",,,"1:24.739",84739,"1:24.563",84563,"1:24.515",84515,"+0.760",760,"+0.013",13,21
890,2013,12,10,10,"10","18","jean-eric-vergne","toro-rosso","ferrari","pirelli",,,"1:24.630",84630,"1:24.575",84575,"1:28.050",88050,"+4.295",4295,"+3.535",3535,20
890,2013,12,11,11,"11","7","kimi-raikkonen","lotus-f1","renault","pirelli",,,"1:24.819",84819,"1:24.610",84610,,,,,,,16
890,2013,12,12,12,"12","10","lewis-hamilton","mercedes","mercedes","pirelli",,,"1:24.589",84589,"1:24.803",84803,,,,,,,14
890,2013,12,13,13,"13","8","romain-grosjean","lotus-f1","renault","pirelli",,,"1:24.737",84737,"1:24.848",84848,,,,,,,14
890,2013,12,14,14,"14","15","adrian-sutil","force-india","mercedes","pirelli",,,"1:25.030",85030,"1:24.932",84932,,,,,,,19
890,2013,12,15,15,"15","16","pastor-maldonado","williams","renault","pirelli",,,"1:24.905",84905,"1:25.011",85011,,,,,,,19
890,2013,12,16,16,"16","14","paul-di-resta","force-india","mercedes","pirelli",,,"1:25.009",85009,"1:25.077",85077,,,,,,,18
890,2013,12,17,17,"17","12","esteban-gutierrez","sauber","ferrari","pirelli",,,"1:25.226",85226,,,,,,,,,13
890,2013,12,18,18,"18","17","valtteri-bottas","williams","renault","pirelli",,,"1:25.291",85291,,,,,,,,,11
890,2013,12,19,19,"19","21","giedo-van-der-garde","caterham","renault","pirelli",,,"1:26.406",86406,,,,,,,,,9
890,2013,12,20,20,"20","20","charles-pic","caterham","renault","pirelli",,,"1:26.563",86563,,,,,,,,,10
890,2013,12,21,21,"21","22","jules-bianchi","marussia","cosworth","pirelli",,,"1:27.085",87085,,,,,,,,,11
890,2013,12,22,22,"22","23","max-chilton","marussia","cosworth","pirelli",,,"1:27.480",87480,,,,,,,,,10
891,2013,13,1,1,"1","1","sebastian-vettel","red-bull","renault","pirelli",,,"1:45.376",105376,"1:42.905",102905,"1:42.841",102841,,,,,11
891,2013,13,2,2,"2","9","nico-rosberg","mercedes","mercedes","pirelli",,,"1:45.208",105208,"1:43.892",103892,"1:42.932",102932,"+0.091",91,"+0.091",91,17
891,2013,13,3,3,"3","8","romain-grosjean","lotus-f1","renault","pirelli",,,"1:45.851",105851,"1:43.957",103957,"1:43.058",103058,"+0.217",217,"+0.126",126,21
891,2013,13,4,4,"4","2","mark-webber","red-bull","renault","pirelli",,,"1:45.271",105271,"1:43.727",103727,"1:43.152",103152,"+0.311",311,"+0.094",94,12
891,2013,13,5,5,"5","10","lewis-hamilton","mercedes","mercedes","pirelli",,,"1:44.196",104196,"1:43.920",103920,"1:43.254",103254,"+0.413",413,"+0.102",102,17
891,2013,13,6,6,"6","4","felipe-massa","ferrari","ferrari","pirelli",,,"1:45.658",105658,"1:44.376",104376,"1:43.890",103890,"+1.049",1049,"+0.636",636,19
891,2013,13,7,7,"7","3","fernando-alonso","ferrari","ferrari","pirelli",,,"1:45.115",105115,"1:44.153",104153,"1:43.938",103938,"+1.097",1097,"+0.048",48,15
891,2013,13,8,8,"8","5","jenson-button","mclaren","mercedes","pirelli",,,"1:45.009",105009,"1:44.497",104497,"1:44.282",104282,"+1.441",1441,"+0.344",344,16
891,2013,13,9,9,"9","19","daniel-ricciardo","toro-rosso","ferrari","pirelli",,,"1:45.379",105379,"1:44.407",104407,"1:44.439",104439,"+1.598",1598,"+0.157",157,16
891,2013,13,10,10,"10","12","esteban-gutierrez","sauber","ferrari","pirelli",,,"1:45.483",105483,"1:44.245",104245,,,,,,,14
891,2013,13,11,11,"11","11","nico-hulkenberg","sauber","ferrari","pirelli",,,"1:45.381",105381,"1:44.555",104555,,,,,,,9
891,2013,13,12,12,"12","18","jean-eric-vergne","toro-rosso","ferrari","pirelli",,,"1:45.657",105657,"1:44.588",104588,,,,,,,14
891,2013,13,13,13,"13","7","kimi-raikkonen","lotus-f1","renault","pirelli",,,"1:45.522",105522,"1:44.658",104658,,,,,,,15
891,2013,13,14,14,"14","6","sergio-perez","mclaren","mercedes","pirelli",,,"1:45.164",105164,"1:44.752",104752,,,,,,,6
891,2013,13,15,15,"15","15","adrian-sutil","force-india","mercedes","pirelli",,,"1:45.960",105960,"1:45.185",105185,,,,,,,14
891,2013,13,16,16,"16","17","valtteri-bottas","williams","renault","pirelli",,,"1:45.982",105982,"1:45.388",105388,,,,,,,13
891,2013,13,17,17,"17","14","paul-di-resta","force-india","mercedes","pirelli",,,"1:46.121",106121,,,,,,,,,8
891,2013,13,18,18,"18","16","pastor-maldonado","williams","renault","pirelli",,,"1:46.619",106619,,,,,,,,,10
891,2013,13,19,19,"19","20","charles-pic","caterham","renault","pirelli",,,"1:48.111",108111,,,,,,,,,6
891,2013,13,20,20,"20","21","giedo-van-der-garde","caterham","renault","pirelli",,,"1:48.320",108320,,,,,,,,,6
891,2013,13,21,21,"21","22","jules-bianchi","marussia","cosworth","pirelli",,,"1:48.830",108830,,,,,,,,,6
891,2013,13,22,22,"22","23","max-chilton","marussia","cosworth","pirelli",,,"1:48.930",108930,,,,,,,,,6
892,2013,14,1,1,"1","1","sebastian-vettel","red-bull","renault","pirelli",,,"1:38.683",98683,"1:37.569",97569,"1:37.202",97202,,,,,13
892,2013,14,2,2,"2","10","lewis-hamilton","mercedes","mercedes","pirelli",,,"1:38.574",98574,"1:37.824",97824,"1:37.420",97420,"+0.218",218,"+0.218",218,16
892,2013,14,3,3,"3","2","mark-webber","red-bull","renault","pirelli",,,"1:39.138",99138,"1:37.840",97840,"1:37.464",97464,"+0.262",262,"+0.044",44,13
892,2013,14,4,4,"4","8","romain-grosjean","lotus-f1","renault","pirelli",,,"1:39.065",99065,"1:38.076",98076,"1:37.531",97531,"+0.329",329,"+0.067",67,14
892,2013,14,5,5,"5","9","nico-rosberg","mercedes","mercedes","pirelli",,,"1:38.418",98418,"1:38.031",98031,"1:37.679",97679,"+0.477",477,"+0.148",148,16
892,2013,14,6,6,"6","3","fernando-alonso","ferrari","ferrari","pirelli",,,"1:38.520",98520,"1:37.978",97978,"1:38.038",98038,"+0.836",836,"+0.359",359,17
892,2013,14,7,7,"7","4","felipe-massa","ferrari","ferrari","pirelli",,,"1:38.884",98884,"1:38.295",98295,"1:38.223",98223,"+1.021",1021,"+0.185",185,16
892,2013,14,8,8,"8","11","nico-hulkenberg","sauber","ferrari","pirelli",,,"1:38.427",98427,"1:37.913",97913,"1:38.237",98237,"+1.035",1035,"+0.014",14,17
892,2013,14,9,9,"9","12","esteban-gutierrez","sauber","ferrari","pirelli",,,"1:38.725",98725,"1:38.327",98327,"1:38.405",98405,"+1.203",1203,"+0.168",168,15
892,2013,14,10,10,"10","7","kimi-raikkonen","lotus-f1","renault","pirelli",,,"1:38.341",98341,"1:38.181",98181,"1:38.822",98822,"+1.620",1620,"+0.417",417,17
892,2013,14,11,11,"11","6","sergio-perez","mclaren","mercedes","pirelli",,,"1:39.049",99049,"1:38.362",98362,,,,,,,14
892,2013,14,12,12,"12","5","jenson-button","mclaren","mercedes","pirelli",,,"1:38.882",98882,"1:38.365",98365,,,,,,,14
892,2013,14,13,13,"13","19","daniel-ricciardo","toro-rosso","ferrari","pirelli",,,"1:38.525",98525,"1:38.417",98417,,,,,,,14
892,2013,14,14,14,"14","15","adrian-sutil","force-india","mercedes","pirelli",,,"1:38.988",98988,"1:38.431",98431,,,,,,,15
892,2013,14,15,15,"15","14","paul-di-resta","force-india","mercedes","pirelli",,,"1:39.185",99185,"1:38.718",98718,,,,,,,15
892,2013,14,16,16,"16","18","jean-eric-vergne","toro-rosso","ferrari","pirelli",,,"1:39.075",99075,"1:38.781",98781,,,,,,,13
892,2013,14,17,17,"17","17","valtteri-bottas","williams","renault","pirelli",,,"1:39.470",99470,,,,,,,,,8
892,2013,14,18,18,"18","16","pastor-maldonado","williams","renault","pirelli",,,"1:39.987",99987,,,,,,,,,8
892,2013,14,19,19,"19","20","charles-pic","caterham","renault","pirelli",,,"1:40.864",100864,,,,,,,,,6
892,2013,14,20,20,"20","21","giedo-van-der-garde","caterham","renault","pirelli",,,"1:40.871",100871,,,,,,,,,6
892,2013,14,21,21,"21","22","jules-bianchi","marussia","cosworth","pirelli",,,"1:41.169",101169,,,,,,,,,6
892,2013,14,22,22,"22","23","max-chilton","marussia","cosworth","pirelli",,,"1:41.322",101322,,,,,,,,,6
893,2013,15,1,1,"1","2","mark-webber","red-bull","renault","pirelli",,,"1:32.271",92271,"1:31.513",91513,"1:30.915",90915,,,,,13
893,2013,15,2,2,"2","1","sebastian-vettel","red-bull","renault","pirelli",,,"1:32.397",92397,"1:31.290",91290,"1:31.089",91089,"+0.174",174,"+0.174",174,13
893,2013,15,3,3,"3","10","lewis-hamilton","mercedes","mercedes","pirelli",,,"1:32.340",92340,"1:31.636",91636,"1:31.253",91253,"+0.338",338,"+0.164",164,17
893,2013,15,4,4,"4","8","romain-grosjean","lotus-f1","renault","pirelli",,,"1:31.824",91824,"1:31.565",91565,"1:31.365",91365,"+0.450",450,"+0.112",112,21
893,2013,15,5,5,"5","4","felipe-massa","ferrari","ferrari","pirelli",,,"1:31.994",91994,"1:31.668",91668,"1:31.378",91378,"+0.463",463,"+0.013",13,17
893,2013,15,6,6,"6","9","nico-rosberg","mercedes","mercedes","pirelli",,,"1:32.244",92244,"1:31.764",91764,"1:31.397",91397,"+0.482",482,"+0.019",19,17
893,2013,15,7,7,"7","11","nico-hulkenberg","sauber","ferrari","pirelli",,,"1:32.465",92465,"1:31.848",91848,"1:31.644",91644,"+0.729",729,"+0.247",247,19
893,2013,15,8,8,"8","3","fernando-alonso","ferrari","ferrari","pirelli",,,"1:32.371",92371,"1:31.828",91828,"1:31.665",91665,"+0.750",750,"+0.021",21,16
893,2013,15,9,9,"9","7","kimi-raikkonen","lotus-f1","renault","pirelli",,,"1:32.377",92377,"1:31.662",91662,"1:31.684",91684,"+0.769",769,"+0.019",19,19
893,2013,15,10,10,"10","5","jenson-button","mclaren","mercedes","pirelli",,,"1:32.606",92606,"1:31.838",91838,"1:31.827",91827,"+0.912",912,"+0.143",143,15
893,2013,15,11,11,"11","6","sergio-perez","mclaren","mercedes","pirelli",,,"1:32.718",92718,"1:31.989",91989,,,,,,,16
893,2013,15,12,12,"12","14","paul-di-resta","force-india","mercedes","pirelli",,,"1:32.286",92286,"1:31.992",91992,,,,,,,15
893,2013,15,13,13,"13","17","valtteri-bottas","williams","renault","pirelli",,,"1:32.613",92613,"1:32.013",92013,,,,,,,14
893,2013,15,14,14,"14","12","esteban-gutierrez","sauber","ferrari","pirelli",,,"1:32.673",92673,"1:32.063",92063,,,,,,,15
893,2013,15,15,15,"15","16","pastor-maldonado","williams","renault","pirelli",,,"1:32.875",92875,"1:32.093",92093,,,,,,,15
893,2013,15,16,16,"16","19","daniel-ricciardo","toro-rosso","ferrari","pirelli",,,"1:32.804",92804,"1:32.485",92485,,,,,,,11
893,2013,15,17,17,"17","15","adrian-sutil","force-india","mercedes","pirelli",,,"1:32.890",92890,,,,,,,,,10
893,2013,15,18,18,"18","18","jean-eric-vergne","toro-rosso","ferrari","pirelli",,,"1:33.357",93357,,,,,,,,,6
893,2013,15,19,19,"19","23","max-chilton","marussia","cosworth","pirelli",,,"1:34.320",94320,,,,,,,,,8
893,2013,15,20,20,"20","20","charles-pic","caterham","renault","pirelli",,,"1:34.556",94556,,,,,,,,,8
893,2013,15,21,21,"21","21","giedo-van-der-garde","caterham","renault","pirelli",,,"1:34.879",94879,,,,,,,,,9
893,2013,15,22,22,"22","22","jules-bianchi","marussia","cosworth","pirelli",,,"1:34.958",94958,,,,,,,,,5
894,2013,16,1,1,"1","1","sebastian-vettel","red-bull","renault","pirelli",,,"1:25.943",85943,"1:24.568",84568,"1:24.119",84119,,,,,12
894,2013,16,2,2,"2","9","nico-rosberg","mercedes","mercedes","pirelli",,,"1:25.833",85833,"1:25.304",85304,"1:24.871",84871,"+0.752",752,"+0.752",752,21
894,2013,16,3,3,"3","10","lewis-hamilton","mercedes","mercedes","pirelli",,,"1:25.802",85802,"1:25.259",85259,"1:24.941",84941,"+0.822",822,"+0.070",70,20
894,2013,16,4,4,"4","2","mark-webber","red-bull","renault","pirelli",,,"1:25.665",85665,"1:25.097",85097,"1:25.047",85047,"+0.928",928,"+0.106",106,17
894,2013,16,5,5,"5","4","felipe-massa","ferrari","ferrari","pirelli",,,"1:25.793",85793,"1:25.389",85389,"1:25.201",85201,"+1.082",1082,"+0.154",154,19
894,2013,16,6,6,"6","7","kimi-raikkonen","lotus-f1","renault","pirelli",,,"1:25.819",85819,"1:25.191",85191,"1:25.248",85248,"+1.129",1129,"+0.047",47,18
894,2013,16,7,7,"7","11","nico-hulkenberg","sauber","ferrari","pirelli",,,"1:25.883",85883,"1:25.339",85339,"1:25.334",85334,"+1.215",1215,"+0.086",86,19
894,2013,16,8,8,"8","3","fernando-alonso","ferrari","ferrari","pirelli",,,"1:25.934",85934,"1:24.885",84885,"1:25.826",85826,"+1.707",1707,"+0.492",492,15
894,2013,16,9,9,"9","6","sergio-perez","mclaren","mercedes","pirelli",,,"1:26.107",86107,"1:25.365",85365,"1:26.153",86153,"+2.034",2034,"+0.327",327,21
894,2013,16,10,10,"10","5","jenson-button","mclaren","mercedes","pirelli",,,"1:25.574",85574,"1:25.458",85458,"1:26.487",86487,"+2.368",2368,"+0.334",334,23
894,2013,16,11,11,"11","19","daniel-ricciardo","toro-rosso","ferrari","pirelli",,,"1:25.673",85673,"1:25.519",85519,,,,,,,14
894,2013,16,12,12,"12","14","paul-di-resta","force-india","mercedes","pirelli",,,"1:25.908",85908,"1:25.711",85711,,,,,,,15
894,2013,16,13,13,"13","15","adrian-sutil","force-india","mercedes","pirelli",,,"1:26.164",86164,"1:25.740",85740,,,,,,,16
894,2013,16,14,14,"14","18","jean-eric-vergne","toro-rosso","ferrari","pirelli",,,"1:26.155",86155,"1:25.798",85798,,,,,,,14
894,2013,16,15,15,"15","17","valtteri-bottas","williams","renault","pirelli",,,"1:26.178",86178,"1:26.134",86134,,,,,,,15
894,2013,16,16,16,"16","12","esteban-gutierrez","sauber","ferrari","pirelli",,,"1:26.057",86057,"1:26.336",86336,,,,,,,11
894,2013,16,17,17,"17","8","romain-grosjean","lotus-f1","renault","pirelli",,,"1:26.577",86577,,,,,,,,,7
894,2013,16,18,18,"18","16","pastor-maldonado","williams","renault","pirelli",,,"1:26.842",86842,,,,,,,,,9
894,2013,16,19,19,"19","22","jules-bianchi","marussia","cosworth","pirelli",,,"1:26.970",86970,,,,,,,,,8
894,2013,16,20,20,"20","21","giedo-van-der-garde","caterham","renault","pirelli",,,"1:27.105",87105,,,,,,,,,6
894,2013,16,21,21,"21","20","charles-pic","caterham","renault","pirelli",,,"1:27.487",87487,,,,,,,,,7
894,2013,16,22,22,"22","23","max-chilton","marussia","cosworth","pirelli",,,"1:28.138",88138,,,,,,,,,8
895,2013,17,1,1,"1","2","mark-webber","red-bull","renault","pirelli",,,"1:41.568",101568,"1:40.575",100575,"1:39.957",99957,,,,,17
895,2013,17,2,2,"2","1","sebastian-vettel","red-bull","renault","pirelli",,,"1:41.683",101683,"1:40.781",100781,"1:40.075",100075,"+0.118",118,"+0.118",118,12
895,2013,17,3,3,"3","9","nico-rosberg","mercedes","mercedes","pirelli",,,"1:41.420",101420,"1:40.473",100473,"1:40.419",100419,"+0.462",462,"+0.344",344,18
895,2013,17,4,4,"4","10","lewis-hamilton","mercedes","mercedes","pirelli",,,"1:40.693",100693,"1:40.477",100477,"1:40.501",100501,"+0.544",544,"+0.082",82,19
895,2013,17,5,5,"5","11","nico-hulkenberg","sauber","ferrari","pirelli",,,"1:41.631",101631,"1:40.931",100931,"1:40.576",100576,"+0.619",619,"+0.075",75,21
895,2013,17,6,6,"6","8","romain-grosjean","lotus-f1","renault","pirelli",,,"1:41.447",101447,"1:40.948",100948,"1:40.997",100997,"+1.040",1040,"+0.421",421,21
895,2013,17,7,7,"7","4","felipe-massa","ferrari","ferrari","pirelli",,,"1:41.254",101254,"1:40.989",100989,"1:41.015",101015,"+1.058",1058,"+0.018",18,18
895,2013,17,8,8,"8","6","sergio-perez","mclaren","mercedes","pirelli",,,"1:41.687",101687,"1:40.812",100812,"1:41.068",101068,"+1.111",1111,"+0.053",53,20
895,2013,17,9,9,"9","19","daniel-ricciardo","toro-rosso","ferrari","pirelli",,,"1:41.884",101884,"1:40.852",100852,"1:41.111",101111,"+1.154",1154,"+0.043",43,21
895,2013,17,10,10,"10","3","fernando-alonso","ferrari","ferrari","pirelli",,,"1:41.397",101397,"1:41.093",101093,,,,,,,15
895,2013,17,11,11,"11","14","paul-di-resta","force-india","mercedes","pirelli",,,"1:41.676",101676,"1:41.133",101133,,,,,,,19
895,2013,17,12,12,"12","5","jenson-button","mclaren","mercedes","pirelli",,,"1:41.817",101817,"1:41.200",101200,,,,,,,15
895,2013,17,13,13,"13","18","jean-eric-vergne","toro-rosso","ferrari","pirelli",,,"1:41.692",101692,"1:41.279",101279,,,,,,,15
895,2013,17,14,14,"14","16","pastor-maldonado","williams","renault","pirelli",,,"1:41.365",101365,"1:41.395",101395,,,,,,,16
895,2013,17,15,15,"15","17","valtteri-bottas","williams","renault","pirelli",,,"1:41.862",101862,"1:41.447",101447,,,,,,,14
895,2013,17,16,16,"16","12","esteban-gutierrez","sauber","ferrari","pirelli",,,"1:41.999",101999,,,,,,,,,8
895,2013,17,17,17,"17","15","adrian-sutil","force-india","mercedes","pirelli",,,"1:42.051",102051,,,,,,,,,10
895,2013,17,18,18,"18","21","giedo-van-der-garde","caterham","renault","pirelli",,,"1:43.252",103252,,,,,,,,,10
895,2013,17,19,19,"19","22","jules-bianchi","marussia","cosworth","pirelli",,,"1:43.398",103398,,,,,,,,,7
895,2013,17,20,20,"20","20","charles-pic","caterham","renault","pirelli",,,"1:43.528",103528,,,,,,,,,10
895,2013,17,21,21,"21","23","max-chilton","marussia","cosworth","pirelli",,,"1:44.198",104198,,,,,,,,,8
895,2013,17,22,,"EX","7","kimi-raikkonen","lotus-f1","renault","pirelli",,,"1:41.276",101276,"1:40.971",100971,"1:40.542",100542,,,,,20
896,2013,18,1,1,"1","1","sebastian-vettel","red-bull","renault","pirelli",,,"1:38.516",98516,"1:37.065",97065,"1:36.338",96338,,,,,12
896,2013,18,2,2,"2","2","mark-webber","red-bull","renault","pirelli",,,"1:38.161",98161,"1:37.312",97312,"1:36.441",96441,"+0.103",103,"+0.103",103,14
896,2013,18,3,3,"3","8","romain-grosjean","lotus-f1","renault","pirelli",,,"1:38.676",98676,"1:37.523",97523,"1:37.155",97155,"+0.817",817,"+0.714",714,17
896,2013,18,4,4,"4","11","nico-hulkenberg","sauber","ferrari","pirelli",,,"1:38.339",98339,"1:37.828",97828,"1:37.296",97296,"+0.958",958,"+0.141",141,20
896,2013,18,5,5,"5","10","lewis-hamilton","mercedes","mercedes","pirelli",,,"1:37.959",97959,"1:37.854",97854,"1:37.345",97345,"+1.007",1007,"+0.049",49,20
896,2013,18,6,6,"6","3","fernando-alonso","ferrari","ferrari","pirelli",,,"1:38.929",98929,"1:37.368",97368,"1:37.376",97376,"+1.038",1038,"+0.031",31,19
896,2013,18,7,7,"7","6","sergio-perez","mclaren","mercedes","pirelli",,,"1:38.367",98367,"1:38.040",98040,"1:37.452",97452,"+1.114",1114,"+0.076",76,21
896,2013,18,8,8,"8","7","heikki-kovalainen","lotus-f1","renault","pirelli",,,"1:38.375",98375,"1:38.078",98078,"1:37.715",97715,"+1.377",1377,"+0.263",263,21
896,2013,18,9,9,"9","17","valtteri-bottas","williams","renault","pirelli",,,"1:37.821",97821,"1:37.439",97439,"1:37.836",97836,"+1.498",1498,"+0.121",121,24
896,2013,18,10,10,"10","12","esteban-gutierrez","sauber","ferrari","pirelli",,,"1:38.082",98082,"1:38.031",98031,"1:38.034",98034,"+1.696",1696,"+0.198",198,20
896,2013,18,11,11,"11","19","daniel-ricciardo","toro-rosso","ferrari","pirelli",,,"1:38.882",98882,"1:38.131",98131,,,,,,,18
896,2013,18,12,12,"12","14","paul-di-resta","force-india","mercedes","pirelli",,,"1:38.894",98894,"1:38.139",98139,,,,,,,18
896,2013,18,13,13,"13","5","jenson-button","mclaren","mercedes","pirelli",,,"1:38.588",98588,"1:38.217",98217,,,,,,,16
896,2013,18,14,14,"14","9","nico-rosberg","mercedes","mercedes","pirelli",,,"1:38.743",98743,"1:38.364",98364,,,,,,,19
896,2013,18,15,15,"15","4","felipe-massa","ferrari","ferrari","pirelli",,,"1:39.094",99094,"1:38.592",98592,,,,,,,17
896,2013,18,16,16,"16","18","jean-eric-vergne","toro-rosso","ferrari","pirelli",,,"1:38.880",98880,"1:38.696",98696,,,,,,,15
896,2013,18,17,17,"17","15","adrian-sutil","force-india","mercedes","pirelli",,,"1:39.250",99250,,,,,,,,,10
896,2013,18,18,18,"18","16","pastor-maldonado","williams","renault","pirelli",,,"1:39.351",99351,,,,,,,,,11
896,2013,18,19,19,"19","21","giedo-van-der-garde","caterham","renault","pirelli",,,"1:40.491",100491,,,,,,,,,10
896,2013,18,20,20,"20","22","jules-bianchi","marussia","cosworth","pirelli",,,"1:40.528",100528,,,,,,,,,11
896,2013,18,21,21,"21","20","charles-pic","caterham","renault","pirelli",,,"1:40.596",100596,,,,,,,,,10
896,2013,18,22,22,"22","23","max-chilton","marussia","cosworth","pirelli",,,"1:41.401",101401,,,,,,,,,10
897,2013,19,1,1,"1","1","sebastian-vettel","red-bull","renault","pirelli",,,"1:25.381",85381,"1:26.420",86420,"1:26.479",86479,,,,,23
897,2013,19,2,2,"2","9","nico-rosberg","mercedes","mercedes","pirelli",,,"1:25.556",85556,"1:26.626",86626,"1:27.102",87102,"+0.623",623,"+0.623",623,22
897,2013,19,3,3,"3","3","fernando-alonso","ferrari","ferrari","pirelli",,,"1:26.656",86656,"1:26.590",86590,"1:27.539",87539,"+1.060",1060,"+0.437",437,21
897,2013,19,4,4,"4","2","mark-webber","red-bull","renault","pirelli",,,"1:26.689",86689,"1:26.963",86963,"1:27.572",87572,"+1.093",1093,"+0.033",33,23
897,2013,19,5,5,"5","10","lewis-hamilton","mercedes","mercedes","pirelli",,,"1:25.342",85342,"1:26.698",86698,"1:27.677",87677,"+1.198",1198,"+0.105",105,23
897,2013,19,6,6,"6","8","romain-grosjean","lotus-f1","renault","pirelli",,,"1:26.453",86453,"1:26.161",86161,"1:27.737",87737,"+1.258",1258,"+0.060",60,22
897,2013,19,7,7,"7","19","daniel-ricciardo","toro-rosso","ferrari","pirelli",,,"1:27.209",87209,"1:27.078",87078,"1:28.052",88052,"+1.573",1573,"+0.315",315,24
897,2013,19,8,8,"8","18","jean-eric-vergne","toro-rosso","ferrari","pirelli",,,"1:27.124",87124,"1:27.363",87363,"1:28.081",88081,"+1.602",1602,"+0.029",29,25
897,2013,19,9,9,"9","4","felipe-massa","ferrari","ferrari","pirelli",,,"1:26.817",86817,"1:27.049",87049,"1:28.109",88109,"+1.630",1630,"+0.028",28,20
897,2013,19,10,10,"10","11","nico-hulkenberg","sauber","ferrari","pirelli",,,"1:26.071",86071,"1:27.441",87441,"1:29.582",89582,"+3.103",3103,"+1.473",1473,21
897,2013,19,11,11,"11","7","heikki-kovalainen","lotus-f1","renault","pirelli",,,"1:26.266",86266,"1:27.456",87456,,,,,,,21
897,2013,19,12,12,"12","14","paul-di-resta","force-india","mercedes","pirelli",,,"1:26.275",86275,"1:27.798",87798,,,,,,,16
897,2013,19,13,13,"13","17","valtteri-bottas","williams","renault","pirelli",,,"1:26.790",86790,"1:27.954",87954,,,,,,,16
897,2013,19,14,14,"14","6","sergio-perez","mclaren","mercedes","pirelli",,,"1:26.741",86741,"1:28.269",88269,,,,,,,15
897,2013,19,15,15,"15","5","jenson-button","mclaren","mercedes","pirelli",,,"1:26.398",86398,"1:28.308",88308,,,,,,,15
897,2013,19,16,16,"16","15","adrian-sutil","force-india","mercedes","pirelli",,,"1:26.874",86874,"1:28.586",88586,,,,,,,19
897,2013,19,17,17,"17","16","pastor-maldonado","williams","renault","pirelli",,,"1:27.367",87367,,,,,,,,,12
897,2013,19,18,18,"18","12","esteban-gutierrez","sauber","ferrari","pirelli",,,"1:27.445",87445,,,,,,,,,14
897,2013,19,19,19,"19","20","charles-pic","caterham","renault","pirelli",,,"1:27.843",87843,,,,,,,,,6
897,2013,19,20,20,"20","21","giedo-van-der-garde","caterham","renault","pirelli",,,"1:28.320",88320,,,,,,,,,6
897,2013,19,21,21,"21","22","jules-bianchi","marussia","cosworth","pirelli",,,"1:28.366",88366,,,,,,,,,11
897,2013,19,22,22,"22","23","max-chilton","marussia","cosworth","pirelli",,,"1:28.950",88950,,,,,,,,,11
898,2014,1,1,1,"1","44","lewis-hamilton","mercedes","mercedes","pirelli",,,"1:31.699",91699,"1:42.890",102890,"1:44.231",104231,,,,,22
898,2014,1,2,2,"2","3","daniel-ricciardo","red-bull","renault","pirelli",,,"1:30.775",90775,"1:42.295",102295,"1:44.548",104548,"+0.317",317,"+0.317",317,20
898,2014,1,3,3,"3","6","nico-rosberg","mercedes","mercedes","pirelli",,,"1:32.564",92564,"1:42.264",102264,"1:44.595",104595,"+0.364",364,"+0.047",47,21
898,2014,1,4,4,"4","20","kevin-magnussen","mclaren","mercedes","pirelli",,,"1:30.949",90949,"1:43.247",103247,"1:45.745",105745,"+1.514",1514,"+1.150",1150,19
898,2014,1,5,5,"5","14","fernando-alonso","ferrari","ferrari","pirelli",,,"1:31.388",91388,"1:42.805",102805,"1:45.819",105819,"+1.588",1588,"+0.074",74,21
898,2014,1,6,6,"6","25","jean-eric-vergne","toro-rosso","renault","pirelli",,,"1:33.488",93488,"1:43.849",103849,"1:45.864",105864,"+1.633",1633,"+0.045",45,21
898,2014,1,7,7,"7","27","nico-hulkenberg","force-india","mercedes","pirelli",,,"1:33.893",93893,"1:43.658",103658,"1:46.030",106030,"+1.799",1799,"+0.166",166,20
898,2014,1,8,8,"8","26","daniil-kvyat","toro-rosso","renault","pirelli",,,"1:33.777",93777,"1:44.331",104331,"1:47.368",107368,"+3.137",3137,"+1.338",1338,20
898,2014,1,9,9,"9","19","felipe-massa","williams","mercedes","pirelli",,,"1:31.228",91228,"1:44.242",104242,"1:48.079",108079,"+3.848",3848,"+0.711",711,21
898,2014,1,10,10,"10","77","valtteri-bottas","williams","mercedes","pirelli",,,"1:31.601",91601,"1:43.852",103852,"1:48.147",108147,"+3.916",3916,"+0.068",68,19
898,2014,1,11,11,"11","22","jenson-button","mclaren","mercedes","pirelli",,,"1:31.396",91396,"1:44.437",104437,,,,,,,13
898,2014,1,12,12,"12","7","kimi-raikkonen","ferrari","ferrari","pirelli",,,"1:32.439",92439,"1:44.494",104494,,,,,,,13
898,2014,1,13,13,"13","1","sebastian-vettel","red-bull","renault","pirelli",,,"1:31.931",91931,"1:44.668",104668,,,,,,,13
898,2014,1,14,14,"14","99","adrian-sutil","sauber","ferrari","pirelli",,,"1:33.673",93673,"1:45.655",105655,,,,,,,12
898,2014,1,15,15,"15","10","kamui-kobayashi","caterham","renault","pirelli",,,"1:34.274",94274,"1:45.867",105867,,,,,,,13
898,2014,1,16,16,"16","11","sergio-perez","force-india","mercedes","pirelli",,,"1:34.141",94141,"1:47.293",107293,,,,,,,13
898,2014,1,17,17,"17","4","max-chilton","marussia","ferrari","pirelli",,,"1:34.293",94293,,,,,,,,,5
898,2014,1,18,18,"18","17","jules-bianchi","marussia","ferrari","pirelli",,,"1:34.794",94794,,,,,,,,,5
898,2014,1,19,19,"19","21","esteban-gutierrez","sauber","ferrari","pirelli",,,"1:35.117",95117,,,,,,,,,7
898,2014,1,20,20,"20","9","marcus-ericsson","caterham","renault","pirelli",,,"1:35.157",95157,,,,,,,,,5
898,2014,1,21,21,"21","8","romain-grosjean","lotus-f1","renault","pirelli",,,"1:36.993",96993,,,,,,,,,6
898,2014,1,22,,"NC","13","pastor-maldonado","lotus-f1","renault","pirelli",,,,,,,,,,,,,3
899,2014,2,1,1,"1","44","lewis-hamilton","mercedes","mercedes","pirelli",,,"1:57.202",117202,"1:59.041",119041,"1:59.431",119431,,,,,22
899,2014,2,2,2,"2","1","sebastian-vettel","red-bull","renault","pirelli",,,"1:57.654",117654,"1:59.399",119399,"1:59.486",119486,"+0.055",55,"+0.055",55,20
899,2014,2,3,3,"3","6","nico-rosberg","mercedes","mercedes","pirelli",,,"1:57.183",117183,"1:59.445",119445,"2:00.050",120050,"+0.619",619,"+0.564",564,23
899,2014,2,4,4,"4","14","fernando-alonso","ferrari","ferrari","pirelli",,,"1:58.889",118889,"2:01.356",121356,"2:00.175",120175,"+0.744",744,"+0.125",125,22
899,2014,2,5,5,"5","3","daniel-ricciardo","red-bull","renault","pirelli",,,"1:58.913",118913,"2:00.147",120147,"2:00.541",120541,"+1.110",1110,"+0.366",366,20
899,2014,2,6,6,"6","7","kimi-raikkonen","ferrari","ferrari","pirelli",,,"1:59.257",119257,"2:01.532",121532,"2:01.218",121218,"+1.787",1787,"+0.677",677,21
899,2014,2,7,7,"7","27","nico-hulkenberg","force-india","mercedes","pirelli",,,"1:58.883",118883,"2:00.839",120839,"2:01.712",121712,"+2.281",2281,"+0.494",494,23
899,2014,2,8,8,"8","20","kevin-magnussen","mclaren","mercedes","pirelli",,,"2:00.358",120358,"2:02.094",122094,"2:02.213",122213,"+2.782",2782,"+0.501",501,20
899,2014,2,9,9,"9","25","jean-eric-vergne","toro-rosso","renault","pirelli",,,"2:01.689",121689,"2:02.096",122096,"2:03.078",123078,"+3.647",3647,"+0.865",865,23
899,2014,2,10,10,"10","22","jenson-button","mclaren","mercedes","pirelli",,,"2:00.889",120889,"2:01.810",121810,"2:04.053",124053,"+4.622",4622,"+0.975",975,22
899,2014,2,11,11,"11","26","daniil-kvyat","toro-rosso","renault","pirelli",,,"2:01.175",121175,"2:02.351",122351,,,,,,,16
899,2014,2,12,12,"12","21","esteban-gutierrez","sauber","ferrari","pirelli",,,"2:01.134",121134,"2:02.369",122369,,,,,,,16
899,2014,2,13,13,"13","19","felipe-massa","williams","mercedes","pirelli",,,"2:00.047",120047,"2:02.460",122460,,,,,,,16
899,2014,2,14,14,"14","11","sergio-perez","force-india","mercedes","pirelli",,,"2:00.076",120076,"2:02.511",122511,,,,,,,15
899,2014,2,15,15,"15","77","valtteri-bottas","williams","mercedes","pirelli",,,"1:59.709",119709,"2:02.756",122756,,,,,,,17
899,2014,2,16,16,"16","8","romain-grosjean","lotus-f1","renault","pirelli",,,"2:00.202",120202,"2:02.885",122885,,,,,,,17
899,2014,2,17,17,"17","13","pastor-maldonado","lotus-f1","renault","pirelli",,,"2:02.074",122074,,,,,,,,,8
899,2014,2,18,18,"18","99","adrian-sutil","sauber","ferrari","pirelli",,,"2:02.131",122131,,,,,,,,,7
899,2014,2,19,19,"19","17","jules-bianchi","marussia","ferrari","pirelli",,,"2:02.702",122702,,,,,,,,,8
899,2014,2,20,20,"20","10","kamui-kobayashi","caterham","renault","pirelli",,,"2:03.595",123595,,,,,,,,,8
899,2014,2,21,21,"21","4","max-chilton","marussia","ferrari","pirelli",,,"2:04.388",124388,,,,,,,,,8
899,2014,2,22,22,"22","9","marcus-ericsson","caterham","renault","pirelli",,,"2:04.407",124407,,,,,,,,,7
900,2014,3,1,1,"1","6","nico-rosberg","mercedes","mercedes","pirelli",,,"1:35.439",95439,"1:33.708",93708,"1:33.185",93185,,,,,12
900,2014,3,2,2,"2","44","lewis-hamilton","mercedes","mercedes","pirelli",,,"1:35.323",95323,"1:33.872",93872,"1:33.464",93464,"+0.279",279,"+0.279",279,12
900,2014,3,3,3,"3","3","daniel-ricciardo","red-bull","renault","pirelli",,,"1:36.220",96220,"1:34.592",94592,"1:34.051",94051,"+0.866",866,"+0.587",587,16
900,2014,3,4,4,"4","77","valtteri-bottas","williams","mercedes","pirelli",,,"1:34.934",94934,"1:34.842",94842,"1:34.247",94247,"+1.062",1062,"+0.196",196,15
900,2014,3,5,5,"5","11","sergio-perez","force-india","mercedes","pirelli",,,"1:34.998",94998,"1:34.747",94747,"1:34.346",94346,"+1.161",1161,"+0.099",99,19
900,2014,3,6,6,"6","7","kimi-raikkonen","ferrari","ferrari","pirelli",,,"1:35.234",95234,"1:34.925",94925,"1:34.368",94368,"+1.183",1183,"+0.022",22,15
900,2014,3,7,7,"7","22","jenson-button","mclaren","mercedes","pirelli",,,"1:35.699",95699,"1:34.714",94714,"1:34.387",94387,"+1.202",1202,"+0.019",19,17
900,2014,3,8,8,"8","19","felipe-massa","williams","mercedes","pirelli",,,"1:35.085",95085,"1:34.842",94842,"1:34.511",94511,"+1.326",1326,"+0.124",124,14
900,2014,3,9,9,"9","20","kevin-magnussen","mclaren","mercedes","pirelli",,,"1:35.288",95288,"1:34.904",94904,"1:34.712",94712,"+1.527",1527,"+0.201",201,17
900,2014,3,10,10,"10","14","fernando-alonso","ferrari","ferrari","pirelli",,,"1:35.251",95251,"1:34.723",94723,"1:34.992",94992,"+1.807",1807,"+0.280",280,17
900,2014,3,11,11,"11","1","sebastian-vettel","red-bull","renault","pirelli",,,"1:35.549",95549,"1:34.985",94985,,,,,,,9
900,2014,3,12,12,"12","27","nico-hulkenberg","force-india","mercedes","pirelli",,,"1:34.874",94874,"1:35.116",95116,,,,,,,12
900,2014,3,13,13,"13","26","daniil-kvyat","toro-rosso","renault","pirelli",,,"1:35.395",95395,"1:35.145",95145,,,,,,,14
900,2014,3,14,14,"14","25","jean-eric-vergne","toro-rosso","renault","pirelli",,,"1:35.815",95815,"1:35.286",95286,,,,,,,14
900,2014,3,15,15,"15","21","esteban-gutierrez","sauber","ferrari","pirelli",,,"1:36.567",96567,"1:35.891",95891,,,,,,,14
900,2014,3,16,16,"16","8","romain-grosjean","lotus-f1","renault","pirelli",,,"1:36.654",96654,"1:35.908",95908,,,,,,,10
900,2014,3,17,17,"17","13","pastor-maldonado","lotus-f1","renault","pirelli",,,"1:36.663",96663,,,,,,,,,7
900,2014,3,18,18,"18","99","adrian-sutil","sauber","ferrari","pirelli",,,"1:36.840",96840,,,,,,,,,5
900,2014,3,19,19,"19","10","kamui-kobayashi","caterham","renault","pirelli",,,"1:37.085",97085,,,,,,,,,6
900,2014,3,20,20,"20","17","jules-bianchi","marussia","ferrari","pirelli",,,"1:37.310",97310,,,,,,,,,6
900,2014,3,21,21,"21","9","marcus-ericsson","caterham","renault","pirelli",,,"1:37.875",97875,,,,,,,,,7
900,2014,3,22,22,"22","4","max-chilton","marussia","ferrari","pirelli",,,"1:37.913",97913,,,,,,,,,6
901,2014,4,1,1,"1","44","lewis-hamilton","mercedes","mercedes","pirelli",,,"1:55.516",115516,"1:54.029",114029,"1:53.860",113860,,,,,21
901,2014,4,2,2,"2","3","daniel-ricciardo","red-bull","renault","pirelli",,,"1:56.641",116641,"1:55.302",115302,"1:54.455",114455,"+0.595",595,"+0.595",595,23
901,2014,4,3,3,"3","1","sebastian-vettel","red-bull","renault","pirelli",,,"1:55.926",115926,"1:54.499",114499,"1:54.960",114960,"+1.100",1100,"+0.505",505,23
901,2014,4,4,4,"4","6","nico-rosberg","mercedes","mercedes","pirelli",,,"1:56.058",116058,"1:55.294",115294,"1:55.143",115143,"+1.283",1283,"+0.183",183,22
901,2014,4,5,5,"5","14","fernando-alonso","ferrari","ferrari","pirelli",,,"1:56.961",116961,"1:55.765",115765,"1:55.637",115637,"+1.777",1777,"+0.494",494,21
901,2014,4,6,6,"6","19","felipe-massa","williams","mercedes","pirelli",,,"1:56.850",116850,"1:56.757",116757,"1:56.147",116147,"+2.287",2287,"+0.510",510,24
901,2014,4,7,7,"7","77","valtteri-bottas","williams","mercedes","pirelli",,,"1:56.501",116501,"1:56.253",116253,"1:56.282",116282,"+2.422",2422,"+0.135",135,24
901,2014,4,8,8,"8","27","nico-hulkenberg","force-india","mercedes","pirelli",,,"1:55.913",115913,"1:56.847",116847,"1:56.366",116366,"+2.506",2506,"+0.084",84,23
901,2014,4,9,9,"9","25","jean-eric-vergne","toro-rosso","renault","pirelli",,,"1:57.477",117477,"1:56.584",116584,"1:56.773",116773,"+2.913",2913,"+0.407",407,23
901,2014,4,10,10,"10","8","romain-grosjean","lotus-f1","renault","pirelli",,,"1:58.411",118411,"1:56.407",116407,"1:57.079",117079,"+3.219",3219,"+0.306",306,22
901,2014,4,11,11,"11","7","kimi-raikkonen","ferrari","ferrari","pirelli",,,"1:58.279",118279,"1:56.860",116860,,,,,,,17
901,2014,4,12,12,"12","22","jenson-button","mclaren","mercedes","pirelli",,,"1:57.783",117783,"1:56.963",116963,,,,,,,17
901,2014,4,13,13,"13","26","daniil-kvyat","toro-rosso","renault","pirelli",,,"1:57.261",117261,"1:57.289",117289,,,,,,,18
901,2014,4,14,14,"14","99","adrian-sutil","sauber","ferrari","pirelli",,,"1:58.138",118138,"1:57.393",117393,,,,,,,17
901,2014,4,15,15,"15","20","kevin-magnussen","mclaren","mercedes","pirelli",,,"1:57.369",117369,"1:57.675",117675,,,,,,,17
901,2014,4,16,16,"16","11","sergio-perez","force-india","mercedes","pirelli",,,"1:58.362",118362,"1:58.264",118264,,,,,,,17
901,2014,4,17,17,"17","21","esteban-gutierrez","sauber","ferrari","pirelli",,,"1:58.988",118988,,,,,,,,,10
901,2014,4,18,18,"18","10","kamui-kobayashi","caterham","renault","pirelli",,,"1:59.260",119260,,,,,,,,,10
901,2014,4,19,19,"19","17","jules-bianchi","marussia","ferrari","pirelli",,,"1:59.326",119326,,,,,,,,,10
901,2014,4,20,20,"20","9","marcus-ericsson","caterham","renault","pirelli",,,"2:00.646",120646,,,,,,,,,10
901,2014,4,21,21,"21","4","max-chilton","marussia","ferrari","pirelli",,,"2:00.865",120865,,,,,,,,,10
901,2014,4,22,,"NC","13","pastor-maldonado","lotus-f1","renault","pirelli",,,,,,,,,,,,,
902,2014,5,1,1,"1","44","lewis-hamilton","mercedes","mercedes","pirelli",,,"1:27.238",87238,"1:26.210",86210,"1:25.232",85232,,,,,16
902,2014,5,2,2,"2","6","nico-rosberg","mercedes","mercedes","pirelli",,,"1:26.764",86764,"1:26.088",86088,"1:25.400",85400,"+0.168",168,"+0.168",168,19
902,2014,5,3,3,"3","3","daniel-ricciardo","red-bull","renault","pirelli",,,"1:28.053",88053,"1:26.613",86613,"1:26.285",86285,"+1.053",1053,"+0.885",885,16
902,2014,5,4,4,"4","77","valtteri-bottas","williams","mercedes","pirelli",,,"1:28.198",88198,"1:27.563",87563,"1:26.632",86632,"+1.400",1400,"+0.347",347,17
902,2014,5,5,5,"5","8","romain-grosjean","lotus-f1","renault","pirelli",,,"1:28.472",88472,"1:27.258",87258,"1:26.960",86960,"+1.728",1728,"+0.328",328,18
902,2014,5,6,6,"6","7","kimi-raikkonen","ferrari","ferrari","pirelli",,,"1:28.308",88308,"1:27.335",87335,"1:27.104",87104,"+1.872",1872,"+0.144",144,18
902,2014,5,7,7,"7","14","fernando-alonso","ferrari","ferrari","pirelli",,,"1:28.329",88329,"1:27.602",87602,"1:27.140",87140,"+1.908",1908,"+0.036",36,16
902,2014,5,8,8,"8","22","jenson-button","mclaren","mercedes","pirelli",,,"1:28.279",88279,"1:27.570",87570,"1:27.335",87335,"+2.103",2103,"+0.195",195,18
902,2014,5,9,9,"9","19","felipe-massa","williams","mercedes","pirelli",,,"1:28.061",88061,"1:27.016",87016,"1:27.402",87402,"+2.170",2170,"+0.067",67,16
902,2014,5,10,10,"10","1","sebastian-vettel","red-bull","renault","pirelli",,,"1:27.958",87958,"1:27.052",87052,,,,,,,11
902,2014,5,11,11,"11","27","nico-hulkenberg","force-india","mercedes","pirelli",,,"1:28.155",88155,"1:27.685",87685,,,,,,,13
902,2014,5,12,12,"12","11","sergio-perez","force-india","mercedes","pirelli",,,"1:28.469",88469,"1:28.002",88002,,,,,,,16
902,2014,5,13,13,"13","26","daniil-kvyat","toro-rosso","renault","pirelli",,,"1:28.074",88074,"1:28.039",88039,,,,,,,12
902,2014,5,14,14,"14","21","esteban-gutierrez","sauber","ferrari","pirelli",,,"1:28.374",88374,"1:28.280",88280,,,,,,,12
902,2014,5,15,15,"15","20","kevin-magnussen","mclaren","mercedes","pirelli",,,"1:28.389",88389,,,,,,,,,10
902,2014,5,16,16,"16","25","jean-eric-vergne","toro-rosso","renault","pirelli",,,"1:28.194",88194,,,,,,,,,6
902,2014,5,17,17,"17","99","adrian-sutil","sauber","ferrari","pirelli",,,"1:28.563",88563,,,,,,,,,9
902,2014,5,18,18,"18","4","max-chilton","marussia","ferrari","pirelli",,,"1:29.586",89586,,,,,,,,,6
902,2014,5,19,19,"19","17","jules-bianchi","marussia","ferrari","pirelli",,,"1:30.177",90177,,,,,,,,,6
902,2014,5,20,20,"20","9","marcus-ericsson","caterham","renault","pirelli",,,"1:30.312",90312,,,,,,,,,8
902,2014,5,21,21,"21","10","kamui-kobayashi","caterham","renault","pirelli",,,"1:30.375",90375,,,,,,,,,6
902,2014,5,22,,"NC","13","pastor-maldonado","lotus-f1","renault","pirelli",,,,,,,,,,,,,2
903,2014,6,1,1,"1","6","nico-rosberg","mercedes","mercedes","pirelli",,,"1:17.678",77678,"1:16.465",76465,"1:15.989",75989,,,,,26
903,2014,6,2,2,"2","44","lewis-hamilton","mercedes","mercedes","pirelli",,,"1:17.823",77823,"1:16.354",76354,"1:16.048",76048,"+0.059",59,"+0.059",59,27
903,2014,6,3,3,"3","3","daniel-ricciardo","red-bull","renault","pirelli",,,"1:17.900",77900,"1:17.233",77233,"1:16.384",76384,"+0.395",395,"+0.336",336,22
903,2014,6,4,4,"4","1","sebastian-vettel","red-bull","renault","pirelli",,,"1:18.383",78383,"1:17.074",77074,"1:16.547",76547,"+0.558",558,"+0.163",163,25
903,2014,6,5,5,"5","14","fernando-alonso","ferrari","ferrari","pirelli",,,"1:17.853",77853,"1:17.200",77200,"1:16.686",76686,"+0.697",697,"+0.139",139,27
903,2014,6,6,6,"6","7","kimi-raikkonen","ferrari","ferrari","pirelli",,,"1:17.902",77902,"1:17.398",77398,"1:17.389",77389,"+1.400",1400,"+0.703",703,27
903,2014,6,7,7,"7","25","jean-eric-vergne","toro-rosso","renault","pirelli",,,"1:17.557",77557,"1:17.657",77657,"1:17.540",77540,"+1.551",1551,"+0.151",151,26
903,2014,6,8,8,"8","20","kevin-magnussen","mclaren","mercedes","pirelli",,,"1:17.978",77978,"1:17.609",77609,"1:17.555",77555,"+1.566",1566,"+0.015",15,25
903,2014,6,9,9,"9","26","daniil-kvyat","toro-rosso","renault","pirelli",,,"1:18.616",78616,"1:17.594",77594,"1:18.090",78090,"+2.101",2101,"+0.535",535,23
903,2014,6,10,10,"10","11","sergio-perez","force-india","mercedes","pirelli",,,"1:18.108",78108,"1:17.755",77755,"1:18.327",78327,"+2.338",2338,"+0.237",237,26
903,2014,6,11,11,"11","27","nico-hulkenberg","force-india","mercedes","pirelli",,,"1:18.432",78432,"1:17.846",77846,,,,,,,20
903,2014,6,12,12,"12","22","jenson-button","mclaren","mercedes","pirelli",,,"1:17.890",77890,"1:17.988",77988,,,,,,,20
903,2014,6,13,13,"13","77","valtteri-bottas","williams","mercedes","pirelli",,,"1:18.407",78407,"1:18.082",78082,,,,,,,20
903,2014,6,14,14,"14","8","romain-grosjean","lotus-f1","renault","pirelli",,,"1:18.335",78335,"1:18.196",78196,,,,,,,23
903,2014,6,15,15,"15","13","pastor-maldonado","lotus-f1","renault","pirelli",,,"1:18.585",78585,"1:18.356",78356,,,,,,,21
903,2014,6,16,16,"16","19","felipe-massa","williams","mercedes","pirelli",,,"1:18.209",78209,,,,,,,,,10
903,2014,6,17,17,"17","21","esteban-gutierrez","sauber","ferrari","pirelli",,,"1:18.741",78741,,,,,,,,,11
903,2014,6,18,18,"18","99","adrian-sutil","sauber","ferrari","pirelli",,,"1:18.745",78745,,,,,,,,,11
903,2014,6,19,19,"19","17","jules-bianchi","marussia","ferrari","pirelli",,,"1:19.332",79332,,,,,,,,,10
903,2014,6,20,20,"20","4","max-chilton","marussia","ferrari","pirelli",,,"1:19.928",79928,,,,,,,,,9
903,2014,6,21,21,"21","10","kamui-kobayashi","caterham","renault","pirelli",,,"1:20.133",80133,,,,,,,,,9
903,2014,6,22,22,"22","9","marcus-ericsson","caterham","renault","pirelli",,,"1:21.732",81732,,,,,,,,,9
904,2014,7,1,1,"1","6","nico-rosberg","mercedes","mercedes","pirelli",,,"1:16.471",76471,"1:15.289",75289,"1:14.874",74874,,,,,19
904,2014,7,2,2,"2","44","lewis-hamilton","mercedes","mercedes","pirelli",,,"1:15.750",75750,"1:15.054",75054,"1:14.953",74953,"+0.079",79,"+0.079",79,20
904,2014,7,3,3,"3","1","sebastian-vettel","red-bull","renault","pirelli",,,"1:17.470",77470,"1:16.109",76109,"1:15.548",75548,"+0.674",674,"+0.595",595,18
904,2014,7,4,4,"4","77","valtteri-bottas","williams","mercedes","pirelli",,,"1:16.772",76772,"1:15.806",75806,"1:15.550",75550,"+0.676",676,"+0.002",2,21
904,2014,7,5,5,"5","19","felipe-massa","williams","mercedes","pirelli",,,"1:16.666",76666,"1:15.773",75773,"1:15.578",75578,"+0.704",704,"+0.028",28,21
904,2014,7,6,6,"6","3","daniel-ricciardo","red-bull","renault","pirelli",,,"1:17.113",77113,"1:15.897",75897,"1:15.589",75589,"+0.715",715,"+0.011",11,20
904,2014,7,7,7,"7","14","fernando-alonso","ferrari","ferrari","pirelli",,,"1:17.010",77010,"1:16.131",76131,"1:15.814",75814,"+0.940",940,"+0.225",225,17
904,2014,7,8,8,"8","25","jean-eric-vergne","toro-rosso","renault","pirelli",,,"1:17.178",77178,"1:16.255",76255,"1:16.162",76162,"+1.288",1288,"+0.348",348,24
904,2014,7,9,9,"9","22","jenson-button","mclaren","mercedes","pirelli",,,"1:16.631",76631,"1:16.214",76214,"1:16.182",76182,"+1.308",1308,"+0.020",20,20
904,2014,7,10,10,"10","7","kimi-raikkonen","ferrari","ferrari","pirelli",,,"1:17.013",77013,"1:16.245",76245,"1:16.214",76214,"+1.340",1340,"+0.032",32,17
904,2014,7,11,11,"11","27","nico-hulkenberg","force-india","mercedes","pirelli",,,"1:16.897",76897,"1:16.300",76300,,,,,,,21
904,2014,7,12,12,"12","20","kevin-magnussen","mclaren","mercedes","pirelli",,,"1:16.446",76446,"1:16.310",76310,,,,,,,15
904,2014,7,13,13,"13","11","sergio-perez","force-india","mercedes","pirelli",,,"1:18.235",78235,"1:16.472",76472,,,,,,,19
904,2014,7,14,14,"14","8","romain-grosjean","lotus-f1","renault","pirelli",,,"1:17.732",77732,"1:16.687",76687,,,,,,,19
904,2014,7,15,15,"15","26","daniil-kvyat","toro-rosso","renault","pirelli",,,"1:16.938",76938,"1:16.713",76713,,,,,,,19
904,2014,7,16,16,"16","99","adrian-sutil","sauber","ferrari","pirelli",,,"1:17.519",77519,"1:17.314",77314,,,,,,,16
904,2014,7,17,17,"17","13","pastor-maldonado","lotus-f1","renault","pirelli",,,"1:18.328",78328,,,,,,,,,10
904,2014,7,18,18,"18","4","max-chilton","marussia","ferrari","pirelli",,,"1:18.348",78348,,,,,,,,,6
904,2014,7,19,19,"19","17","jules-bianchi","marussia","ferrari","pirelli",,,"1:18.359",78359,,,,,,,,,5
904,2014,7,20,20,"20","10","kamui-kobayashi","caterham","renault","pirelli",,,"1:19.278",79278,,,,,,,,,8
904,2014,7,21,21,"21","9","marcus-ericsson","caterham","renault","pirelli",,,"1:19.820",79820,,,,,,,,,10
904,2014,7,22,,"NC","21","esteban-gutierrez","sauber","ferrari","pirelli",,,,,,,,,,,,,
905,2014,8,1,1,"1","19","felipe-massa","williams","mercedes","pirelli",,,"1:10.292",70292,"1:09.239",69239,"1:08.759",68759,,,,,19
905,2014,8,2,2,"2","77","valtteri-bottas","williams","mercedes","pirelli",,,"1:10.356",70356,"1:09.096",69096,"1:08.846",68846,"+0.087",87,"+0.087",87,19
905,2014,8,3,3,"3","6","nico-rosberg","mercedes","mercedes","pirelli",,,"1:09.695",69695,"1:08.974",68974,"1:08.944",68944,"+0.185",185,"+0.098",98,17
905,2014,8,4,4,"4","14","fernando-alonso","ferrari","ferrari","pirelli",,,"1:10.405",70405,"1:09.479",69479,"1:09.285",69285,"+0.526",526,"+0.341",341,25
905,2014,8,5,5,"5","3","daniel-ricciardo","red-bull","renault","pirelli",,,"1:10.395",70395,"1:09.638",69638,"1:09.466",69466,"+0.707",707,"+0.181",181,22
905,2014,8,6,6,"6","20","kevin-magnussen","mclaren","mercedes","pirelli",,,"1:10.081",70081,"1:09.473",69473,"1:09.515",69515,"+0.756",756,"+0.049",49,29
905,2014,8,7,7,"7","26","daniil-kvyat","toro-rosso","renault","pirelli",,,"1:09.678",69678,"1:09.490",69490,"1:09.619",69619,"+0.860",860,"+0.104",104,21
905,2014,8,8,8,"8","7","kimi-raikkonen","ferrari","ferrari","pirelli",,,"1:10.285",70285,"1:09.657",69657,"1:10.795",70795,"+2.036",2036,"+1.176",1176,23
905,2014,8,9,9,"9","44","lewis-hamilton","mercedes","mercedes","pirelli",,,"1:09.514",69514,"1:09.092",69092,,,,,,,15
905,2014,8,10,10,"10","27","nico-hulkenberg","force-india","mercedes","pirelli",,,"1:10.389",70389,"1:09.624",69624,,,,,,,23
905,2014,8,11,11,"11","11","sergio-perez","force-india","mercedes","pirelli",,,"1:10.124",70124,"1:09.754",69754,,,,,,,18
905,2014,8,12,12,"12","22","jenson-button","mclaren","mercedes","pirelli",,,"1:10.252",70252,"1:09.780",69780,,,,,,,22
905,2014,8,13,13,"13","1","sebastian-vettel","red-bull","renault","pirelli",,,"1:10.630",70630,"1:09.801",69801,,,,,,,15
905,2014,8,14,14,"14","13","pastor-maldonado","lotus-f1","renault","pirelli",,,"1:10.821",70821,"1:09.939",69939,,,,,,,18
905,2014,8,15,15,"15","25","jean-eric-vergne","toro-rosso","renault","pirelli",,,"1:10.161",70161,"1:10.073",70073,,,,,,,19
905,2014,8,16,16,"16","8","romain-grosjean","lotus-f1","renault","pirelli",,,"1:10.461",70461,"1:10.642",70642,,,,,,,21
905,2014,8,17,17,"17","99","adrian-sutil","sauber","ferrari","pirelli",,,"1:10.825",70825,,,,,,,,,10
905,2014,8,18,18,"18","21","esteban-gutierrez","sauber","ferrari","pirelli",,,"1:11.349",71349,,,,,,,,,10
905,2014,8,19,19,"19","17","jules-bianchi","marussia","ferrari","pirelli",,,"1:11.412",71412,,,,,,,,,9
905,2014,8,20,20,"20","10","kamui-kobayashi","caterham","renault","pirelli",,,"1:11.673",71673,,,,,,,,,10
905,2014,8,21,21,"21","4","max-chilton","marussia","ferrari","pirelli",,,"1:11.775",71775,,,,,,,,,10
905,2014,8,22,22,"22","9","marcus-ericsson","caterham","renault","pirelli",,,"1:12.673",72673,,,,,,,,,11
906,2014,9,1,1,"1","6","nico-rosberg","mercedes","mercedes","pirelli",,,"1:40.380",100380,"1:35.179",95179,"1:35.766",95766,,,,,21
906,2014,9,2,2,"2","1","sebastian-vettel","red-bull","renault","pirelli",,,"1:45.086",105086,"1:36.410",96410,"1:37.386",97386,"+1.620",1620,"+1.620",1620,19
906,2014,9,3,3,"3","22","jenson-button","mclaren","mercedes","pirelli",,,"1:44.425",104425,"1:36.579",96579,"1:38.200",98200,"+2.434",2434,"+0.814",814,24
906,2014,9,4,4,"4","27","nico-hulkenberg","force-india","mercedes","pirelli",,,"1:41.271",101271,"1:37.112",97112,"1:38.329",98329,"+2.563",2563,"+0.129",129,19
906,2014,9,5,5,"5","20","kevin-magnussen","mclaren","mercedes","pirelli",,,"1:42.507",102507,"1:37.370",97370,"1:38.417",98417,"+2.651",2651,"+0.088",88,23
906,2014,9,6,6,"6","44","lewis-hamilton","mercedes","mercedes","pirelli",,,"1:41.058",101058,"1:34.870",94870,"1:39.232",99232,"+3.466",3466,"+0.815",815,19
906,2014,9,7,7,"7","11","sergio-perez","force-india","mercedes","pirelli",,,"1:42.146",102146,"1:37.350",97350,"1:40.457",100457,"+4.691",4691,"+1.225",1225,20
906,2014,9,8,8,"8","3","daniel-ricciardo","red-bull","renault","pirelli",,,"1:44.710",104710,"1:38.166",98166,"1:40.606",100606,"+4.840",4840,"+0.149",149,18
906,2014,9,9,9,"9","26","daniil-kvyat","toro-rosso","renault","pirelli",,,"1:41.032",101032,"1:36.813",96813,"1:40.707",100707,"+4.941",4941,"+0.101",101,21
906,2014,9,10,10,"10","25","jean-eric-vergne","toro-rosso","renault","pirelli",,,"1:43.040",103040,"1:37.800",97800,"1:40.855",100855,"+5.089",5089,"+0.148",148,21
906,2014,9,11,11,"11","8","romain-grosjean","lotus-f1","renault","pirelli",,,"1:43.121",103121,"1:38.496",98496,,,,,,,17
906,2014,9,12,12,"12","17","jules-bianchi","marussia","ferrari","pirelli",,,"1:41.169",101169,"1:38.709",98709,,,,,,,17
906,2014,9,13,13,"13","4","max-chilton","marussia","ferrari","pirelli",,,"1:42.082",102082,"1:39.800",99800,,,,,,,14
906,2014,9,14,14,"14","21","esteban-gutierrez","sauber","ferrari","pirelli",,,"1:43.285",103285,"1:40.912",100912,,,,,,,16
906,2014,9,15,15,"15","99","adrian-sutil","sauber","ferrari","pirelli",,,"1:42.603",102603,,,,,,,,,8
906,2014,9,16,16,"16","77","valtteri-bottas","williams","mercedes","pirelli",,,"1:45.318",105318,,,,,,,,,5
906,2014,9,17,17,"17","19","felipe-massa","williams","mercedes","pirelli",,,"1:45.695",105695,,,,,,,,,5
906,2014,9,18,18,"18","14","fernando-alonso","ferrari","ferrari","pirelli",,,"1:45.935",105935,,,,,,,,,6
906,2014,9,19,19,"19","7","kimi-raikkonen","ferrari","ferrari","pirelli",,,"1:46.684",106684,,,,,,,,,7
906,2014,9,20,,"NC","9","marcus-ericsson","caterham","renault","pirelli",,,"1:49.421",109421,,,,,,,,,7
906,2014,9,21,,"NC","10","kamui-kobayashi","caterham","renault","pirelli",,,"1:49.625",109625,,,,,,,,,6
906,2014,9,22,,"EX","13","pastor-maldonado","lotus-f1","renault","pirelli",,,"1:43.892",103892,"1:44.018",104018,,,,,,,15
907,2014,10,1,1,"1","6","nico-rosberg","mercedes","mercedes","pirelli",,,"1:17.631",77631,"1:17.109",77109,"1:16.540",76540,,,,,17
907,2014,10,2,2,"2","77","valtteri-bottas","williams","mercedes","pirelli",,,"1:18.215",78215,"1:17.353",77353,"1:16.759",76759,"+0.219",219,"+0.219",219,15
907,2014,10,3,3,"3","19","felipe-massa","williams","mercedes","pirelli",,,"1:18.381",78381,"1:17.370",77370,"1:17.078",77078,"+0.538",538,"+0.319",319,21
907,2014,10,4,4,"4","20","kevin-magnussen","mclaren","mercedes","pirelli",,,"1:18.260",78260,"1:17.788",77788,"1:17.214",77214,"+0.674",674,"+0.136",136,17
907,2014,10,5,5,"5","3","daniel-ricciardo","red-bull","renault","pirelli",,,"1:18.117",78117,"1:17.855",77855,"1:17.273",77273,"+0.733",733,"+0.059",59,19
907,2014,10,6,6,"6","1","sebastian-vettel","red-bull","renault","pirelli",,,"1:18.194",78194,"1:17.646",77646,"1:17.577",77577,"+1.037",1037,"+0.304",304,16
907,2014,10,7,7,"7","14","fernando-alonso","ferrari","ferrari","pirelli",,,"1:18.389",78389,"1:17.866",77866,"1:17.649",77649,"+1.109",1109,"+0.072",72,19
907,2014,10,8,8,"8","26","daniil-kvyat","toro-rosso","renault","pirelli",,,"1:18.530",78530,"1:18.103",78103,"1:17.965",77965,"+1.425",1425,"+0.316",316,22
907,2014,10,9,9,"9","27","nico-hulkenberg","force-india","mercedes","pirelli",,,"1:18.927",78927,"1:18.017",78017,"1:18.014",78014,"+1.474",1474,"+0.049",49,21
907,2014,10,10,10,"10","11","sergio-perez","force-india","mercedes","pirelli",,,"1:18.916",78916,"1:18.161",78161,"1:18.035",78035,"+1.495",1495,"+0.021",21,21
907,2014,10,11,11,"11","22","jenson-button","mclaren","mercedes","pirelli",,,"1:18.425",78425,"1:18.193",78193,,,,,,,15
907,2014,10,12,12,"12","7","kimi-raikkonen","ferrari","ferrari","pirelli",,,"1:18.534",78534,"1:18.273",78273,,,,,,,13
907,2014,10,13,13,"13","25","jean-eric-vergne","toro-rosso","renault","pirelli",,,"1:18.496",78496,"1:18.285",78285,,,,,,,14
907,2014,10,14,14,"14","21","esteban-gutierrez","sauber","ferrari","pirelli",,,"1:18.739",78739,"1:18.787",78787,,,,,,,14
907,2014,10,15,15,"15","8","romain-grosjean","lotus-f1","renault","pirelli",,,"1:18.894",78894,"1:18.983",78983,,,,,,,14
907,2014,10,16,16,"16","44","lewis-hamilton","mercedes","mercedes","pirelli",,,"1:18.683",78683,,,,,,,,,5
907,2014,10,17,17,"17","99","adrian-sutil","sauber","ferrari","pirelli",,,"1:19.142",79142,,,,,,,,,8
907,2014,10,18,18,"18","17","jules-bianchi","marussia","ferrari","pirelli",,,"1:19.676",79676,,,,,,,,,8
907,2014,10,19,19,"19","13","pastor-maldonado","lotus-f1","renault","pirelli",,,"1:20.195",80195,,,,,,,,,7
907,2014,10,20,20,"20","10","kamui-kobayashi","caterham","renault","pirelli",,,"1:20.408",80408,,,,,,,,,7
907,2014,10,21,21,"21","4","max-chilton","marussia","ferrari","pirelli",,,"1:20.489",80489,,,,,,,,,9
907,2014,10,22,,"NC","9","marcus-ericsson","caterham","renault","pirelli",,,,,,,,,,,,,
908,2014,11,1,1,"1","6","nico-rosberg","mercedes","mercedes","pirelli",,,"1:25.227",85227,"1:23.310",83310,"1:22.715",82715,,,,,20
908,2014,11,2,2,"2","1","sebastian-vettel","red-bull","renault","pirelli",,,"1:25.662",85662,"1:23.606",83606,"1:23.201",83201,"+0.486",486,"+0.486",486,16
908,2014,11,3,3,"3","77","valtteri-bottas","williams","mercedes","pirelli",,,"1:25.690",85690,"1:23.776",83776,"1:23.354",83354,"+0.639",639,"+0.153",153,19
908,2014,11,4,4,"4","3","daniel-ricciardo","red-bull","renault","pirelli",,,"1:25.495",85495,"1:23.676",83676,"1:23.391",83391,"+0.676",676,"+0.037",37,18
908,2014,11,5,5,"5","14","fernando-alonso","ferrari","ferrari","pirelli",,,"1:26.087",86087,"1:24.249",84249,"1:23.909",83909,"+1.194",1194,"+0.518",518,17
908,2014,11,6,6,"6","19","felipe-massa","williams","mercedes","pirelli",,,"1:26.592",86592,"1:24.030",84030,"1:24.223",84223,"+1.508",1508,"+0.314",314,19
908,2014,11,7,7,"7","22","jenson-button","mclaren","mercedes","pirelli",,,"1:26.612",86612,"1:24.502",84502,"1:24.294",84294,"+1.579",1579,"+0.071",71,21
908,2014,11,8,8,"8","25","jean-eric-vergne","toro-rosso","renault","pirelli",,,"1:24.941",84941,"1:24.637",84637,"1:24.720",84720,"+2.005",2005,"+0.426",426,19
908,2014,11,9,9,"9","27","nico-hulkenberg","force-india","mercedes","pirelli",,,"1:26.149",86149,"1:24.647",84647,"1:24.775",84775,"+2.060",2060,"+0.055",55,22
908,2014,11,10,10,"10","20","kevin-magnussen","mclaren","mercedes","pirelli",,,"1:26.578",86578,"1:24.585",84585,,,,,,,13
908,2014,11,11,11,"11","26","daniil-kvyat","toro-rosso","renault","pirelli",,,"1:25.361",85361,"1:24.706",84706,,,,,,,14
908,2014,11,12,12,"12","99","adrian-sutil","sauber","ferrari","pirelli",,,"1:26.027",86027,"1:25.136",85136,,,,,,,12
908,2014,11,13,13,"13","11","sergio-perez","force-india","mercedes","pirelli",,,"1:25.910",85910,"1:25.211",85211,,,,,,,11
908,2014,11,14,14,"14","21","esteban-gutierrez","sauber","ferrari","pirelli",,,"1:25.709",85709,"1:25.260",85260,,,,,,,10
908,2014,11,15,15,"15","8","romain-grosjean","lotus-f1","renault","pirelli",,,"1:26.136",86136,"1:25.337",85337,,,,,,,16
908,2014,11,16,16,"16","17","jules-bianchi","marussia","ferrari","pirelli",,,"1:26.728",86728,"1:27.419",87419,,,,,,,14
908,2014,11,17,17,"17","7","kimi-raikkonen","ferrari","ferrari","pirelli",,,"1:26.792",86792,,,,,,,,,5
908,2014,11,18,18,"18","10","kamui-kobayashi","caterham","renault","pirelli",,,"1:27.139",87139,,,,,,,,,10
908,2014,11,19,19,"19","4","max-chilton","marussia","ferrari","pirelli",,,"1:27.819",87819,,,,,,,,,7
908,2014,11,20,20,"20","9","marcus-ericsson","caterham","renault","pirelli",,,"1:28.643",88643,,,,,,,,,10
908,2014,11,21,,"NC","44","lewis-hamilton","mercedes","mercedes","pirelli",,,,,,,,,,,,,2
908,2014,11,22,,"NC","13","pastor-maldonado","lotus-f1","renault","pirelli",,,,,,,,,,,,,1
909,2014,12,1,1,"1","6","nico-rosberg","mercedes","mercedes","pirelli",,,"2:07.130",127130,"2:06.723",126723,"2:05.591",125591,,,,,22
909,2014,12,2,2,"2","44","lewis-hamilton","mercedes","mercedes","pirelli",,,"2:07.280",127280,"2:06.609",126609,"2:05.819",125819,"+0.228",228,"+0.228",228,22
909,2014,12,3,3,"3","1","sebastian-vettel","red-bull","renault","pirelli",,,"2:10.105",130105,"2:08.868",128868,"2:07.717",127717,"+2.126",2126,"+1.898",1898,24
909,2014,12,4,4,"4","14","fernando-alonso","ferrari","ferrari","pirelli",,,"2:10.197",130197,"2:08.450",128450,"2:07.786",127786,"+2.195",2195,"+0.069",69,21
909,2014,12,5,5,"5","3","daniel-ricciardo","red-bull","renault","pirelli",,,"2:10.089",130089,"2:08.989",128989,"2:07.911",127911,"+2.320",2320,"+0.125",125,21
909,2014,12,6,6,"6","77","valtteri-bottas","williams","mercedes","pirelli",,,"2:09.250",129250,"2:08.451",128451,"2:08.049",128049,"+2.458",2458,"+0.138",138,23
909,2014,12,7,7,"7","20","kevin-magnussen","mclaren","mercedes","pirelli",,,"2:11.081",131081,"2:08.901",128901,"2:08.679",128679,"+3.088",3088,"+0.630",630,22
909,2014,12,8,8,"8","7","kimi-raikkonen","ferrari","ferrari","pirelli",,,"2:09.885",129885,"2:08.646",128646,"2:08.780",128780,"+3.189",3189,"+0.101",101,21
909,2014,12,9,9,"9","19","felipe-massa","williams","mercedes","pirelli",,,"2:08.403",128403,"2:08.833",128833,"2:09.178",129178,"+3.587",3587,"+0.398",398,20
909,2014,12,10,10,"10","22","jenson-button","mclaren","mercedes","pirelli",,,"2:10.529",130529,"2:09.272",129272,"2:09.776",129776,"+4.185",4185,"+0.598",598,22
909,2014,12,11,11,"11","26","daniil-kvyat","toro-rosso","renault","pirelli",,,"2:10.445",130445,"2:09.377",129377,,,,,,,16
909,2014,12,12,12,"12","25","jean-eric-vergne","toro-rosso","renault","pirelli",,,"2:09.811",129811,"2:09.805",129805,,,,,,,13
909,2014,12,13,13,"13","11","sergio-perez","force-india","mercedes","pirelli",,,"2:10.666",130666,"2:10.084",130084,,,,,,,16
909,2014,12,14,14,"14","99","adrian-sutil","sauber","ferrari","pirelli",,,"2:11.051",131051,"2:10.238",130238,,,,,,,17
909,2014,12,15,15,"15","8","romain-grosjean","lotus-f1","renault","pirelli",,,"2:10.898",130898,"2:11.087",131087,,,,,,,16
909,2014,12,16,16,"16","17","jules-bianchi","marussia","ferrari","pirelli",,,"2:11.051",131051,"2:12.470",132470,,,,,,,14
909,2014,12,17,17,"17","13","pastor-maldonado","lotus-f1","renault","pirelli",,,"2:11.261",131261,,,,,,,,,9
909,2014,12,18,18,"18","27","nico-hulkenberg","force-india","mercedes","pirelli",,,"2:11.267",131267,,,,,,,,,8
909,2014,12,19,19,"19","4","max-chilton","marussia","ferrari","pirelli",,,"2:12.566",132566,,,,,,,,,8
909,2014,12,20,20,"20","21","esteban-gutierrez","sauber","ferrari","pirelli",,,"2:13.414",133414,,,,,,,,,4
909,2014,12,21,21,"21","45","andre-lotterer","caterham","renault","pirelli",,,"2:13.469",133469,,,,,,,,,9
909,2014,12,22,22,"22","9","marcus-ericsson","caterham","renault","pirelli",,,"2:14.438",134438,,,,,,,,,9
910,2014,13,1,1,"1","44","lewis-hamilton","mercedes","mercedes","pirelli",,,"1:25.363",85363,"1:24.560",84560,"1:24.109",84109,,,,,20
910,2014,13,2,2,"2","6","nico-rosberg","mercedes","mercedes","pirelli",,,"1:25.493",85493,"1:24.600",84600,"1:24.383",84383,"+0.274",274,"+0.274",274,19
910,2014,13,3,3,"3","77","valtteri-bottas","williams","mercedes","pirelli",,,"1:26.012",86012,"1:24.858",84858,"1:24.697",84697,"+0.588",588,"+0.314",314,16
910,2014,13,4,4,"4","19","felipe-massa","williams","mercedes","pirelli",,,"1:25.528",85528,"1:25.046",85046,"1:24.865",84865,"+0.756",756,"+0.168",168,17
910,2014,13,5,5,"5","20","kevin-magnussen","mclaren","mercedes","pirelli",,,"1:26.337",86337,"1:25.973",85973,"1:25.314",85314,"+1.205",1205,"+0.449",449,18
910,2014,13,6,6,"6","22","jenson-button","mclaren","mercedes","pirelli",,,"1:26.328",86328,"1:25.630",85630,"1:25.379",85379,"+1.270",1270,"+0.065",65,18
910,2014,13,7,7,"7","14","fernando-alonso","ferrari","ferrari","pirelli",,,"1:26.514",86514,"1:25.525",85525,"1:25.430",85430,"+1.321",1321,"+0.051",51,17
910,2014,13,8,8,"8","1","sebastian-vettel","red-bull","renault","pirelli",,,"1:26.631",86631,"1:25.769",85769,"1:25.436",85436,"+1.327",1327,"+0.006",6,18
910,2014,13,9,9,"9","3","daniel-ricciardo","red-bull","renault","pirelli",,,"1:26.721",86721,"1:25.946",85946,"1:25.709",85709,"+1.600",1600,"+0.273",273,17
910,2014,13,10,10,"10","11","sergio-perez","force-india","mercedes","pirelli",,,"1:26.569",86569,"1:25.863",85863,"1:25.944",85944,"+1.835",1835,"+0.235",235,23
910,2014,13,11,11,"11","26","daniil-kvyat","toro-rosso","renault","pirelli",,,"1:26.261",86261,"1:26.070",86070,,,,,,,16
910,2014,13,12,12,"12","7","kimi-raikkonen","ferrari","ferrari","pirelli",,,"1:26.689",86689,"1:26.110",86110,,,,,,,13
910,2014,13,13,13,"13","25","jean-eric-vergne","toro-rosso","renault","pirelli",,,"1:26.140",86140,"1:26.157",86157,,,,,,,15
910,2014,13,14,14,"14","27","nico-hulkenberg","force-india","mercedes","pirelli",,,"1:26.371",86371,"1:26.279",86279,,,,,,,18
910,2014,13,15,15,"15","99","adrian-sutil","sauber","ferrari","pirelli",,,"1:27.034",87034,"1:26.588",86588,,,,,,,17
910,2014,13,16,16,"16","21","esteban-gutierrez","sauber","ferrari","pirelli",,,"1:26.999",86999,"1:26.692",86692,,,,,,,17
910,2014,13,17,17,"17","13","pastor-maldonado","lotus-f1","renault","pirelli",,,"1:27.520",87520,,,,,,,,,8
910,2014,13,18,18,"18","8","romain-grosjean","lotus-f1","renault","pirelli",,,"1:27.632",87632,,,,,,,,,5
910,2014,13,19,19,"19","10","kamui-kobayashi","caterham","renault","pirelli",,,"1:27.671",87671,,,,,,,,,9
910,2014,13,20,20,"20","17","jules-bianchi","marussia","ferrari","pirelli",,,"1:27.738",87738,,,,,,,,,8
910,2014,13,21,21,"21","4","max-chilton","marussia","ferrari","pirelli",,,"1:28.247",88247,,,,,,,,,8
910,2014,13,22,22,"22","9","marcus-ericsson","caterham","renault","pirelli",,,"1:28.562",88562,,,,,,,,,9
911,2014,14,1,1,"1","44","lewis-hamilton","mercedes","mercedes","pirelli",,,"1:46.921",106921,"1:46.287",106287,"1:45.681",105681,,,,,17
911,2014,14,2,2,"2","6","nico-rosberg","mercedes","mercedes","pirelli",,,"1:47.244",107244,"1:45.825",105825,"1:45.688",105688,"+0.007",7,"+0.007",7,19
911,2014,14,3,3,"3","3","daniel-ricciardo","red-bull","renault","pirelli",,,"1:47.488",107488,"1:46.493",106493,"1:45.854",105854,"+0.173",173,"+0.166",166,12
911,2014,14,4,4,"4","1","sebastian-vettel","red-bull","renault","pirelli",,,"1:47.476",107476,"1:46.586",106586,"1:45.902",105902,"+0.221",221,"+0.048",48,15
911,2014,14,5,5,"5","14","fernando-alonso","ferrari","ferrari","pirelli",,,"1:46.889",106889,"1:46.328",106328,"1:45.907",105907,"+0.226",226,"+0.005",5,16
911,2014,14,6,6,"6","19","felipe-massa","williams","mercedes","pirelli",,,"1:47.615",107615,"1:46.472",106472,"1:46.000",106000,"+0.319",319,"+0.093",93,20
911,2014,14,7,7,"7","7","kimi-raikkonen","ferrari","ferrari","pirelli",,,"1:46.685",106685,"1:46.359",106359,"1:46.170",106170,"+0.489",489,"+0.170",170,14
911,2014,14,8,8,"8","77","valtteri-bottas","williams","mercedes","pirelli",,,"1:47.196",107196,"1:46.622",106622,"1:46.187",106187,"+0.506",506,"+0.017",17,18
911,2014,14,9,9,"9","20","kevin-magnussen","mclaren","mercedes","pirelli",,,"1:47.976",107976,"1:46.700",106700,"1:46.250",106250,"+0.569",569,"+0.063",63,18
911,2014,14,10,10,"10","26","daniil-kvyat","toro-rosso","renault","pirelli",,,"1:47.656",107656,"1:46.926",106926,"1:47.362",107362,"+1.681",1681,"+1.112",1112,21
911,2014,14,11,11,"11","22","jenson-button","mclaren","mercedes","pirelli",,,"1:47.161",107161,"1:46.943",106943,,,,,,,12
911,2014,14,12,12,"12","25","jean-eric-vergne","toro-rosso","renault","pirelli",,,"1:47.407",107407,"1:46.989",106989,,,,,,,14
911,2014,14,13,13,"13","27","nico-hulkenberg","force-india","mercedes","pirelli",,,"1:47.370",107370,"1:47.308",107308,,,,,,,13
911,2014,14,14,14,"14","21","esteban-gutierrez","sauber","ferrari","pirelli",,,"1:47.970",107970,"1:47.333",107333,,,,,,,9
911,2014,14,15,15,"15","11","sergio-perez","force-india","mercedes","pirelli",,,"1:48.143",108143,"1:47.575",107575,,,,,,,13
911,2014,14,16,16,"16","8","romain-grosjean","lotus-f1","renault","pirelli",,,"1:47.862",107862,"1:47.812",107812,,,,,,,14
911,2014,14,17,17,"17","99","adrian-sutil","sauber","ferrari","pirelli",,,"1:48.324",108324,,,,,,,,,6
911,2014,14,18,18,"18","13","pastor-maldonado","lotus-f1","renault","pirelli",,,"1:49.063",109063,,,,,,,,,8
911,2014,14,19,19,"19","17","jules-bianchi","marussia","ferrari","pirelli",,,"1:49.440",109440,,,,,,,,,7
911,2014,14,20,20,"20","10","kamui-kobayashi","caterham","renault","pirelli",,,"1:50.405",110405,,,,,,,,,8
911,2014,14,21,21,"21","4","max-chilton","marussia","ferrari","pirelli",,,"1:50.473",110473,,,,,,,,,7
911,2014,14,22,22,"22","9","marcus-ericsson","caterham","renault","pirelli",,,"1:52.287",112287,,,,,,,,,5
912,2014,15,1,1,"1","6","nico-rosberg","mercedes","mercedes","pirelli",,,"1:33.671",93671,"1:32.950",92950,"1:32.506",92506,,,,,13
912,2014,15,2,2,"2","44","lewis-hamilton","mercedes","mercedes","pirelli",,,"1:33.611",93611,"1:32.982",92982,"1:32.703",92703,"+0.197",197,"+0.197",197,13
912,2014,15,3,3,"3","77","valtteri-bottas","williams","mercedes","pirelli",,,"1:34.301",94301,"1:33.443",93443,"1:33.128",93128,"+0.622",622,"+0.425",425,16
912,2014,15,4,4,"4","19","felipe-massa","williams","mercedes","pirelli",,,"1:34.483",94483,"1:33.551",93551,"1:33.527",93527,"+1.021",1021,"+0.399",399,16
912,2014,15,5,5,"5","14","fernando-alonso","ferrari","ferrari","pirelli",,,"1:34.497",94497,"1:33.675",93675,"1:33.740",93740,"+1.234",1234,"+0.213",213,16
912,2014,15,6,6,"6","3","daniel-ricciardo","red-bull","renault","pirelli",,,"1:35.593",95593,"1:34.466",94466,"1:34.075",94075,"+1.569",1569,"+0.335",335,17
912,2014,15,7,7,"7","20","kevin-magnussen","mclaren","mercedes","pirelli",,,"1:34.930",94930,"1:34.229",94229,"1:34.242",94242,"+1.736",1736,"+0.167",167,16
912,2014,15,8,8,"8","22","jenson-button","mclaren","mercedes","pirelli",,,"1:35.150",95150,"1:34.648",94648,"1:34.317",94317,"+1.811",1811,"+0.075",75,17
912,2014,15,9,9,"9","1","sebastian-vettel","red-bull","renault","pirelli",,,"1:35.517",95517,"1:34.784",94784,"1:34.432",94432,"+1.926",1926,"+0.115",115,17
912,2014,15,10,10,"10","7","kimi-raikkonen","ferrari","ferrari","pirelli",,,"1:34.984",94984,"1:34.771",94771,"1:34.548",94548,"+2.042",2042,"+0.116",116,16
912,2014,15,11,11,"11","25","jean-eric-vergne","toro-rosso","renault","pirelli",,,"1:35.155",95155,"1:34.984",94984,,,,,,,14
912,2014,15,12,12,"12","11","sergio-perez","force-india","mercedes","pirelli",,,"1:35.439",95439,"1:35.089",95089,,,,,,,13
912,2014,15,13,13,"13","26","daniil-kvyat","toro-rosso","renault","pirelli",,,"1:35.210",95210,"1:35.092",95092,,,,,,,13
912,2014,15,14,14,"14","27","nico-hulkenberg","force-india","mercedes","pirelli",,,"1:35.000",95000,"1:35.099",95099,,,,,,,13
912,2014,15,15,15,"15","99","adrian-sutil","sauber","ferrari","pirelli",,,"1:35.736",95736,"1:35.364",95364,,,,,,,14
912,2014,15,16,16,"16","21","esteban-gutierrez","sauber","ferrari","pirelli",,,"1:35.308",95308,"1:35.681",95681,,,,,,,14
912,2014,15,17,17,"17","13","pastor-maldonado","lotus-f1","renault","pirelli",,,"1:35.917",95917,,,,,,,,,9
912,2014,15,18,18,"18","8","romain-grosjean","lotus-f1","renault","pirelli",,,"1:35.984",95984,,,,,,,,,10
912,2014,15,19,19,"19","9","marcus-ericsson","caterham","renault","pirelli",,,"1:36.813",96813,,,,,,,,,6
912,2014,15,20,20,"20","17","jules-bianchi","marussia","ferrari","pirelli",,,"1:36.943",96943,,,,,,,,,8
912,2014,15,21,21,"21","10","kamui-kobayashi","caterham","renault","pirelli",,,"1:37.015",97015,,,,,,,,,9
912,2014,15,22,22,"22","4","max-chilton","marussia","ferrari","pirelli",,,"1:37.481",97481,,,,,,,,,8
913,2014,16,1,1,"1","44","lewis-hamilton","mercedes","mercedes","pirelli",,,"1:38.759",98759,"1:38.338",98338,"1:38.513",98513,,,,,18
913,2014,16,2,2,"2","6","nico-rosberg","mercedes","mercedes","pirelli",,,"1:39.076",99076,"1:38.606",98606,"1:38.713",98713,"+0.200",200,"+0.200",200,18
913,2014,16,3,3,"3","77","valtteri-bottas","williams","mercedes","pirelli",,,"1:39.125",99125,"1:38.971",98971,"1:38.920",98920,"+0.407",407,"+0.207",207,23
913,2014,16,4,4,"4","22","jenson-button","mclaren","mercedes","pirelli",,,"1:39.560",99560,"1:39.381",99381,"1:39.121",99121,"+0.608",608,"+0.201",201,22
913,2014,16,5,5,"5","26","daniil-kvyat","toro-rosso","renault","pirelli",,,"1:40.074",100074,"1:39.296",99296,"1:39.277",99277,"+0.764",764,"+0.156",156,27
913,2014,16,6,6,"6","20","kevin-magnussen","mclaren","mercedes","pirelli",,,"1:39.735",99735,"1:39.022",99022,"1:39.629",99629,"+1.116",1116,"+0.352",352,21
913,2014,16,7,7,"7","3","daniel-ricciardo","red-bull","renault","pirelli",,,"1:40.519",100519,"1:39.666",99666,"1:39.635",99635,"+1.122",1122,"+0.006",6,21
913,2014,16,8,8,"8","14","fernando-alonso","ferrari","ferrari","pirelli",,,"1:40.255",100255,"1:39.786",99786,"1:39.709",99709,"+1.196",1196,"+0.074",74,25
913,2014,16,9,9,"9","7","kimi-raikkonen","ferrari","ferrari","pirelli",,,"1:40.098",100098,"1:39.838",99838,"1:39.771",99771,"+1.258",1258,"+0.062",62,26
913,2014,16,10,10,"10","25","jean-eric-vergne","toro-rosso","renault","pirelli",,,"1:40.354",100354,"1:39.929",99929,"1:40.020",100020,"+1.507",1507,"+0.249",249,27
913,2014,16,11,11,"11","1","sebastian-vettel","red-bull","renault","pirelli",,,"1:40.382",100382,"1:40.052",100052,,,,,,,13
913,2014,16,12,12,"12","27","nico-hulkenberg","force-india","mercedes","pirelli",,,"1:40.273",100273,"1:40.058",100058,,,,,,,16
913,2014,16,13,13,"13","11","sergio-perez","force-india","mercedes","pirelli",,,"1:40.723",100723,"1:40.163",100163,,,,,,,13
913,2014,16,14,14,"14","21","esteban-gutierrez","sauber","ferrari","pirelli",,,"1:41.159",101159,"1:40.536",100536,,,,,,,18
913,2014,16,15,15,"15","99","adrian-sutil","sauber","ferrari","pirelli",,,"1:40.766",100766,"1:40.984",100984,,,,,,,18
913,2014,16,16,16,"16","8","romain-grosjean","lotus-f1","renault","pirelli",,,"1:42.526",102526,"1:41.397",101397,,,,,,,18
913,2014,16,17,17,"17","9","marcus-ericsson","caterham","renault","pirelli",,,"1:42.648",102648,,,,,,,,,9
913,2014,16,18,18,"18","19","felipe-massa","williams","mercedes","pirelli",,,"1:43.064",103064,,,,,,,,,8
913,2014,16,19,19,"19","10","kamui-kobayashi","caterham","renault","pirelli",,,"1:43.166",103166,,,,,,,,,9
913,2014,16,20,20,"20","13","pastor-maldonado","lotus-f1","renault","pirelli",,,"1:43.205",103205,,,,,,,,,5
913,2014,16,21,21,"21","4","max-chilton","marussia","ferrari","pirelli",,,"1:43.649",103649,,,,,,,,,10
914,2014,17,1,1,"1","6","nico-rosberg","mercedes","mercedes","pirelli",,,"1:38.303",98303,"1:36.290",96290,"1:36.067",96067,,,,,20
914,2014,17,2,2,"2","44","lewis-hamilton","mercedes","mercedes","pirelli",,,"1:37.196",97196,"1:37.287",97287,"1:36.443",96443,"+0.376",376,"+0.376",376,16
914,2014,17,3,3,"3","77","valtteri-bottas","williams","mercedes","pirelli",,,"1:38.249",98249,"1:37.499",97499,"1:36.906",96906,"+0.839",839,"+0.463",463,19
914,2014,17,4,4,"4","19","felipe-massa","williams","mercedes","pirelli",,,"1:37.877",97877,"1:37.347",97347,"1:37.205",97205,"+1.138",1138,"+0.299",299,20
914,2014,17,5,5,"5","3","daniel-ricciardo","red-bull","renault","pirelli",,,"1:38.814",98814,"1:37.873",97873,"1:37.244",97244,"+1.177",1177,"+0.039",39,17
914,2014,17,6,6,"6","14","fernando-alonso","ferrari","ferrari","pirelli",,,"1:38.349",98349,"1:38.010",98010,"1:37.610",97610,"+1.543",1543,"+0.366",366,16
914,2014,17,7,7,"7","22","jenson-button","mclaren","mercedes","pirelli",,,"1:38.574",98574,"1:38.024",98024,"1:37.655",97655,"+1.588",1588,"+0.045",45,17
914,2014,17,8,8,"8","20","kevin-magnussen","mclaren","mercedes","pirelli",,,"1:38.557",98557,"1:38.047",98047,"1:37.706",97706,"+1.639",1639,"+0.051",51,16
914,2014,17,9,9,"9","7","kimi-raikkonen","ferrari","ferrari","pirelli",,,"1:38.669",98669,"1:38.263",98263,"1:37.804",97804,"+1.737",1737,"+0.098",98,22
914,2014,17,10,10,"10","99","adrian-sutil","sauber","ferrari","pirelli",,,"1:38.855",98855,"1:38.378",98378,"1:38.810",98810,"+2.743",2743,"+1.006",1006,15
914,2014,17,11,11,"11","13","pastor-maldonado","lotus-f1","renault","pirelli",,,"1:38.608",98608,"1:38.467",98467,,,,,,,16
914,2014,17,12,12,"12","11","sergio-perez","force-india","mercedes","pirelli",,,"1:39.200",99200,"1:38.554",98554,,,,,,,16
914,2014,17,13,13,"13","27","nico-hulkenberg","force-india","mercedes","pirelli",,,"1:38.931",98931,"1:38.598",98598,,,,,,,16
914,2014,17,14,14,"14","26","daniil-kvyat","toro-rosso","renault","pirelli",,,"1:38.936",98936,"1:38.699",98699,,,,,,,17
914,2014,17,15,15,"15","25","jean-eric-vergne","toro-rosso","renault","pirelli",,,"1:39.250",99250,,,,,,,,,10
914,2014,17,16,16,"16","21","esteban-gutierrez","sauber","ferrari","pirelli",,,"1:39.555",99555,,,,,,,,,10
914,2014,17,17,17,"17","1","sebastian-vettel","red-bull","renault","pirelli",,,"1:39.621",99621,,,,,,,,,3
914,2014,17,18,18,"18","8","romain-grosjean","lotus-f1","renault","pirelli",,,"1:39.679",99679,,,,,,,,,8
915,2014,18,1,1,"1","6","nico-rosberg","mercedes","mercedes","pirelli",,,"1:10.347",70347,"1:10.303",70303,"1:10.023",70023,,,,,14
915,2014,18,2,2,"2","44","lewis-hamilton","mercedes","mercedes","pirelli",,,"1:10.457",70457,"1:10.712",70712,"1:10.056",70056,"+0.033",33,"+0.033",33,14
915,2014,18,3,3,"3","19","felipe-massa","williams","mercedes","pirelli",,,"1:10.602",70602,"1:10.343",70343,"1:10.247",70247,"+0.224",224,"+0.191",191,17
915,2014,18,4,4,"4","77","valtteri-bottas","williams","mercedes","pirelli",,,"1:10.832",70832,"1:10.421",70421,"1:10.305",70305,"+0.282",282,"+0.058",58,17
915,2014,18,5,5,"5","22","jenson-button","mclaren","mercedes","pirelli",,,"1:11.097",71097,"1:11.127",71127,"1:10.930",70930,"+0.907",907,"+0.625",625,16
915,2014,18,6,6,"6","1","sebastian-vettel","red-bull","renault","pirelli",,,"1:11.880",71880,"1:11.129",71129,"1:10.938",70938,"+0.915",915,"+0.008",8,19
915,2014,18,7,7,"7","20","kevin-magnussen","mclaren","mercedes","pirelli",,,"1:11.134",71134,"1:11.211",71211,"1:10.969",70969,"+0.946",946,"+0.031",31,16
915,2014,18,8,8,"8","14","fernando-alonso","ferrari","ferrari","pirelli",,,"1:11.558",71558,"1:11.215",71215,"1:10.977",70977,"+0.954",954,"+0.008",8,18
915,2014,18,9,9,"9","3","daniel-ricciardo","red-bull","renault","pirelli",,,"1:11.593",71593,"1:11.208",71208,"1:11.075",71075,"+1.052",1052,"+0.098",98,20
915,2014,18,10,10,"10","7","kimi-raikkonen","ferrari","ferrari","pirelli",,,"1:11.193",71193,"1:11.188",71188,"1:11.099",71099,"+1.076",1076,"+0.024",24,18
915,2014,18,11,11,"11","21","esteban-gutierrez","sauber","ferrari","pirelli",,,"1:11.520",71520,"1:11.591",71591,,,,,,,18
915,2014,18,12,12,"12","27","nico-hulkenberg","force-india","mercedes","pirelli",,,"1:11.848",71848,"1:11.976",71976,,,,,,,14
915,2014,18,13,13,"13","99","adrian-sutil","sauber","ferrari","pirelli",,,"1:11.943",71943,"1:12.099",72099,,,,,,,17
915,2014,18,14,14,"14","26","daniil-kvyat","toro-rosso","renault","pirelli",,,"1:11.423",71423,,,,,,,,,9
915,2014,18,15,15,"15","8","romain-grosjean","lotus-f1","renault","pirelli",,,"1:12.037",72037,,,,,,,,,8
915,2014,18,16,16,"16","25","jean-eric-vergne","toro-rosso","renault","pirelli",,,"1:12.040",72040,,,,,,,,,10
915,2014,18,17,17,"17","11","sergio-perez","force-india","mercedes","pirelli",,,"1:12.076",72076,,,,,,,,,9
915,2014,18,18,18,"18","13","pastor-maldonado","lotus-f1","renault","pirelli",,,"1:12.233",72233,,,,,,,,,7
916,2014,19,1,1,"1","6","nico-rosberg","mercedes","mercedes","pirelli",,,"1:41.308",101308,"1:41.459",101459,"1:40.480",100480,,,,,13
916,2014,19,2,2,"2","44","lewis-hamilton","mercedes","mercedes","pirelli",,,"1:41.207",101207,"1:40.920",100920,"1:40.866",100866,"+0.386",386,"+0.386",386,12
916,2014,19,3,3,"3","77","valtteri-bottas","williams","mercedes","pirelli",,,"1:42.346",102346,"1:41.376",101376,"1:41.025",101025,"+0.545",545,"+0.159",159,18
916,2014,19,4,4,"4","19","felipe-massa","williams","mercedes","pirelli",,,"1:41.475",101475,"1:41.144",101144,"1:41.119",101119,"+0.639",639,"+0.094",94,20
916,2014,19,5,5,"5","26","daniil-kvyat","toro-rosso","renault","pirelli",,,"1:42.302",102302,"1:42.082",102082,"1:41.908",101908,"+1.428",1428,"+0.789",789,18
916,2014,19,6,6,"6","22","jenson-button","mclaren","mercedes","pirelli",,,"1:42.137",102137,"1:41.875",101875,"1:41.964",101964,"+1.484",1484,"+0.056",56,18
916,2014,19,7,7,"7","7","kimi-raikkonen","ferrari","ferrari","pirelli",,,"1:42.439",102439,"1:42.168",102168,"1:42.236",102236,"+1.756",1756,"+0.272",272,15
916,2014,19,8,8,"8","14","fernando-alonso","ferrari","ferrari","pirelli",,,"1:42.467",102467,"1:41.940",101940,"1:42.866",102866,"+2.386",2386,"+0.630",630,19
916,2014,19,9,9,"9","20","kevin-magnussen","mclaren","mercedes","pirelli",,,"1:42.104",102104,"1:42.198",102198,,,,,,,13
916,2014,19,10,10,"10","25","jean-eric-vergne","toro-rosso","renault","pirelli",,,"1:42.413",102413,"1:42.207",102207,,,,,,,12
916,2014,19,11,11,"11","11","sergio-perez","force-india","mercedes","pirelli",,,"1:42.654",102654,"1:42.239",102239,,,,,,,15
916,2014,19,12,12,"12","27","nico-hulkenberg","force-india","mercedes","pirelli",,,"1:42.444",102444,"1:42.384",102384,,,,,,,12
916,2014,19,13,13,"13","99","adrian-sutil","sauber","ferrari","pirelli",,,"1:42.746",102746,"1:43.074",103074,,,,,,,14
916,2014,19,14,14,"14","8","romain-grosjean","lotus-f1","renault","pirelli",,,"1:42.768",102768,,,,,,,,,8
916,2014,19,15,15,"15","21","esteban-gutierrez","sauber","ferrari","pirelli",,,"1:42.819",102819,,,,,,,,,8
916,2014,19,16,16,"16","13","pastor-maldonado","lotus-f1","renault","pirelli",,,"1:42.860",102860,,,,,,,,,8
916,2014,19,17,17,"17","10","kamui-kobayashi","caterham","renault","pirelli",,,"1:44.540",104540,,,,,,,,,7
916,2014,19,18,18,"18","46","will-stevens","caterham","renault","pirelli",,,"1:45.095",105095,,,,,,,,,8
916,2014,19,19,,"EX","3","daniel-ricciardo","red-bull","renault","pirelli",,,"1:42.204",102204,"1:41.692",101692,"1:41.267",101267,,,,,12
916,2014,19,20,,"EX","1","sebastian-vettel","red-bull","renault","pirelli",,,"1:42.495",102495,"1:42.147",102147,"1:41.893",101893,,,,,17
917,2015,1,1,1,"1","44","lewis-hamilton","mercedes","mercedes","pirelli",,,"1:28.586",88586,"1:26.894",86894,"1:26.327",86327,,,,,16
917,2015,1,2,2,"2","6","nico-rosberg","mercedes","mercedes","pirelli",,,"1:28.906",88906,"1:27.097",87097,"1:26.921",86921,"+0.594",594,"+0.594",594,14
917,2015,1,3,3,"3","19","felipe-massa","williams","mercedes","pirelli",,,"1:29.246",89246,"1:27.895",87895,"1:27.718",87718,"+1.391",1391,"+0.797",797,21
917,2015,1,4,4,"4","5","sebastian-vettel","ferrari","ferrari","pirelli",,,"1:29.307",89307,"1:27.742",87742,"1:27.757",87757,"+1.430",1430,"+0.039",39,12
917,2015,1,5,5,"5","7","kimi-raikkonen","ferrari","ferrari","pirelli",,,"1:29.754",89754,"1:27.807",87807,"1:27.790",87790,"+1.463",1463,"+0.033",33,17
917,2015,1,6,6,"6","77","valtteri-bottas","williams","mercedes","pirelli",,,"1:29.641",89641,"1:27.796",87796,"1:28.087",88087,"+1.760",1760,"+0.297",297,16
917,2015,1,7,7,"7","3","daniel-ricciardo","red-bull","renault","pirelli",,,"1:29.788",89788,"1:28.679",88679,"1:28.329",88329,"+2.002",2002,"+0.242",242,22
917,2015,1,8,8,"8","55","carlos-sainz-jr","toro-rosso","renault","pirelli",,,"1:29.597",89597,"1:28.601",88601,"1:28.510",88510,"+2.183",2183,"+0.181",181,22
917,2015,1,9,9,"9","8","romain-grosjean","lotus-f1","mercedes","pirelli",,,"1:29.537",89537,"1:28.589",88589,"1:28.560",88560,"+2.233",2233,"+0.050",50,20
917,2015,1,10,10,"10","13","pastor-maldonado","lotus-f1","mercedes","pirelli",,,"1:29.847",89847,"1:28.726",88726,"1:29.480",89480,"+3.153",3153,"+0.920",920,20
917,2015,1,11,11,"11","12","felipe-nasr","sauber","ferrari","pirelli",,,"1:30.430",90430,"1:28.800",88800,,,,,,,17
917,2015,1,12,12,"12","33","max-verstappen","toro-rosso","renault","pirelli",,,"1:29.248",89248,"1:28.868",88868,,,,,,,15
917,2015,1,13,13,"13","26","daniil-kvyat","red-bull","renault","pirelli",,,"1:30.402",90402,"1:29.070",89070,,,,,,,9
917,2015,1,14,14,"14","27","nico-hulkenberg","force-india","mercedes","pirelli",,,"1:29.651",89651,"1:29.208",89208,,,,,,,14
917,2015,1,15,15,"15","11","sergio-perez","force-india","mercedes","pirelli",,,"1:29.990",89990,"1:29.209",89209,,,,,,,13
917,2015,1,16,16,"16","9","marcus-ericsson","sauber","ferrari","pirelli",,,"1:31.376",91376,,,,,,,,,10
917,2015,1,17,17,"17","22","jenson-button","mclaren","honda","pirelli",,,"1:31.422",91422,,,,,,,,,7
917,2015,1,18,18,"18","20","kevin-magnussen","mclaren","honda","pirelli",,,"1:32.037",92037,,,,,,,,,8
918,2015,2,1,1,"1","44","lewis-hamilton","mercedes","mercedes","pirelli",,,"1:39.269",99269,"1:41.517",101517,"1:49.834",109834,,,,,13
918,2015,2,2,2,"2","5","sebastian-vettel","ferrari","ferrari","pirelli",,,"1:39.814",99814,"1:39.632",99632,"1:49.908",109908,"+0.074",74,"+0.074",74,13
918,2015,2,3,3,"3","6","nico-rosberg","mercedes","mercedes","pirelli",,,"1:39.374",99374,"1:39.377",99377,"1:50.299",110299,"+0.465",465,"+0.391",391,13
918,2015,2,4,4,"4","3","daniel-ricciardo","red-bull","renault","pirelli",,,"1:40.504",100504,"1:41.085",101085,"1:51.541",111541,"+1.707",1707,"+1.242",1242,16
918,2015,2,5,5,"5","26","daniil-kvyat","red-bull","renault","pirelli",,,"1:40.546",100546,"1:41.665",101665,"1:51.951",111951,"+2.117",2117,"+0.410",410,16
918,2015,2,6,6,"6","33","max-verstappen","toro-rosso","renault","pirelli",,,"1:40.793",100793,"1:41.430",101430,"1:51.981",111981,"+2.147",2147,"+0.030",30,16
918,2015,2,7,7,"7","19","felipe-massa","williams","mercedes","pirelli",,,"1:40.543",100543,"1:41.230",101230,"1:52.473",112473,"+2.639",2639,"+0.492",492,17
918,2015,2,8,8,"8","8","romain-grosjean","lotus-f1","mercedes","pirelli",,,"1:40.303",100303,"1:41.209",101209,"1:52.981",112981,"+3.147",3147,"+0.508",508,18
918,2015,2,9,9,"9","77","valtteri-bottas","williams","mercedes","pirelli",,,"1:40.249",100249,"1:40.650",100650,"1:53.179",113179,"+3.345",3345,"+0.198",198,14
918,2015,2,10,10,"10","9","marcus-ericsson","sauber","ferrari","pirelli",,,"1:40.340",100340,"1:41.748",101748,"1:53.261",113261,"+3.427",3427,"+0.082",82,18
918,2015,2,11,11,"11","7","kimi-raikkonen","ferrari","ferrari","pirelli",,,"1:40.415",100415,"1:42.173",102173,,,,,,,7
918,2015,2,12,12,"12","13","pastor-maldonado","lotus-f1","mercedes","pirelli",,,"1:40.361",100361,"1:42.198",102198,,,,,,,11
918,2015,2,13,13,"13","27","nico-hulkenberg","force-india","mercedes","pirelli",,,"1:40.830",100830,"1:43.023",103023,,,,,,,9
918,2015,2,14,14,"14","11","sergio-perez","force-india","mercedes","pirelli",,,"1:41.036",101036,"1:43.469",103469,,,,,,,11
918,2015,2,15,15,"15","55","carlos-sainz-jr","toro-rosso","renault","pirelli",,,"1:39.814",99814,"1:43.701",103701,,,,,,,9
918,2015,2,16,16,"16","12","felipe-nasr","sauber","ferrari","pirelli",,,"1:41.308",101308,,,,,,,,,7
918,2015,2,17,17,"17","22","jenson-button","mclaren","honda","pirelli",,,"1:41.636",101636,,,,,,,,,8
918,2015,2,18,18,"18","14","fernando-alonso","mclaren","honda","pirelli",,,"1:41.746",101746,,,,,,,,,8
918,2015,2,19,,"NC","98","roberto-merhi","marussia","ferrari","pirelli",,,"1:46.677",106677,,,,,,,,,7
918,2015,2,20,,"NC","28","will-stevens","marussia","ferrari","pirelli",,,,,,,,,,,,,
919,2015,3,1,1,"1","44","lewis-hamilton","mercedes","mercedes","pirelli",,,"1:38.285",98285,"1:36.423",96423,"1:35.782",95782,,,,,12
919,2015,3,2,2,"2","6","nico-rosberg","mercedes","mercedes","pirelli",,,"1:38.496",98496,"1:36.747",96747,"1:35.824",95824,"+0.042",42,"+0.042",42,12
919,2015,3,3,3,"3","5","sebastian-vettel","ferrari","ferrari","pirelli",,,"1:37.502",97502,"1:36.957",96957,"1:36.687",96687,"+0.905",905,"+0.863",863,17
919,2015,3,4,4,"4","19","felipe-massa","williams","mercedes","pirelli",,,"1:38.433",98433,"1:37.357",97357,"1:36.954",96954,"+1.172",1172,"+0.267",267,15
919,2015,3,5,5,"5","77","valtteri-bottas","williams","mercedes","pirelli",,,"1:38.014",98014,"1:37.763",97763,"1:37.143",97143,"+1.361",1361,"+0.189",189,15
919,2015,3,6,6,"6","7","kimi-raikkonen","ferrari","ferrari","pirelli",,,"1:37.790",97790,"1:37.109",97109,"1:37.232",97232,"+1.450",1450,"+0.089",89,17
919,2015,3,7,7,"7","3","daniel-ricciardo","red-bull","renault","pirelli",,,"1:38.534",98534,"1:37.939",97939,"1:37.540",97540,"+1.758",1758,"+0.308",308,18
919,2015,3,8,8,"8","8","romain-grosjean","lotus-f1","mercedes","pirelli",,,"1:38.209",98209,"1:38.063",98063,"1:37.905",97905,"+2.123",2123,"+0.365",365,20
919,2015,3,9,9,"9","12","felipe-nasr","sauber","ferrari","pirelli",,,"1:38.521",98521,"1:38.017",98017,"1:38.067",98067,"+2.285",2285,"+0.162",162,16
919,2015,3,10,10,"10","9","marcus-ericsson","sauber","ferrari","pirelli",,,"1:38.941",98941,"1:38.127",98127,"1:38.158",98158,"+2.376",2376,"+0.091",91,15
919,2015,3,11,11,"11","13","pastor-maldonado","lotus-f1","mercedes","pirelli",,,"1:38.563",98563,"1:38.134",98134,,,,,,,13
919,2015,3,12,12,"12","26","daniil-kvyat","red-bull","renault","pirelli",,,"1:39.051",99051,"1:38.209",98209,,,,,,,13
919,2015,3,13,13,"13","33","max-verstappen","toro-rosso","renault","pirelli",,,"1:38.387",98387,"1:38.393",98393,,,,,,,14
919,2015,3,14,14,"14","55","carlos-sainz-jr","toro-rosso","renault","pirelli",,,"1:38.622",98622,"1:38.538",98538,,,,,,,14
919,2015,3,15,15,"15","11","sergio-perez","force-india","mercedes","pirelli",,,"1:38.903",98903,"1:39.290",99290,,,,,,,10
919,2015,3,16,16,"16","27","nico-hulkenberg","force-india","mercedes","pirelli",,,"1:39.216",99216,,,,,,,,,6
919,2015,3,17,17,"17","22","jenson-button","mclaren","honda","pirelli",,,"1:39.276",99276,,,,,,,,,6
919,2015,3,18,18,"18","14","fernando-alonso","mclaren","honda","pirelli",,,"1:39.280",99280,,,,,,,,,8
919,2015,3,19,19,"19","28","will-stevens","marussia","ferrari","pirelli",,,"1:42.091",102091,,,,,,,,,6
919,2015,3,20,20,"20","98","roberto-merhi","marussia","ferrari","pirelli",,,"1:42.842",102842,,,,,,,,,8
920,2015,4,1,1,"1","44","lewis-hamilton","mercedes","mercedes","pirelli",,,"1:33.928",93928,"1:32.669",92669,"1:32.571",92571,,,,,16
920,2015,4,2,2,"2","5","sebastian-vettel","ferrari","ferrari","pirelli",,,"1:34.919",94919,"1:33.623",93623,"1:32.982",92982,"+0.411",411,"+0.411",411,12
920,2015,4,3,3,"3","6","nico-rosberg","mercedes","mercedes","pirelli",,,"1:34.398",94398,"1:33.878",93878,"1:33.129",93129,"+0.558",558,"+0.147",147,16
920,2015,4,4,4,"4","7","kimi-raikkonen","ferrari","ferrari","pirelli",,,"1:34.568",94568,"1:33.540",93540,"1:33.227",93227,"+0.656",656,"+0.098",98,15
920,2015,4,5,5,"5","77","valtteri-bottas","williams","mercedes","pirelli",,,"1:34.161",94161,"1:33.897",93897,"1:33.381",93381,"+0.810",810,"+0.154",154,16
920,2015,4,6,6,"6","19","felipe-massa","williams","mercedes","pirelli",,,"1:34.488",94488,"1:33.551",93551,"1:33.744",93744,"+1.173",1173,"+0.363",363,16
920,2015,4,7,7,"7","3","daniel-ricciardo","red-bull","renault","pirelli",,,"1:34.691",94691,"1:34.403",94403,"1:33.832",93832,"+1.261",1261,"+0.088",88,15
920,2015,4,8,8,"8","27","nico-hulkenberg","force-india","mercedes","pirelli",,,"1:35.653",95653,"1:34.613",94613,"1:34.450",94450,"+1.879",1879,"+0.618",618,15
920,2015,4,9,9,"9","55","carlos-sainz-jr","toro-rosso","renault","pirelli",,,"1:35.371",95371,"1:34.641",94641,"1:34.462",94462,"+1.891",1891,"+0.012",12,18
920,2015,4,10,10,"10","8","romain-grosjean","lotus-f1","mercedes","pirelli",,,"1:35.007",95007,"1:34.123",94123,"1:34.484",94484,"+1.913",1913,"+0.022",22,20
920,2015,4,11,11,"11","11","sergio-perez","force-india","mercedes","pirelli",,,"1:35.451",95451,"1:34.704",94704,,,,,,,12
920,2015,4,12,12,"12","12","felipe-nasr","sauber","ferrari","pirelli",,,"1:35.310",95310,"1:34.737",94737,,,,,,,9
920,2015,4,13,13,"13","9","marcus-ericsson","sauber","ferrari","pirelli",,,"1:35.438",95438,"1:35.034",95034,,,,,,,9
920,2015,4,14,14,"14","14","fernando-alonso","mclaren","honda","pirelli",,,"1:35.205",95205,"1:35.039",95039,,,,,,,10
920,2015,4,15,15,"15","33","max-verstappen","toro-rosso","renault","pirelli",,,"1:35.611",95611,"1:35.103",95103,,,,,,,14
920,2015,4,16,16,"16","13","pastor-maldonado","lotus-f1","mercedes","pirelli",,,"1:35.677",95677,,,,,,,,,7
920,2015,4,17,17,"17","26","daniil-kvyat","red-bull","renault","pirelli",,,"1:35.800",95800,,,,,,,,,6
920,2015,4,18,18,"18","28","will-stevens","marussia","ferrari","pirelli",,,"1:38.713",98713,,,,,,,,,6
920,2015,4,19,19,"19","98","roberto-merhi","marussia","ferrari","pirelli",,,"1:39.722",99722,,,,,,,,,6
920,2015,4,20,,"NC","22","jenson-button","mclaren","honda","pirelli",,,,,,,,,,,,,1
921,2015,5,1,1,"1","6","nico-rosberg","mercedes","mercedes","pirelli",,,"1:26.490",86490,"1:25.166",85166,"1:24.681",84681,,,,,18
921,2015,5,2,2,"2","44","lewis-hamilton","mercedes","mercedes","pirelli",,,"1:26.382",86382,"1:25.740",85740,"1:24.948",84948,"+0.267",267,"+0.267",267,17
921,2015,5,3,3,"3","5","sebastian-vettel","ferrari","ferrari","pirelli",,,"1:27.534",87534,"1:26.167",86167,"1:25.458",85458,"+0.777",777,"+0.510",510,15
921,2015,5,4,4,"4","77","valtteri-bottas","williams","mercedes","pirelli",,,"1:27.262",87262,"1:26.197",86197,"1:25.694",85694,"+1.013",1013,"+0.236",236,16
921,2015,5,5,5,"5","55","carlos-sainz-jr","toro-rosso","renault","pirelli",,,"1:26.773",86773,"1:26.475",86475,"1:26.136",86136,"+1.455",1455,"+0.442",442,17
921,2015,5,6,6,"6","33","max-verstappen","toro-rosso","renault","pirelli",,,"1:27.393",87393,"1:26.441",86441,"1:26.249",86249,"+1.568",1568,"+0.113",113,20
921,2015,5,7,7,"7","7","kimi-raikkonen","ferrari","ferrari","pirelli",,,"1:26.637",86637,"1:26.016",86016,"1:26.414",86414,"+1.733",1733,"+0.165",165,16
921,2015,5,8,8,"8","26","daniil-kvyat","red-bull","renault","pirelli",,,"1:27.833",87833,"1:26.889",86889,"1:26.629",86629,"+1.948",1948,"+0.215",215,16
921,2015,5,9,9,"9","19","felipe-massa","williams","mercedes","pirelli",,,"1:27.165",87165,"1:26.147",86147,"1:26.757",86757,"+2.076",2076,"+0.128",128,16
921,2015,5,10,10,"10","3","daniel-ricciardo","red-bull","renault","pirelli",,,"1:27.611",87611,"1:26.692",86692,"1:26.770",86770,"+2.089",2089,"+0.013",13,16
921,2015,5,11,11,"11","8","romain-grosjean","lotus-f1","mercedes","pirelli",,,"1:27.383",87383,"1:27.375",87375,,,,,,,13
921,2015,5,12,12,"12","13","pastor-maldonado","lotus-f1","mercedes","pirelli",,,"1:27.281",87281,"1:27.450",87450,,,,,,,13
921,2015,5,13,13,"13","14","fernando-alonso","mclaren","honda","pirelli",,,"1:27.941",87941,"1:27.760",87760,,,,,,,11
921,2015,5,14,14,"14","22","jenson-button","mclaren","honda","pirelli",,,"1:27.813",87813,"1:27.854",87854,,,,,,,12
921,2015,5,15,15,"15","12","felipe-nasr","sauber","ferrari","pirelli",,,"1:27.625",87625,"1:28.005",88005,,,,,,,14
921,2015,5,16,16,"16","9","marcus-ericsson","sauber","ferrari","pirelli",,,"1:28.112",88112,,,,,,,,,6
921,2015,5,17,17,"17","27","nico-hulkenberg","force-india","mercedes","pirelli",,,"1:28.365",88365,,,,,,,,,6
921,2015,5,18,18,"18","11","sergio-perez","force-india","mercedes","pirelli",,,"1:28.442",88442,,,,,,,,,7
921,2015,5,19,19,"19","28","will-stevens","marussia","ferrari","pirelli",,,"1:31.200",91200,,,,,,,,,6
921,2015,5,20,20,"20","98","roberto-merhi","marussia","ferrari","pirelli",,,"1:32.038",92038,,,,,,,,,4
922,2015,6,1,1,"1","44","lewis-hamilton","mercedes","mercedes","pirelli",,,"1:16.588",76588,"1:15.864",75864,"1:15.098",75098,,,,,28
922,2015,6,2,2,"2","6","nico-rosberg","mercedes","mercedes","pirelli",,,"1:16.528",76528,"1:15.471",75471,"1:15.440",75440,"+0.342",342,"+0.342",342,25
922,2015,6,3,3,"3","5","sebastian-vettel","ferrari","ferrari","pirelli",,,"1:17.502",77502,"1:16.181",76181,"1:15.849",75849,"+0.751",751,"+0.409",409,24
922,2015,6,4,4,"4","3","daniel-ricciardo","red-bull","renault","pirelli",,,"1:17.254",77254,"1:16.706",76706,"1:16.041",76041,"+0.943",943,"+0.192",192,28
922,2015,6,5,5,"5","26","daniil-kvyat","red-bull","renault","pirelli",,,"1:16.845",76845,"1:16.453",76453,"1:16.182",76182,"+1.084",1084,"+0.141",141,26
922,2015,6,6,6,"6","7","kimi-raikkonen","ferrari","ferrari","pirelli",,,"1:17.660",77660,"1:16.440",76440,"1:16.427",76427,"+1.329",1329,"+0.245",245,23
922,2015,6,7,7,"7","11","sergio-perez","force-india","mercedes","pirelli",,,"1:17.376",77376,"1:16.999",76999,"1:16.808",76808,"+1.710",1710,"+0.381",381,22
922,2015,6,8,8,"8","55","carlos-sainz-jr","toro-rosso","renault","pirelli",,,"1:17.246",77246,"1:16.762",76762,"1:16.931",76931,"+1.833",1833,"+0.123",123,29
922,2015,6,9,9,"9","13","pastor-maldonado","lotus-f1","mercedes","pirelli",,,"1:17.630",77630,"1:16.775",76775,"1:16.946",76946,"+1.848",1848,"+0.015",15,30
922,2015,6,10,10,"10","33","max-verstappen","toro-rosso","renault","pirelli",,,"1:16.750",76750,"1:16.546",76546,"1:16.957",76957,"+1.859",1859,"+0.011",11,29
922,2015,6,11,11,"11","8","romain-grosjean","lotus-f1","mercedes","pirelli",,,"1:17.767",77767,"1:17.007",77007,,,,,,,22
922,2015,6,12,12,"12","22","jenson-button","mclaren","honda","pirelli",,,"1:17.492",77492,"1:17.093",77093,,,,,,,20
922,2015,6,13,13,"13","27","nico-hulkenberg","force-india","mercedes","pirelli",,,"1:17.552",77552,"1:17.193",77193,,,,,,,16
922,2015,6,14,14,"14","19","felipe-massa","williams","mercedes","pirelli",,,"1:17.679",77679,"1:17.278",77278,,,,,,,22
922,2015,6,15,15,"15","14","fernando-alonso","mclaren","honda","pirelli",,,"1:17.778",77778,"1:26.632",86632,,,,,,,11
922,2015,6,16,16,"16","12","felipe-nasr","sauber","ferrari","pirelli",,,"1:18.101",78101,,,,,,,,,11
922,2015,6,17,17,"17","77","valtteri-bottas","williams","mercedes","pirelli",,,"1:18.434",78434,,,,,,,,,10
922,2015,6,18,18,"18","9","marcus-ericsson","sauber","ferrari","pirelli",,,"1:18.513",78513,,,,,,,,,11
922,2015,6,19,19,"19","28","will-stevens","marussia","ferrari","pirelli",,,"1:20.655",80655,,,,,,,,,9
922,2015,6,20,20,"20","98","roberto-merhi","marussia","ferrari","pirelli",,,"1:20.904",80904,,,,,,,,,10
923,2015,7,1,1,"1","44","lewis-hamilton","mercedes","mercedes","pirelli",,,"1:15.895",75895,"1:14.661",74661,"1:14.393",74393,,,,,21
923,2015,7,2,2,"2","6","nico-rosberg","mercedes","mercedes","pirelli",,,"1:15.893",75893,"1:14.673",74673,"1:14.702",74702,"+0.309",309,"+0.309",309,19
923,2015,7,3,3,"3","7","kimi-raikkonen","ferrari","ferrari","pirelli",,,"1:16.259",76259,"1:15.348",75348,"1:15.014",75014,"+0.621",621,"+0.312",312,19
923,2015,7,4,4,"4","77","valtteri-bottas","williams","mercedes","pirelli",,,"1:16.552",76552,"1:15.506",75506,"1:15.102",75102,"+0.709",709,"+0.088",88,18
923,2015,7,5,5,"5","8","romain-grosjean","lotus-f1","mercedes","pirelli",,,"1:15.833",75833,"1:15.187",75187,"1:15.194",75194,"+0.801",801,"+0.092",92,20
923,2015,7,6,6,"6","13","pastor-maldonado","lotus-f1","mercedes","pirelli",,,"1:16.098",76098,"1:15.622",75622,"1:15.329",75329,"+0.936",936,"+0.135",135,26
923,2015,7,7,7,"7","27","nico-hulkenberg","force-india","mercedes","pirelli",,,"1:16.186",76186,"1:15.706",75706,"1:15.614",75614,"+1.221",1221,"+0.285",285,21
923,2015,7,8,8,"8","26","daniil-kvyat","red-bull","renault","pirelli",,,"1:16.415",76415,"1:15.891",75891,"1:16.079",76079,"+1.686",1686,"+0.465",465,27
923,2015,7,9,9,"9","3","daniel-ricciardo","red-bull","renault","pirelli",,,"1:16.410",76410,"1:16.006",76006,"1:16.114",76114,"+1.721",1721,"+0.035",35,23
923,2015,7,10,10,"10","11","sergio-perez","force-india","mercedes","pirelli",,,"1:16.827",76827,"1:15.974",75974,"1:16.338",76338,"+1.945",1945,"+0.224",224,23
923,2015,7,11,11,"11","55","carlos-sainz-jr","toro-rosso","renault","pirelli",,,"1:16.611",76611,"1:16.042",76042,,,,,,,19
923,2015,7,12,12,"12","33","max-verstappen","toro-rosso","renault","pirelli",,,"1:16.361",76361,"1:16.245",76245,,,,,,,20
923,2015,7,13,13,"13","9","marcus-ericsson","sauber","ferrari","pirelli",,,"1:16.796",76796,"1:16.262",76262,,,,,,,20
923,2015,7,14,14,"14","14","fernando-alonso","mclaren","honda","pirelli",,,"1:17.012",77012,"1:16.276",76276,,,,,,,18
923,2015,7,15,15,"15","12","felipe-nasr","sauber","ferrari","pirelli",,,"1:16.968",76968,"1:16.620",76620,,,,,,,18
923,2015,7,16,16,"16","5","sebastian-vettel","ferrari","ferrari","pirelli",,,"1:17.344",77344,,,,,,,,,6
923,2015,7,17,17,"17","19","felipe-massa","williams","mercedes","pirelli",,,"1:17.886",77886,,,,,,,,,9
923,2015,7,18,18,"18","98","roberto-merhi","marussia","ferrari","pirelli",,,"1:19.133",79133,,,,,,,,,11
923,2015,7,19,19,"19","28","will-stevens","marussia","ferrari","pirelli",,,"1:19.157",79157,,,,,,,,,10
923,2015,7,20,,"NC","22","jenson-button","mclaren","honda","pirelli",,,,,,,,,,,,,
924,2015,8,1,1,"1","44","lewis-hamilton","mercedes","mercedes","pirelli",,,"1:12.218",72218,"1:09.062",69062,"1:08.455",68455,,,,,30
924,2015,8,2,2,"2","6","nico-rosberg","mercedes","mercedes","pirelli",,,"1:10.976",70976,"1:08.634",68634,"1:08.655",68655,"+0.200",200,"+0.200",200,31
924,2015,8,3,3,"3","5","sebastian-vettel","ferrari","ferrari","pirelli",,,"1:11.184",71184,"1:09.392",69392,"1:08.810",68810,"+0.355",355,"+0.155",155,21
924,2015,8,4,4,"4","19","felipe-massa","williams","mercedes","pirelli",,,"1:11.830",71830,"1:09.719",69719,"1:09.192",69192,"+0.737",737,"+0.382",382,27
924,2015,8,5,5,"5","27","nico-hulkenberg","force-india","mercedes","pirelli",,,"1:11.319",71319,"1:09.604",69604,"1:09.278",69278,"+0.823",823,"+0.086",86,22
924,2015,8,6,6,"6","77","valtteri-bottas","williams","mercedes","pirelli",,,"1:11.894",71894,"1:09.598",69598,"1:09.319",69319,"+0.864",864,"+0.041",41,26
924,2015,8,7,7,"7","33","max-verstappen","toro-rosso","renault","pirelli",,,"1:11.307",71307,"1:09.631",69631,"1:09.612",69612,"+1.157",1157,"+0.293",293,28
924,2015,8,8,8,"8","26","daniil-kvyat","red-bull","renault","pirelli",,,"1:12.092",72092,"1:10.187",70187,"1:09.694",69694,"+1.239",1239,"+0.082",82,32
924,2015,8,9,9,"9","12","felipe-nasr","sauber","ferrari","pirelli",,,"1:12.001",72001,"1:09.652",69652,"1:09.713",69713,"+1.258",1258,"+0.019",19,29
924,2015,8,10,10,"10","8","romain-grosjean","lotus-f1","mercedes","pirelli",,,"1:11.821",71821,"1:09.920",69920,,,,,,,22
924,2015,8,11,11,"11","13","pastor-maldonado","lotus-f1","mercedes","pirelli",,,"1:11.661",71661,"1:10.374",70374,,,,,,,22
924,2015,8,12,12,"12","9","marcus-ericsson","sauber","ferrari","pirelli",,,"1:12.388",72388,"1:10.426",70426,,,,,,,20
924,2015,8,13,13,"13","55","carlos-sainz-jr","toro-rosso","renault","pirelli",,,"1:11.158",71158,"1:10.465",70465,,,,,,,23
924,2015,8,14,14,"14","3","daniel-ricciardo","red-bull","renault","pirelli",,,"1:11.973",71973,"1:10.482",70482,,,,,,,19
924,2015,8,15,15,"15","14","fernando-alonso","mclaren","honda","pirelli",,,"1:12.508",72508,"1:10.736",70736,,,,,,,22
924,2015,8,16,16,"16","11","sergio-perez","force-india","mercedes","pirelli",,,"1:12.522",72522,,,,,,,,,13
924,2015,8,17,17,"17","22","jenson-button","mclaren","honda","pirelli",,,"1:12.632",72632,,,,,,,,,12
924,2015,8,18,18,"18","7","kimi-raikkonen","ferrari","ferrari","pirelli",,,"1:12.867",72867,,,,,,,,,10
924,2015,8,19,19,"19","98","roberto-merhi","marussia","ferrari","pirelli",,,"1:14.071",74071,,,,,,,,,12
924,2015,8,20,20,"20","28","will-stevens","marussia","ferrari","pirelli",,,"1:15.368",75368,,,,,,,,,11
925,2015,9,1,1,"1","44","lewis-hamilton","mercedes","mercedes","pirelli",,,"1:33.796",93796,"1:33.068",93068,"1:32.248",92248,,,,,14
925,2015,9,2,2,"2","6","nico-rosberg","mercedes","mercedes","pirelli",,,"1:33.475",93475,"1:32.737",92737,"1:32.361",92361,"+0.113",113,"+0.113",113,14
925,2015,9,3,3,"3","19","felipe-massa","williams","mercedes","pirelli",,,"1:34.542",94542,"1:33.707",93707,"1:33.085",93085,"+0.837",837,"+0.724",724,21
925,2015,9,4,4,"4","77","valtteri-bottas","williams","mercedes","pirelli",,,"1:34.171",94171,"1:33.020",93020,"1:33.149",93149,"+0.901",901,"+0.064",64,19
925,2015,9,5,5,"5","7","kimi-raikkonen","ferrari","ferrari","pirelli",,,"1:33.426",93426,"1:33.911",93911,"1:33.379",93379,"+1.131",1131,"+0.230",230,19
925,2015,9,6,6,"6","5","sebastian-vettel","ferrari","ferrari","pirelli",,,"1:33.562",93562,"1:33.641",93641,"1:33.547",93547,"+1.299",1299,"+0.168",168,18
925,2015,9,7,7,"7","26","daniil-kvyat","red-bull","renault","pirelli",,,"1:34.422",94422,"1:33.520",93520,"1:33.636",93636,"+1.388",1388,"+0.089",89,22
925,2015,9,8,8,"8","55","carlos-sainz-jr","toro-rosso","renault","pirelli",,,"1:34.641",94641,"1:34.071",94071,"1:33.649",93649,"+1.401",1401,"+0.013",13,19
925,2015,9,9,9,"9","27","nico-hulkenberg","force-india","mercedes","pirelli",,,"1:34.594",94594,"1:33.693",93693,"1:33.673",93673,"+1.425",1425,"+0.024",24,21
925,2015,9,10,10,"10","3","daniel-ricciardo","red-bull","renault","pirelli",,,"1:34.272",94272,"1:33.749",93749,"1:33.943",93943,"+1.695",1695,"+0.270",270,20
925,2015,9,11,11,"11","11","sergio-perez","force-india","mercedes","pirelli",,,"1:34.250",94250,"1:34.268",94268,,,,,,,14
925,2015,9,12,12,"12","8","romain-grosjean","lotus-f1","mercedes","pirelli",,,"1:34.646",94646,"1:34.430",94430,,,,,,,9
925,2015,9,13,13,"13","33","max-verstappen","toro-rosso","renault","pirelli",,,"1:34.819",94819,"1:34.502",94502,,,,,,,14
925,2015,9,14,14,"14","13","pastor-maldonado","lotus-f1","mercedes","pirelli",,,"1:34.877",94877,"1:34.511",94511,,,,,,,16
925,2015,9,15,15,"15","9","marcus-ericsson","sauber","ferrari","pirelli",,,"1:34.643",94643,"1:34.868",94868,,,,,,,13
925,2015,9,16,16,"16","12","felipe-nasr","sauber","ferrari","pirelli",,,"1:34.888",94888,,,,,,,,,7
925,2015,9,17,17,"17","14","fernando-alonso","mclaren","honda","pirelli",,,"1:34.959",94959,,,,,,,,,8
925,2015,9,18,18,"18","22","jenson-button","mclaren","honda","pirelli",,,"1:35.207",95207,,,,,,,,,9
925,2015,9,19,19,"19","28","will-stevens","marussia","ferrari","pirelli",,,"1:37.364",97364,,,,,,,,,9
925,2015,9,20,20,"20","98","roberto-merhi","marussia","ferrari","pirelli",,,"1:39.377",99377,,,,,,,,,8
926,2015,10,1,1,"1","44","lewis-hamilton","mercedes","mercedes","pirelli",,,"1:22.890",82890,"1:22.285",82285,"1:22.020",82020,,,,,20
926,2015,10,2,2,"2","6","nico-rosberg","mercedes","mercedes","pirelli",,,"1:22.979",82979,"1:22.775",82775,"1:22.595",82595,"+0.575",575,"+0.575",575,21
926,2015,10,3,3,"3","5","sebastian-vettel","ferrari","ferrari","pirelli",,,"1:23.312",83312,"1:23.168",83168,"1:22.739",82739,"+0.719",719,"+0.144",144,17
926,2015,10,4,4,"4","3","daniel-ricciardo","red-bull","renault","pirelli",,,"1:24.408",84408,"1:23.230",83230,"1:22.774",82774,"+0.754",754,"+0.035",35,20
926,2015,10,5,5,"5","7","kimi-raikkonen","ferrari","ferrari","pirelli",,,"1:23.596",83596,"1:23.460",83460,"1:23.020",83020,"+1.000",1000,"+0.246",246,16
926,2015,10,6,6,"6","77","valtteri-bottas","williams","mercedes","pirelli",,,"1:23.649",83649,"1:23.555",83555,"1:23.222",83222,"+1.202",1202,"+0.202",202,19
926,2015,10,7,7,"7","26","daniil-kvyat","red-bull","renault","pirelli",,,"1:23.587",83587,"1:23.597",83597,"1:23.332",83332,"+1.312",1312,"+0.110",110,17
926,2015,10,8,8,"8","19","felipe-massa","williams","mercedes","pirelli",,,"1:23.895",83895,"1:23.598",83598,"1:23.537",83537,"+1.517",1517,"+0.205",205,20
926,2015,10,9,9,"9","33","max-verstappen","toro-rosso","renault","pirelli",,,"1:24.032",84032,"1:23.781",83781,"1:23.679",83679,"+1.659",1659,"+0.142",142,18
926,2015,10,10,10,"10","8","romain-grosjean","lotus-f1","mercedes","pirelli",,,"1:24.242",84242,"1:23.805",83805,"1:24.181",84181,"+2.161",2161,"+0.502",502,18
926,2015,10,11,11,"11","27","nico-hulkenberg","force-india","mercedes","pirelli",,,"1:24.115",84115,"1:23.826",83826,,,,,,,13
926,2015,10,12,12,"12","55","carlos-sainz-jr","toro-rosso","renault","pirelli",,,"1:24.623",84623,"1:23.869",83869,,,,,,,16
926,2015,10,13,13,"13","11","sergio-perez","force-india","mercedes","pirelli",,,"1:24.444",84444,"1:24.461",84461,,,,,,,14
926,2015,10,14,14,"14","13","pastor-maldonado","lotus-f1","mercedes","pirelli",,,"1:23.895",83895,"1:24.609",84609,,,,,,,12
926,2015,10,15,15,"15","14","fernando-alonso","mclaren","honda","pirelli",,,"1:24.563",84563,,,,,,,,,7
926,2015,10,16,16,"16","22","jenson-button","mclaren","honda","pirelli",,,"1:24.739",84739,,,,,,,,,8
926,2015,10,17,17,"17","9","marcus-ericsson","sauber","ferrari","pirelli",,,"1:24.843",84843,,,,,,,,,8
926,2015,10,18,18,"18","12","felipe-nasr","sauber","ferrari","pirelli",,,"1:24.997",84997,,,,,,,,,8
926,2015,10,19,19,"19","98","roberto-merhi","marussia","ferrari","pirelli",,,"1:27.416",87416,,,,,,,,,8
926,2015,10,20,20,"20","28","will-stevens","marussia","ferrari","pirelli",,,"1:27.949",87949,,,,,,,,,6
927,2015,11,1,1,"1","44","lewis-hamilton","mercedes","mercedes","pirelli",,,"1:48.908",108908,"1:48.024",108024,"1:47.197",107197,,,,,16
927,2015,11,2,2,"2","6","nico-rosberg","mercedes","mercedes","pirelli",,,"1:48.923",108923,"1:47.955",107955,"1:47.655",107655,"+0.458",458,"+0.458",458,17
927,2015,11,3,3,"3","77","valtteri-bottas","williams","mercedes","pirelli",,,"1:49.026",109026,"1:49.044",109044,"1:48.537",108537,"+1.340",1340,"+0.882",882,19
927,2015,11,4,4,"4","8","romain-grosjean","lotus-f1","mercedes","pirelli",,,"1:49.353",109353,"1:48.981",108981,"1:48.561",108561,"+1.364",1364,"+0.024",24,17
927,2015,11,5,5,"5","11","sergio-perez","force-india","mercedes","pirelli",,,"1:49.006",109006,"1:48.792",108792,"1:48.599",108599,"+1.402",1402,"+0.038",38,16
927,2015,11,6,6,"6","3","daniel-ricciardo","red-bull","renault","pirelli",,,"1:49.664",109664,"1:49.042",109042,"1:48.639",108639,"+1.442",1442,"+0.040",40,17
927,2015,11,7,7,"7","19","felipe-massa","williams","mercedes","pirelli",,,"1:49.688",109688,"1:48.806",108806,"1:48.685",108685,"+1.488",1488,"+0.046",46,15
927,2015,11,8,8,"8","13","pastor-maldonado","lotus-f1","mercedes","pirelli",,,"1:49.568",109568,"1:48.956",108956,"1:48.754",108754,"+1.557",1557,"+0.069",69,17
927,2015,11,9,9,"9","5","sebastian-vettel","ferrari","ferrari","pirelli",,,"1:49.264",109264,"1:48.761",108761,"1:48.825",108825,"+1.628",1628,"+0.071",71,17
927,2015,11,10,10,"10","55","carlos-sainz-jr","toro-rosso","renault","pirelli",,,"1:49.109",109109,"1:49.065",109065,"1:49.771",109771,"+2.574",2574,"+0.946",946,12
927,2015,11,11,11,"11","27","nico-hulkenberg","force-india","mercedes","pirelli",,,"1:49.499",109499,"1:49.121",109121,,,,,,,12
927,2015,11,12,12,"12","26","daniil-kvyat","red-bull","renault","pirelli",,,"1:49.469",109469,"1:49.228",109228,,,,,,,11
927,2015,11,13,13,"13","9","marcus-ericsson","sauber","ferrari","pirelli",,,"1:49.523",109523,"1:49.586",109586,,,,,,,12
927,2015,11,14,14,"14","7","kimi-raikkonen","ferrari","ferrari","pirelli",,,"1:49.288",109288,,,,,,,,,8
927,2015,11,15,15,"15","33","max-verstappen","toro-rosso","renault","pirelli",,,"1:49.831",109831,,,,,,,,,10
927,2015,11,16,16,"16","12","felipe-nasr","sauber","ferrari","pirelli",,,"1:49.952",109952,,,,,,,,,6
927,2015,11,17,17,"17","22","jenson-button","mclaren","honda","pirelli",,,"1:50.978",110978,,,,,,,,,6
927,2015,11,18,18,"18","14","fernando-alonso","mclaren","honda","pirelli",,,"1:51.420",111420,,,,,,,,,6
927,2015,11,19,19,"19","28","will-stevens","marussia","ferrari","pirelli",,,"1:52.948",112948,,,,,,,,,6
927,2015,11,20,20,"20","98","roberto-merhi","marussia","ferrari","pirelli",,,"1:53.099",113099,,,,,,,,,7
928,2015,12,1,1,"1","44","lewis-hamilton","mercedes","mercedes","pirelli",,,"1:24.251",84251,"1:23.383",83383,"1:23.397",83397,,,,,15
928,2015,12,2,2,"2","7","kimi-raikkonen","ferrari","ferrari","pirelli",,,"1:24.662",84662,"1:23.757",83757,"1:23.631",83631,"+0.234",234,"+0.234",234,17
928,2015,12,3,3,"3","5","sebastian-vettel","ferrari","ferrari","pirelli",,,"1:24.989",84989,"1:23.577",83577,"1:23.685",83685,"+0.288",288,"+0.054",54,20
928,2015,12,4,4,"4","6","nico-rosberg","mercedes","mercedes","pirelli",,,"1:24.609",84609,"1:23.864",83864,"1:23.703",83703,"+0.306",306,"+0.018",18,19
928,2015,12,5,5,"5","19","felipe-massa","williams","mercedes","pirelli",,,"1:25.184",85184,"1:23.983",83983,"1:23.940",83940,"+0.543",543,"+0.237",237,19
928,2015,12,6,6,"6","77","valtteri-bottas","williams","mercedes","pirelli",,,"1:24.979",84979,"1:24.313",84313,"1:24.127",84127,"+0.730",730,"+0.187",187,17
928,2015,12,7,7,"7","11","sergio-perez","force-india","mercedes","pirelli",,,"1:24.801",84801,"1:24.379",84379,"1:24.626",84626,"+1.229",1229,"+0.499",499,19
928,2015,12,8,8,"8","8","romain-grosjean","lotus-f1","mercedes","pirelli",,,"1:25.144",85144,"1:24.448",84448,"1:25.054",85054,"+1.657",1657,"+0.428",428,19
928,2015,12,9,9,"9","27","nico-hulkenberg","force-india","mercedes","pirelli",,,"1:24.937",84937,"1:24.510",84510,"1:25.317",85317,"+1.920",1920,"+0.263",263,18
928,2015,12,10,10,"10","9","marcus-ericsson","sauber","ferrari","pirelli",,,"1:25.122",85122,"1:24.457",84457,"1:26.214",86214,"+2.817",2817,"+0.897",897,20
928,2015,12,11,11,"11","13","pastor-maldonado","lotus-f1","mercedes","pirelli",,,"1:25.429",85429,"1:24.525",84525,,,,,,,16
928,2015,12,12,12,"12","12","felipe-nasr","sauber","ferrari","pirelli",,,"1:25.121",85121,"1:24.898",84898,,,,,,,15
928,2015,12,13,13,"13","55","carlos-sainz-jr","toro-rosso","renault","pirelli",,,"1:25.410",85410,"1:25.618",85618,,,,,,,10
928,2015,12,14,14,"14","26","daniil-kvyat","red-bull","renault","pirelli",,,"1:25.742",85742,"1:25.796",85796,,,,,,,11
928,2015,12,15,15,"15","3","daniel-ricciardo","red-bull","renault","pirelli",,,"1:25.633",85633,,,,,,,,,3
928,2015,12,16,16,"16","22","jenson-button","mclaren","honda","pirelli",,,"1:26.058",86058,,,,,,,,,7
928,2015,12,17,17,"17","14","fernando-alonso","mclaren","honda","pirelli",,,"1:26.154",86154,,,,,,,,,7
928,2015,12,18,18,"18","28","will-stevens","marussia","ferrari","pirelli",,,"1:27.731",87731,,,,,,,,,9
928,2015,12,19,19,"19","98","roberto-merhi","marussia","ferrari","pirelli",,,"1:27.912",87912,,,,,,,,,9
928,2015,12,20,,"NC","33","max-verstappen","toro-rosso","renault","pirelli",,,,,,,,,,,,,1
929,2015,13,1,1,"1","5","sebastian-vettel","ferrari","ferrari","pirelli",,,"1:46.017",106017,"1:44.743",104743,"1:43.885",103885,,,,,14
929,2015,13,2,2,"2","3","daniel-ricciardo","red-bull","renault","pirelli",,,"1:46.166",106166,"1:45.291",105291,"1:44.428",104428,"+0.543",543,"+0.543",543,17
929,2015,13,3,3,"3","7","kimi-raikkonen","ferrari","ferrari","pirelli",,,"1:46.467",106467,"1:45.140",105140,"1:44.667",104667,"+0.782",782,"+0.239",239,17
929,2015,13,4,4,"4","26","daniil-kvyat","red-bull","renault","pirelli",,,"1:45.340",105340,"1:44.979",104979,"1:44.745",104745,"+0.860",860,"+0.078",78,15
929,2015,13,5,5,"5","44","lewis-hamilton","mercedes","mercedes","pirelli",,,"1:45.765",105765,"1:45.650",105650,"1:45.300",105300,"+1.415",1415,"+0.555",555,16
929,2015,13,6,6,"6","6","nico-rosberg","mercedes","mercedes","pirelli",,,"1:46.201",106201,"1:45.653",105653,"1:45.415",105415,"+1.530",1530,"+0.115",115,17
929,2015,13,7,7,"7","77","valtteri-bottas","williams","mercedes","pirelli",,,"1:46.231",106231,"1:45.887",105887,"1:45.676",105676,"+1.791",1791,"+0.261",261,20
929,2015,13,8,8,"8","33","max-verstappen","toro-rosso","renault","pirelli",,,"1:46.483",106483,"1:45.635",105635,"1:45.798",105798,"+1.913",1913,"+0.122",122,16
929,2015,13,9,9,"9","19","felipe-massa","williams","mercedes","pirelli",,,"1:46.879",106879,"1:45.701",105701,"1:46.077",106077,"+2.192",2192,"+0.279",279,19
929,2015,13,10,10,"10","8","romain-grosjean","lotus-f1","mercedes","pirelli",,,"1:46.860",106860,"1:45.805",105805,"1:46.413",106413,"+2.528",2528,"+0.336",336,18
929,2015,13,11,11,"11","27","nico-hulkenberg","force-india","mercedes","pirelli",,,"1:46.669",106669,"1:46.305",106305,,,,,,,12
929,2015,13,12,12,"12","14","fernando-alonso","mclaren","honda","pirelli",,,"1:46.600",106600,"1:46.328",106328,,,,,,,12
929,2015,13,13,13,"13","11","sergio-perez","force-india","mercedes","pirelli",,,"1:46.576",106576,"1:46.385",106385,,,,,,,13
929,2015,13,14,14,"14","55","carlos-sainz-jr","toro-rosso","renault","pirelli",,,"1:46.465",106465,"1:46.894",106894,,,,,,,13
929,2015,13,15,15,"15","22","jenson-button","mclaren","honda","pirelli",,,"1:46.891",106891,"1:47.019",107019,,,,,,,12
929,2015,13,16,16,"16","12","felipe-nasr","sauber","ferrari","pirelli",,,"1:46.965",106965,,,,,,,,,8
929,2015,13,17,17,"17","9","marcus-ericsson","sauber","ferrari","pirelli",,,"1:47.088",107088,,,,,,,,,6
929,2015,13,18,18,"18","13","pastor-maldonado","lotus-f1","mercedes","pirelli",,,"1:47.323",107323,,,,,,,,,6
929,2015,13,19,19,"19","28","will-stevens","marussia","ferrari","pirelli",,,"1:51.021",111021,,,,,,,,,8
929,2015,13,20,20,"20","53","alexander-rossi","marussia","ferrari","pirelli",,,"1:51.523",111523,,,,,,,,,8
930,2015,14,1,1,"1","6","nico-rosberg","mercedes","mercedes","pirelli",,,"1:33.015",93015,"1:32.632",92632,"1:32.584",92584,,,,,16
930,2015,14,2,2,"2","44","lewis-hamilton","mercedes","mercedes","pirelli",,,"1:32.844",92844,"1:32.789",92789,"1:32.660",92660,"+0.076",76,"+0.076",76,15
930,2015,14,3,3,"3","77","valtteri-bottas","williams","mercedes","pirelli",,,"1:34.326",94326,"1:33.416",93416,"1:33.024",93024,"+0.440",440,"+0.364",364,11
930,2015,14,4,4,"4","5","sebastian-vettel","ferrari","ferrari","pirelli",,,"1:34.431",94431,"1:33.844",93844,"1:33.245",93245,"+0.661",661,"+0.221",221,11
930,2015,14,5,5,"5","19","felipe-massa","williams","mercedes","pirelli",,,"1:34.744",94744,"1:33.377",93377,"1:33.337",93337,"+0.753",753,"+0.092",92,12
930,2015,14,6,6,"6","7","kimi-raikkonen","ferrari","ferrari","pirelli",,,"1:34.171",94171,"1:33.361",93361,"1:33.347",93347,"+0.763",763,"+0.010",10,10
930,2015,14,7,7,"7","3","daniel-ricciardo","red-bull","renault","pirelli",,,"1:34.399",94399,"1:34.153",94153,"1:33.497",93497,"+0.913",913,"+0.150",150,17
930,2015,14,8,8,"8","8","romain-grosjean","lotus-f1","mercedes","pirelli",,,"1:34.398",94398,"1:34.278",94278,"1:33.967",93967,"+1.383",1383,"+0.470",470,19
930,2015,14,9,9,"9","11","sergio-perez","force-india","mercedes","pirelli",,,"1:35.001",95001,"1:34.174",94174,,,,,,,16
930,2015,14,10,10,"10","26","daniil-kvyat","red-bull","renault","pirelli",,,"1:34.646",94646,"1:34.201",94201,,,,,,,15
930,2015,14,11,11,"11","27","nico-hulkenberg","force-india","mercedes","pirelli",,,"1:35.328",95328,"1:34.390",94390,,,,,,,13
930,2015,14,12,12,"12","55","carlos-sainz-jr","toro-rosso","renault","pirelli",,,"1:34.873",94873,"1:34.453",94453,,,,,,,15
930,2015,14,13,13,"13","13","pastor-maldonado","lotus-f1","mercedes","pirelli",,,"1:34.796",94796,"1:34.497",94497,,,,,,,13
930,2015,14,14,14,"14","14","fernando-alonso","mclaren","honda","pirelli",,,"1:35.467",95467,"1:34.785",94785,,,,,,,8
930,2015,14,15,15,"15","33","max-verstappen","toro-rosso","renault","pirelli",,,"1:34.522",94522,,,,,,,,,8
930,2015,14,16,16,"16","22","jenson-button","mclaren","honda","pirelli",,,"1:35.664",95664,,,,,,,,,6
930,2015,14,17,17,"17","9","marcus-ericsson","sauber","ferrari","pirelli",,,"1:35.673",95673,,,,,,,,,5
930,2015,14,18,18,"18","12","felipe-nasr","sauber","ferrari","pirelli",,,"1:35.760",95760,,,,,,,,,6
930,2015,14,19,19,"19","28","will-stevens","marussia","ferrari","pirelli",,,"1:38.783",98783,,,,,,,,,5
930,2015,14,20,,"NC","53","alexander-rossi","marussia","ferrari","pirelli",,,"1:47.114",107114,,,,,,,,,5
931,2015,15,1,1,"1","6","nico-rosberg","mercedes","mercedes","pirelli",,,"1:38.343",98343,"1:37.500",97500,"1:37.113",97113,,,,,20
931,2015,15,2,2,"2","44","lewis-hamilton","mercedes","mercedes","pirelli",,,"1:38.558",98558,"1:37.672",97672,"1:37.433",97433,"+0.320",320,"+0.320",320,18
931,2015,15,3,3,"3","77","valtteri-bottas","williams","mercedes","pirelli",,,"1:38.448",98448,"1:38.194",98194,"1:37.912",97912,"+0.799",799,"+0.479",479,26
931,2015,15,4,4,"4","5","sebastian-vettel","ferrari","ferrari","pirelli",,,"1:38.598",98598,"1:38.402",98402,"1:37.965",97965,"+0.852",852,"+0.053",53,15
931,2015,15,5,5,"5","7","kimi-raikkonen","ferrari","ferrari","pirelli",,,"1:39.207",99207,"1:38.224",98224,"1:38.348",98348,"+1.235",1235,"+0.383",383,18
931,2015,15,6,6,"6","27","nico-hulkenberg","force-india","mercedes","pirelli",,,"1:39.250",99250,"1:38.727",98727,"1:38.659",98659,"+1.546",1546,"+0.311",311,21
931,2015,15,7,7,"7","11","sergio-perez","force-india","mercedes","pirelli",,,"1:39.617",99617,"1:38.914",98914,"1:38.691",98691,"+1.578",1578,"+0.032",32,19
931,2015,15,8,8,"8","8","romain-grosjean","lotus-f1","mercedes","pirelli",,,"1:39.056",99056,"1:38.754",98754,"1:38.787",98787,"+1.674",1674,"+0.096",96,19
931,2015,15,9,9,"9","33","max-verstappen","toro-rosso","renault","pirelli",,,"1:39.411",99411,"1:39.119",99119,"1:38.924",98924,"+1.811",1811,"+0.137",137,23
931,2015,15,10,10,"10","3","daniel-ricciardo","red-bull","renault","pirelli",,,"1:39.574",99574,"1:39.005",99005,"1:39.728",99728,"+2.615",2615,"+0.804",804,18
931,2015,15,11,11,"11","26","daniil-kvyat","red-bull","renault","pirelli",,,"1:39.580",99580,"1:39.214",99214,,,,,,,18
931,2015,15,12,12,"12","12","felipe-nasr","sauber","ferrari","pirelli",,,"1:40.042",100042,"1:39.323",99323,,,,,,,18
931,2015,15,13,13,"13","22","jenson-button","mclaren","honda","pirelli",,,"1:39.739",99739,"1:39.763",99763,,,,,,,15
931,2015,15,14,14,"14","13","pastor-maldonado","lotus-f1","mercedes","pirelli",,,"1:39.724",99724,"1:39.811",99811,,,,,,,15
931,2015,15,15,15,"15","19","felipe-massa","williams","mercedes","pirelli",,,"1:38.926",98926,"1:39.895",99895,,,,,,,17
931,2015,15,16,16,"16","14","fernando-alonso","mclaren","honda","pirelli",,,"1:40.144",100144,,,,,,,,,7
931,2015,15,17,17,"17","9","marcus-ericsson","sauber","ferrari","pirelli",,,"1:40.660",100660,,,,,,,,,9
931,2015,15,18,18,"18","28","will-stevens","marussia","ferrari","pirelli",,,"1:43.693",103693,,,,,,,,,9
931,2015,15,19,19,"19","98","roberto-merhi","marussia","ferrari","pirelli",,,"1:43.804",103804,,,,,,,,,8
931,2015,15,20,,"NC","55","carlos-sainz-jr","toro-rosso","renault","pirelli",,,,,,,,,,,,,
932,2015,16,1,1,"1","6","nico-rosberg","mercedes","mercedes","pirelli",,,"1:56.671",116671,"1:56.824",116824,,,,,,,16
932,2015,16,2,2,"2","44","lewis-hamilton","mercedes","mercedes","pirelli",,,"1:56.871",116871,"1:56.929",116929,,,,,,,14
932,2015,16,3,3,"3","3","daniel-ricciardo","red-bull","renault","pirelli",,,"1:56.495",116495,"1:57.969",117969,,,,,,,16
932,2015,16,4,4,"4","26","daniil-kvyat","red-bull","renault","pirelli",,,"1:57.640",117640,"1:58.434",118434,,,,,,,16
932,2015,16,5,5,"5","5","sebastian-vettel","ferrari","ferrari","pirelli",,,"2:00.950",120950,"1:58.596",118596,,,,,,,13
932,2015,16,6,6,"6","11","sergio-perez","force-india","mercedes","pirelli",,,"1:59.284",119284,"1:59.210",119210,,,,,,,16
932,2015,16,7,7,"7","27","nico-hulkenberg","force-india","mercedes","pirelli",,,"1:58.325",118325,"1:59.333",119333,,,,,,,16
932,2015,16,8,8,"8","7","kimi-raikkonen","ferrari","ferrari","pirelli",,,"1:58.198",118198,"1:59.703",119703,,,,,,,15
932,2015,16,9,9,"9","19","felipe-massa","williams","mercedes","pirelli",,,"2:00.902",120902,"1:59.999",119999,,,,,,,17
932,2015,16,10,10,"10","33","max-verstappen","toro-rosso","renault","pirelli",,,"1:58.689",118689,"2:00.199",120199,,,,,,,17
932,2015,16,11,11,"11","14","fernando-alonso","mclaren","honda","pirelli",,,"1:59.704",119704,"2:00.265",120265,,,,,,,16
932,2015,16,12,12,"12","77","valtteri-bottas","williams","mercedes","pirelli",,,"1:59.569",119569,"2:00.334",120334,,,,,,,16
932,2015,16,13,13,"13","8","romain-grosjean","lotus-f1","mercedes","pirelli",,,"2:00.236",120236,"2:00.595",120595,,,,,,,17
932,2015,16,14,14,"14","22","jenson-button","mclaren","honda","pirelli",,,"2:00.261",120261,"2:01.193",121193,,,,,,,16
932,2015,16,15,15,"15","13","pastor-maldonado","lotus-f1","mercedes","pirelli",,,"2:00.844",120844,"2:01.604",121604,,,,,,,17
932,2015,16,16,16,"16","9","marcus-ericsson","sauber","ferrari","pirelli",,,"2:02.212",122212,,,,,,,,,9
932,2015,16,17,17,"17","12","felipe-nasr","sauber","ferrari","pirelli",,,"2:03.194",123194,,,,,,,,,9
932,2015,16,18,18,"18","53","alexander-rossi","marussia","ferrari","pirelli",,,"2:04.176",124176,,,,,,,,,9
932,2015,16,19,19,"19","28","will-stevens","marussia","ferrari","pirelli",,,"2:04.526",124526,,,,,,,,,9
932,2015,16,20,,"NC","55","carlos-sainz-jr","toro-rosso","renault","pirelli",,,"2:07.304",127304,,,,,,,,,3
933,2015,17,1,1,"1","6","nico-rosberg","mercedes","mercedes","pirelli",,,"1:20.436",80436,"1:20.053",80053,"1:19.480",79480,,,,,23
933,2015,17,2,2,"2","44","lewis-hamilton","mercedes","mercedes","pirelli",,,"1:20.808",80808,"1:19.829",79829,"1:19.668",79668,"+0.188",188,"+0.188",188,22
933,2015,17,3,3,"3","5","sebastian-vettel","ferrari","ferrari","pirelli",,,"1:20.503",80503,"1:20.045",80045,"1:19.850",79850,"+0.370",370,"+0.182",182,18
933,2015,17,4,4,"4","26","daniil-kvyat","red-bull","renault","pirelli",,,"1:20.826",80826,"1:20.490",80490,"1:20.398",80398,"+0.918",918,"+0.548",548,21
933,2015,17,5,5,"5","3","daniel-ricciardo","red-bull","renault","pirelli",,,"1:21.166",81166,"1:20.783",80783,"1:20.399",80399,"+0.919",919,"+0.001",1,23
933,2015,17,6,6,"6","77","valtteri-bottas","williams","mercedes","pirelli",,,"1:20.817",80817,"1:20.458",80458,"1:20.448",80448,"+0.968",968,"+0.049",49,26
933,2015,17,7,7,"7","19","felipe-massa","williams","mercedes","pirelli",,,"1:21.379",81379,"1:20.642",80642,"1:20.567",80567,"+1.087",1087,"+0.119",119,26
933,2015,17,8,8,"8","33","max-verstappen","toro-rosso","renault","pirelli",,,"1:20.995",80995,"1:20.894",80894,"1:20.710",80710,"+1.230",1230,"+0.143",143,28
933,2015,17,9,9,"9","11","sergio-perez","force-india","mercedes","pirelli",,,"1:20.966",80966,"1:20.669",80669,"1:20.716",80716,"+1.236",1236,"+0.006",6,21
933,2015,17,10,10,"10","27","nico-hulkenberg","force-india","mercedes","pirelli",,,"1:21.315",81315,"1:20.935",80935,"1:20.788",80788,"+1.308",1308,"+0.072",72,20
933,2015,17,11,11,"11","55","carlos-sainz-jr","toro-rosso","renault","pirelli",,,"1:20.960",80960,"1:20.942",80942,,,,,,,20
933,2015,17,12,12,"12","8","romain-grosjean","lotus-f1","mercedes","pirelli",,,"1:21.577",81577,"1:21.038",81038,,,,,,,18
933,2015,17,13,13,"13","13","pastor-maldonado","lotus-f1","mercedes","pirelli",,,"1:21.520",81520,"1:21.261",81261,,,,,,,19
933,2015,17,14,14,"14","9","marcus-ericsson","sauber","ferrari","pirelli",,,"1:21.299",81299,"1:21.544",81544,,,,,,,19
933,2015,17,15,15,"15","7","kimi-raikkonen","ferrari","ferrari","pirelli",,,"1:21.422",81422,"1:22.494",82494,,,,,,,13
933,2015,17,16,16,"16","14","fernando-alonso","mclaren","honda","pirelli",,,"1:21.779",81779,,,,,,,,,10
933,2015,17,17,17,"17","12","felipe-nasr","sauber","ferrari","pirelli",,,"1:21.788",81788,,,,,,,,,12
933,2015,17,18,18,"18","53","alexander-rossi","marussia","ferrari","pirelli",,,"1:24.136",84136,,,,,,,,,10
933,2015,17,19,19,"19","28","will-stevens","marussia","ferrari","pirelli",,,"1:24.386",84386,,,,,,,,,9
933,2015,17,20,,"NC","22","jenson-button","mclaren","honda","pirelli",,,,,,,,,,,,,
934,2015,18,1,1,"1","6","nico-rosberg","mercedes","mercedes","pirelli",,,"1:11.746",71746,"1:12.213",72213,"1:11.282",71282,,,,,12
934,2015,18,2,2,"2","44","lewis-hamilton","mercedes","mercedes","pirelli",,,"1:11.682",71682,"1:11.665",71665,"1:11.360",71360,"+0.078",78,"+0.078",78,12
934,2015,18,3,3,"3","5","sebastian-vettel","ferrari","ferrari","pirelli",,,"1:12.240",72240,"1:11.928",71928,"1:11.804",71804,"+0.522",522,"+0.444",444,16
934,2015,18,4,4,"4","77","valtteri-bottas","williams","mercedes","pirelli",,,"1:12.934",72934,"1:12.374",72374,"1:12.085",72085,"+0.803",803,"+0.281",281,18
934,2015,18,5,5,"5","7","kimi-raikkonen","ferrari","ferrari","pirelli",,,"1:12.185",72185,"1:12.243",72243,"1:12.144",72144,"+0.862",862,"+0.059",59,16
934,2015,18,6,6,"6","27","nico-hulkenberg","force-india","mercedes","pirelli",,,"1:12.595",72595,"1:12.485",72485,"1:12.265",72265,"+0.983",983,"+0.121",121,18
934,2015,18,7,7,"7","26","daniil-kvyat","red-bull","renault","pirelli",,,"1:12.730",72730,"1:12.527",72527,"1:12.322",72322,"+1.040",1040,"+0.057",57,20
934,2015,18,8,8,"8","19","felipe-massa","williams","mercedes","pirelli",,,"1:12.980",72980,"1:12.858",72858,"1:12.415",72415,"+1.133",1133,"+0.093",93,21
934,2015,18,9,9,"9","3","daniel-ricciardo","red-bull","renault","pirelli",,,"1:12.639",72639,"1:12.825",72825,"1:12.417",72417,"+1.135",1135,"+0.002",2,17
934,2015,18,10,10,"10","33","max-verstappen","toro-rosso","renault","pirelli",,,"1:12.824",72824,"1:12.712",72712,"1:12.739",72739,"+1.457",1457,"+0.322",322,15
934,2015,18,11,11,"11","12","felipe-nasr","sauber","ferrari","pirelli",,,"1:13.111",73111,"1:12.989",72989,,,,,,,14
934,2015,18,12,12,"12","55","carlos-sainz-jr","toro-rosso","renault","pirelli",,,"1:13.267",73267,"1:13.045",73045,,,,,,,15
934,2015,18,13,13,"13","11","sergio-perez","force-india","mercedes","pirelli",,,"1:13.140",73140,"1:13.147",73147,,,,,,,13
934,2015,18,14,14,"14","9","marcus-ericsson","sauber","ferrari","pirelli",,,"1:13.346",73346,"1:13.233",73233,,,,,,,14
934,2015,18,15,15,"15","8","romain-grosjean","lotus-f1","mercedes","pirelli",,,"1:13.056",73056,"1:13.913",73913,,,,,,,11
934,2015,18,16,16,"16","13","pastor-maldonado","lotus-f1","mercedes","pirelli",,,"1:13.385",73385,,,,,,,,,5
934,2015,18,17,17,"17","22","jenson-button","mclaren","honda","pirelli",,,"1:13.425",73425,,,,,,,,,6
934,2015,18,18,18,"18","53","alexander-rossi","marussia","ferrari","pirelli",,,"1:16.151",76151,,,,,,,,,6
934,2015,18,19,19,"19","28","will-stevens","marussia","ferrari","pirelli",,,"1:16.283",76283,,,,,,,,,6
934,2015,18,20,,"NC","14","fernando-alonso","mclaren","honda","pirelli",,,,,,,,,,,,,2
935,2015,19,1,1,"1","6","nico-rosberg","mercedes","mercedes","pirelli",,,"1:41.111",101111,"1:40.979",100979,"1:40.237",100237,,,,,12
935,2015,19,2,2,"2","44","lewis-hamilton","mercedes","mercedes","pirelli",,,"1:40.974",100974,"1:40.758",100758,"1:40.614",100614,"+0.377",377,"+0.377",377,12
935,2015,19,3,3,"3","7","kimi-raikkonen","ferrari","ferrari","pirelli",,,"1:42.500",102500,"1:41.612",101612,"1:41.051",101051,"+0.814",814,"+0.437",437,14
935,2015,19,4,4,"4","11","sergio-perez","force-india","mercedes","pirelli",,,"1:41.983",101983,"1:41.560",101560,"1:41.184",101184,"+0.947",947,"+0.133",133,18
935,2015,19,5,5,"5","3","daniel-ricciardo","red-bull","renault","pirelli",,,"1:42.275",102275,"1:41.830",101830,"1:41.444",101444,"+1.207",1207,"+0.260",260,17
935,2015,19,6,6,"6","77","valtteri-bottas","williams","mercedes","pirelli",,,"1:42.608",102608,"1:41.868",101868,"1:41.656",101656,"+1.419",1419,"+0.212",212,19
935,2015,19,7,7,"7","27","nico-hulkenberg","force-india","mercedes","pirelli",,,"1:41.996",101996,"1:41.925",101925,"1:41.686",101686,"+1.449",1449,"+0.030",30,15
935,2015,19,8,8,"8","19","felipe-massa","williams","mercedes","pirelli",,,"1:42.303",102303,"1:42.349",102349,"1:41.759",101759,"+1.522",1522,"+0.073",73,20
935,2015,19,9,9,"9","26","daniil-kvyat","red-bull","renault","pirelli",,,"1:42.540",102540,"1:42.328",102328,"1:41.933",101933,"+1.696",1696,"+0.174",174,22
935,2015,19,10,10,"10","55","carlos-sainz-jr","toro-rosso","renault","pirelli",,,"1:42.911",102911,"1:42.482",102482,"1:42.708",102708,"+2.471",2471,"+0.775",775,17
935,2015,19,11,11,"11","33","max-verstappen","toro-rosso","renault","pirelli",,,"1:42.889",102889,"1:42.521",102521,,,,,,,14
935,2015,19,12,12,"12","22","jenson-button","mclaren","honda","pirelli",,,"1:42.570",102570,"1:42.668",102668,,,,,,,12
935,2015,19,13,13,"13","13","pastor-maldonado","lotus-f1","mercedes","pirelli",,,"1:42.929",102929,"1:42.807",102807,,,,,,,13
935,2015,19,14,14,"14","12","felipe-nasr","sauber","ferrari","pirelli",,,"1:42.896",102896,"1:43.614",103614,,,,,,,14
935,2015,19,15,15,"15","8","romain-grosjean","lotus-f1","mercedes","pirelli",,,"1:42.585",102585,,,,,,,,,11
935,2015,19,16,16,"16","5","sebastian-vettel","ferrari","ferrari","pirelli",,,"1:42.941",102941,,,,,,,,,7
935,2015,19,17,17,"17","14","fernando-alonso","mclaren","honda","pirelli",,,"1:43.187",103187,,,,,,,,,5
935,2015,19,18,18,"18","9","marcus-ericsson","sauber","ferrari","pirelli",,,"1:43.838",103838,,,,,,,,,7
935,2015,19,19,19,"19","28","will-stevens","marussia","ferrari","pirelli",,,"1:46.297",106297,,,,,,,,,7
935,2015,19,20,20,"20","98","roberto-merhi","marussia","ferrari","pirelli",,,"1:47.434",107434,,,,,,,,,8
936,2016,1,1,1,"1","44","lewis-hamilton","mercedes","mercedes","pirelli",,,"1:25.351",85351,"1:24.605",84605,"1:23.837",83837,,,,,14
936,2016,1,2,2,"2","6","nico-rosberg","mercedes","mercedes","pirelli",,,"1:26.934",86934,"1:24.796",84796,"1:24.197",84197,"+0.360",360,"+0.360",360,13
936,2016,1,3,3,"3","5","sebastian-vettel","ferrari","ferrari","pirelli",,,"1:26.945",86945,"1:25.257",85257,"1:24.675",84675,"+0.838",838,"+0.478",478,14
936,2016,1,4,4,"4","7","kimi-raikkonen","ferrari","ferrari","pirelli",,,"1:26.579",86579,"1:25.615",85615,"1:25.033",85033,"+1.196",1196,"+0.358",358,13
936,2016,1,5,5,"5","33","max-verstappen","toro-rosso","ferrari","pirelli",,,"1:26.934",86934,"1:25.615",85615,"1:25.434",85434,"+1.597",1597,"+0.401",401,12
936,2016,1,6,6,"6","19","felipe-massa","williams","mercedes","pirelli",,,"1:25.918",85918,"1:25.644",85644,"1:25.458",85458,"+1.621",1621,"+0.024",24,12
936,2016,1,7,7,"7","55","carlos-sainz-jr","toro-rosso","ferrari","pirelli",,,"1:27.057",87057,"1:25.384",85384,"1:25.582",85582,"+1.745",1745,"+0.124",124,14
936,2016,1,8,8,"8","3","daniel-ricciardo","red-bull","tag-heuer","pirelli",,,"1:26.945",86945,"1:25.599",85599,"1:25.589",85589,"+1.752",1752,"+0.007",7,15
936,2016,1,9,9,"9","11","sergio-perez","force-india","mercedes","pirelli",,,"1:26.607",86607,"1:25.753",85753,,,,,,,12
936,2016,1,10,10,"10","27","nico-hulkenberg","force-india","mercedes","pirelli",,,"1:26.550",86550,"1:25.865",85865,,,,,,,14
936,2016,1,11,11,"11","77","valtteri-bottas","williams","mercedes","pirelli",,,"1:27.135",87135,"1:25.961",85961,,,,,,,9
936,2016,1,12,12,"12","14","fernando-alonso","mclaren","honda","pirelli",,,"1:26.537",86537,"1:26.125",86125,,,,,,,9
936,2016,1,13,13,"13","22","jenson-button","mclaren","honda","pirelli",,,"1:26.740",86740,"1:26.304",86304,,,,,,,9
936,2016,1,14,14,"14","30","jolyon-palmer","renault","renault","pirelli",,,"1:27.241",87241,"1:27.601",87601,,,,,,,12
936,2016,1,15,15,"15","20","kevin-magnussen","renault","renault","pirelli",,,"1:27.297",87297,"1:27.742",87742,,,,,,,11
936,2016,1,16,16,"16","9","marcus-ericsson","sauber","ferrari","pirelli",,,"1:27.435",87435,,,,,,,,,9
936,2016,1,17,17,"17","12","felipe-nasr","sauber","ferrari","pirelli",,,"1:27.958",87958,,,,,,,,,7
936,2016,1,18,18,"18","26","daniil-kvyat","red-bull","tag-heuer","pirelli",,,"1:28.006",88006,,,,,,,,,5
936,2016,1,19,19,"19","8","romain-grosjean","haas","ferrari","pirelli",,,"1:28.322",88322,,,,,,,,,6
936,2016,1,20,20,"20","21","esteban-gutierrez","haas","ferrari","pirelli",,,"1:29.606",89606,,,,,,,,,6
936,2016,1,21,21,"21","88","rio-haryanto","manor","mercedes","pirelli",,,"1:29.627",89627,,,,,,,,,3
936,2016,1,22,22,"22","94","pascal-wehrlein","manor","mercedes","pirelli",,,"1:29.642",89642,,,,,,,,,3
937,2016,2,1,1,"1","44","lewis-hamilton","mercedes","mercedes","pirelli",,,"1:31.391",91391,"1:30.039",90039,"1:29.493",89493,,,,,14
937,2016,2,2,2,"2","6","nico-rosberg","mercedes","mercedes","pirelli",,,"1:31.325",91325,"1:30.535",90535,"1:29.570",89570,"+0.077",77,"+0.077",77,13
937,2016,2,3,3,"3","5","sebastian-vettel","ferrari","ferrari","pirelli",,,"1:31.636",91636,"1:30.409",90409,"1:30.012",90012,"+0.519",519,"+0.442",442,14
937,2016,2,4,4,"4","7","kimi-raikkonen","ferrari","ferrari","pirelli",,,"1:31.685",91685,"1:30.559",90559,"1:30.244",90244,"+0.751",751,"+0.232",232,14
937,2016,2,5,5,"5","3","daniel-ricciardo","red-bull","tag-heuer","pirelli",,,"1:31.403",91403,"1:31.122",91122,"1:30.854",90854,"+1.361",1361,"+0.610",610,12
937,2016,2,6,6,"6","77","valtteri-bottas","williams","mercedes","pirelli",,,"1:31.672",91672,"1:30.931",90931,"1:31.153",91153,"+1.660",1660,"+0.299",299,12
937,2016,2,7,7,"7","19","felipe-massa","williams","mercedes","pirelli",,,"1:32.045",92045,"1:31.374",91374,"1:31.155",91155,"+1.662",1662,"+0.002",2,10
937,2016,2,8,8,"8","27","nico-hulkenberg","force-india","mercedes","pirelli",,,"1:31.987",91987,"1:31.604",91604,"1:31.620",91620,"+2.127",2127,"+0.465",465,15
937,2016,2,9,9,"9","8","romain-grosjean","haas","ferrari","pirelli",,,"1:32.005",92005,"1:31.756",91756,,,,,,,9
937,2016,2,10,10,"10","33","max-verstappen","toro-rosso","ferrari","pirelli",,,"1:31.888",91888,"1:31.772",91772,,,,,,,9
937,2016,2,11,11,"11","55","carlos-sainz-jr","toro-rosso","ferrari","pirelli",,,"1:31.716",91716,"1:31.816",91816,,,,,,,9
937,2016,2,12,12,"12","47","stoffel-vandoorne","mclaren","honda","pirelli",,,"1:32.472",92472,"1:31.934",91934,,,,,,,9
937,2016,2,13,13,"13","21","esteban-gutierrez","haas","ferrari","pirelli",,,"1:32.118",92118,"1:31.945",91945,,,,,,,9
937,2016,2,14,14,"14","22","jenson-button","mclaren","honda","pirelli",,,"1:31.976",91976,"1:31.998",91998,,,,,,,9
937,2016,2,15,15,"15","26","daniil-kvyat","red-bull","tag-heuer","pirelli",,,"1:32.559",92559,"1:32.241",92241,,,,,,,9
937,2016,2,16,16,"16","94","pascal-wehrlein","manor","mercedes","pirelli",,,"1:32.806",92806,,,,,,,,,6
937,2016,2,17,17,"17","9","marcus-ericsson","sauber","ferrari","pirelli",,,"1:32.840",92840,,,,,,,,,6
937,2016,2,18,18,"18","11","sergio-perez","force-india","mercedes","pirelli",,,"1:32.911",92911,,,,,,,,,7
937,2016,2,19,19,"19","20","kevin-magnussen","renault","renault","pirelli",,,"1:33.181",93181,,,,,,,,,3
937,2016,2,20,20,"20","30","jolyon-palmer","renault","renault","pirelli",,,"1:33.438",93438,,,,,,,,,6
937,2016,2,21,21,"21","88","rio-haryanto","manor","mercedes","pirelli",,,"1:34.190",94190,,,,,,,,,3
937,2016,2,22,22,"22","12","felipe-nasr","sauber","ferrari","pirelli",,,"1:34.388",94388,,,,,,,,,4
938,2016,3,1,1,"1","6","nico-rosberg","mercedes","mercedes","pirelli",,,"1:37.669",97669,"1:36.240",96240,"1:35.402",95402,,,,,16
938,2016,3,2,2,"2","3","daniel-ricciardo","red-bull","tag-heuer","pirelli",,,"1:37.672",97672,"1:36.815",96815,"1:35.917",95917,"+0.515",515,"+0.515",515,13
938,2016,3,3,3,"3","7","kimi-raikkonen","ferrari","ferrari","pirelli",,,"1:37.347",97347,"1:36.118",96118,"1:35.972",95972,"+0.570",570,"+0.055",55,13
938,2016,3,4,4,"4","5","sebastian-vettel","ferrari","ferrari","pirelli",,,"1:37.001",97001,"1:36.183",96183,"1:36.246",96246,"+0.844",844,"+0.274",274,10
938,2016,3,5,5,"5","77","valtteri-bottas","williams","mercedes","pirelli",,,"1:37.537",97537,"1:36.831",96831,"1:36.296",96296,"+0.894",894,"+0.050",50,13
938,2016,3,6,6,"6","26","daniil-kvyat","red-bull","tag-heuer","pirelli",,,"1:37.719",97719,"1:36.948",96948,"1:36.399",96399,"+0.997",997,"+0.103",103,14
938,2016,3,7,7,"7","11","sergio-perez","force-india","mercedes","pirelli",,,"1:38.096",98096,"1:37.149",97149,"1:36.865",96865,"+1.463",1463,"+0.466",466,15
938,2016,3,8,8,"8","55","carlos-sainz-jr","toro-rosso","ferrari","pirelli",,,"1:37.656",97656,"1:37.204",97204,"1:36.881",96881,"+1.479",1479,"+0.016",16,15
938,2016,3,9,9,"9","33","max-verstappen","toro-rosso","ferrari","pirelli",,,"1:38.181",98181,"1:37.265",97265,"1:37.194",97194,"+1.792",1792,"+0.313",313,15
938,2016,3,10,10,"10","27","nico-hulkenberg","force-india","mercedes","pirelli",,,"1:38.165",98165,"1:37.333",97333,,,,,,,10
938,2016,3,11,11,"11","19","felipe-massa","williams","mercedes","pirelli",,,"1:38.016",98016,"1:37.347",97347,,,,,,,9
938,2016,3,12,12,"12","14","fernando-alonso","mclaren","honda","pirelli",,,"1:38.451",98451,"1:38.826",98826,,,,,,,11
938,2016,3,13,13,"13","22","jenson-button","mclaren","honda","pirelli",,,"1:37.593",97593,"1:39.093",99093,,,,,,,11
938,2016,3,14,14,"14","8","romain-grosjean","haas","ferrari","pirelli",,,"1:38.425",98425,"1:39.830",99830,,,,,,,13
938,2016,3,15,15,"15","9","marcus-ericsson","sauber","ferrari","pirelli",,,"1:38.321",98321,"1:40.742",100742,,,,,,,11
938,2016,3,16,16,"16","12","felipe-nasr","sauber","ferrari","pirelli",,,"1:38.654",98654,"1:42.430",102430,,,,,,,11
938,2016,3,17,17,"17","20","kevin-magnussen","renault","renault","pirelli",,,"1:38.673",98673,,,,,,,,,9
938,2016,3,18,18,"18","21","esteban-gutierrez","haas","ferrari","pirelli",,,"1:38.770",98770,,,,,,,,,9
938,2016,3,19,19,"19","30","jolyon-palmer","renault","renault","pirelli",,,"1:39.528",99528,,,,,,,,,9
938,2016,3,20,20,"20","88","rio-haryanto","manor","mercedes","pirelli",,,"1:40.264",100264,,,,,,,,,9
938,2016,3,21,,"NC","94","pascal-wehrlein","manor","mercedes","pirelli",,,,,,,,,,,,,2
938,2016,3,22,,"NC","44","lewis-hamilton","mercedes","mercedes","pirelli",,,,,,,,,,,,,3
939,2016,4,1,1,"1","6","nico-rosberg","mercedes","mercedes","pirelli",,,"1:36.119",96119,"1:35.337",95337,"1:35.417",95417,,,,,16
939,2016,4,2,2,"2","5","sebastian-vettel","ferrari","ferrari","pirelli",,,"1:36.555",96555,"1:36.623",96623,"1:36.123",96123,"+0.706",706,"+0.706",706,16
939,2016,4,3,3,"3","77","valtteri-bottas","williams","mercedes","pirelli",,,"1:37.746",97746,"1:37.140",97140,"1:36.536",96536,"+1.119",1119,"+0.413",413,17
939,2016,4,4,4,"4","7","kimi-raikkonen","ferrari","ferrari","pirelli",,,"1:36.976",96976,"1:36.741",96741,"1:36.663",96663,"+1.246",1246,"+0.127",127,17
939,2016,4,5,5,"5","19","felipe-massa","williams","mercedes","pirelli",,,"1:37.753",97753,"1:37.230",97230,"1:37.016",97016,"+1.599",1599,"+0.353",353,16
939,2016,4,6,6,"6","3","daniel-ricciardo","red-bull","tag-heuer","pirelli",,,"1:38.091",98091,"1:37.569",97569,"1:37.125",97125,"+1.708",1708,"+0.109",109,22
939,2016,4,7,7,"7","11","sergio-perez","force-india","mercedes","pirelli",,,"1:38.006",98006,"1:37.282",97282,"1:37.212",97212,"+1.795",1795,"+0.087",87,20
939,2016,4,8,8,"8","26","daniil-kvyat","red-bull","tag-heuer","pirelli",,,"1:38.265",98265,"1:37.606",97606,"1:37.459",97459,"+2.042",2042,"+0.247",247,22
939,2016,4,9,9,"9","33","max-verstappen","toro-rosso","ferrari","pirelli",,,"1:38.123",98123,"1:37.510",97510,"1:37.583",97583,"+2.166",2166,"+0.124",124,20
939,2016,4,10,10,"10","44","lewis-hamilton","mercedes","mercedes","pirelli",,,"1:36.006",96006,"1:35.820",95820,,,,,,,13
939,2016,4,11,11,"11","55","carlos-sainz-jr","toro-rosso","ferrari","pirelli",,,"1:37.784",97784,"1:37.652",97652,,,,,,,14
939,2016,4,12,12,"12","22","jenson-button","mclaren","honda","pirelli",,,"1:38.332",98332,"1:37.701",97701,,,,,,,14
939,2016,4,13,13,"13","27","nico-hulkenberg","force-india","mercedes","pirelli",,,"1:38.562",98562,"1:37.771",97771,,,,,,,17
939,2016,4,14,14,"14","14","fernando-alonso","mclaren","honda","pirelli",,,"1:37.971",97971,"1:37.807",97807,,,,,,,14
939,2016,4,15,15,"15","8","romain-grosjean","haas","ferrari","pirelli",,,"1:38.383",98383,"1:38.055",98055,,,,,,,16
939,2016,4,16,16,"16","21","esteban-gutierrez","haas","ferrari","pirelli",,,"1:38.678",98678,"1:38.115",98115,,,,,,,18
939,2016,4,17,17,"17","20","kevin-magnussen","renault","renault","pirelli",,,"1:38.914",98914,,,,,,,,,10
939,2016,4,18,18,"18","30","jolyon-palmer","renault","renault","pirelli",,,"1:39.009",99009,,,,,,,,,9
939,2016,4,19,19,"19","12","felipe-nasr","sauber","ferrari","pirelli",,,"1:39.018",99018,,,,,,,,,10
939,2016,4,20,20,"20","94","pascal-wehrlein","manor","mercedes","pirelli",,,"1:39.399",99399,,,,,,,,,10
939,2016,4,21,21,"21","88","rio-haryanto","manor","mercedes","pirelli",,,"1:39.463",99463,,,,,,,,,10
939,2016,4,22,22,"22","9","marcus-ericsson","sauber","ferrari","pirelli",,,"1:39.519",99519,,,,,,,,,10
940,2016,5,1,1,"1","44","lewis-hamilton","mercedes","mercedes","pirelli",,,"1:23.214",83214,"1:22.159",82159,"1:22.000",82000,,,,,13
940,2016,5,2,2,"2","6","nico-rosberg","mercedes","mercedes","pirelli",,,"1:23.002",83002,"1:22.759",82759,"1:22.280",82280,"+0.280",280,"+0.280",280,12
940,2016,5,3,3,"3","3","daniel-ricciardo","red-bull","tag-heuer","pirelli",,,"1:23.749",83749,"1:23.585",83585,"1:22.680",82680,"+0.680",680,"+0.400",400,12
940,2016,5,4,4,"4","33","max-verstappen","red-bull","tag-heuer","pirelli",,,"1:23.578",83578,"1:23.178",83178,"1:23.087",83087,"+1.087",1087,"+0.407",407,12
940,2016,5,5,5,"5","7","kimi-raikkonen","ferrari","ferrari","pirelli",,,"1:23.796",83796,"1:23.504",83504,"1:23.113",83113,"+1.113",1113,"+0.026",26,14
940,2016,5,6,6,"6","5","sebastian-vettel","ferrari","ferrari","pirelli",,,"1:24.124",84124,"1:23.688",83688,"1:23.334",83334,"+1.334",1334,"+0.221",221,12
940,2016,5,7,7,"7","77","valtteri-bottas","williams","mercedes","pirelli",,,"1:24.251",84251,"1:24.023",84023,"1:23.522",83522,"+1.522",1522,"+0.188",188,12
940,2016,5,8,8,"8","55","carlos-sainz-jr","toro-rosso","ferrari","pirelli",,,"1:24.496",84496,"1:24.077",84077,"1:23.643",83643,"+1.643",1643,"+0.121",121,12
940,2016,5,9,9,"9","11","sergio-perez","force-india","mercedes","pirelli",,,"1:24.698",84698,"1:24.003",84003,"1:23.782",83782,"+1.782",1782,"+0.139",139,16
940,2016,5,10,10,"10","14","fernando-alonso","mclaren","honda","pirelli",,,"1:24.578",84578,"1:24.192",84192,"1:23.981",83981,"+1.981",1981,"+0.199",199,12
940,2016,5,11,11,"11","27","nico-hulkenberg","force-india","mercedes","pirelli",,,"1:24.463",84463,"1:24.203",84203,,,,,,,13
940,2016,5,12,12,"12","22","jenson-button","mclaren","honda","pirelli",,,"1:24.583",84583,"1:24.348",84348,,,,,,,12
940,2016,5,13,13,"13","26","daniil-kvyat","toro-rosso","ferrari","pirelli",,,"1:24.696",84696,"1:24.445",84445,,,,,,,11
940,2016,5,14,14,"14","8","romain-grosjean","haas","ferrari","pirelli",,,"1:24.716",84716,"1:24.480",84480,,,,,,,12
940,2016,5,15,15,"15","20","kevin-magnussen","renault","renault","pirelli",,,"1:24.669",84669,"1:24.625",84625,,,,,,,12
940,2016,5,16,16,"16","21","esteban-gutierrez","haas","ferrari","pirelli",,,"1:24.406",84406,"1:24.778",84778,,,,,,,12
940,2016,5,17,17,"17","30","jolyon-palmer","renault","renault","pirelli",,,"1:24.903",84903,,,,,,,,,6
940,2016,5,18,18,"18","19","felipe-massa","williams","mercedes","pirelli",,,"1:24.941",84941,,,,,,,,,4
940,2016,5,19,19,"19","9","marcus-ericsson","sauber","ferrari","pirelli",,,"1:25.202",85202,,,,,,,,,8
940,2016,5,20,20,"20","12","felipe-nasr","sauber","ferrari","pirelli",,,"1:25.579",85579,,,,,,,,,8
940,2016,5,21,21,"21","94","pascal-wehrlein","manor","mercedes","pirelli",,,"1:25.745",85745,,,,,,,,,9
940,2016,5,22,22,"22","88","rio-haryanto","manor","mercedes","pirelli",,,"1:25.939",85939,,,,,,,,,9
941,2016,6,1,1,"1","3","daniel-ricciardo","red-bull","tag-heuer","pirelli",,,"1:14.912",74912,"1:14.357",74357,"1:13.622",73622,,,,,21
941,2016,6,2,2,"2","6","nico-rosberg","mercedes","mercedes","pirelli",,,"1:14.873",74873,"1:14.043",74043,"1:13.791",73791,"+0.169",169,"+0.169",169,24
941,2016,6,3,3,"3","44","lewis-hamilton","mercedes","mercedes","pirelli",,,"1:14.826",74826,"1:14.056",74056,"1:13.942",73942,"+0.320",320,"+0.151",151,21
941,2016,6,4,4,"4","5","sebastian-vettel","ferrari","ferrari","pirelli",,,"1:14.610",74610,"1:14.318",74318,"1:14.552",74552,"+0.930",930,"+0.610",610,23
941,2016,6,5,5,"5","27","nico-hulkenberg","force-india","mercedes","pirelli",,,"1:15.333",75333,"1:14.989",74989,"1:14.726",74726,"+1.104",1104,"+0.174",174,25
941,2016,6,6,6,"6","7","kimi-raikkonen","ferrari","ferrari","pirelli",,,"1:15.499",75499,"1:14.789",74789,"1:14.732",74732,"+1.110",1110,"+0.006",6,25
941,2016,6,7,7,"7","55","carlos-sainz-jr","toro-rosso","ferrari","pirelli",,,"1:15.467",75467,"1:14.805",74805,"1:14.749",74749,"+1.127",1127,"+0.017",17,23
941,2016,6,8,8,"8","11","sergio-perez","force-india","mercedes","pirelli",,,"1:15.328",75328,"1:14.937",74937,"1:14.902",74902,"+1.280",1280,"+0.153",153,28
941,2016,6,9,9,"9","26","daniil-kvyat","toro-rosso","ferrari","pirelli",,,"1:15.384",75384,"1:14.794",74794,"1:15.273",75273,"+1.651",1651,"+0.371",371,23
941,2016,6,10,10,"10","14","fernando-alonso","mclaren","honda","pirelli",,,"1:15.504",75504,"1:15.107",75107,"1:15.363",75363,"+1.741",1741,"+0.090",90,26
941,2016,6,11,11,"11","77","valtteri-bottas","williams","mercedes","pirelli",,,"1:15.521",75521,"1:15.273",75273,,,,,,,15
941,2016,6,12,12,"12","21","esteban-gutierrez","haas","ferrari","pirelli",,,"1:15.592",75592,"1:15.293",75293,,,,,,,22
941,2016,6,13,13,"13","22","jenson-button","mclaren","honda","pirelli",,,"1:15.554",75554,"1:15.352",75352,,,,,,,15
941,2016,6,14,14,"14","19","felipe-massa","williams","mercedes","pirelli",,,"1:15.710",75710,"1:15.385",75385,,,,,,,19
941,2016,6,15,15,"15","8","romain-grosjean","haas","ferrari","pirelli",,,"1:15.465",75465,"1:15.571",75571,,,,,,,22
941,2016,6,16,16,"16","20","kevin-magnussen","renault","renault","pirelli",,,"1:16.253",76253,"1:16.058",76058,,,,,,,22
941,2016,6,17,17,"17","9","marcus-ericsson","sauber","ferrari","pirelli",,,"1:16.299",76299,,,,,,,,,12
941,2016,6,18,18,"18","30","jolyon-palmer","renault","renault","pirelli",,,"1:16.586",76586,,,,,,,,,12
941,2016,6,19,19,"19","88","rio-haryanto","manor","mercedes","pirelli",,,"1:17.295",77295,,,,,,,,,12
941,2016,6,20,20,"20","94","pascal-wehrlein","manor","mercedes","pirelli",,,"1:17.452",77452,,,,,,,,,12
941,2016,6,21,,"NC","33","max-verstappen","red-bull","tag-heuer","pirelli",,,"1:22.467",82467,,,,,,,,,3
941,2016,6,22,,"NC","12","felipe-nasr","sauber","ferrari","pirelli",,,,,,,,,,,,,1
942,2016,7,1,1,"1","44","lewis-hamilton","mercedes","mercedes","pirelli",,,"1:14.121",74121,"1:13.076",73076,"1:12.812",72812,,,,,21
942,2016,7,2,2,"2","6","nico-rosberg","mercedes","mercedes","pirelli",,,"1:13.714",73714,"1:13.094",73094,"1:12.874",72874,"+0.062",62,"+0.062",62,19
942,2016,7,3,3,"3","5","sebastian-vettel","ferrari","ferrari","pirelli",,,"1:13.925",73925,"1:13.857",73857,"1:12.990",72990,"+0.178",178,"+0.116",116,24
942,2016,7,4,4,"4","3","daniel-ricciardo","red-bull","tag-heuer","pirelli",,,"1:14.030",74030,"1:13.540",73540,"1:13.166",73166,"+0.354",354,"+0.176",176,20
942,2016,7,5,5,"5","33","max-verstappen","red-bull","tag-heuer","pirelli",,,"1:14.601",74601,"1:13.793",73793,"1:13.414",73414,"+0.602",602,"+0.248",248,24
942,2016,7,6,6,"6","7","kimi-raikkonen","ferrari","ferrari","pirelli",,,"1:14.477",74477,"1:13.849",73849,"1:13.579",73579,"+0.767",767,"+0.165",165,23
942,2016,7,7,7,"7","77","valtteri-bottas","williams","mercedes","pirelli",,,"1:14.389",74389,"1:13.791",73791,"1:13.670",73670,"+0.858",858,"+0.091",91,20
942,2016,7,8,8,"8","19","felipe-massa","williams","mercedes","pirelli",,,"1:14.815",74815,"1:13.864",73864,"1:13.769",73769,"+0.957",957,"+0.099",99,21
942,2016,7,9,9,"9","27","nico-hulkenberg","force-india","mercedes","pirelli",,,"1:14.663",74663,"1:14.166",74166,"1:13.952",73952,"+1.140",1140,"+0.183",183,23
942,2016,7,10,10,"10","14","fernando-alonso","mclaren","honda","pirelli",,,"1:15.026",75026,"1:14.260",74260,"1:14.338",74338,"+1.526",1526,"+0.386",386,24
942,2016,7,11,11,"11","11","sergio-perez","force-india","mercedes","pirelli",,,"1:14.814",74814,"1:14.317",74317,,,,,,,18
942,2016,7,12,12,"12","22","jenson-button","mclaren","honda","pirelli",,,"1:14.755",74755,"1:14.437",74437,,,,,,,16
942,2016,7,13,13,"13","26","daniil-kvyat","toro-rosso","ferrari","pirelli",,,"1:14.829",74829,"1:14.457",74457,,,,,,,16
942,2016,7,14,14,"14","21","esteban-gutierrez","haas","ferrari","pirelli",,,"1:15.148",75148,"1:14.571",74571,,,,,,,25
942,2016,7,15,15,"15","8","romain-grosjean","haas","ferrari","pirelli",,,"1:15.444",75444,"1:14.803",74803,,,,,,,24
942,2016,7,16,16,"16","55","carlos-sainz-jr","toro-rosso","ferrari","pirelli",,,"1:14.714",74714,"1:21.956",81956,,,,,,,11
942,2016,7,17,17,"17","30","jolyon-palmer","renault","renault","pirelli",,,"1:15.459",75459,,,,,,,,,11
942,2016,7,18,18,"18","94","pascal-wehrlein","manor","mercedes","pirelli",,,"1:15.599",75599,,,,,,,,,9
942,2016,7,19,19,"19","9","marcus-ericsson","sauber","ferrari","pirelli",,,"1:15.635",75635,,,,,,,,,11
942,2016,7,20,20,"20","12","felipe-nasr","sauber","ferrari","pirelli",,,"1:16.663",76663,,,,,,,,,9
942,2016,7,21,21,"21","88","rio-haryanto","manor","mercedes","pirelli",,,"1:17.052",77052,,,,,,,,,9
942,2016,7,22,,"NC","20","kevin-magnussen","renault","renault","pirelli",,,,,,,,,,,,,
943,2016,8,1,1,"1","6","nico-rosberg","mercedes","mercedes","pirelli",,,"1:43.685",103685,"1:42.520",102520,"1:42.758",102758,,,,,16
943,2016,8,2,2,"2","11","sergio-perez","force-india","mercedes","pirelli",,,"1:44.462",104462,"1:43.939",103939,"1:43.515",103515,"+0.757",757,"+0.757",757,20
943,2016,8,3,3,"3","3","daniel-ricciardo","red-bull","tag-heuer","pirelli",,,"1:44.570",104570,"1:44.141",104141,"1:43.966",103966,"+1.208",1208,"+0.451",451,20
943,2016,8,4,4,"4","5","sebastian-vettel","ferrari","ferrari","pirelli",,,"1:45.062",105062,"1:44.461",104461,"1:43.966",103966,"+1.208",1208,"+0.000",0,19
943,2016,8,5,5,"5","7","kimi-raikkonen","ferrari","ferrari","pirelli",,,"1:44.936",104936,"1:44.533",104533,"1:44.269",104269,"+1.511",1511,"+0.303",303,19
943,2016,8,6,6,"6","19","felipe-massa","williams","mercedes","pirelli",,,"1:45.494",105494,"1:44.696",104696,"1:44.483",104483,"+1.725",1725,"+0.214",214,15
943,2016,8,7,7,"7","26","daniil-kvyat","toro-rosso","ferrari","pirelli",,,"1:44.694",104694,"1:44.687",104687,"1:44.717",104717,"+1.959",1959,"+0.234",234,25
943,2016,8,8,8,"8","77","valtteri-bottas","williams","mercedes","pirelli",,,"1:44.706",104706,"1:44.477",104477,"1:45.246",105246,"+2.488",2488,"+0.529",529,18
943,2016,8,9,9,"9","33","max-verstappen","red-bull","tag-heuer","pirelli",,,"1:44.939",104939,"1:44.387",104387,"1:45.570",105570,"+2.812",2812,"+0.324",324,20
943,2016,8,10,10,"10","44","lewis-hamilton","mercedes","mercedes","pirelli",,,"1:44.259",104259,"1:43.526",103526,"2:01.954",121954,"+19.196",19196,"+16.384",16384,17
943,2016,8,11,11,"11","8","romain-grosjean","haas","ferrari","pirelli",,,"1:45.507",105507,"1:44.755",104755,,,,,,,15
943,2016,8,12,12,"12","27","nico-hulkenberg","force-india","mercedes","pirelli",,,"1:44.860",104860,"1:44.824",104824,,,,,,,14
943,2016,8,13,13,"13","55","carlos-sainz-jr","toro-rosso","ferrari","pirelli",,,"1:44.827",104827,"1:45.000",105000,,,,,,,17
943,2016,8,14,14,"14","14","fernando-alonso","mclaren","honda","pirelli",,,"1:45.525",105525,"1:45.270",105270,,,,,,,15
943,2016,8,15,15,"15","21","esteban-gutierrez","haas","ferrari","pirelli",,,"1:45.300",105300,"1:45.349",105349,,,,,,,16
943,2016,8,16,16,"16","12","felipe-nasr","sauber","ferrari","pirelli",,,"1:45.549",105549,"1:46.048",106048,,,,,,,13
943,2016,8,17,17,"17","88","rio-haryanto","manor","mercedes","pirelli",,,"1:45.665",105665,,,,,,,,,8
943,2016,8,18,18,"18","94","pascal-wehrlein","manor","mercedes","pirelli",,,"1:45.750",105750,,,,,,,,,9
943,2016,8,19,19,"19","22","jenson-button","mclaren","honda","pirelli",,,"1:45.804",105804,,,,,,,,,7
943,2016,8,20,20,"20","9","marcus-ericsson","sauber","ferrari","pirelli",,,"1:46.231",106231,,,,,,,,,10
943,2016,8,21,21,"21","20","kevin-magnussen","renault","renault","pirelli",,,"1:46.348",106348,,,,,,,,,9
943,2016,8,22,22,"22","30","jolyon-palmer","renault","renault","pirelli",,,"1:46.394",106394,,,,,,,,,9
944,2016,9,1,1,"1","44","lewis-hamilton","mercedes","mercedes","pirelli",,,"1:06.947",66947,"1:06.228",66228,"1:07.922",67922,,,,,21
944,2016,9,2,2,"2","6","nico-rosberg","mercedes","mercedes","pirelli",,,"1:06.516",66516,"1:06.403",66403,"1:08.465",68465,"+0.543",543,"+0.543",543,20
944,2016,9,3,3,"3","27","nico-hulkenberg","force-india","mercedes","pirelli",,,"1:07.385",67385,"1:07.257",67257,"1:09.285",69285,"+1.363",1363,"+0.820",820,25
944,2016,9,4,4,"4","5","sebastian-vettel","ferrari","ferrari","pirelli",,,"1:06.761",66761,"1:06.602",66602,"1:09.781",69781,"+1.859",1859,"+0.496",496,18
944,2016,9,5,5,"5","22","jenson-button","mclaren","honda","pirelli",,,"1:07.653",67653,"1:07.572",67572,"1:09.900",69900,"+1.978",1978,"+0.119",119,22
944,2016,9,6,6,"6","7","kimi-raikkonen","ferrari","ferrari","pirelli",,,"1:07.240",67240,"1:06.940",66940,"1:09.901",69901,"+1.979",1979,"+0.001",1,21
944,2016,9,7,7,"7","3","daniel-ricciardo","red-bull","tag-heuer","pirelli",,,"1:07.500",67500,"1:06.840",66840,"1:09.980",69980,"+2.058",2058,"+0.079",79,20
944,2016,9,8,8,"8","77","valtteri-bottas","williams","mercedes","pirelli",,,"1:07.148",67148,"1:06.911",66911,"1:10.440",70440,"+2.518",2518,"+0.460",460,18
944,2016,9,9,9,"9","33","max-verstappen","red-bull","tag-heuer","pirelli",,,"1:07.131",67131,"1:06.866",66866,"1:11.153",71153,"+3.231",3231,"+0.713",713,17
944,2016,9,10,10,"10","19","felipe-massa","williams","mercedes","pirelli",,,"1:07.419",67419,"1:07.145",67145,"1:11.977",71977,"+4.055",4055,"+0.824",824,21
944,2016,9,11,11,"11","21","esteban-gutierrez","haas","ferrari","pirelli",,,"1:07.660",67660,"1:07.578",67578,,,,,,,18
944,2016,9,12,12,"12","94","pascal-wehrlein","manor","mercedes","pirelli",,,"1:07.565",67565,"1:07.700",67700,,,,,,,17
944,2016,9,13,13,"13","8","romain-grosjean","haas","ferrari","pirelli",,,"1:07.662",67662,"1:07.850",67850,,,,,,,19
944,2016,9,14,14,"14","14","fernando-alonso","mclaren","honda","pirelli",,,"1:07.671",67671,"1:08.154",68154,,,,,,,12
944,2016,9,15,15,"15","55","carlos-sainz-jr","toro-rosso","ferrari","pirelli",,,"1:07.618",67618,,,,,,,,,10
944,2016,9,16,16,"16","11","sergio-perez","force-india","mercedes","pirelli",,,"1:07.657",67657,,,,,,,,,5
944,2016,9,17,17,"17","20","kevin-magnussen","renault","renault","pirelli",,,"1:07.941",67941,,,,,,,,,10
944,2016,9,18,18,"18","30","jolyon-palmer","renault","renault","pirelli",,,"1:07.965",67965,,,,,,,,,9
944,2016,9,19,19,"19","88","rio-haryanto","manor","mercedes","pirelli",,,"1:08.026",68026,,,,,,,,,11
944,2016,9,20,20,"20","26","daniil-kvyat","toro-rosso","ferrari","pirelli",,,"1:08.409",68409,,,,,,,,,8
944,2016,9,21,21,"21","9","marcus-ericsson","sauber","ferrari","pirelli",,,"1:08.418",68418,,,,,,,,,12
944,2016,9,22,22,"22","12","felipe-nasr","sauber","ferrari","pirelli",,,"1:08.446",68446,,,,,,,,,13
945,2016,10,1,1,"1","44","lewis-hamilton","mercedes","mercedes","pirelli",,,"1:30.739",90739,"1:29.243",89243,"1:29.287",89287,,,,,14
945,2016,10,2,2,"2","6","nico-rosberg","mercedes","mercedes","pirelli",,,"1:30.724",90724,"1:29.970",89970,"1:29.606",89606,"+0.319",319,"+0.319",319,14
945,2016,10,3,3,"3","33","max-verstappen","red-bull","tag-heuer","pirelli",,,"1:31.305",91305,"1:30.697",90697,"1:30.313",90313,"+1.026",1026,"+0.707",707,12
945,2016,10,4,4,"4","3","daniel-ricciardo","red-bull","tag-heuer","pirelli",,,"1:31.684",91684,"1:31.319",91319,"1:30.618",90618,"+1.331",1331,"+0.305",305,12
945,2016,10,5,5,"5","7","kimi-raikkonen","ferrari","ferrari","pirelli",,,"1:31.326",91326,"1:31.385",91385,"1:30.881",90881,"+1.594",1594,"+0.263",263,15
945,2016,10,6,6,"6","5","sebastian-vettel","ferrari","ferrari","pirelli",,,"1:31.606",91606,"1:30.711",90711,"1:31.490",91490,"+2.203",2203,"+0.609",609,17
945,2016,10,7,7,"7","77","valtteri-bottas","williams","mercedes","pirelli",,,"1:31.913",91913,"1:31.478",91478,"1:31.557",91557,"+2.270",2270,"+0.067",67,12
945,2016,10,8,8,"8","55","carlos-sainz-jr","toro-rosso","ferrari","pirelli",,,"1:32.115",92115,"1:31.708",91708,"1:31.989",91989,"+2.702",2702,"+0.432",432,15
945,2016,10,9,9,"9","27","nico-hulkenberg","force-india","mercedes","pirelli",,,"1:32.349",92349,"1:31.770",91770,"1:32.172",92172,"+2.885",2885,"+0.183",183,18
945,2016,10,10,10,"10","14","fernando-alonso","mclaren","honda","pirelli",,,"1:32.281",92281,"1:31.740",91740,"1:32.343",92343,"+3.056",3056,"+0.171",171,15
945,2016,10,11,11,"11","11","sergio-perez","force-india","mercedes","pirelli",,,"1:32.336",92336,"1:31.875",91875,,,,,,,12
945,2016,10,12,12,"12","19","felipe-massa","williams","mercedes","pirelli",,,"1:32.146",92146,"1:32.002",92002,,,,,,,10
945,2016,10,13,13,"13","8","romain-grosjean","haas","ferrari","pirelli",,,"1:32.283",92283,"1:32.050",92050,,,,,,,14
945,2016,10,14,14,"14","21","esteban-gutierrez","haas","ferrari","pirelli",,,"1:32.237",92237,"1:32.241",92241,,,,,,,14
945,2016,10,15,15,"15","26","daniil-kvyat","toro-rosso","ferrari","pirelli",,,"1:32.553",92553,"1:32.306",92306,,,,,,,12
945,2016,10,16,16,"16","20","kevin-magnussen","renault","renault","pirelli",,,"1:32.729",92729,"1:37.060",97060,,,,,,,12
945,2016,10,17,17,"17","22","jenson-button","mclaren","honda","pirelli",,,"1:32.788",92788,,,,,,,,,3
945,2016,10,18,18,"18","30","jolyon-palmer","renault","renault","pirelli",,,"1:32.905",92905,,,,,,,,,9
945,2016,10,19,19,"19","88","rio-haryanto","manor","mercedes","pirelli",,,"1:33.098",93098,,,,,,,,,9
945,2016,10,20,20,"20","94","pascal-wehrlein","manor","mercedes","pirelli",,,"1:33.151",93151,,,,,,,,,9
945,2016,10,21,21,"21","12","felipe-nasr","sauber","ferrari","pirelli",,,"1:33.544",93544,,,,,,,,,8
945,2016,10,22,,"NC","9","marcus-ericsson","sauber","ferrari","pirelli",,,,,,,,,,,,,
946,2016,11,1,1,"1","6","nico-rosberg","mercedes","mercedes","pirelli",,,"1:33.302",93302,"1:22.806",82806,"1:19.965",79965,,,,,29
946,2016,11,2,2,"2","44","lewis-hamilton","mercedes","mercedes","pirelli",,,"1:34.210",94210,"1:24.836",84836,"1:20.108",80108,"+0.143",143,"+0.143",143,28
946,2016,11,3,3,"3","3","daniel-ricciardo","red-bull","tag-heuer","pirelli",,,"1:39.968",99968,"1:23.234",83234,"1:20.280",80280,"+0.315",315,"+0.172",172,27
946,2016,11,4,4,"4","33","max-verstappen","red-bull","tag-heuer","pirelli",,,"1:40.424",100424,"1:22.660",82660,"1:20.557",80557,"+0.592",592,"+0.277",277,27
946,2016,11,5,5,"5","5","sebastian-vettel","ferrari","ferrari","pirelli",,,"1:35.718",95718,"1:24.082",84082,"1:20.874",80874,"+0.909",909,"+0.317",317,25
946,2016,11,6,6,"6","55","carlos-sainz-jr","toro-rosso","ferrari","pirelli",,,"1:36.115",96115,"1:24.734",84734,"1:21.131",81131,"+1.166",1166,"+0.257",257,28
946,2016,11,7,7,"7","14","fernando-alonso","mclaren","honda","pirelli",,,"1:35.165",95165,"1:23.816",83816,"1:21.211",81211,"+1.246",1246,"+0.080",80,28
946,2016,11,8,8,"8","22","jenson-button","mclaren","honda","pirelli",,,"1:37.983",97983,"1:24.456",84456,"1:21.597",81597,"+1.632",1632,"+0.386",386,25
946,2016,11,9,9,"9","27","nico-hulkenberg","force-india","mercedes","pirelli",,,"1:41.471",101471,"1:23.901",83901,"1:21.823",81823,"+1.858",1858,"+0.226",226,24
946,2016,11,10,10,"10","77","valtteri-bottas","williams","mercedes","pirelli",,,"1:42.758",102758,"1:24.506",84506,"1:22.182",82182,"+2.217",2217,"+0.359",359,26
946,2016,11,11,11,"11","8","romain-grosjean","haas","ferrari","pirelli",,,"1:35.906",95906,"1:24.941",84941,,,,,,,18
946,2016,11,12,12,"12","26","daniil-kvyat","toro-rosso","ferrari","pirelli",,,"1:36.714",96714,"1:25.301",85301,,,,,,,21
946,2016,11,13,13,"13","11","sergio-perez","force-india","mercedes","pirelli",,,"1:41.411",101411,"1:25.416",85416,,,,,,,16
946,2016,11,14,14,"14","7","kimi-raikkonen","ferrari","ferrari","pirelli",,,"1:36.853",96853,"1:25.435",85435,,,,,,,20
946,2016,11,15,15,"15","21","esteban-gutierrez","haas","ferrari","pirelli",,,"1:38.959",98959,"1:26.189",86189,,,,,,,18
946,2016,11,16,16,"16","12","felipe-nasr","sauber","ferrari","pirelli",,,"1:37.772",97772,"1:27.063",87063,,,,,,,21
946,2016,11,17,,"NC","30","jolyon-palmer","renault","renault","pirelli",,,"1:43.965",103965,,,,,,,,,9
946,2016,11,18,,"NC","19","felipe-massa","williams","mercedes","pirelli",,,"1:43.999",103999,,,,,,,,,7
946,2016,11,19,,"NC","20","kevin-magnussen","renault","renault","pirelli",,,"1:44.543",104543,,,,,,,,,9
946,2016,11,20,,"NC","9","marcus-ericsson","sauber","ferrari","pirelli",,,"1:46.984",106984,,,,,,,,,5
946,2016,11,21,,"NC","94","pascal-wehrlein","manor","mercedes","pirelli",,,"1:47.343",107343,,,,,,,,,9
946,2016,11,22,,"NC","88","rio-haryanto","manor","mercedes","pirelli",,,"1:50.189",110189,,,,,,,,,9
947,2016,12,1,1,"1","6","nico-rosberg","mercedes","mercedes","pirelli",,,"1:15.485",75485,"1:14.839",74839,"1:14.363",74363,,,,,12
947,2016,12,2,2,"2","44","lewis-hamilton","mercedes","mercedes","pirelli",,,"1:15.243",75243,"1:14.748",74748,"1:14.470",74470,"+0.107",107,"+0.107",107,12
947,2016,12,3,3,"3","3","daniel-ricciardo","red-bull","tag-heuer","pirelli",,,"1:15.591",75591,"1:15.545",75545,"1:14.726",74726,"+0.363",363,"+0.256",256,14
947,2016,12,4,4,"4","33","max-verstappen","red-bull","tag-heuer","pirelli",,,"1:15.875",75875,"1:15.124",75124,"1:14.834",74834,"+0.471",471,"+0.108",108,12
947,2016,12,5,5,"5","7","kimi-raikkonen","ferrari","ferrari","pirelli",,,"1:15.752",75752,"1:15.242",75242,"1:15.142",75142,"+0.779",779,"+0.308",308,12
947,2016,12,6,6,"6","5","sebastian-vettel","ferrari","ferrari","pirelli",,,"1:15.927",75927,"1:15.630",75630,"1:15.315",75315,"+0.952",952,"+0.173",173,14
947,2016,12,7,7,"7","27","nico-hulkenberg","force-india","mercedes","pirelli",,,"1:16.301",76301,"1:15.623",75623,"1:15.510",75510,"+1.147",1147,"+0.195",195,15
947,2016,12,8,8,"8","77","valtteri-bottas","williams","mercedes","pirelli",,,"1:15.952",75952,"1:15.490",75490,"1:15.530",75530,"+1.167",1167,"+0.020",20,12
947,2016,12,9,9,"9","11","sergio-perez","force-india","mercedes","pirelli",,,"1:16.169",76169,"1:15.500",75500,"1:15.537",75537,"+1.174",1174,"+0.007",7,17
947,2016,12,10,10,"10","19","felipe-massa","williams","mercedes","pirelli",,,"1:16.503",76503,"1:15.699",75699,"1:15.615",75615,"+1.252",1252,"+0.078",78,13
947,2016,12,11,11,"11","21","esteban-gutierrez","haas","ferrari","pirelli",,,"1:15.987",75987,"1:15.883",75883,,,,,,,14
947,2016,12,12,12,"12","22","jenson-button","mclaren","honda","pirelli",,,"1:16.172",76172,"1:15.909",75909,,,,,,,14
947,2016,12,13,13,"13","55","carlos-sainz-jr","toro-rosso","ferrari","pirelli",,,"1:16.317",76317,"1:15.989",75989,,,,,,,12
947,2016,12,14,14,"14","14","fernando-alonso","mclaren","honda","pirelli",,,"1:16.338",76338,"1:16.041",76041,,,,,,,11
947,2016,12,15,15,"15","8","romain-grosjean","haas","ferrari","pirelli",,,"1:16.328",76328,"1:16.086",76086,,,,,,,14
947,2016,12,16,16,"16","30","jolyon-palmer","renault","renault","pirelli",,,"1:16.636",76636,"1:16.665",76665,,,,,,,14
947,2016,12,17,17,"17","20","kevin-magnussen","renault","renault","pirelli",,,"1:16.716",76716,,,,,,,,,8
947,2016,12,18,18,"18","94","pascal-wehrlein","manor","mercedes","pirelli",,,"1:16.717",76717,,,,,,,,,10
947,2016,12,19,19,"19","26","daniil-kvyat","toro-rosso","ferrari","pirelli",,,"1:16.876",76876,,,,,,,,,6
947,2016,12,20,20,"20","88","rio-haryanto","manor","mercedes","pirelli",,,"1:16.977",76977,,,,,,,,,9
947,2016,12,21,21,"21","12","felipe-nasr","sauber","ferrari","pirelli",,,"1:17.123",77123,,,,,,,,,6
947,2016,12,22,22,"22","9","marcus-ericsson","sauber","ferrari","pirelli",,,"1:17.238",77238,,,,,,,,,6
948,2016,13,1,1,"1","6","nico-rosberg","mercedes","mercedes","pirelli",,,"1:48.019",108019,"1:46.999",106999,"1:46.744",106744,,,,,12
948,2016,13,2,2,"2","33","max-verstappen","red-bull","tag-heuer","pirelli",,,"1:48.407",108407,"1:47.163",107163,"1:46.893",106893,"+0.149",149,"+0.149",149,12
948,2016,13,3,3,"3","7","kimi-raikkonen","ferrari","ferrari","pirelli",,,"1:47.912",107912,"1:47.664",107664,"1:46.910",106910,"+0.166",166,"+0.017",17,13
948,2016,13,4,4,"4","5","sebastian-vettel","ferrari","ferrari","pirelli",,,"1:47.802",107802,"1:47.944",107944,"1:47.108",107108,"+0.364",364,"+0.198",198,14
948,2016,13,5,5,"5","3","daniel-ricciardo","red-bull","tag-heuer","pirelli",,,"1:48.407",108407,"1:48.027",108027,"1:47.216",107216,"+0.472",472,"+0.108",108,12
948,2016,13,6,6,"6","11","sergio-perez","force-india","mercedes","pirelli",,,"1:48.106",108106,"1:47.485",107485,"1:47.407",107407,"+0.663",663,"+0.191",191,12
948,2016,13,7,7,"7","27","nico-hulkenberg","force-india","mercedes","pirelli",,,"1:48.080",108080,"1:47.317",107317,"1:47.543",107543,"+0.799",799,"+0.136",136,12
948,2016,13,8,8,"8","77","valtteri-bottas","williams","mercedes","pirelli",,,"1:48.655",108655,"1:47.918",107918,"1:47.612",107612,"+0.868",868,"+0.069",69,12
948,2016,13,9,9,"9","22","jenson-button","mclaren","honda","pirelli",,,"1:48.700",108700,"1:48.051",108051,"1:48.114",108114,"+1.370",1370,"+0.502",502,15
948,2016,13,10,10,"10","19","felipe-massa","williams","mercedes","pirelli",,,"1:47.738",107738,"1:47.667",107667,"1:48.263",108263,"+1.519",1519,"+0.149",149,12
948,2016,13,11,11,"11","8","romain-grosjean","haas","ferrari","pirelli",,,"1:48.751",108751,"1:48.316",108316,,,,,,,12
948,2016,13,12,12,"12","20","kevin-magnussen","renault","renault","pirelli",,,"1:48.800",108800,"1:48.485",108485,,,,,,,12
948,2016,13,13,13,"13","21","esteban-gutierrez","haas","ferrari","pirelli",,,"1:48.748",108748,"1:48.598",108598,,,,,,,12
948,2016,13,14,14,"14","30","jolyon-palmer","renault","renault","pirelli",,,"1:48.901",108901,"1:48.888",108888,,,,,,,12
948,2016,13,15,15,"15","55","carlos-sainz-jr","toro-rosso","ferrari","pirelli",,,"1:48.876",108876,"1:49.038",109038,,,,,,,9
948,2016,13,16,16,"16","94","pascal-wehrlein","manor","mercedes","pirelli",,,"1:48.554",108554,"1:49.320",109320,,,,,,,11
948,2016,13,17,17,"17","12","felipe-nasr","sauber","ferrari","pirelli",,,"1:48.949",108949,,,,,,,,,6
948,2016,13,18,18,"18","31","esteban-ocon","manor","mercedes","pirelli",,,"1:49.050",109050,,,,,,,,,7
948,2016,13,19,19,"19","26","daniil-kvyat","toro-rosso","ferrari","pirelli",,,"1:49.058",109058,,,,,,,,,6
948,2016,13,20,20,"20","9","marcus-ericsson","sauber","ferrari","pirelli",,,"1:49.071",109071,,,,,,,,,6
948,2016,13,21,21,"21","44","lewis-hamilton","mercedes","mercedes","pirelli",,,"1:50.033",110033,,,,,,,,,4
948,2016,13,22,,"NC","14","fernando-alonso","mclaren","honda","pirelli",,,,,,,,,,,,,1
949,2016,14,1,1,"1","44","lewis-hamilton","mercedes","mercedes","pirelli",,,"1:21.854",81854,"1:21.498",81498,"1:21.135",81135,,,,,16
949,2016,14,2,2,"2","6","nico-rosberg","mercedes","mercedes","pirelli",,,"1:22.497",82497,"1:21.809",81809,"1:21.613",81613,"+0.478",478,"+0.478",478,15
949,2016,14,3,3,"3","5","sebastian-vettel","ferrari","ferrari","pirelli",,,"1:23.077",83077,"1:22.275",82275,"1:21.972",81972,"+0.837",837,"+0.359",359,13
949,2016,14,4,4,"4","7","kimi-raikkonen","ferrari","ferrari","pirelli",,,"1:23.217",83217,"1:22.568",82568,"1:22.065",82065,"+0.930",930,"+0.093",93,15
949,2016,14,5,5,"5","77","valtteri-bottas","williams","mercedes","pirelli",,,"1:23.264",83264,"1:22.499",82499,"1:22.388",82388,"+1.253",1253,"+0.323",323,12
949,2016,14,6,6,"6","3","daniel-ricciardo","red-bull","tag-heuer","pirelli",,,"1:23.158",83158,"1:22.638",82638,"1:22.389",82389,"+1.254",1254,"+0.001",1,17
949,2016,14,7,7,"7","33","max-verstappen","red-bull","tag-heuer","pirelli",,,"1:23.229",83229,"1:22.857",82857,"1:22.411",82411,"+1.276",1276,"+0.022",22,15
949,2016,14,8,8,"8","11","sergio-perez","force-india","mercedes","pirelli",,,"1:23.439",83439,"1:22.922",82922,"1:22.814",82814,"+1.679",1679,"+0.403",403,15
949,2016,14,9,9,"9","27","nico-hulkenberg","force-india","mercedes","pirelli",,,"1:23.259",83259,"1:22.951",82951,"1:22.836",82836,"+1.701",1701,"+0.022",22,18
949,2016,14,10,10,"10","21","esteban-gutierrez","haas","ferrari","pirelli",,,"1:23.386",83386,"1:22.856",82856,"1:23.184",83184,"+2.049",2049,"+0.348",348,21
949,2016,14,11,11,"11","19","felipe-massa","williams","mercedes","pirelli",,,"1:23.489",83489,"1:22.967",82967,,,,,,,10
949,2016,14,12,12,"12","8","romain-grosjean","haas","ferrari","pirelli",,,"1:23.421",83421,"1:23.092",83092,,,,,,,14
949,2016,14,13,13,"13","14","fernando-alonso","mclaren","honda","pirelli",,,"1:23.783",83783,"1:23.273",83273,,,,,,,13
949,2016,14,14,14,"14","94","pascal-wehrlein","manor","mercedes","pirelli",,,"1:23.760",83760,"1:23.315",83315,,,,,,,14
949,2016,14,15,15,"15","22","jenson-button","mclaren","honda","pirelli",,,"1:23.666",83666,"1:23.399",83399,,,,,,,13
949,2016,14,16,16,"16","55","carlos-sainz-jr","toro-rosso","ferrari","pirelli",,,"1:23.661",83661,"1:23.496",83496,,,,,,,12
949,2016,14,17,17,"17","26","daniil-kvyat","toro-rosso","ferrari","pirelli",,,"1:23.825",83825,,,,,,,,,9
949,2016,14,18,18,"18","12","felipe-nasr","sauber","ferrari","pirelli",,,"1:23.956",83956,,,,,,,,,8
949,2016,14,19,19,"19","9","marcus-ericsson","sauber","ferrari","pirelli",,,"1:24.087",84087,,,,,,,,,7
949,2016,14,20,20,"20","30","jolyon-palmer","renault","renault","pirelli",,,"1:24.230",84230,,,,,,,,,9
949,2016,14,21,21,"21","20","kevin-magnussen","renault","renault","pirelli",,,"1:24.436",84436,,,,,,,,,9
949,2016,14,22,,"NC","31","esteban-ocon","manor","mercedes","pirelli",,,,,,,,,,,,,2
950,2016,15,1,1,"1","6","nico-rosberg","mercedes","mercedes","pirelli",,,"1:45.316",105316,"1:43.020",103020,"1:42.584",102584,,,,,12
950,2016,15,2,2,"2","3","daniel-ricciardo","red-bull","tag-heuer","pirelli",,,"1:44.255",104255,"1:43.933",103933,"1:43.115",103115,"+0.531",531,"+0.531",531,12
950,2016,15,3,3,"3","44","lewis-hamilton","mercedes","mercedes","pirelli",,,"1:45.167",105167,"1:43.471",103471,"1:43.288",103288,"+0.704",704,"+0.173",173,12
950,2016,15,4,4,"4","33","max-verstappen","red-bull","tag-heuer","pirelli",,,"1:45.036",105036,"1:44.112",104112,"1:43.328",103328,"+0.744",744,"+0.040",40,12
950,2016,15,5,5,"5","7","kimi-raikkonen","ferrari","ferrari","pirelli",,,"1:44.964",104964,"1:44.159",104159,"1:43.540",103540,"+0.956",956,"+0.212",212,12
950,2016,15,6,6,"6","55","carlos-sainz-jr","toro-rosso","ferrari","pirelli",,,"1:45.499",105499,"1:44.493",104493,"1:44.197",104197,"+1.613",1613,"+0.657",657,14
950,2016,15,7,7,"7","26","daniil-kvyat","toro-rosso","ferrari","pirelli",,,"1:45.291",105291,"1:44.475",104475,"1:44.469",104469,"+1.885",1885,"+0.272",272,15
950,2016,15,8,8,"8","27","nico-hulkenberg","force-india","mercedes","pirelli",,,"1:46.081",106081,"1:44.737",104737,"1:44.479",104479,"+1.895",1895,"+0.010",10,17
950,2016,15,9,9,"9","14","fernando-alonso","mclaren","honda","pirelli",,,"1:45.373",105373,"1:44.653",104653,"1:44.553",104553,"+1.969",1969,"+0.074",74,15
950,2016,15,10,10,"10","11","sergio-perez","force-india","mercedes","pirelli",,,"1:45.204",105204,"1:44.703",104703,"1:44.582",104582,"+1.998",1998,"+0.029",29,20
950,2016,15,11,11,"11","77","valtteri-bottas","williams","mercedes","pirelli",,,"1:46.086",106086,"1:44.740",104740,,,,,,,11
950,2016,15,12,12,"12","19","felipe-massa","williams","mercedes","pirelli",,,"1:46.056",106056,"1:44.991",104991,,,,,,,11
950,2016,15,13,13,"13","22","jenson-button","mclaren","honda","pirelli",,,"1:45.262",105262,"1:45.144",105144,,,,,,,13
950,2016,15,14,14,"14","21","esteban-gutierrez","haas","ferrari","pirelli",,,"1:45.465",105465,"1:45.593",105593,,,,,,,12
950,2016,15,15,15,"15","8","romain-grosjean","haas","ferrari","pirelli",,,"1:45.609",105609,"1:45.723",105723,,,,,,,11
950,2016,15,16,16,"16","9","marcus-ericsson","sauber","ferrari","pirelli",,,"1:46.427",106427,"1:47.827",107827,,,,,,,12
950,2016,15,17,17,"17","20","kevin-magnussen","renault","renault","pirelli",,,"1:46.825",106825,,,,,,,,,9
950,2016,15,18,18,"18","12","felipe-nasr","sauber","ferrari","pirelli",,,"1:46.860",106860,,,,,,,,,8
950,2016,15,19,19,"19","30","jolyon-palmer","renault","renault","pirelli",,,"1:46.960",106960,,,,,,,,,9
950,2016,15,20,20,"20","94","pascal-wehrlein","manor","mercedes","pirelli",,,"1:47.667",107667,,,,,,,,,8
950,2016,15,21,21,"21","31","esteban-ocon","manor","mercedes","pirelli",,,"1:48.296",108296,,,,,,,,,9
950,2016,15,22,22,"22","5","sebastian-vettel","ferrari","ferrari","pirelli",,,"1:49.116",109116,,,,,,,,,4
951,2016,16,1,1,"1","44","lewis-hamilton","mercedes","mercedes","pirelli",,,"1:34.444",94444,"1:33.046",93046,"1:32.850",92850,,,,,11
951,2016,16,2,2,"2","6","nico-rosberg","mercedes","mercedes","pirelli",,,"1:34.460",94460,"1:33.609",93609,"1:33.264",93264,"+0.414",414,"+0.414",414,12
951,2016,16,3,3,"3","33","max-verstappen","red-bull","tag-heuer","pirelli",,,"1:35.443",95443,"1:33.775",93775,"1:33.420",93420,"+0.570",570,"+0.156",156,15
951,2016,16,4,4,"4","3","daniel-ricciardo","red-bull","tag-heuer","pirelli",,,"1:35.079",95079,"1:33.888",93888,"1:33.467",93467,"+0.617",617,"+0.047",47,12
951,2016,16,5,5,"5","5","sebastian-vettel","ferrari","ferrari","pirelli",,,"1:34.557",94557,"1:33.972",93972,"1:33.584",93584,"+0.734",734,"+0.117",117,17
951,2016,16,6,6,"6","7","kimi-raikkonen","ferrari","ferrari","pirelli",,,"1:34.556",94556,"1:33.903",93903,"1:33.632",93632,"+0.782",782,"+0.048",48,16
951,2016,16,7,7,"7","11","sergio-perez","force-india","mercedes","pirelli",,,"1:35.068",95068,"1:34.538",94538,"1:34.319",94319,"+1.469",1469,"+0.687",687,17
951,2016,16,8,8,"8","27","nico-hulkenberg","force-india","mercedes","pirelli",,,"1:34.827",94827,"1:34.441",94441,"1:34.489",94489,"+1.639",1639,"+0.170",170,15
951,2016,16,9,9,"9","22","jenson-button","mclaren","honda","pirelli",,,"1:35.267",95267,"1:34.431",94431,"1:34.518",94518,"+1.668",1668,"+0.029",29,17
951,2016,16,10,10,"10","19","felipe-massa","williams","mercedes","pirelli",,,"1:35.267",95267,"1:34.422",94422,"1:34.671",94671,"+1.821",1821,"+0.153",153,13
951,2016,16,11,11,"11","77","valtteri-bottas","williams","mercedes","pirelli",,,"1:35.166",95166,"1:34.577",94577,,,,,,,9
951,2016,16,12,12,"12","8","romain-grosjean","haas","ferrari","pirelli",,,"1:35.400",95400,"1:35.001",95001,,,,,,,14
951,2016,16,13,13,"13","21","esteban-gutierrez","haas","ferrari","pirelli",,,"1:35.658",95658,"1:35.097",95097,,,,,,,14
951,2016,16,14,14,"14","20","kevin-magnussen","renault","renault","pirelli",,,"1:35.593",95593,"1:35.277",95277,,,,,,,13
951,2016,16,15,15,"15","26","daniil-kvyat","toro-rosso","ferrari","pirelli",,,"1:35.695",95695,"1:35.369",95369,,,,,,,12
951,2016,16,16,16,"16","55","carlos-sainz-jr","toro-rosso","ferrari","pirelli",,,"1:35.605",95605,"1:35.374",95374,,,,,,,12
951,2016,16,17,17,"17","9","marcus-ericsson","sauber","ferrari","pirelli",,,"1:35.816",95816,,,,,,,,,8
951,2016,16,18,18,"18","12","felipe-nasr","sauber","ferrari","pirelli",,,"1:35.949",95949,,,,,,,,,8
951,2016,16,19,19,"19","30","jolyon-palmer","renault","renault","pirelli",,,"1:35.999",95999,,,,,,,,,8
951,2016,16,20,20,"20","31","esteban-ocon","manor","mercedes","pirelli",,,"1:36.451",96451,,,,,,,,,9
951,2016,16,21,21,"21","94","pascal-wehrlein","manor","mercedes","pirelli",,,"1:36.587",96587,,,,,,,,,9
951,2016,16,22,22,"22","14","fernando-alonso","mclaren","honda","pirelli",,,"1:37.155",97155,,,,,,,,,5
952,2016,17,1,1,"1","6","nico-rosberg","mercedes","mercedes","pirelli",,,"1:31.858",91858,"1:30.714",90714,"1:30.647",90647,,,,,13
952,2016,17,2,2,"2","44","lewis-hamilton","mercedes","mercedes","pirelli",,,"1:32.218",92218,"1:31.129",91129,"1:30.660",90660,"+0.013",13,"+0.013",13,13
952,2016,17,3,3,"3","7","kimi-raikkonen","ferrari","ferrari","pirelli",,,"1:31.674",91674,"1:31.406",91406,"1:30.949",90949,"+0.302",302,"+0.289",289,12
952,2016,17,4,4,"4","5","sebastian-vettel","ferrari","ferrari","pirelli",,,"1:31.659",91659,"1:31.227",91227,"1:31.028",91028,"+0.381",381,"+0.079",79,12
952,2016,17,5,5,"5","33","max-verstappen","red-bull","tag-heuer","pirelli",,,"1:32.487",92487,"1:31.489",91489,"1:31.178",91178,"+0.531",531,"+0.150",150,14
952,2016,17,6,6,"6","3","daniel-ricciardo","red-bull","tag-heuer","pirelli",,,"1:32.538",92538,"1:31.719",91719,"1:31.240",91240,"+0.593",593,"+0.062",62,14
952,2016,17,7,7,"7","11","sergio-perez","force-india","mercedes","pirelli",,,"1:32.682",92682,"1:32.237",92237,"1:31.961",91961,"+1.314",1314,"+0.721",721,12
952,2016,17,8,8,"8","8","romain-grosjean","haas","ferrari","pirelli",,,"1:32.458",92458,"1:32.176",92176,"1:31.961",91961,"+1.314",1314,"+0.000",0,17
952,2016,17,9,9,"9","27","nico-hulkenberg","force-india","mercedes","pirelli",,,"1:32.448",92448,"1:32.200",92200,"1:32.142",92142,"+1.495",1495,"+0.181",181,12
952,2016,17,10,10,"10","21","esteban-gutierrez","haas","ferrari","pirelli",,,"1:32.620",92620,"1:32.155",92155,"1:32.547",92547,"+1.900",1900,"+0.405",405,15
952,2016,17,11,11,"11","77","valtteri-bottas","williams","mercedes","pirelli",,,"1:32.383",92383,"1:32.315",92315,,,,,,,11
952,2016,17,12,12,"12","19","felipe-massa","williams","mercedes","pirelli",,,"1:32.562",92562,"1:32.380",92380,,,,,,,11
952,2016,17,13,13,"13","26","daniil-kvyat","toro-rosso","ferrari","pirelli",,,"1:32.645",92645,"1:32.623",92623,,,,,,,11
952,2016,17,14,14,"14","55","carlos-sainz-jr","toro-rosso","ferrari","pirelli",,,"1:32.789",92789,"1:32.685",92685,,,,,,,12
952,2016,17,15,15,"15","14","fernando-alonso","mclaren","honda","pirelli",,,"1:32.819",92819,"1:32.689",92689,,,,,,,12
952,2016,17,16,16,"16","30","jolyon-palmer","renault","renault","pirelli",,,"1:32.796",92796,"1:32.807",92807,,,,,,,12
952,2016,17,17,17,"17","22","jenson-button","mclaren","honda","pirelli",,,"1:32.851",92851,,,,,,,,,6
952,2016,17,18,18,"18","20","kevin-magnussen","renault","renault","pirelli",,,"1:33.023",93023,,,,,,,,,6
952,2016,17,19,19,"19","9","marcus-ericsson","sauber","ferrari","pirelli",,,"1:33.222",93222,,,,,,,,,7
952,2016,17,20,20,"20","12","felipe-nasr","sauber","ferrari","pirelli",,,"1:33.332",93332,,,,,,,,,7
952,2016,17,21,21,"21","31","esteban-ocon","manor","mercedes","pirelli",,,"1:33.353",93353,,,,,,,,,9
952,2016,17,22,22,"22","94","pascal-wehrlein","manor","mercedes","pirelli",,,"1:33.561",93561,,,,,,,,,9
953,2016,18,1,1,"1","44","lewis-hamilton","mercedes","mercedes","pirelli",,,"1:36.296",96296,"1:36.450",96450,"1:34.999",94999,,,,,13
953,2016,18,2,2,"2","6","nico-rosberg","mercedes","mercedes","pirelli",,,"1:36.397",96397,"1:36.351",96351,"1:35.215",95215,"+0.216",216,"+0.216",216,13
953,2016,18,3,3,"3","3","daniel-ricciardo","red-bull","tag-heuer","pirelli",,,"1:36.759",96759,"1:36.255",96255,"1:35.509",95509,"+0.510",510,"+0.294",294,12
953,2016,18,4,4,"4","33","max-verstappen","red-bull","tag-heuer","pirelli",,,"1:36.613",96613,"1:36.857",96857,"1:35.747",95747,"+0.748",748,"+0.238",238,12
953,2016,18,5,5,"5","7","kimi-raikkonen","ferrari","ferrari","pirelli",,,"1:36.985",96985,"1:36.584",96584,"1:36.131",96131,"+1.132",1132,"+0.384",384,12
953,2016,18,6,6,"6","5","sebastian-vettel","ferrari","ferrari","pirelli",,,"1:37.151",97151,"1:36.462",96462,"1:36.358",96358,"+1.359",1359,"+0.227",227,13
953,2016,18,7,7,"7","27","nico-hulkenberg","force-india","mercedes","pirelli",,,"1:36.950",96950,"1:36.626",96626,"1:36.628",96628,"+1.629",1629,"+0.270",270,12
953,2016,18,8,8,"8","77","valtteri-bottas","williams","mercedes","pirelli",,,"1:37.456",97456,"1:37.202",97202,"1:37.116",97116,"+2.117",2117,"+0.488",488,12
953,2016,18,9,9,"9","19","felipe-massa","williams","mercedes","pirelli",,,"1:37.402",97402,"1:37.214",97214,"1:37.269",97269,"+2.270",2270,"+0.153",153,12
953,2016,18,10,10,"10","55","carlos-sainz-jr","toro-rosso","ferrari","pirelli",,,"1:37.744",97744,"1:37.175",97175,"1:37.326",97326,"+2.327",2327,"+0.057",57,14
953,2016,18,11,11,"11","11","sergio-perez","force-india","mercedes","pirelli",,,"1:37.345",97345,"1:37.353",97353,,,,,,,10
953,2016,18,12,12,"12","14","fernando-alonso","mclaren","honda","pirelli",,,"1:37.913",97913,"1:37.417",97417,,,,,,,11
953,2016,18,13,13,"13","26","daniil-kvyat","toro-rosso","ferrari","pirelli",,,"1:37.844",97844,"1:37.480",97480,,,,,,,12
953,2016,18,14,14,"14","21","esteban-gutierrez","haas","ferrari","pirelli",,,"1:38.053",98053,"1:37.773",97773,,,,,,,10
953,2016,18,15,15,"15","30","jolyon-palmer","renault","renault","pirelli",,,"1:38.084",98084,"1:37.935",97935,,,,,,,9
953,2016,18,16,16,"16","9","marcus-ericsson","sauber","ferrari","pirelli",,,"1:38.040",98040,"1:39.356",99356,,,,,,,11
953,2016,18,17,17,"17","8","romain-grosjean","haas","ferrari","pirelli",,,"1:38.308",98308,,,,,,,,,8
953,2016,18,18,18,"18","20","kevin-magnussen","renault","renault","pirelli",,,"1:38.317",98317,,,,,,,,,6
953,2016,18,19,19,"19","22","jenson-button","mclaren","honda","pirelli",,,"1:38.327",98327,,,,,,,,,6
953,2016,18,20,20,"20","94","pascal-wehrlein","manor","mercedes","pirelli",,,"1:38.548",98548,,,,,,,,,9
953,2016,18,21,21,"21","12","felipe-nasr","sauber","ferrari","pirelli",,,"1:38.583",98583,,,,,,,,,8
953,2016,18,22,22,"22","31","esteban-ocon","manor","mercedes","pirelli",,,"1:38.806",98806,,,,,,,,,8
954,2016,19,1,1,"1","44","lewis-hamilton","mercedes","mercedes","pirelli",,,"1:19.447",79447,"1:19.137",79137,"1:18.704",78704,,,,,18
954,2016,19,2,2,"2","6","nico-rosberg","mercedes","mercedes","pirelli",,,"1:19.996",79996,"1:19.761",79761,"1:18.958",78958,"+0.254",254,"+0.254",254,22
954,2016,19,3,3,"3","33","max-verstappen","red-bull","tag-heuer","pirelli",,,"1:19.874",79874,"1:18.972",78972,"1:19.054",79054,"+0.350",350,"+0.096",96,14
954,2016,19,4,4,"4","3","daniel-ricciardo","red-bull","tag-heuer","pirelli",,,"1:19.713",79713,"1:19.553",79553,"1:19.133",79133,"+0.429",429,"+0.079",79,15
954,2016,19,5,5,"5","27","nico-hulkenberg","force-india","mercedes","pirelli",,,"1:20.599",80599,"1:19.769",79769,"1:19.330",79330,"+0.626",626,"+0.197",197,22
954,2016,19,6,6,"6","7","kimi-raikkonen","ferrari","ferrari","pirelli",,,"1:19.554",79554,"1:19.936",79936,"1:19.376",79376,"+0.672",672,"+0.046",46,21
954,2016,19,7,7,"7","5","sebastian-vettel","ferrari","ferrari","pirelli",,,"1:19.865",79865,"1:19.385",79385,"1:19.381",79381,"+0.677",677,"+0.005",5,17
954,2016,19,8,8,"8","77","valtteri-bottas","williams","mercedes","pirelli",,,"1:20.338",80338,"1:19.958",79958,"1:19.551",79551,"+0.847",847,"+0.170",170,20
954,2016,19,9,9,"9","19","felipe-massa","williams","mercedes","pirelli",,,"1:20.423",80423,"1:20.151",80151,"1:20.032",80032,"+1.328",1328,"+0.481",481,19
954,2016,19,10,10,"10","55","carlos-sainz-jr","toro-rosso","ferrari","pirelli",,,"1:20.457",80457,"1:20.169",80169,"1:20.378",80378,"+1.674",1674,"+0.346",346,24
954,2016,19,11,11,"11","14","fernando-alonso","mclaren","honda","pirelli",,,"1:20.552",80552,"1:20.282",80282,,,,,,,12
954,2016,19,12,12,"12","11","sergio-perez","force-india","mercedes","pirelli",,,"1:20.308",80308,"1:20.287",80287,,,,,,,14
954,2016,19,13,13,"13","22","jenson-button","mclaren","honda","pirelli",,,"1:21.333",81333,"1:20.673",80673,,,,,,,17
954,2016,19,14,14,"14","20","kevin-magnussen","renault","renault","pirelli",,,"1:21.254",81254,"1:21.131",81131,,,,,,,18
954,2016,19,15,15,"15","9","marcus-ericsson","sauber","ferrari","pirelli",,,"1:21.062",81062,"1:21.536",81536,,,,,,,15
954,2016,19,16,16,"16","94","pascal-wehrlein","manor","mercedes","pirelli",,,"1:21.363",81363,"1:21.785",81785,,,,,,,17
954,2016,19,17,17,"17","21","esteban-gutierrez","haas","ferrari","pirelli",,,"1:21.401",81401,,,,,,,,,9
954,2016,19,18,18,"18","26","daniil-kvyat","toro-rosso","ferrari","pirelli",,,"1:21.454",81454,,,,,,,,,4
954,2016,19,19,19,"19","12","felipe-nasr","sauber","ferrari","pirelli",,,"1:21.692",81692,,,,,,,,,9
954,2016,19,20,20,"20","31","esteban-ocon","manor","mercedes","pirelli",,,"1:21.881",81881,,,,,,,,,10
954,2016,19,21,21,"21","8","romain-grosjean","haas","ferrari","pirelli",,,"1:21.916",81916,,,,,,,,,10
954,2016,19,22,,"NC","30","jolyon-palmer","renault","renault","pirelli",,,,,,,,,,,,,
955,2016,20,1,1,"1","44","lewis-hamilton","mercedes","mercedes","pirelli",,,"1:11.511",71511,"1:11.238",71238,"1:10.736",70736,,,,,12
955,2016,20,2,2,"2","6","nico-rosberg","mercedes","mercedes","pirelli",,,"1:11.815",71815,"1:11.373",71373,"1:10.838",70838,"+0.102",102,"+0.102",102,12
955,2016,20,3,3,"3","7","kimi-raikkonen","ferrari","ferrari","pirelli",,,"1:12.100",72100,"1:12.301",72301,"1:11.404",71404,"+0.668",668,"+0.566",566,15
955,2016,20,4,4,"4","33","max-verstappen","red-bull","tag-heuer","pirelli",,,"1:11.957",71957,"1:11.834",71834,"1:11.485",71485,"+0.749",749,"+0.081",81,12
955,2016,20,5,5,"5","5","sebastian-vettel","ferrari","ferrari","pirelli",,,"1:12.159",72159,"1:12.010",72010,"1:11.495",71495,"+0.759",759,"+0.010",10,13
955,2016,20,6,6,"6","3","daniel-ricciardo","red-bull","tag-heuer","pirelli",,,"1:12.409",72409,"1:12.047",72047,"1:11.540",71540,"+0.804",804,"+0.045",45,12
955,2016,20,7,7,"7","8","romain-grosjean","haas","ferrari","pirelli",,,"1:12.893",72893,"1:12.343",72343,"1:11.937",71937,"+1.201",1201,"+0.397",397,18
955,2016,20,8,8,"8","27","nico-hulkenberg","force-india","mercedes","pirelli",,,"1:12.428",72428,"1:12.360",72360,"1:12.104",72104,"+1.368",1368,"+0.167",167,20
955,2016,20,9,9,"9","11","sergio-perez","force-india","mercedes","pirelli",,,"1:12.684",72684,"1:12.331",72331,"1:12.165",72165,"+1.429",1429,"+0.061",61,21
955,2016,20,10,10,"10","14","fernando-alonso","mclaren","honda","pirelli",,,"1:12.700",72700,"1:12.312",72312,"1:12.266",72266,"+1.530",1530,"+0.101",101,17
955,2016,20,11,11,"11","77","valtteri-bottas","williams","mercedes","pirelli",,,"1:12.680",72680,"1:12.420",72420,,,,,,,10
955,2016,20,12,12,"12","21","esteban-gutierrez","haas","ferrari","pirelli",,,"1:13.052",73052,"1:12.431",72431,,,,,,,14
955,2016,20,13,13,"13","19","felipe-massa","williams","mercedes","pirelli",,,"1:12.432",72432,"1:12.521",72521,,,,,,,11
955,2016,20,14,14,"14","26","daniil-kvyat","toro-rosso","ferrari","pirelli",,,"1:13.071",73071,"1:12.726",72726,,,,,,,15
955,2016,20,15,15,"15","55","carlos-sainz-jr","toro-rosso","ferrari","pirelli",,,"1:12.950",72950,"1:12.920",72920,,,,,,,15
955,2016,20,16,16,"16","30","jolyon-palmer","renault","renault","pirelli",,,"1:13.259",73259,"1:13.258",73258,,,,,,,11
955,2016,20,17,17,"17","22","jenson-button","mclaren","honda","pirelli",,,"1:13.276",73276,,,,,,,,,10
955,2016,20,18,18,"18","20","kevin-magnussen","renault","renault","pirelli",,,"1:13.410",73410,,,,,,,,,6
955,2016,20,19,19,"19","94","pascal-wehrlein","manor","mercedes","pirelli",,,"1:13.427",73427,,,,,,,,,8
955,2016,20,20,20,"20","31","esteban-ocon","manor","mercedes","pirelli",,,"1:13.432",73432,,,,,,,,,8
955,2016,20,21,21,"21","9","marcus-ericsson","sauber","ferrari","pirelli",,,"1:13.623",73623,,,,,,,,,8
955,2016,20,22,22,"22","12","felipe-nasr","sauber","ferrari","pirelli",,,"1:13.681",73681,,,,,,,,,8
956,2016,21,1,1,"1","44","lewis-hamilton","mercedes","mercedes","pirelli",,,"1:39.487",99487,"1:39.382",99382,"1:38.755",98755,,,,,12
956,2016,21,2,2,"2","6","nico-rosberg","mercedes","mercedes","pirelli",,,"1:40.511",100511,"1:39.490",99490,"1:39.058",99058,"+0.303",303,"+0.303",303,12
956,2016,21,3,3,"3","3","daniel-ricciardo","red-bull","tag-heuer","pirelli",,,"1:41.002",101002,"1:40.429",100429,"1:39.589",99589,"+0.834",834,"+0.531",531,17
956,2016,21,4,4,"4","7","kimi-raikkonen","ferrari","ferrari","pirelli",,,"1:40.338",100338,"1:39.629",99629,"1:39.604",99604,"+0.849",849,"+0.015",15,14
956,2016,21,5,5,"5","5","sebastian-vettel","ferrari","ferrari","pirelli",,,"1:40.341",100341,"1:40.034",100034,"1:39.661",99661,"+0.906",906,"+0.057",57,14
956,2016,21,6,6,"6","33","max-verstappen","red-bull","tag-heuer","pirelli",,,"1:40.424",100424,"1:39.903",99903,"1:39.818",99818,"+1.063",1063,"+0.157",157,13
956,2016,21,7,7,"7","27","nico-hulkenberg","force-india","mercedes","pirelli",,,"1:41.000",101000,"1:40.709",100709,"1:40.501",100501,"+1.746",1746,"+0.683",683,12
956,2016,21,8,8,"8","11","sergio-perez","force-india","mercedes","pirelli",,,"1:40.864",100864,"1:40.743",100743,"1:40.519",100519,"+1.764",1764,"+0.018",18,12
956,2016,21,9,9,"9","14","fernando-alonso","mclaren","honda","pirelli",,,"1:41.616",101616,"1:41.044",101044,"1:41.106",101106,"+2.351",2351,"+0.587",587,17
956,2016,21,10,10,"10","19","felipe-massa","williams","mercedes","pirelli",,,"1:41.157",101157,"1:40.858",100858,"1:41.213",101213,"+2.458",2458,"+0.107",107,15
956,2016,21,11,11,"11","77","valtteri-bottas","williams","mercedes","pirelli",,,"1:41.192",101192,"1:41.084",101084,,,,,,,9
956,2016,21,12,12,"12","22","jenson-button","mclaren","honda","pirelli",,,"1:41.158",101158,"1:41.272",101272,,,,,,,14
956,2016,21,13,13,"13","21","esteban-gutierrez","haas","ferrari","pirelli",,,"1:41.639",101639,"1:41.480",101480,,,,,,,16
956,2016,21,14,14,"14","8","romain-grosjean","haas","ferrari","pirelli",,,"1:41.467",101467,"1:41.564",101564,,,,,,,15
956,2016,21,15,15,"15","30","jolyon-palmer","renault","renault","pirelli",,,"1:41.775",101775,"1:41.820",101820,,,,,,,14
956,2016,21,16,16,"16","94","pascal-wehrlein","manor","mercedes","pirelli",,,"1:41.886",101886,"1:41.995",101995,,,,,,,14
956,2016,21,17,17,"17","26","daniil-kvyat","toro-rosso","ferrari","pirelli",,,"1:42.003",102003,,,,,,,,,9
956,2016,21,18,18,"18","20","kevin-magnussen","renault","renault","pirelli",,,"1:42.142",102142,,,,,,,,,6
956,2016,21,19,19,"19","12","felipe-nasr","sauber","ferrari","pirelli",,,"1:42.247",102247,,,,,,,,,8
956,2016,21,20,20,"20","31","esteban-ocon","manor","mercedes","pirelli",,,"1:42.286",102286,,,,,,,,,8
956,2016,21,21,21,"21","55","carlos-sainz-jr","toro-rosso","ferrari","pirelli",,,"1:42.393",102393,,,,,,,,,9
956,2016,21,22,22,"22","9","marcus-ericsson","sauber","ferrari","pirelli",,,"1:42.637",102637,,,,,,,,,8
957,2017,1,1,1,"1","44","lewis-hamilton","mercedes","mercedes","pirelli",,,"1:24.191",84191,"1:23.251",83251,"1:22.188",82188,,,,,14
957,2017,1,2,2,"2","5","sebastian-vettel","ferrari","ferrari","pirelli",,,"1:25.210",85210,"1:23.401",83401,"1:22.456",82456,"+0.268",268,"+0.268",268,17
957,2017,1,3,3,"3","77","valtteri-bottas","mercedes","mercedes","pirelli",,,"1:24.514",84514,"1:23.215",83215,"1:22.481",82481,"+0.293",293,"+0.025",25,13
957,2017,1,4,4,"4","7","kimi-raikkonen","ferrari","ferrari","pirelli",,,"1:24.352",84352,"1:23.376",83376,"1:23.033",83033,"+0.845",845,"+0.552",552,19
957,2017,1,5,5,"5","33","max-verstappen","red-bull","tag-heuer","pirelli",,,"1:24.482",84482,"1:24.092",84092,"1:23.485",83485,"+1.297",1297,"+0.452",452,18
957,2017,1,6,6,"6","8","romain-grosjean","haas","ferrari","pirelli",,,"1:25.419",85419,"1:24.718",84718,"1:24.074",84074,"+1.886",1886,"+0.589",589,17
957,2017,1,7,7,"7","19","felipe-massa","williams","mercedes","pirelli",,,"1:25.099",85099,"1:24.597",84597,"1:24.443",84443,"+2.255",2255,"+0.369",369,16
957,2017,1,8,8,"8","55","carlos-sainz-jr","toro-rosso","toro-rosso","pirelli",,,"1:25.542",85542,"1:24.997",84997,"1:24.487",84487,"+2.299",2299,"+0.044",44,16
957,2017,1,9,9,"9","26","daniil-kvyat","toro-rosso","toro-rosso","pirelli",,,"1:25.970",85970,"1:24.864",84864,"1:24.512",84512,"+2.324",2324,"+0.025",25,16
957,2017,1,10,10,"10","3","daniel-ricciardo","red-bull","tag-heuer","pirelli",,,"1:25.383",85383,"1:23.989",83989,,,,,,,10
957,2017,1,11,11,"11","11","sergio-perez","force-india","mercedes","pirelli",,,"1:25.064",85064,"1:25.081",85081,,,,,,,13
957,2017,1,12,12,"12","27","nico-hulkenberg","renault","renault","pirelli",,,"1:24.975",84975,"1:25.091",85091,,,,,,,12
957,2017,1,13,13,"13","14","fernando-alonso","mclaren","honda","pirelli",,,"1:25.872",85872,"1:25.425",85425,,,,,,,15
957,2017,1,14,14,"14","31","esteban-ocon","force-india","mercedes","pirelli",,,"1:26.009",86009,"1:25.568",85568,,,,,,,16
957,2017,1,15,15,"15","9","marcus-ericsson","sauber","ferrari","pirelli",,,"1:26.236",86236,"1:26.465",86465,,,,,,,15
957,2017,1,16,16,"16","36","antonio-giovinazzi","sauber","ferrari","pirelli",,,"1:26.419",86419,,,,,,,,,8
957,2017,1,17,17,"17","20","kevin-magnussen","haas","ferrari","pirelli",,,"1:26.847",86847,,,,,,,,,7
957,2017,1,18,18,"18","2","stoffel-vandoorne","mclaren","honda","pirelli",,,"1:26.858",86858,,,,,,,,,6
957,2017,1,19,19,"19","18","lance-stroll","williams","mercedes","pirelli",,,"1:27.143",87143,,,,,,,,,7
957,2017,1,20,20,"20","30","jolyon-palmer","renault","renault","pirelli",,,"1:28.244",88244,,,,,,,,,7
958,2017,2,1,1,"1","44","lewis-hamilton","mercedes","mercedes","pirelli",,,"1:33.333",93333,"1:32.406",92406,"1:31.678",91678,,,,,13
958,2017,2,2,2,"2","5","sebastian-vettel","ferrari","ferrari","pirelli",,,"1:33.078",93078,"1:32.391",92391,"1:31.864",91864,"+0.186",186,"+0.186",186,15
958,2017,2,3,3,"3","77","valtteri-bottas","mercedes","mercedes","pirelli",,,"1:33.684",93684,"1:32.552",92552,"1:31.865",91865,"+0.187",187,"+0.001",1,14
958,2017,2,4,4,"4","7","kimi-raikkonen","ferrari","ferrari","pirelli",,,"1:33.341",93341,"1:32.181",92181,"1:32.140",92140,"+0.462",462,"+0.275",275,15
958,2017,2,5,5,"5","3","daniel-ricciardo","red-bull","tag-heuer","pirelli",,,"1:34.041",94041,"1:33.546",93546,"1:33.033",93033,"+1.355",1355,"+0.893",893,12
958,2017,2,6,6,"6","19","felipe-massa","williams","mercedes","pirelli",,,"1:34.205",94205,"1:33.759",93759,"1:33.507",93507,"+1.829",1829,"+0.474",474,14
958,2017,2,7,7,"7","27","nico-hulkenberg","renault","renault","pirelli",,,"1:34.453",94453,"1:33.636",93636,"1:33.580",93580,"+1.902",1902,"+0.073",73,16
958,2017,2,8,8,"8","11","sergio-perez","force-india","mercedes","pirelli",,,"1:34.657",94657,"1:33.920",93920,"1:33.706",93706,"+2.028",2028,"+0.126",126,15
958,2017,2,9,9,"9","26","daniil-kvyat","toro-rosso","toro-rosso","pirelli",,,"1:34.440",94440,"1:34.034",94034,"1:33.719",93719,"+2.041",2041,"+0.013",13,17
958,2017,2,10,10,"10","18","lance-stroll","williams","mercedes","pirelli",,,"1:33.986",93986,"1:34.090",94090,"1:34.220",94220,"+2.542",2542,"+0.501",501,18
958,2017,2,11,11,"11","55","carlos-sainz-jr","toro-rosso","toro-rosso","pirelli",,,"1:34.567",94567,"1:34.150",94150,,,,,,,11
958,2017,2,12,12,"12","20","kevin-magnussen","haas","ferrari","pirelli",,,"1:34.942",94942,"1:34.164",94164,,,,,,,12
958,2017,2,13,13,"13","14","fernando-alonso","mclaren","honda","pirelli",,,"1:34.499",94499,"1:34.372",94372,,,,,,,11
958,2017,2,14,14,"14","9","marcus-ericsson","sauber","ferrari","pirelli",,,"1:34.892",94892,"1:35.046",95046,,,,,,,15
958,2017,2,15,15,"15","36","antonio-giovinazzi","sauber","ferrari","pirelli",,,"1:34.963",94963,,,,,,,,,8
958,2017,2,16,16,"16","2","stoffel-vandoorne","mclaren","honda","pirelli",,,"1:35.023",95023,,,,,,,,,6
958,2017,2,17,17,"17","8","romain-grosjean","haas","ferrari","pirelli",,,"1:35.223",95223,,,,,,,,,6
958,2017,2,18,18,"18","30","jolyon-palmer","renault","renault","pirelli",,,"1:35.279",95279,,,,,,,,,6
958,2017,2,19,19,"19","33","max-verstappen","red-bull","tag-heuer","pirelli",,,"1:35.433",95433,,,,,,,,,7
958,2017,2,20,20,"20","31","esteban-ocon","force-india","mercedes","pirelli",,,"1:35.496",95496,,,,,,,,,8
959,2017,3,1,1,"1","77","valtteri-bottas","mercedes","mercedes","pirelli",,,"1:31.041",91041,"1:29.555",89555,"1:28.769",88769,,,,,12
959,2017,3,2,2,"2","44","lewis-hamilton","mercedes","mercedes","pirelli",,,"1:30.814",90814,"1:29.535",89535,"1:28.792",88792,"+0.023",23,"+0.023",23,13
959,2017,3,3,3,"3","5","sebastian-vettel","ferrari","ferrari","pirelli",,,"1:31.037",91037,"1:29.596",89596,"1:29.247",89247,"+0.478",478,"+0.455",455,12
959,2017,3,4,4,"4","3","daniel-ricciardo","red-bull","tag-heuer","pirelli",,,"1:31.667",91667,"1:30.497",90497,"1:29.545",89545,"+0.776",776,"+0.298",298,12
959,2017,3,5,5,"5","7","kimi-raikkonen","ferrari","ferrari","pirelli",,,"1:30.988",90988,"1:29.843",89843,"1:29.567",89567,"+0.798",798,"+0.022",22,16
959,2017,3,6,6,"6","33","max-verstappen","red-bull","tag-heuer","pirelli",,,"1:30.904",90904,"1:30.307",90307,"1:29.687",89687,"+0.918",918,"+0.120",120,12
959,2017,3,7,7,"7","27","nico-hulkenberg","renault","renault","pirelli",,,"1:31.057",91057,"1:30.169",90169,"1:29.842",89842,"+1.073",1073,"+0.155",155,15
959,2017,3,8,8,"8","19","felipe-massa","williams","mercedes","pirelli",,,"1:31.373",91373,"1:30.677",90677,"1:30.074",90074,"+1.305",1305,"+0.232",232,12
959,2017,3,9,9,"9","8","romain-grosjean","haas","ferrari","pirelli",,,"1:31.691",91691,"1:30.857",90857,"1:30.763",90763,"+1.994",1994,"+0.689",689,16
959,2017,3,10,10,"10","30","jolyon-palmer","renault","renault","pirelli",,,"1:31.458",91458,"1:30.899",90899,"1:31.074",91074,"+2.305",2305,"+0.311",311,15
959,2017,3,11,11,"11","26","daniil-kvyat","toro-rosso","toro-rosso","pirelli",,,"1:31.531",91531,"1:30.923",90923,,,,,,,12
959,2017,3,12,12,"12","18","lance-stroll","williams","mercedes","pirelli",,,"1:31.748",91748,"1:31.168",91168,,,,,,,12
959,2017,3,13,13,"13","94","pascal-wehrlein","sauber","ferrari","pirelli",,,"1:31.995",91995,"1:31.414",91414,,,,,,,15
959,2017,3,14,14,"14","31","esteban-ocon","force-india","mercedes","pirelli",,,"1:31.774",91774,"1:31.684",91684,,,,,,,12
959,2017,3,15,15,"15","14","fernando-alonso","mclaren","honda","pirelli",,,"1:32.054",92054,,,,,,,,,8
959,2017,3,16,16,"16","55","carlos-sainz-jr","toro-rosso","toro-rosso","pirelli",,,"1:32.118",92118,,,,,,,,,5
959,2017,3,17,17,"17","2","stoffel-vandoorne","mclaren","honda","pirelli",,,"1:32.313",92313,,,,,,,,,8
959,2017,3,18,18,"18","11","sergio-perez","force-india","mercedes","pirelli",,,"1:32.318",92318,,,,,,,,,7
959,2017,3,19,19,"19","9","marcus-ericsson","sauber","ferrari","pirelli",,,"1:32.543",92543,,,,,,,,,9
959,2017,3,20,20,"20","20","kevin-magnussen","haas","ferrari","pirelli",,,"1:32.900",92900,,,,,,,,,8
960,2017,4,1,1,"1","5","sebastian-vettel","ferrari","ferrari","pirelli",,,"1:34.493",94493,"1:34.038",94038,"1:33.194",93194,,,,,20
960,2017,4,2,2,"2","7","kimi-raikkonen","ferrari","ferrari","pirelli",,,"1:34.953",94953,"1:33.663",93663,"1:33.253",93253,"+0.059",59,"+0.059",59,18
960,2017,4,3,3,"3","77","valtteri-bottas","mercedes","mercedes","pirelli",,,"1:34.041",94041,"1:33.264",93264,"1:33.289",93289,"+0.095",95,"+0.036",36,18
960,2017,4,4,4,"4","44","lewis-hamilton","mercedes","mercedes","pirelli",,,"1:34.409",94409,"1:33.760",93760,"1:33.767",93767,"+0.573",573,"+0.478",478,19
960,2017,4,5,5,"5","3","daniel-ricciardo","red-bull","tag-heuer","pirelli",,,"1:35.560",95560,"1:35.483",95483,"1:34.905",94905,"+1.711",1711,"+1.138",1138,20
960,2017,4,6,6,"6","19","felipe-massa","williams","mercedes","pirelli",,,"1:35.828",95828,"1:35.049",95049,"1:35.110",95110,"+1.916",1916,"+0.205",205,20
960,2017,4,7,7,"7","33","max-verstappen","red-bull","tag-heuer","pirelli",,,"1:35.301",95301,"1:35.221",95221,"1:35.161",95161,"+1.967",1967,"+0.051",51,18
960,2017,4,8,8,"8","27","nico-hulkenberg","renault","renault","pirelli",,,"1:35.507",95507,"1:35.328",95328,"1:35.285",95285,"+2.091",2091,"+0.124",124,21
960,2017,4,9,9,"9","11","sergio-perez","force-india","mercedes","pirelli",,,"1:36.185",96185,"1:35.513",95513,"1:35.337",95337,"+2.143",2143,"+0.052",52,18
960,2017,4,10,10,"10","31","esteban-ocon","force-india","mercedes","pirelli",,,"1:35.372",95372,"1:35.729",95729,"1:35.430",95430,"+2.236",2236,"+0.093",93,20
960,2017,4,11,11,"11","55","carlos-sainz-jr","toro-rosso","toro-rosso","pirelli",,,"1:35.827",95827,"1:35.948",95948,,,,,,,18
960,2017,4,12,12,"12","18","lance-stroll","williams","mercedes","pirelli",,,"1:36.279",96279,"1:35.964",95964,,,,,,,18
960,2017,4,13,13,"13","26","daniil-kvyat","toro-rosso","toro-rosso","pirelli",,,"1:35.984",95984,"1:35.968",95968,,,,,,,18
960,2017,4,14,14,"14","20","kevin-magnussen","haas","ferrari","pirelli",,,"1:36.408",96408,"1:36.017",96017,,,,,,,16
960,2017,4,15,15,"15","14","fernando-alonso","mclaren","honda","pirelli",,,"1:36.353",96353,"1:36.660",96660,,,,,,,14
960,2017,4,16,16,"16","30","jolyon-palmer","renault","renault","pirelli",,,"1:36.462",96462,,,,,,,,,9
960,2017,4,17,17,"17","2","stoffel-vandoorne","mclaren","honda","pirelli",,,"1:37.070",97070,,,,,,,,,9
960,2017,4,18,18,"18","94","pascal-wehrlein","sauber","ferrari","pirelli",,,"1:37.332",97332,,,,,,,,,9
960,2017,4,19,19,"19","9","marcus-ericsson","sauber","ferrari","pirelli",,,"1:37.507",97507,,,,,,,,,9
960,2017,4,20,20,"20","8","romain-grosjean","haas","ferrari","pirelli",,,"1:37.620",97620,,,,,,,,,9
961,2017,5,1,1,"1","44","lewis-hamilton","mercedes","mercedes","pirelli",,,"1:20.511",80511,"1:20.210",80210,"1:19.149",79149,,,,,12
961,2017,5,2,2,"2","5","sebastian-vettel","ferrari","ferrari","pirelli",,,"1:20.939",80939,"1:20.295",80295,"1:19.200",79200,"+0.051",51,"+0.051",51,16
961,2017,5,3,3,"3","77","valtteri-bottas","mercedes","mercedes","pirelli",,,"1:20.991",80991,"1:20.300",80300,"1:19.373",79373,"+0.224",224,"+0.173",173,15
961,2017,5,4,4,"4","7","kimi-raikkonen","ferrari","ferrari","pirelli",,,"1:20.742",80742,"1:20.621",80621,"1:19.439",79439,"+0.290",290,"+0.066",66,14
961,2017,5,5,5,"5","33","max-verstappen","red-bull","tag-heuer","pirelli",,,"1:21.430",81430,"1:20.722",80722,"1:19.706",79706,"+0.557",557,"+0.267",267,12
961,2017,5,6,6,"6","3","daniel-ricciardo","red-bull","tag-heuer","pirelli",,,"1:21.704",81704,"1:20.855",80855,"1:20.175",80175,"+1.026",1026,"+0.469",469,12
961,2017,5,7,7,"7","14","fernando-alonso","mclaren","honda","pirelli",,,"1:22.015",82015,"1:21.251",81251,"1:21.048",81048,"+1.899",1899,"+0.873",873,15
961,2017,5,8,8,"8","11","sergio-perez","force-india","mercedes","pirelli",,,"1:21.998",81998,"1:21.239",81239,"1:21.070",81070,"+1.921",1921,"+0.022",22,14
961,2017,5,9,9,"9","19","felipe-massa","williams","mercedes","pirelli",,,"1:22.138",82138,"1:21.222",81222,"1:21.232",81232,"+2.083",2083,"+0.162",162,15
961,2017,5,10,10,"10","31","esteban-ocon","force-india","mercedes","pirelli",,,"1:21.901",81901,"1:21.148",81148,"1:21.272",81272,"+2.123",2123,"+0.040",40,17
961,2017,5,11,11,"11","20","kevin-magnussen","haas","ferrari","pirelli",,,"1:21.945",81945,"1:21.329",81329,,,,,,,13
961,2017,5,12,12,"12","55","carlos-sainz-jr","toro-rosso","toro-rosso","pirelli",,,"1:21.941",81941,"1:21.371",81371,,,,,,,12
961,2017,5,13,13,"13","27","nico-hulkenberg","renault","renault","pirelli",,,"1:22.091",82091,"1:21.397",81397,,,,,,,12
961,2017,5,14,14,"14","8","romain-grosjean","haas","ferrari","pirelli",,,"1:21.822",81822,"1:21.517",81517,,,,,,,13
961,2017,5,15,15,"15","94","pascal-wehrlein","sauber","ferrari","pirelli",,,"1:22.327",82327,"1:21.803",81803,,,,,,,15
961,2017,5,16,16,"16","9","marcus-ericsson","sauber","ferrari","pirelli",,,"1:22.332",82332,,,,,,,,,9
961,2017,5,17,17,"17","30","jolyon-palmer","renault","renault","pirelli",,,"1:22.401",82401,,,,,,,,,6
961,2017,5,18,18,"18","18","lance-stroll","williams","mercedes","pirelli",,,"1:22.411",82411,,,,,,,,,7
961,2017,5,19,19,"19","2","stoffel-vandoorne","mclaren","honda","pirelli",,,"1:22.532",82532,,,,,,,,,9
961,2017,5,20,20,"20","26","daniil-kvyat","toro-rosso","toro-rosso","pirelli",,,"1:22.746",82746,,,,,,,,,6
962,2017,6,1,1,"1","7","kimi-raikkonen","ferrari","ferrari","pirelli",,,"1:13.117",73117,"1:12.231",72231,"1:12.178",72178,,,,,23
962,2017,6,2,2,"2","5","sebastian-vettel","ferrari","ferrari","pirelli",,,"1:13.090",73090,"1:12.449",72449,"1:12.221",72221,"+0.043",43,"+0.043",43,23
962,2017,6,3,3,"3","77","valtteri-bottas","mercedes","mercedes","pirelli",,,"1:13.325",73325,"1:12.901",72901,"1:12.223",72223,"+0.045",45,"+0.002",2,30
962,2017,6,4,4,"4","33","max-verstappen","red-bull","tag-heuer","pirelli",,,"1:13.078",73078,"1:12.697",72697,"1:12.496",72496,"+0.318",318,"+0.273",273,24
962,2017,6,5,5,"5","3","daniel-ricciardo","red-bull","tag-heuer","pirelli",,,"1:13.219",73219,"1:13.011",73011,"1:12.998",72998,"+0.820",820,"+0.502",502,21
962,2017,6,6,6,"6","55","carlos-sainz-jr","toro-rosso","toro-rosso","pirelli",,,"1:13.526",73526,"1:13.397",73397,"1:13.162",73162,"+0.984",984,"+0.164",164,30
962,2017,6,7,7,"7","11","sergio-perez","force-india","mercedes","pirelli",,,"1:13.530",73530,"1:13.430",73430,"1:13.329",73329,"+1.151",1151,"+0.167",167,23
962,2017,6,8,8,"8","8","romain-grosjean","haas","ferrari","pirelli",,,"1:13.786",73786,"1:13.203",73203,"1:13.349",73349,"+1.171",1171,"+0.020",20,29
962,2017,6,9,9,"9","22","jenson-button","mclaren","honda","pirelli",,,"1:13.723",73723,"1:13.453",73453,"1:13.613",73613,"+1.435",1435,"+0.264",264,27
962,2017,6,10,10,"10","2","stoffel-vandoorne","mclaren","honda","pirelli",,,"1:13.476",73476,"1:13.249",73249,,,,,,,20
962,2017,6,11,11,"11","26","daniil-kvyat","toro-rosso","toro-rosso","pirelli",,,"1:13.899",73899,"1:13.516",73516,,,,,,,19
962,2017,6,12,12,"12","27","nico-hulkenberg","renault","renault","pirelli",,,"1:13.787",73787,"1:13.628",73628,,,,,,,21
962,2017,6,13,13,"13","20","kevin-magnussen","haas","ferrari","pirelli",,,"1:13.531",73531,"1:13.959",73959,,,,,,,20
962,2017,6,14,14,"14","44","lewis-hamilton","mercedes","mercedes","pirelli",,,"1:13.640",73640,"1:14.106",74106,,,,,,,18
962,2017,6,15,15,"15","19","felipe-massa","williams","mercedes","pirelli",,,"1:13.796",73796,"1:20.529",80529,,,,,,,20
962,2017,6,16,16,"16","31","esteban-ocon","force-india","mercedes","pirelli",,,"1:14.101",74101,,,,,,,,,7
962,2017,6,17,17,"17","30","jolyon-palmer","renault","renault","pirelli",,,"1:14.696",74696,,,,,,,,,11
962,2017,6,18,18,"18","18","lance-stroll","williams","mercedes","pirelli",,,"1:14.893",74893,,,,,,,,,7
962,2017,6,19,19,"19","94","pascal-wehrlein","sauber","ferrari","pirelli",,,"1:15.159",75159,,,,,,,,,11
962,2017,6,20,20,"20","9","marcus-ericsson","sauber","ferrari","pirelli",,,"1:15.276",75276,,,,,,,,,11
963,2017,7,1,1,"1","44","lewis-hamilton","mercedes","mercedes","pirelli",,,"1:12.692",72692,"1:12.496",72496,"1:11.459",71459,,,,,21
963,2017,7,2,2,"2","5","sebastian-vettel","ferrari","ferrari","pirelli",,,"1:13.046",73046,"1:12.749",72749,"1:11.789",71789,"+0.330",330,"+0.330",330,21
963,2017,7,3,3,"3","77","valtteri-bottas","mercedes","mercedes","pirelli",,,"1:12.685",72685,"1:12.563",72563,"1:12.177",72177,"+0.718",718,"+0.388",388,20
963,2017,7,4,4,"4","7","kimi-raikkonen","ferrari","ferrari","pirelli",,,"1:13.548",73548,"1:12.580",72580,"1:12.252",72252,"+0.793",793,"+0.075",75,23
963,2017,7,5,5,"5","33","max-verstappen","red-bull","tag-heuer","pirelli",,,"1:13.177",73177,"1:12.751",72751,"1:12.403",72403,"+0.944",944,"+0.151",151,26
963,2017,7,6,6,"6","3","daniel-ricciardo","red-bull","tag-heuer","pirelli",,,"1:13.543",73543,"1:12.810",72810,"1:12.557",72557,"+1.098",1098,"+0.154",154,28
963,2017,7,7,7,"7","19","felipe-massa","williams","mercedes","pirelli",,,"1:13.435",73435,"1:13.012",73012,"1:12.858",72858,"+1.399",1399,"+0.301",301,27
963,2017,7,8,8,"8","11","sergio-perez","force-india","mercedes","pirelli",,,"1:13.470",73470,"1:13.262",73262,"1:13.018",73018,"+1.559",1559,"+0.160",160,22
963,2017,7,9,9,"9","31","esteban-ocon","force-india","mercedes","pirelli",,,"1:13.520",73520,"1:13.320",73320,"1:13.135",73135,"+1.676",1676,"+0.117",117,22
963,2017,7,10,10,"10","27","nico-hulkenberg","renault","renault","pirelli",,,"1:13.804",73804,"1:13.406",73406,"1:13.271",73271,"+1.812",1812,"+0.136",136,24
963,2017,7,11,11,"11","26","daniil-kvyat","toro-rosso","toro-rosso","pirelli",,,"1:13.802",73802,"1:13.690",73690,,,,,,,18
963,2017,7,12,12,"12","14","fernando-alonso","mclaren","honda","pirelli",,,"1:13.669",73669,"1:13.693",73693,,,,,,,18
963,2017,7,13,13,"13","55","carlos-sainz-jr","toro-rosso","toro-rosso","pirelli",,,"1:14.051",74051,"1:13.756",73756,,,,,,,19
963,2017,7,14,14,"14","8","romain-grosjean","haas","ferrari","pirelli",,,"1:13.780",73780,"1:13.839",73839,,,,,,,21
963,2017,7,15,15,"15","30","jolyon-palmer","renault","renault","pirelli",,,"1:13.990",73990,"1:14.293",74293,,,,,,,20
963,2017,7,16,16,"16","2","stoffel-vandoorne","mclaren","honda","pirelli",,,"1:14.182",74182,,,,,,,,,11
963,2017,7,17,17,"17","18","lance-stroll","williams","mercedes","pirelli",,,"1:14.209",74209,,,,,,,,,14
963,2017,7,18,18,"18","20","kevin-magnussen","haas","ferrari","pirelli",,,"1:14.318",74318,,,,,,,,,11
963,2017,7,19,19,"19","9","marcus-ericsson","sauber","ferrari","pirelli",,,"1:14.495",74495,,,,,,,,,11
963,2017,7,20,20,"20","94","pascal-wehrlein","sauber","ferrari","pirelli",,,"1:14.810",74810,,,,,,,,,10
964,2017,8,1,1,"1","44","lewis-hamilton","mercedes","mercedes","pirelli",,,"1:41.983",101983,"1:41.275",101275,"1:40.593",100593,,,,,20
964,2017,8,2,2,"2","77","valtteri-bottas","mercedes","mercedes","pirelli",,,"1:43.026",103026,"1:41.502",101502,"1:41.027",101027,"+0.434",434,"+0.434",434,23
964,2017,8,3,3,"3","7","kimi-raikkonen","ferrari","ferrari","pirelli",,,"1:42.678",102678,"1:42.090",102090,"1:41.693",101693,"+1.100",1100,"+0.666",666,23
964,2017,8,4,4,"4","5","sebastian-vettel","ferrari","ferrari","pirelli",,,"1:42.952",102952,"1:41.911",101911,"1:41.841",101841,"+1.248",1248,"+0.148",148,23
964,2017,8,5,5,"5","33","max-verstappen","red-bull","tag-heuer","pirelli",,,"1:42.544",102544,"1:41.961",101961,"1:41.879",101879,"+1.286",1286,"+0.038",38,22
964,2017,8,6,6,"6","11","sergio-perez","force-india","mercedes","pirelli",,,"1:43.162",103162,"1:42.467",102467,"1:42.111",102111,"+1.518",1518,"+0.232",232,21
964,2017,8,7,7,"7","31","esteban-ocon","force-india","mercedes","pirelli",,,"1:43.051",103051,"1:42.751",102751,"1:42.186",102186,"+1.593",1593,"+0.075",75,21
964,2017,8,8,8,"8","18","lance-stroll","williams","mercedes","pirelli",,,"1:43.613",103613,"1:42.284",102284,"1:42.753",102753,"+2.160",2160,"+0.567",567,21
964,2017,8,9,9,"9","19","felipe-massa","williams","mercedes","pirelli",,,"1:43.165",103165,"1:42.735",102735,"1:42.798",102798,"+2.205",2205,"+0.045",45,22
964,2017,8,10,10,"10","3","daniel-ricciardo","red-bull","tag-heuer","pirelli",,,"1:42.857",102857,"1:42.215",102215,"1:43.414",103414,"+2.821",2821,"+0.616",616,20
964,2017,8,11,11,"11","26","daniil-kvyat","toro-rosso","toro-rosso","pirelli",,,"1:42.927",102927,"1:43.186",103186,,,,,,,19
964,2017,8,12,12,"12","55","carlos-sainz-jr","toro-rosso","toro-rosso","pirelli",,,"1:43.489",103489,"1:43.347",103347,,,,,,,20
964,2017,8,13,13,"13","20","kevin-magnussen","haas","ferrari","pirelli",,,"1:44.029",104029,"1:43.796",103796,,,,,,,18
964,2017,8,14,14,"14","27","nico-hulkenberg","renault","renault","pirelli",,,"1:43.930",103930,"1:44.267",104267,,,,,,,12
964,2017,8,15,15,"15","94","pascal-wehrlein","sauber","ferrari","pirelli",,,"1:44.317",104317,"1:44.603",104603,,,,,,,18
964,2017,8,16,16,"16","14","fernando-alonso","mclaren","honda","pirelli",,,"1:44.334",104334,,,,,,,,,9
964,2017,8,17,17,"17","8","romain-grosjean","haas","ferrari","pirelli",,,"1:44.468",104468,,,,,,,,,10
964,2017,8,18,18,"18","9","marcus-ericsson","sauber","ferrari","pirelli",,,"1:44.795",104795,,,,,,,,,10
964,2017,8,19,19,"19","2","stoffel-vandoorne","mclaren","honda","pirelli",,,"1:45.030",105030,,,,,,,,,8
964,2017,8,20,,"NC","30","jolyon-palmer","renault","renault","pirelli",,,,,,,,,,,,,
965,2017,9,1,1,"1","77","valtteri-bottas","mercedes","mercedes","pirelli",,,"1:05.760",65760,"1:04.316",64316,"1:04.251",64251,,,,,18
965,2017,9,2,2,"2","5","sebastian-vettel","ferrari","ferrari","pirelli",,,"1:05.585",65585,"1:04.772",64772,"1:04.293",64293,"+0.042",42,"+0.042",42,17
965,2017,9,3,3,"3","44","lewis-hamilton","mercedes","mercedes","pirelli",,,"1:05.064",65064,"1:04.800",64800,"1:04.424",64424,"+0.173",173,"+0.131",131,17
965,2017,9,4,4,"4","7","kimi-raikkonen","ferrari","ferrari","pirelli",,,"1:05.148",65148,"1:05.004",65004,"1:04.779",64779,"+0.528",528,"+0.355",355,17
965,2017,9,5,5,"5","3","daniel-ricciardo","red-bull","tag-heuer","pirelli",,,"1:05.854",65854,"1:05.161",65161,"1:04.896",64896,"+0.645",645,"+0.117",117,22
965,2017,9,6,6,"6","33","max-verstappen","red-bull","tag-heuer","pirelli",,,"1:05.779",65779,"1:04.948",64948,"1:04.983",64983,"+0.732",732,"+0.087",87,16
965,2017,9,7,7,"7","8","romain-grosjean","haas","ferrari","pirelli",,,"1:05.902",65902,"1:05.319",65319,"1:05.480",65480,"+1.229",1229,"+0.497",497,30
965,2017,9,8,8,"8","11","sergio-perez","force-india","mercedes","pirelli",,,"1:05.975",65975,"1:05.435",65435,"1:05.605",65605,"+1.354",1354,"+0.125",125,21
965,2017,9,9,9,"9","31","esteban-ocon","force-india","mercedes","pirelli",,,"1:06.033",66033,"1:05.550",65550,"1:05.674",65674,"+1.423",1423,"+0.069",69,22
965,2017,9,10,10,"10","55","carlos-sainz-jr","toro-rosso","toro-rosso","pirelli",,,"1:05.675",65675,"1:05.544",65544,"1:05.726",65726,"+1.475",1475,"+0.052",52,23
965,2017,9,11,11,"11","27","nico-hulkenberg","renault","renault","pirelli",,,"1:06.174",66174,"1:05.597",65597,,,,,,,16
965,2017,9,12,12,"12","14","fernando-alonso","mclaren","honda","pirelli",,,"1:06.158",66158,"1:05.602",65602,,,,,,,14
965,2017,9,13,13,"13","2","stoffel-vandoorne","mclaren","honda","pirelli",,,"1:06.316",66316,"1:05.741",65741,,,,,,,14
965,2017,9,14,14,"14","26","daniil-kvyat","toro-rosso","toro-rosso","pirelli",,,"1:05.990",65990,"1:05.884",65884,,,,,,,16
965,2017,9,15,15,"15","20","kevin-magnussen","haas","ferrari","pirelli",,,"1:06.143",66143,,,,,,,,,6
965,2017,9,16,16,"16","30","jolyon-palmer","renault","renault","pirelli",,,"1:06.345",66345,,,,,,,,,10
965,2017,9,17,17,"17","19","felipe-massa","williams","mercedes","pirelli",,,"1:06.534",66534,,,,,,,,,8
965,2017,9,18,18,"18","18","lance-stroll","williams","mercedes","pirelli",,,"1:06.608",66608,,,,,,,,,11
965,2017,9,19,19,"19","9","marcus-ericsson","sauber","ferrari","pirelli",,,"1:06.857",66857,,,,,,,,,12
965,2017,9,20,20,"20","94","pascal-wehrlein","sauber","ferrari","pirelli",,,"1:07.011",67011,,,,,,,,,11
966,2017,10,1,1,"1","44","lewis-hamilton","mercedes","mercedes","pirelli",,,"1:39.069",99069,"1:27.893",87893,"1:26.600",86600,,,,,25
966,2017,10,2,2,"2","7","kimi-raikkonen","ferrari","ferrari","pirelli",,,"1:40.455",100455,"1:28.992",88992,"1:27.147",87147,"+0.547",547,"+0.547",547,26
966,2017,10,3,3,"3","5","sebastian-vettel","ferrari","ferrari","pirelli",,,"1:39.962",99962,"1:28.978",88978,"1:27.356",87356,"+0.756",756,"+0.209",209,24
966,2017,10,4,4,"4","77","valtteri-bottas","mercedes","mercedes","pirelli",,,"1:39.698",99698,"1:28.732",88732,"1:27.376",87376,"+0.776",776,"+0.020",20,26
966,2017,10,5,5,"5","33","max-verstappen","red-bull","tag-heuer","pirelli",,,"1:38.912",98912,"1:29.431",89431,"1:28.130",88130,"+1.530",1530,"+0.754",754,23
966,2017,10,6,6,"6","27","nico-hulkenberg","renault","renault","pirelli",,,"1:39.201",99201,"1:29.340",89340,"1:28.856",88856,"+2.256",2256,"+0.726",726,21
966,2017,10,7,7,"7","11","sergio-perez","force-india","mercedes","pirelli",,,"1:42.009",102009,"1:29.824",89824,"1:28.902",88902,"+2.302",2302,"+0.046",46,26
966,2017,10,8,8,"8","31","esteban-ocon","force-india","mercedes","pirelli",,,"1:39.738",99738,"1:29.701",89701,"1:29.074",89074,"+2.474",2474,"+0.172",172,25
966,2017,10,9,9,"9","2","stoffel-vandoorne","mclaren","honda","pirelli",,,"1:40.011",100011,"1:30.105",90105,"1:29.418",89418,"+2.818",2818,"+0.344",344,24
966,2017,10,10,10,"10","8","romain-grosjean","haas","ferrari","pirelli",,,"1:42.042",102042,"1:29.966",89966,"1:29.549",89549,"+2.949",2949,"+0.131",131,26
966,2017,10,11,11,"11","30","jolyon-palmer","renault","renault","pirelli",,,"1:41.404",101404,"1:30.193",90193,,,,,,,18
966,2017,10,12,12,"12","26","daniil-kvyat","toro-rosso","toro-rosso","pirelli",,,"1:41.726",101726,"1:30.355",90355,,,,,,,20
966,2017,10,13,13,"13","14","fernando-alonso","mclaren","honda","pirelli",,,"1:37.598",97598,"1:30.600",90600,,,,,,,17
966,2017,10,14,14,"14","55","carlos-sainz-jr","toro-rosso","toro-rosso","pirelli",,,"1:41.114",101114,"1:31.368",91368,,,,,,,15
966,2017,10,15,15,"15","19","felipe-massa","williams","mercedes","pirelli",,,"1:41.874",101874,"1:31.482",91482,,,,,,,21
966,2017,10,16,16,"16","18","lance-stroll","williams","mercedes","pirelli",,,"1:42.573",102573,,,,,,,,,11
966,2017,10,17,17,"17","20","kevin-magnussen","haas","ferrari","pirelli",,,"1:42.577",102577,,,,,,,,,11
966,2017,10,18,18,"18","94","pascal-wehrlein","sauber","ferrari","pirelli",,,"1:42.593",102593,,,,,,,,,10
966,2017,10,19,19,"19","9","marcus-ericsson","sauber","ferrari","pirelli",,,"1:42.633",102633,,,,,,,,,10
966,2017,10,20,20,"20","3","daniel-ricciardo","red-bull","tag-heuer","pirelli",,,"1:42.966",102966,,,,,,,,,4
967,2017,11,1,1,"1","5","sebastian-vettel","ferrari","ferrari","pirelli",,,"1:17.244",77244,"1:16.802",76802,"1:16.276",76276,,,,,14
967,2017,11,2,2,"2","7","kimi-raikkonen","ferrari","ferrari","pirelli",,,"1:17.364",77364,"1:17.207",77207,"1:16.444",76444,"+0.168",168,"+0.168",168,14
967,2017,11,3,3,"3","77","valtteri-bottas","mercedes","mercedes","pirelli",,,"1:18.058",78058,"1:17.362",77362,"1:16.530",76530,"+0.254",254,"+0.086",86,18
967,2017,11,4,4,"4","44","lewis-hamilton","mercedes","mercedes","pirelli",,,"1:17.492",77492,"1:16.693",76693,"1:16.707",76707,"+0.431",431,"+0.177",177,17
967,2017,11,5,5,"5","33","max-verstappen","red-bull","tag-heuer","pirelli",,,"1:17.266",77266,"1:17.028",77028,"1:16.797",76797,"+0.521",521,"+0.090",90,14
967,2017,11,6,6,"6","3","daniel-ricciardo","red-bull","tag-heuer","pirelli",,,"1:17.702",77702,"1:17.698",77698,"1:16.818",76818,"+0.542",542,"+0.021",21,14
967,2017,11,7,7,"7","27","nico-hulkenberg","renault","renault","pirelli",,,"1:18.137",78137,"1:17.655",77655,"1:17.468",77468,"+1.192",1192,"+0.650",650,14
967,2017,11,8,8,"8","14","fernando-alonso","mclaren","honda","pirelli",,,"1:18.395",78395,"1:17.919",77919,"1:17.549",77549,"+1.273",1273,"+0.081",81,17
967,2017,11,9,9,"9","2","stoffel-vandoorne","mclaren","honda","pirelli",,,"1:18.479",78479,"1:18.000",78000,"1:17.894",77894,"+1.618",1618,"+0.345",345,17
967,2017,11,10,10,"10","55","carlos-sainz-jr","toro-rosso","toro-rosso","pirelli",,,"1:18.948",78948,"1:18.311",78311,"1:18.912",78912,"+2.636",2636,"+1.018",1018,19
967,2017,11,11,11,"11","30","jolyon-palmer","renault","renault","pirelli",,,"1:18.699",78699,"1:18.415",78415,,,,,,,14
967,2017,11,12,12,"12","31","esteban-ocon","force-india","mercedes","pirelli",,,"1:18.843",78843,"1:18.495",78495,,,,,,,16
967,2017,11,13,13,"13","26","daniil-kvyat","toro-rosso","toro-rosso","pirelli",,,"1:18.702",78702,"1:18.538",78538,,,,,,,15
967,2017,11,14,14,"14","11","sergio-perez","force-india","mercedes","pirelli",,,"1:19.095",79095,"1:18.639",78639,,,,,,,15
967,2017,11,15,15,"15","8","romain-grosjean","haas","ferrari","pirelli",,,"1:19.085",79085,"1:18.771",78771,,,,,,,15
967,2017,11,16,16,"16","20","kevin-magnussen","haas","ferrari","pirelli",,,"1:19.095",79095,,,,,,,,,9
967,2017,11,17,17,"17","18","lance-stroll","williams","mercedes","pirelli",,,"1:19.102",79102,,,,,,,,,9
967,2017,11,18,18,"18","94","pascal-wehrlein","sauber","ferrari","pirelli",,,"1:19.839",79839,,,,,,,,,9
967,2017,11,19,19,"19","40","paul-di-resta","williams","mercedes","pirelli",,,"1:19.868",79868,,,,,,,,,11
967,2017,11,20,20,"20","9","marcus-ericsson","sauber","ferrari","pirelli",,,"1:19.972",79972,,,,,,,,,8
968,2017,12,1,1,"1","44","lewis-hamilton","mercedes","mercedes","pirelli",,,"1:44.184",104184,"1:42.927",102927,"1:42.553",102553,,,,,18
968,2017,12,2,2,"2","5","sebastian-vettel","ferrari","ferrari","pirelli",,,"1:44.275",104275,"1:43.987",103987,"1:42.795",102795,"+0.242",242,"+0.242",242,13
968,2017,12,3,3,"3","77","valtteri-bottas","mercedes","mercedes","pirelli",,,"1:44.773",104773,"1:43.249",103249,"1:43.094",103094,"+0.541",541,"+0.299",299,19
968,2017,12,4,4,"4","7","kimi-raikkonen","ferrari","ferrari","pirelli",,,"1:44.729",104729,"1:43.700",103700,"1:43.270",103270,"+0.717",717,"+0.176",176,11
968,2017,12,5,5,"5","33","max-verstappen","red-bull","tag-heuer","pirelli",,,"1:44.535",104535,"1:43.940",103940,"1:43.380",103380,"+0.827",827,"+0.110",110,12
968,2017,12,6,6,"6","3","daniel-ricciardo","red-bull","tag-heuer","pirelli",,,"1:45.114",105114,"1:44.224",104224,"1:43.863",103863,"+1.310",1310,"+0.483",483,12
968,2017,12,7,7,"7","27","nico-hulkenberg","renault","renault","pirelli",,,"1:45.280",105280,"1:44.988",104988,"1:44.982",104982,"+2.429",2429,"+1.119",1119,15
968,2017,12,8,8,"8","11","sergio-perez","force-india","mercedes","pirelli",,,"1:45.591",105591,"1:44.894",104894,"1:45.244",105244,"+2.691",2691,"+0.262",262,14
968,2017,12,9,9,"9","31","esteban-ocon","force-india","mercedes","pirelli",,,"1:45.277",105277,"1:45.006",105006,"1:45.369",105369,"+2.816",2816,"+0.125",125,14
968,2017,12,10,10,"10","30","jolyon-palmer","renault","renault","pirelli",,,"1:45.447",105447,"1:44.685",104685,,,,,,,10
968,2017,12,11,11,"11","14","fernando-alonso","mclaren","honda","pirelli",,,"1:45.668",105668,"1:45.090",105090,,,,,,,11
968,2017,12,12,12,"12","8","romain-grosjean","haas","ferrari","pirelli",,,"1:45.728",105728,"1:45.133",105133,,,,,,,12
968,2017,12,13,13,"13","20","kevin-magnussen","haas","ferrari","pirelli",,,"1:45.535",105535,"1:45.400",105400,,,,,,,12
968,2017,12,14,14,"14","55","carlos-sainz-jr","toro-rosso","toro-rosso","pirelli",,,"1:45.374",105374,"1:45.439",105439,,,,,,,12
968,2017,12,15,15,"15","2","stoffel-vandoorne","mclaren","honda","pirelli",,,"1:45.441",105441,,,,,,,,,11
968,2017,12,16,16,"16","19","felipe-massa","williams","mercedes","pirelli",,,"1:45.823",105823,,,,,,,,,7
968,2017,12,17,17,"17","26","daniil-kvyat","toro-rosso","toro-rosso","pirelli",,,"1:46.028",106028,,,,,,,,,6
968,2017,12,18,18,"18","18","lance-stroll","williams","mercedes","pirelli",,,"1:46.915",106915,,,,,,,,,5
968,2017,12,19,19,"19","9","marcus-ericsson","sauber","ferrari","pirelli",,,"1:47.214",107214,,,,,,,,,6
968,2017,12,20,20,"20","94","pascal-wehrlein","sauber","ferrari","pirelli",,,"1:47.679",107679,,,,,,,,,6
969,2017,13,1,1,"1","44","lewis-hamilton","mercedes","mercedes","pirelli",,,"1:36.009",96009,"1:34.660",94660,"1:35.554",95554,,,,,29
969,2017,13,2,2,"2","33","max-verstappen","red-bull","tag-heuer","pirelli",,,"1:37.344",97344,"1:36.113",96113,"1:36.702",96702,"+1.148",1148,"+1.148",1148,29
969,2017,13,3,3,"3","3","daniel-ricciardo","red-bull","tag-heuer","pirelli",,,"1:38.304",98304,"1:37.313",97313,"1:36.841",96841,"+1.287",1287,"+0.139",139,26
969,2017,13,4,4,"4","18","lance-stroll","williams","mercedes","pirelli",,,"1:37.653",97653,"1:37.002",97002,"1:37.032",97032,"+1.478",1478,"+0.191",191,27
969,2017,13,5,5,"5","31","esteban-ocon","force-india","mercedes","pirelli",,,"1:38.775",98775,"1:37.580",97580,"1:37.719",97719,"+2.165",2165,"+0.687",687,29
969,2017,13,6,6,"6","77","valtteri-bottas","mercedes","mercedes","pirelli",,,"1:35.716",95716,"1:35.396",95396,"1:37.833",97833,"+2.279",2279,"+0.114",114,29
969,2017,13,7,7,"7","7","kimi-raikkonen","ferrari","ferrari","pirelli",,,"1:38.235",98235,"1:37.031",97031,"1:37.987",97987,"+2.433",2433,"+0.154",154,30
969,2017,13,8,8,"8","5","sebastian-vettel","ferrari","ferrari","pirelli",,,"1:37.198",97198,"1:36.223",96223,"1:38.064",98064,"+2.510",2510,"+0.077",77,28
969,2017,13,9,9,"9","19","felipe-massa","williams","mercedes","pirelli",,,"1:38.338",98338,"1:37.456",97456,"1:38.251",98251,"+2.697",2697,"+0.187",187,27
969,2017,13,10,10,"10","2","stoffel-vandoorne","mclaren","honda","pirelli",,,"1:38.767",98767,"1:37.471",97471,"1:39.157",99157,"+3.603",3603,"+0.906",906,25
969,2017,13,11,11,"11","11","sergio-perez","force-india","mercedes","pirelli",,,"1:38.511",98511,"1:37.582",97582,,,,,,,19
969,2017,13,12,12,"12","27","nico-hulkenberg","renault","renault","pirelli",,,"1:39.242",99242,"1:38.059",98059,,,,,,,20
969,2017,13,13,13,"13","14","fernando-alonso","mclaren","honda","pirelli",,,"1:39.134",99134,"1:38.202",98202,,,,,,,11
969,2017,13,14,14,"14","26","daniil-kvyat","toro-rosso","toro-rosso","pirelli",,,"1:39.183",99183,"1:38.245",98245,,,,,,,21
969,2017,13,15,15,"15","55","carlos-sainz-jr","toro-rosso","toro-rosso","pirelli",,,"1:39.788",99788,"1:38.526",98526,,,,,,,21
969,2017,13,16,16,"16","20","kevin-magnussen","haas","ferrari","pirelli",,,"1:40.489",100489,,,,,,,,,12
969,2017,13,17,17,"17","30","jolyon-palmer","renault","renault","pirelli",,,"1:40.646",100646,,,,,,,,,10
969,2017,13,18,18,"18","9","marcus-ericsson","sauber","ferrari","pirelli",,,"1:41.732",101732,,,,,,,,,11
969,2017,13,19,19,"19","94","pascal-wehrlein","sauber","ferrari","pirelli",,,"1:41.875",101875,,,,,,,,,9
969,2017,13,20,,"NC","8","romain-grosjean","haas","ferrari","pirelli",,,"1:43.355",103355,,,,,,,,,3
970,2017,14,1,1,"1","5","sebastian-vettel","ferrari","ferrari","pirelli",,,"1:43.336",103336,"1:40.529",100529,"1:39.491",99491,,,,,19
970,2017,14,2,2,"2","33","max-verstappen","red-bull","tag-heuer","pirelli",,,"1:42.010",102010,"1:40.332",100332,"1:39.814",99814,"+0.323",323,"+0.323",323,18
970,2017,14,3,3,"3","3","daniel-ricciardo","red-bull","tag-heuer","pirelli",,,"1:42.063",102063,"1:40.385",100385,"1:39.840",99840,"+0.349",349,"+0.026",26,18
970,2017,14,4,4,"4","7","kimi-raikkonen","ferrari","ferrari","pirelli",,,"1:43.328",103328,"1:40.525",100525,"1:40.069",100069,"+0.578",578,"+0.229",229,18
970,2017,14,5,5,"5","44","lewis-hamilton","mercedes","mercedes","pirelli",,,"1:42.455",102455,"1:40.577",100577,"1:40.126",100126,"+0.635",635,"+0.057",57,17
970,2017,14,6,6,"6","77","valtteri-bottas","mercedes","mercedes","pirelli",,,"1:43.137",103137,"1:41.409",101409,"1:40.810",100810,"+1.319",1319,"+0.684",684,16
970,2017,14,7,7,"7","27","nico-hulkenberg","renault","renault","pirelli",,,"1:42.586",102586,"1:41.277",101277,"1:41.013",101013,"+1.522",1522,"+0.203",203,18
970,2017,14,8,8,"8","14","fernando-alonso","mclaren","honda","pirelli",,,"1:42.086",102086,"1:41.442",101442,"1:41.179",101179,"+1.688",1688,"+0.166",166,20
970,2017,14,9,9,"9","2","stoffel-vandoorne","mclaren","honda","pirelli",,,"1:42.222",102222,"1:41.227",101227,"1:41.398",101398,"+1.907",1907,"+0.219",219,19
970,2017,14,10,10,"10","55","carlos-sainz-jr","toro-rosso","toro-rosso","pirelli",,,"1:42.176",102176,"1:41.826",101826,"1:42.056",102056,"+2.565",2565,"+0.658",658,20
970,2017,14,11,11,"11","30","jolyon-palmer","renault","renault","pirelli",,,"1:42.472",102472,"1:42.107",102107,,,,,,,12
970,2017,14,12,12,"12","11","sergio-perez","force-india","mercedes","pirelli",,,"1:43.594",103594,"1:42.246",102246,,,,,,,8
970,2017,14,13,13,"13","26","daniil-kvyat","toro-rosso","toro-rosso","pirelli",,,"1:42.544",102544,"1:42.338",102338,,,,,,,14
970,2017,14,14,14,"14","31","esteban-ocon","force-india","mercedes","pirelli",,,"1:43.626",103626,"1:42.760",102760,,,,,,,11
970,2017,14,15,15,"15","8","romain-grosjean","haas","ferrari","pirelli",,,"1:43.627",103627,"1:43.883",103883,,,,,,,13
970,2017,14,16,16,"16","20","kevin-magnussen","haas","ferrari","pirelli",,,"1:43.756",103756,,,,,,,,,8
970,2017,14,17,17,"17","19","felipe-massa","williams","mercedes","pirelli",,,"1:44.014",104014,,,,,,,,,6
970,2017,14,18,18,"18","18","lance-stroll","williams","mercedes","pirelli",,,"1:44.728",104728,,,,,,,,,9
970,2017,14,19,19,"19","94","pascal-wehrlein","sauber","ferrari","pirelli",,,"1:45.059",105059,,,,,,,,,9
970,2017,14,20,20,"20","9","marcus-ericsson","sauber","ferrari","pirelli",,,"1:45.570",105570,,,,,,,,,6
971,2017,15,1,1,"1","44","lewis-hamilton","mercedes","mercedes","pirelli",,,"1:31.605",91605,"1:30.977",90977,"1:30.076",90076,,,,,18
971,2017,15,2,2,"2","7","kimi-raikkonen","ferrari","ferrari","pirelli",,,"1:32.259",92259,"1:30.926",90926,"1:30.121",90121,"+0.045",45,"+0.045",45,14
971,2017,15,3,3,"3","33","max-verstappen","red-bull","tag-heuer","pirelli",,,"1:31.920",91920,"1:30.931",90931,"1:30.541",90541,"+0.465",465,"+0.420",420,12
971,2017,15,4,4,"4","3","daniel-ricciardo","red-bull","tag-heuer","pirelli",,,"1:32.416",92416,"1:31.061",91061,"1:30.595",90595,"+0.519",519,"+0.054",54,16
971,2017,15,5,5,"5","77","valtteri-bottas","mercedes","mercedes","pirelli",,,"1:32.254",92254,"1:30.803",90803,"1:30.758",90758,"+0.682",682,"+0.163",163,17
971,2017,15,6,6,"6","31","esteban-ocon","force-india","mercedes","pirelli",,,"1:32.527",92527,"1:31.651",91651,"1:31.478",91478,"+1.402",1402,"+0.720",720,17
971,2017,15,7,7,"7","2","stoffel-vandoorne","mclaren","honda","pirelli",,,"1:32.838",92838,"1:31.848",91848,"1:31.582",91582,"+1.506",1506,"+0.104",104,18
971,2017,15,8,8,"8","27","nico-hulkenberg","renault","renault","pirelli",,,"1:32.586",92586,"1:31.778",91778,"1:31.607",91607,"+1.531",1531,"+0.025",25,17
971,2017,15,9,9,"9","11","sergio-perez","force-india","mercedes","pirelli",,,"1:32.768",92768,"1:31.484",91484,"1:31.658",91658,"+1.582",1582,"+0.051",51,18
971,2017,15,10,10,"10","14","fernando-alonso","mclaren","honda","pirelli",,,"1:33.049",93049,"1:32.010",92010,"1:31.704",91704,"+1.628",1628,"+0.046",46,17
971,2017,15,11,11,"11","19","felipe-massa","williams","mercedes","pirelli",,,"1:32.267",92267,"1:32.034",92034,,,,,,,12
971,2017,15,12,12,"12","30","jolyon-palmer","renault","renault","pirelli",,,"1:32.576",92576,"1:32.100",92100,,,,,,,14
971,2017,15,13,13,"13","18","lance-stroll","williams","mercedes","pirelli",,,"1:33.000",93000,"1:32.307",92307,,,,,,,14
971,2017,15,14,14,"14","55","carlos-sainz-jr","toro-rosso","toro-rosso","pirelli",,,"1:32.650",92650,"1:32.402",92402,,,,,,,14
971,2017,15,15,15,"15","10","pierre-gasly","toro-rosso","toro-rosso","pirelli",,,"1:32.547",92547,"1:32.558",92558,,,,,,,14
971,2017,15,16,16,"16","8","romain-grosjean","haas","ferrari","pirelli",,,"1:33.308",93308,,,,,,,,,8
971,2017,15,17,17,"17","20","kevin-magnussen","haas","ferrari","pirelli",,,"1:33.434",93434,,,,,,,,,6
971,2017,15,18,18,"18","94","pascal-wehrlein","sauber","ferrari","pirelli",,,"1:33.483",93483,,,,,,,,,9
971,2017,15,19,19,"19","9","marcus-ericsson","sauber","ferrari","pirelli",,,"1:33.970",93970,,,,,,,,,9
971,2017,15,20,,"NC","5","sebastian-vettel","ferrari","ferrari","pirelli",,,,,,,,,,,,,2
972,2017,16,1,1,"1","44","lewis-hamilton","mercedes","mercedes","pirelli",,,"1:29.047",89047,"1:27.819",87819,"1:27.319",87319,,,,,18
972,2017,16,2,2,"2","77","valtteri-bottas","mercedes","mercedes","pirelli",,,"1:29.332",89332,"1:28.543",88543,"1:27.651",87651,"+0.332",332,"+0.332",332,17
972,2017,16,3,3,"3","5","sebastian-vettel","ferrari","ferrari","pirelli",,,"1:29.352",89352,"1:28.225",88225,"1:27.791",87791,"+0.472",472,"+0.140",140,19
972,2017,16,4,4,"4","3","daniel-ricciardo","red-bull","tag-heuer","pirelli",,,"1:29.475",89475,"1:28.935",88935,"1:28.306",88306,"+0.987",987,"+0.515",515,13
972,2017,16,5,5,"5","33","max-verstappen","red-bull","tag-heuer","pirelli",,,"1:29.181",89181,"1:28.747",88747,"1:28.332",88332,"+1.013",1013,"+0.026",26,12
972,2017,16,6,6,"6","7","kimi-raikkonen","ferrari","ferrari","pirelli",,,"1:29.163",89163,"1:29.079",89079,"1:28.498",88498,"+1.179",1179,"+0.166",166,15
972,2017,16,7,7,"7","31","esteban-ocon","force-india","mercedes","pirelli",,,"1:30.115",90115,"1:29.199",89199,"1:29.111",89111,"+1.792",1792,"+0.613",613,16
972,2017,16,8,8,"8","11","sergio-perez","force-india","mercedes","pirelli",,,"1:29.696",89696,"1:29.343",89343,"1:29.260",89260,"+1.941",1941,"+0.149",149,17
972,2017,16,9,9,"9","19","felipe-massa","williams","mercedes","pirelli",,,"1:30.352",90352,"1:29.687",89687,"1:29.480",89480,"+2.161",2161,"+0.220",220,16
972,2017,16,10,10,"10","14","fernando-alonso","mclaren","honda","pirelli",,,"1:30.525",90525,"1:29.749",89749,"1:30.687",90687,"+3.368",3368,"+1.207",1207,13
972,2017,16,11,11,"11","2","stoffel-vandoorne","mclaren","honda","pirelli",,,"1:30.654",90654,"1:29.778",89778,,,,,,,11
972,2017,16,12,12,"12","27","nico-hulkenberg","renault","renault","pirelli",,,"1:30.252",90252,"1:29.879",89879,,,,,,,10
972,2017,16,13,13,"13","20","kevin-magnussen","haas","ferrari","pirelli",,,"1:30.774",90774,"1:29.972",89972,,,,,,,11
972,2017,16,14,14,"14","30","jolyon-palmer","renault","renault","pirelli",,,"1:30.516",90516,"1:30.022",90022,,,,,,,10
972,2017,16,15,15,"15","55","carlos-sainz-jr","toro-rosso","toro-rosso","pirelli",,,"1:30.565",90565,"1:30.413",90413,,,,,,,11
972,2017,16,16,16,"16","8","romain-grosjean","haas","ferrari","pirelli",,,"1:30.849",90849,,,,,,,,,5
972,2017,16,17,17,"17","10","pierre-gasly","toro-rosso","toro-rosso","pirelli",,,"1:31.317",91317,,,,,,,,,7
972,2017,16,18,18,"18","18","lance-stroll","williams","mercedes","pirelli",,,"1:31.409",91409,,,,,,,,,6
972,2017,16,19,19,"19","9","marcus-ericsson","sauber","ferrari","pirelli",,,"1:31.597",91597,,,,,,,,,7
972,2017,16,20,20,"20","94","pascal-wehrlein","sauber","ferrari","pirelli",,,"1:31.885",91885,,,,,,,,,7
973,2017,17,1,1,"1","44","lewis-hamilton","mercedes","mercedes","pirelli",,,"1:34.822",94822,"1:33.437",93437,"1:33.108",93108,,,,,18
973,2017,17,2,2,"2","5","sebastian-vettel","ferrari","ferrari","pirelli",,,"1:35.420",95420,"1:34.103",94103,"1:33.347",93347,"+0.239",239,"+0.239",239,18
973,2017,17,3,3,"3","77","valtteri-bottas","mercedes","mercedes","pirelli",,,"1:35.309",95309,"1:33.769",93769,"1:33.568",93568,"+0.460",460,"+0.221",221,17
973,2017,17,4,4,"4","3","daniel-ricciardo","red-bull","tag-heuer","pirelli",,,"1:35.991",95991,"1:34.495",94495,"1:33.577",93577,"+0.469",469,"+0.009",9,14
973,2017,17,5,5,"5","7","kimi-raikkonen","ferrari","ferrari","pirelli",,,"1:35.649",95649,"1:33.840",93840,"1:33.577",93577,"+0.469",469,"+0.000",0,17
973,2017,17,6,6,"6","33","max-verstappen","red-bull","tag-heuer","pirelli",,,"1:34.899",94899,"1:34.716",94716,"1:33.658",93658,"+0.550",550,"+0.081",81,13
973,2017,17,7,7,"7","31","esteban-ocon","force-india","mercedes","pirelli",,,"1:35.849",95849,"1:35.113",95113,"1:34.647",94647,"+1.539",1539,"+0.989",989,17
973,2017,17,8,8,"8","55","carlos-sainz-jr","renault","renault","pirelli",,,"1:35.517",95517,"1:34.899",94899,"1:34.852",94852,"+1.744",1744,"+0.205",205,17
973,2017,17,9,9,"9","14","fernando-alonso","mclaren","honda","pirelli",,,"1:35.712",95712,"1:35.046",95046,"1:35.007",95007,"+1.899",1899,"+0.155",155,15
973,2017,17,10,10,"10","11","sergio-perez","force-india","mercedes","pirelli",,,"1:36.358",96358,"1:34.789",94789,"1:35.148",95148,"+2.040",2040,"+0.141",141,19
973,2017,17,11,11,"11","19","felipe-massa","williams","mercedes","pirelli",,,"1:35.603",95603,"1:35.155",95155,,,,,,,9
973,2017,17,12,12,"12","26","daniil-kvyat","toro-rosso","toro-rosso","pirelli",,,"1:36.073",96073,"1:35.529",95529,,,,,,,15
973,2017,17,13,13,"13","2","stoffel-vandoorne","mclaren","honda","pirelli",,,"1:36.286",96286,"1:35.641",95641,,,,,,,14
973,2017,17,14,14,"14","8","romain-grosjean","haas","ferrari","pirelli",,,"1:36.835",96835,"1:35.870",95870,,,,,,,14
973,2017,17,15,15,"15","27","nico-hulkenberg","renault","renault","pirelli",,,"1:35.740",95740,,,,,,,,,3
973,2017,17,16,16,"16","9","marcus-ericsson","sauber","ferrari","pirelli",,,"1:36.842",96842,,,,,,,,,9
973,2017,17,17,17,"17","18","lance-stroll","williams","mercedes","pirelli",,,"1:36.868",96868,,,,,,,,,8
973,2017,17,18,18,"18","39","brendon-hartley","toro-rosso","toro-rosso","pirelli",,,"1:36.889",96889,,,,,,,,,7
973,2017,17,19,19,"19","94","pascal-wehrlein","sauber","ferrari","pirelli",,,"1:37.179",97179,,,,,,,,,9
973,2017,17,20,20,"20","20","kevin-magnussen","haas","ferrari","pirelli",,,"1:37.394",97394,,,,,,,,,7
974,2017,18,1,1,"1","5","sebastian-vettel","ferrari","ferrari","pirelli",,,"1:17.665",77665,"1:16.870",76870,"1:16.488",76488,,,,,20
974,2017,18,2,2,"2","33","max-verstappen","red-bull","tag-heuer","pirelli",,,"1:17.630",77630,"1:16.524",76524,"1:16.574",76574,"+0.086",86,"+0.086",86,19
974,2017,18,3,3,"3","44","lewis-hamilton","mercedes","mercedes","pirelli",,,"1:17.518",77518,"1:17.035",77035,"1:16.934",76934,"+0.446",446,"+0.360",360,21
974,2017,18,4,4,"4","77","valtteri-bottas","mercedes","mercedes","pirelli",,,"1:17.578",77578,"1:17.161",77161,"1:16.958",76958,"+0.470",470,"+0.024",24,17
974,2017,18,5,5,"5","7","kimi-raikkonen","ferrari","ferrari","pirelli",,,"1:18.148",78148,"1:17.534",77534,"1:17.238",77238,"+0.750",750,"+0.280",280,20
974,2017,18,6,6,"6","31","esteban-ocon","force-india","mercedes","pirelli",,,"1:18.336",78336,"1:17.827",77827,"1:17.437",77437,"+0.949",949,"+0.199",199,19
974,2017,18,7,7,"7","3","daniel-ricciardo","red-bull","tag-heuer","pirelli",,,"1:18.208",78208,"1:17.631",77631,"1:17.447",77447,"+0.959",959,"+0.010",10,15
974,2017,18,8,8,"8","27","nico-hulkenberg","renault","renault","pirelli",,,"1:18.322",78322,"1:17.792",77792,"1:17.466",77466,"+0.978",978,"+0.019",19,17
974,2017,18,9,9,"9","55","carlos-sainz-jr","renault","renault","pirelli",,,"1:18.405",78405,"1:17.753",77753,"1:17.794",77794,"+1.306",1306,"+0.328",328,17
974,2017,18,10,10,"10","11","sergio-perez","force-india","mercedes","pirelli",,,"1:18.020",78020,"1:17.868",77868,"1:17.807",77807,"+1.319",1319,"+0.013",13,19
974,2017,18,11,11,"11","19","felipe-massa","williams","mercedes","pirelli",,,"1:18.570",78570,"1:18.099",78099,,,,,,,10
974,2017,18,12,12,"12","18","lance-stroll","williams","mercedes","pirelli",,,"1:18.902",78902,"1:19.159",79159,,,,,,,11
974,2017,18,13,13,"13","28","brendon-hartley","toro-rosso","toro-rosso","pirelli",,,"1:18.683",78683,,,,,,,,,12
974,2017,18,14,14,"14","14","fernando-alonso","mclaren","honda","pirelli",,,"1:17.710",77710,,,,,,,,,9
974,2017,18,15,15,"15","2","stoffel-vandoorne","mclaren","honda","pirelli",,,"1:18.578",78578,,,,,,,,,13
974,2017,18,16,16,"16","9","marcus-ericsson","sauber","ferrari","pirelli",,,"1:19.176",79176,,,,,,,,,9
974,2017,18,17,17,"17","94","pascal-wehrlein","sauber","ferrari","pirelli",,,"1:19.333",79333,,,,,,,,,9
974,2017,18,18,18,"18","20","kevin-magnussen","haas","ferrari","pirelli",,,"1:19.443",79443,,,,,,,,,10
974,2017,18,19,19,"19","8","romain-grosjean","haas","ferrari","pirelli",,,"1:19.473",79473,,,,,,,,,11
974,2017,18,20,19,"19","10","pierre-gasly","toro-rosso","toro-rosso","pirelli",,,,,,,,,,,,,
975,2017,19,1,1,"1","77","valtteri-bottas","mercedes","mercedes","pirelli",,,"1:09.452",69452,"1:08.638",68638,"1:08.322",68322,,,,,22
975,2017,19,2,2,"2","5","sebastian-vettel","ferrari","ferrari","pirelli",,,"1:09.643",69643,"1:08.494",68494,"1:08.360",68360,"+0.038",38,"+0.038",38,21
975,2017,19,3,3,"3","7","kimi-raikkonen","ferrari","ferrari","pirelli",,,"1:09.405",69405,"1:09.116",69116,"1:08.538",68538,"+0.216",216,"+0.178",178,18
975,2017,19,4,4,"4","33","max-verstappen","red-bull","tag-heuer","pirelli",,,"1:09.820",69820,"1:09.050",69050,"1:08.925",68925,"+0.603",603,"+0.387",387,18
975,2017,19,5,5,"5","3","daniel-ricciardo","red-bull","tag-heuer","pirelli",,,"1:09.828",69828,"1:09.533",69533,"1:09.330",69330,"+1.008",1008,"+0.405",405,19
975,2017,19,6,6,"6","11","sergio-perez","force-india","mercedes","pirelli",,,"1:10.145",70145,"1:09.760",69760,"1:09.598",69598,"+1.276",1276,"+0.268",268,21
975,2017,19,7,7,"7","14","fernando-alonso","mclaren","honda","pirelli",,,"1:10.172",70172,"1:09.593",69593,"1:09.617",69617,"+1.295",1295,"+0.019",19,17
975,2017,19,8,8,"8","27","nico-hulkenberg","renault","renault","pirelli",,,"1:10.078",70078,"1:09.726",69726,"1:09.703",69703,"+1.381",1381,"+0.086",86,21
975,2017,19,9,9,"9","55","carlos-sainz-jr","renault","renault","pirelli",,,"1:10.227",70227,"1:09.768",69768,"1:09.805",69805,"+1.483",1483,"+0.102",102,17
975,2017,19,10,10,"10","19","felipe-massa","williams","mercedes","pirelli",,,"1:09.789",69789,"1:09.612",69612,"1:09.841",69841,"+1.519",1519,"+0.036",36,16
975,2017,19,11,11,"11","31","esteban-ocon","force-india","mercedes","pirelli",,,"1:10.168",70168,"1:09.830",69830,,,,,,,17
975,2017,19,12,12,"12","8","romain-grosjean","haas","ferrari","pirelli",,,"1:10.148",70148,"1:09.879",69879,,,,,,,16
975,2017,19,13,13,"13","2","stoffel-vandoorne","mclaren","honda","pirelli",,,"1:10.286",70286,"1:10.116",70116,,,,,,,15
975,2017,19,14,14,"14","20","kevin-magnussen","haas","ferrari","pirelli",,,"1:10.521",70521,"1:10.154",70154,,,,,,,18
975,2017,19,15,15,"15","28","brendon-hartley","toro-rosso","toro-rosso","pirelli",,,"1:10.625",70625,,,,,,,,,15
975,2017,19,16,16,"16","94","pascal-wehrlein","sauber","ferrari","pirelli",,,"1:10.678",70678,,,,,,,,,12
975,2017,19,17,17,"17","10","pierre-gasly","toro-rosso","toro-rosso","pirelli",,,"1:10.686",70686,,,,,,,,,10
975,2017,19,18,18,"18","18","lance-stroll","williams","mercedes","pirelli",,,"1:10.776",70776,,,,,,,,,8
975,2017,19,19,19,"19","9","marcus-ericsson","sauber","ferrari","pirelli",,,"1:10.875",70875,,,,,,,,,12
975,2017,19,20,,"NC","44","lewis-hamilton","mercedes","mercedes","pirelli",,,,,,,,,,,,,2
976,2017,20,1,1,"1","77","valtteri-bottas","mercedes","mercedes","pirelli",,,"1:37.356",97356,"1:36.822",96822,"1:36.231",96231,,,,,18
976,2017,20,2,2,"2","44","lewis-hamilton","mercedes","mercedes","pirelli",,,"1:37.391",97391,"1:36.742",96742,"1:36.403",96403,"+0.172",172,"+0.172",172,19
976,2017,20,3,3,"3","5","sebastian-vettel","ferrari","ferrari","pirelli",,,"1:37.817",97817,"1:37.023",97023,"1:36.777",96777,"+0.546",546,"+0.374",374,18
976,2017,20,4,4,"4","3","daniel-ricciardo","red-bull","tag-heuer","pirelli",,,"1:38.016",98016,"1:37.583",97583,"1:36.959",96959,"+0.728",728,"+0.182",182,16
976,2017,20,5,5,"5","7","kimi-raikkonen","ferrari","ferrari","pirelli",,,"1:37.453",97453,"1:37.302",97302,"1:36.985",96985,"+0.754",754,"+0.026",26,17
976,2017,20,6,6,"6","33","max-verstappen","red-bull","tag-heuer","pirelli",,,"1:38.021",98021,"1:37.777",97777,"1:37.328",97328,"+1.097",1097,"+0.343",343,19
976,2017,20,7,7,"7","27","nico-hulkenberg","renault","renault","pirelli",,,"1:38.781",98781,"1:38.138",98138,"1:38.282",98282,"+2.051",2051,"+0.954",954,14
976,2017,20,8,8,"8","11","sergio-perez","force-india","mercedes","pirelli",,,"1:38.601",98601,"1:38.359",98359,"1:38.374",98374,"+2.143",2143,"+0.092",92,17
976,2017,20,9,9,"9","31","esteban-ocon","force-india","mercedes","pirelli",,,"1:38.896",98896,"1:38.392",98392,"1:38.397",98397,"+2.166",2166,"+0.023",23,17
976,2017,20,10,10,"10","19","felipe-massa","williams","mercedes","pirelli",,,"1:38.629",98629,"1:38.565",98565,"1:38.550",98550,"+2.319",2319,"+0.153",153,18
976,2017,20,11,11,"11","14","fernando-alonso","mclaren","honda","pirelli",,,"1:38.820",98820,"1:38.636",98636,,,,,,,12
976,2017,20,12,12,"12","55","carlos-sainz-jr","renault","renault","pirelli",,,"1:38.810",98810,"1:38.725",98725,,,,,,,9
976,2017,20,13,13,"13","2","stoffel-vandoorne","mclaren","honda","pirelli",,,"1:38.777",98777,"1:38.808",98808,,,,,,,9
976,2017,20,14,14,"14","20","kevin-magnussen","haas","ferrari","pirelli",,,"1:39.395",99395,"1:39.298",99298,,,,,,,16
976,2017,20,15,15,"15","18","lance-stroll","williams","mercedes","pirelli",,,"1:39.503",99503,"1:39.646",99646,,,,,,,14
976,2017,20,16,16,"16","8","romain-grosjean","haas","ferrari","pirelli",,,"1:39.516",99516,,,,,,,,,10
976,2017,20,17,17,"17","10","pierre-gasly","toro-rosso","toro-rosso","pirelli",,,"1:39.724",99724,,,,,,,,,9
976,2017,20,18,18,"18","94","pascal-wehrlein","sauber","ferrari","pirelli",,,"1:39.930",99930,,,,,,,,,9
976,2017,20,19,19,"19","9","marcus-ericsson","sauber","ferrari","pirelli",,,"1:39.994",99994,,,,,,,,,9
976,2017,20,20,20,"20","28","brendon-hartley","toro-rosso","toro-rosso","pirelli",,,"1:40.471",100471,,,,,,,,,8
977,2018,1,1,1,"1","44","lewis-hamilton","mercedes","mercedes","pirelli",,,"1:22.824",82824,"1:22.051",82051,"1:21.164",81164,,,,,20
977,2018,1,2,2,"2","7","kimi-raikkonen","ferrari","ferrari","pirelli",,,"1:23.096",83096,"1:22.507",82507,"1:21.828",81828,"+0.664",664,"+0.664",664,17
977,2018,1,3,3,"3","5","sebastian-vettel","ferrari","ferrari","pirelli",,,"1:23.348",83348,"1:21.944",81944,"1:21.838",81838,"+0.674",674,"+0.010",10,20
977,2018,1,4,4,"4","33","max-verstappen","red-bull","tag-heuer","pirelli",,,"1:23.483",83483,"1:22.416",82416,"1:21.879",81879,"+0.715",715,"+0.041",41,18
977,2018,1,5,5,"5","3","daniel-ricciardo","red-bull","tag-heuer","pirelli",,,"1:23.494",83494,"1:22.897",82897,"1:22.152",82152,"+0.988",988,"+0.273",273,17
977,2018,1,6,6,"6","20","kevin-magnussen","haas","ferrari","pirelli",,,"1:23.909",83909,"1:23.300",83300,"1:23.187",83187,"+2.023",2023,"+1.035",1035,17
977,2018,1,7,7,"7","8","romain-grosjean","haas","ferrari","pirelli",,,"1:23.671",83671,"1:23.468",83468,"1:23.339",83339,"+2.175",2175,"+0.152",152,17
977,2018,1,8,8,"8","27","nico-hulkenberg","renault","renault","pirelli",,,"1:23.782",83782,"1:23.544",83544,"1:23.532",83532,"+2.368",2368,"+0.193",193,16
977,2018,1,9,9,"9","55","carlos-sainz-jr","renault","renault","pirelli",,,"1:23.529",83529,"1:23.061",83061,"1:23.577",83577,"+2.413",2413,"+0.045",45,17
977,2018,1,10,10,"10","77","valtteri-bottas","mercedes","mercedes","pirelli",,,"1:23.686",83686,"1:22.089",82089,,,,,,,16
977,2018,1,11,11,"11","14","fernando-alonso","mclaren","renault","pirelli",,,"1:23.597",83597,"1:23.692",83692,,,,,,,14
977,2018,1,12,12,"12","2","stoffel-vandoorne","mclaren","renault","pirelli",,,"1:24.073",84073,"1:23.853",83853,,,,,,,14
977,2018,1,13,13,"13","11","sergio-perez","force-india","mercedes","pirelli",,,"1:24.344",84344,"1:24.005",84005,,,,,,,14
977,2018,1,14,14,"14","18","lance-stroll","williams","mercedes","pirelli",,,"1:24.464",84464,"1:24.230",84230,,,,,,,13
977,2018,1,15,15,"15","31","esteban-ocon","force-india","mercedes","pirelli",,,"1:24.503",84503,"1:24.786",84786,,,,,,,16
977,2018,1,16,16,"16","28","brendon-hartley","toro-rosso","honda","pirelli",,,"1:24.532",84532,,,,,,,,,8
977,2018,1,17,17,"17","9","marcus-ericsson","sauber","ferrari","pirelli",,,"1:24.556",84556,,,,,,,,,9
977,2018,1,18,18,"18","16","charles-leclerc","sauber","ferrari","pirelli",,,"1:24.636",84636,,,,,,,,,9
977,2018,1,19,19,"19","35","sergey-sirotkin","williams","mercedes","pirelli",,,"1:24.922",84922,,,,,,,,,8
977,2018,1,20,20,"20","10","pierre-gasly","toro-rosso","honda","pirelli",,,"1:25.295",85295,,,,,,,,,7
978,2018,2,1,1,"1","5","sebastian-vettel","ferrari","ferrari","pirelli",,,"1:29.060",89060,"1:28.341",88341,"1:27.958",87958,,,,,13
978,2018,2,2,2,"2","7","kimi-raikkonen","ferrari","ferrari","pirelli",,,"1:28.951",88951,"1:28.515",88515,"1:28.101",88101,"+0.143",143,"+0.143",143,13
978,2018,2,3,3,"3","77","valtteri-bottas","mercedes","mercedes","pirelli",,,"1:29.275",89275,"1:28.794",88794,"1:28.124",88124,"+0.166",166,"+0.023",23,16
978,2018,2,4,4,"4","44","lewis-hamilton","mercedes","mercedes","pirelli",,,"1:29.396",89396,"1:28.458",88458,"1:28.220",88220,"+0.262",262,"+0.096",96,16
978,2018,2,5,5,"5","3","daniel-ricciardo","red-bull","tag-heuer","pirelli",,,"1:29.552",89552,"1:28.962",88962,"1:28.398",88398,"+0.440",440,"+0.178",178,12
978,2018,2,6,6,"6","10","pierre-gasly","toro-rosso","honda","pirelli",,,"1:30.121",90121,"1:29.836",89836,"1:29.329",89329,"+1.371",1371,"+0.931",931,18
978,2018,2,7,7,"7","20","kevin-magnussen","haas","ferrari","pirelli",,,"1:29.594",89594,"1:29.623",89623,"1:29.358",89358,"+1.400",1400,"+0.029",29,16
978,2018,2,8,8,"8","27","nico-hulkenberg","renault","renault","pirelli",,,"1:30.260",90260,"1:29.187",89187,"1:29.570",89570,"+1.612",1612,"+0.212",212,15
978,2018,2,9,9,"9","31","esteban-ocon","force-india","mercedes","pirelli",,,"1:30.338",90338,"1:30.009",90009,"1:29.874",89874,"+1.916",1916,"+0.304",304,16
978,2018,2,10,10,"10","55","carlos-sainz-jr","renault","renault","pirelli",,,"1:29.893",89893,"1:29.802",89802,"1:29.986",89986,"+2.028",2028,"+0.112",112,18
978,2018,2,11,11,"11","28","brendon-hartley","toro-rosso","honda","pirelli",,,"1:30.412",90412,"1:30.105",90105,,,,,,,15
978,2018,2,12,12,"12","11","sergio-perez","force-india","mercedes","pirelli",,,"1:30.218",90218,"1:30.156",90156,,,,,,,11
978,2018,2,13,13,"13","14","fernando-alonso","mclaren","renault","pirelli",,,"1:30.530",90530,"1:30.212",90212,,,,,,,12
978,2018,2,14,14,"14","2","stoffel-vandoorne","mclaren","renault","pirelli",,,"1:30.479",90479,"1:30.525",90525,,,,,,,12
978,2018,2,15,15,"15","33","max-verstappen","red-bull","tag-heuer","pirelli",,,"1:29.374",89374,,,,,,,,,4
978,2018,2,16,16,"16","8","romain-grosjean","haas","ferrari","pirelli",,,"1:30.530",90530,,,,,,,,,7
978,2018,2,17,17,"17","9","marcus-ericsson","sauber","ferrari","pirelli",,,"1:31.063",91063,,,,,,,,,9
978,2018,2,18,18,"18","35","sergey-sirotkin","williams","mercedes","pirelli",,,"1:31.414",91414,,,,,,,,,8
978,2018,2,19,19,"19","16","charles-leclerc","sauber","ferrari","pirelli",,,"1:31.420",91420,,,,,,,,,8
978,2018,2,20,20,"20","18","lance-stroll","williams","mercedes","pirelli",,,"1:31.503",91503,,,,,,,,,8
979,2018,3,1,1,"1","5","sebastian-vettel","ferrari","ferrari","pirelli",,,"1:32.171",92171,"1:32.385",92385,"1:31.095",91095,,,,,15
979,2018,3,2,2,"2","7","kimi-raikkonen","ferrari","ferrari","pirelli",,,"1:32.474",92474,"1:32.286",92286,"1:31.182",91182,"+0.087",87,"+0.087",87,17
979,2018,3,3,3,"3","77","valtteri-bottas","mercedes","mercedes","pirelli",,,"1:32.921",92921,"1:32.063",92063,"1:31.625",91625,"+0.530",530,"+0.443",443,20
979,2018,3,4,4,"4","44","lewis-hamilton","mercedes","mercedes","pirelli",,,"1:33.283",93283,"1:31.914",91914,"1:31.675",91675,"+0.580",580,"+0.050",50,17
979,2018,3,5,5,"5","33","max-verstappen","red-bull","tag-heuer","pirelli",,,"1:32.932",92932,"1:32.809",92809,"1:31.796",91796,"+0.701",701,"+0.121",121,12
979,2018,3,6,6,"6","3","daniel-ricciardo","red-bull","tag-heuer","pirelli",,,"1:33.877",93877,"1:32.688",92688,"1:31.948",91948,"+0.853",853,"+0.152",152,12
979,2018,3,7,7,"7","27","nico-hulkenberg","renault","renault","pirelli",,,"1:33.545",93545,"1:32.494",92494,"1:32.532",92532,"+1.437",1437,"+0.584",584,15
979,2018,3,8,8,"8","11","sergio-perez","force-india","mercedes","pirelli",,,"1:33.464",93464,"1:32.931",92931,"1:32.758",92758,"+1.663",1663,"+0.226",226,13
979,2018,3,9,9,"9","55","carlos-sainz-jr","renault","renault","pirelli",,,"1:33.315",93315,"1:32.970",92970,"1:32.819",92819,"+1.724",1724,"+0.061",61,18
979,2018,3,10,10,"10","8","romain-grosjean","haas","ferrari","pirelli",,,"1:33.238",93238,"1:32.524",92524,"1:32.855",92855,"+1.760",1760,"+0.036",36,19
979,2018,3,11,11,"11","20","kevin-magnussen","haas","ferrari","pirelli",,,"1:33.359",93359,"1:32.986",92986,,,,,,,13
979,2018,3,12,12,"12","31","esteban-ocon","force-india","mercedes","pirelli",,,"1:33.585",93585,"1:33.057",93057,,,,,,,9
979,2018,3,13,13,"13","14","fernando-alonso","mclaren","renault","pirelli",,,"1:33.428",93428,"1:33.232",93232,,,,,,,11
979,2018,3,14,14,"14","2","stoffel-vandoorne","mclaren","renault","pirelli",,,"1:33.824",93824,"1:33.505",93505,,,,,,,11
979,2018,3,15,15,"15","28","brendon-hartley","toro-rosso","honda","pirelli",,,"1:34.013",94013,"1:33.795",93795,,,,,,,15
979,2018,3,16,16,"16","35","sergey-sirotkin","williams","mercedes","pirelli",,,"1:34.062",94062,,,,,,,,,7
979,2018,3,17,17,"17","10","pierre-gasly","toro-rosso","honda","pirelli",,,"1:34.101",94101,,,,,,,,,9
979,2018,3,18,18,"18","18","lance-stroll","williams","mercedes","pirelli",,,"1:34.285",94285,,,,,,,,,7
979,2018,3,19,19,"19","16","charles-leclerc","sauber","ferrari","pirelli",,,"1:34.454",94454,,,,,,,,,9
979,2018,3,20,20,"20","9","marcus-ericsson","sauber","ferrari","pirelli",,,"1:34.914",94914,,,,,,,,,9
980,2018,4,1,1,"1","5","sebastian-vettel","ferrari","ferrari","pirelli",,,"1:42.762",102762,"1:43.015",103015,"1:41.498",101498,,,,,19
980,2018,4,2,2,"2","44","lewis-hamilton","mercedes","mercedes","pirelli",,,"1:42.693",102693,"1:42.676",102676,"1:41.677",101677,"+0.179",179,"+0.179",179,21
980,2018,4,3,3,"3","77","valtteri-bottas","mercedes","mercedes","pirelli",,,"1:43.355",103355,"1:42.679",102679,"1:41.837",101837,"+0.339",339,"+0.160",160,21
980,2018,4,4,4,"4","3","daniel-ricciardo","red-bull","tag-heuer","pirelli",,,"1:42.857",102857,"1:43.482",103482,"1:41.911",101911,"+0.413",413,"+0.074",74,20
980,2018,4,5,5,"5","33","max-verstappen","red-bull","tag-heuer","pirelli",,,"1:42.642",102642,"1:42.901",102901,"1:41.994",101994,"+0.496",496,"+0.083",83,19
980,2018,4,6,6,"6","7","kimi-raikkonen","ferrari","ferrari","pirelli",,,"1:42.538",102538,"1:42.510",102510,"1:42.490",102490,"+0.992",992,"+0.496",496,20
980,2018,4,7,7,"7","31","esteban-ocon","force-india","mercedes","pirelli",,,"1:43.021",103021,"1:42.967",102967,"1:42.523",102523,"+1.025",1025,"+0.033",33,20
980,2018,4,8,8,"8","11","sergio-perez","force-india","mercedes","pirelli",,,"1:43.992",103992,"1:43.366",103366,"1:42.547",102547,"+1.049",1049,"+0.024",24,20
980,2018,4,9,9,"9","27","nico-hulkenberg","renault","renault","pirelli",,,"1:43.746",103746,"1:43.232",103232,"1:43.066",103066,"+1.568",1568,"+0.519",519,20
980,2018,4,10,10,"10","55","carlos-sainz-jr","renault","renault","pirelli",,,"1:43.426",103426,"1:43.464",103464,"1:43.351",103351,"+1.853",1853,"+0.285",285,20
980,2018,4,11,11,"11","18","lance-stroll","williams","mercedes","pirelli",,,"1:44.359",104359,"1:43.585",103585,,,,,,,16
980,2018,4,12,12,"12","35","sergey-sirotkin","williams","mercedes","pirelli",,,"1:44.261",104261,"1:43.886",103886,,,,,,,17
980,2018,4,13,13,"13","14","fernando-alonso","mclaren","renault","pirelli",,,"1:44.010",104010,"1:44.019",104019,,,,,,,16
980,2018,4,14,14,"14","16","charles-leclerc","sauber","ferrari","pirelli",,,"1:43.752",103752,"1:44.074",104074,,,,,,,17
980,2018,4,15,15,"15","20","kevin-magnussen","haas","ferrari","pirelli",,,"1:43.674",103674,"1:44.759",104759,,,,,,,14
980,2018,4,16,16,"16","2","stoffel-vandoorne","mclaren","renault","pirelli",,,"1:44.489",104489,,,,,,,,,8
980,2018,4,17,17,"17","10","pierre-gasly","toro-rosso","honda","pirelli",,,"1:44.496",104496,,,,,,,,,9
980,2018,4,18,18,"18","9","marcus-ericsson","sauber","ferrari","pirelli",,,"1:45.541",105541,,,,,,,,,10
980,2018,4,19,,"NC","28","brendon-hartley","toro-rosso","honda","pirelli",,,"1:57.354",117354,,,,,,,,,5
980,2018,4,20,,"NC","8","romain-grosjean","haas","ferrari","pirelli",,,,,,,,,,,,,2
981,2018,5,1,1,"1","44","lewis-hamilton","mercedes","mercedes","pirelli",,,"1:17.633",77633,"1:17.166",77166,"1:16.173",76173,,,,,17
981,2018,5,2,2,"2","77","valtteri-bottas","mercedes","mercedes","pirelli",,,"1:17.674",77674,"1:17.111",77111,"1:16.213",76213,"+0.040",40,"+0.040",40,14
981,2018,5,3,3,"3","5","sebastian-vettel","ferrari","ferrari","pirelli",,,"1:17.031",77031,"1:16.802",76802,"1:16.305",76305,"+0.132",132,"+0.092",92,16
981,2018,5,4,4,"4","7","kimi-raikkonen","ferrari","ferrari","pirelli",,,"1:17.483",77483,"1:17.071",77071,"1:16.612",76612,"+0.439",439,"+0.307",307,15
981,2018,5,5,5,"5","33","max-verstappen","red-bull","tag-heuer","pirelli",,,"1:17.411",77411,"1:17.266",77266,"1:16.816",76816,"+0.643",643,"+0.204",204,15
981,2018,5,6,6,"6","3","daniel-ricciardo","red-bull","tag-heuer","pirelli",,,"1:17.623",77623,"1:17.638",77638,"1:16.818",76818,"+0.645",645,"+0.002",2,19
981,2018,5,7,7,"7","20","kevin-magnussen","haas","ferrari","pirelli",,,"1:18.169",78169,"1:17.618",77618,"1:17.676",77676,"+1.503",1503,"+0.858",858,27
981,2018,5,8,8,"8","14","fernando-alonso","mclaren","renault","pirelli",,,"1:18.276",78276,"1:18.100",78100,"1:17.721",77721,"+1.548",1548,"+0.045",45,21
981,2018,5,9,9,"9","55","carlos-sainz-jr","renault","renault","pirelli",,,"1:18.480",78480,"1:17.803",77803,"1:17.790",77790,"+1.617",1617,"+0.069",69,19
981,2018,5,10,10,"10","8","romain-grosjean","haas","ferrari","pirelli",,,"1:18.305",78305,"1:17.699",77699,"1:17.835",77835,"+1.662",1662,"+0.045",45,26
981,2018,5,11,11,"11","2","stoffel-vandoorne","mclaren","renault","pirelli",,,"1:18.885",78885,"1:18.323",78323,,,,,,,18
981,2018,5,12,12,"12","10","pierre-gasly","toro-rosso","honda","pirelli",,,"1:18.550",78550,"1:18.463",78463,,,,,,,16
981,2018,5,13,13,"13","31","esteban-ocon","force-india","mercedes","pirelli",,,"1:18.813",78813,"1:18.696",78696,,,,,,,18
981,2018,5,14,14,"14","16","charles-leclerc","sauber","ferrari","pirelli",,,"1:18.661",78661,"1:18.910",78910,,,,,,,15
981,2018,5,15,15,"15","11","sergio-perez","force-india","mercedes","pirelli",,,"1:18.740",78740,"1:19.098",79098,,,,,,,18
981,2018,5,16,16,"16","27","nico-hulkenberg","renault","renault","pirelli",,,"1:18.923",78923,,,,,,,,,6
981,2018,5,17,17,"17","9","marcus-ericsson","sauber","ferrari","pirelli",,,"1:19.493",79493,,,,,,,,,9
981,2018,5,18,18,"18","35","sergey-sirotkin","williams","mercedes","pirelli",,,"1:19.695",79695,,,,,,,,,10
981,2018,5,19,19,"19","18","lance-stroll","williams","mercedes","pirelli",,,"1:20.225",80225,,,,,,,,,9
982,2018,6,1,1,"1","3","daniel-ricciardo","red-bull","tag-heuer","pirelli",,,"1:12.013",72013,"1:11.278",71278,"1:10.810",70810,,,,,17
982,2018,6,2,2,"2","5","sebastian-vettel","ferrari","ferrari","pirelli",,,"1:12.415",72415,"1:11.518",71518,"1:11.039",71039,"+0.229",229,"+0.229",229,21
982,2018,6,3,3,"3","44","lewis-hamilton","mercedes","mercedes","pirelli",,,"1:12.460",72460,"1:11.584",71584,"1:11.232",71232,"+0.422",422,"+0.193",193,22
982,2018,6,4,4,"4","7","kimi-raikkonen","ferrari","ferrari","pirelli",,,"1:12.639",72639,"1:11.391",71391,"1:11.266",71266,"+0.456",456,"+0.034",34,22
982,2018,6,5,5,"5","77","valtteri-bottas","mercedes","mercedes","pirelli",,,"1:12.434",72434,"1:12.002",72002,"1:11.441",71441,"+0.631",631,"+0.175",175,25
982,2018,6,6,6,"6","31","esteban-ocon","force-india","mercedes","pirelli",,,"1:13.028",73028,"1:12.188",72188,"1:12.061",72061,"+1.251",1251,"+0.620",620,27
982,2018,6,7,7,"7","14","fernando-alonso","mclaren","renault","pirelli",,,"1:12.657",72657,"1:12.269",72269,"1:12.110",72110,"+1.300",1300,"+0.049",49,26
982,2018,6,8,8,"8","55","carlos-sainz-jr","renault","renault","pirelli",,,"1:12.950",72950,"1:12.286",72286,"1:12.130",72130,"+1.320",1320,"+0.020",20,28
982,2018,6,9,9,"9","11","sergio-perez","force-india","mercedes","pirelli",,,"1:12.848",72848,"1:12.194",72194,"1:12.154",72154,"+1.344",1344,"+0.024",24,23
982,2018,6,10,10,"10","10","pierre-gasly","toro-rosso","honda","pirelli",,,"1:12.941",72941,"1:12.313",72313,"1:12.221",72221,"+1.411",1411,"+0.067",67,29
982,2018,6,11,11,"11","27","nico-hulkenberg","renault","renault","pirelli",,,"1:13.065",73065,"1:12.411",72411,,,,,,,22
982,2018,6,12,12,"12","2","stoffel-vandoorne","mclaren","renault","pirelli",,,"1:12.463",72463,"1:12.440",72440,,,,,,,19
982,2018,6,13,13,"13","35","sergey-sirotkin","williams","mercedes","pirelli",,,"1:12.706",72706,"1:12.521",72521,,,,,,,19
982,2018,6,14,14,"14","16","charles-leclerc","sauber","ferrari","pirelli",,,"1:12.829",72829,"1:12.714",72714,,,,,,,20
982,2018,6,15,15,"15","8","romain-grosjean","haas","ferrari","pirelli",,,"1:12.930",72930,"1:12.728",72728,,,,,,,21
982,2018,6,16,16,"16","28","brendon-hartley","toro-rosso","honda","pirelli",,,"1:13.179",73179,,,,,,,,,12
982,2018,6,17,17,"17","9","marcus-ericsson","sauber","ferrari","pirelli",,,"1:13.265",73265,,,,,,,,,11
982,2018,6,18,18,"18","18","lance-stroll","williams","mercedes","pirelli",,,"1:13.323",73323,,,,,,,,,10
982,2018,6,19,19,"19","20","kevin-magnussen","haas","ferrari","pirelli",,,"1:13.393",73393,,,,,,,,,12
983,2018,7,1,1,"1","5","sebastian-vettel","ferrari","ferrari","pirelli",,,"1:11.710",71710,"1:11.524",71524,"1:10.764",70764,,,,,18
983,2018,7,2,2,"2","77","valtteri-bottas","mercedes","mercedes","pirelli",,,"1:11.950",71950,"1:11.514",71514,"1:10.857",70857,"+0.093",93,"+0.093",93,20
983,2018,7,3,3,"3","33","max-verstappen","red-bull","tag-heuer","pirelli",,,"1:12.008",72008,"1:11.472",71472,"1:10.937",70937,"+0.173",173,"+0.080",80,16
983,2018,7,4,4,"4","44","lewis-hamilton","mercedes","mercedes","pirelli",,,"1:11.835",71835,"1:11.740",71740,"1:10.996",70996,"+0.232",232,"+0.059",59,21
983,2018,7,5,5,"5","7","kimi-raikkonen","ferrari","ferrari","pirelli",,,"1:11.725",71725,"1:11.620",71620,"1:11.095",71095,"+0.331",331,"+0.099",99,20
983,2018,7,6,6,"6","3","daniel-ricciardo","red-bull","tag-heuer","pirelli",,,"1:12.459",72459,"1:11.434",71434,"1:11.116",71116,"+0.352",352,"+0.021",21,18
983,2018,7,7,7,"7","27","nico-hulkenberg","renault","renault","pirelli",,,"1:12.795",72795,"1:11.916",71916,"1:11.973",71973,"+1.209",1209,"+0.857",857,15
983,2018,7,8,8,"8","31","esteban-ocon","force-india","mercedes","pirelli",,,"1:12.577",72577,"1:12.141",72141,"1:12.084",72084,"+1.320",1320,"+0.111",111,14
983,2018,7,9,9,"9","55","carlos-sainz-jr","renault","renault","pirelli",,,"1:12.689",72689,"1:12.097",72097,"1:12.168",72168,"+1.404",1404,"+0.084",84,15
983,2018,7,10,10,"10","11","sergio-perez","force-india","mercedes","pirelli",,,"1:12.702",72702,"1:12.395",72395,"1:12.671",72671,"+1.907",1907,"+0.503",503,13
983,2018,7,11,11,"11","20","kevin-magnussen","haas","ferrari","pirelli",,,"1:12.680",72680,"1:12.606",72606,,,,,,,22
983,2018,7,12,12,"12","28","brendon-hartley","toro-rosso","honda","pirelli",,,"1:12.587",72587,"1:12.635",72635,,,,,,,17
983,2018,7,13,13,"13","16","charles-leclerc","sauber","ferrari","pirelli",,,"1:12.945",72945,"1:12.661",72661,,,,,,,22
983,2018,7,14,14,"14","14","fernando-alonso","mclaren","renault","pirelli",,,"1:12.979",72979,"1:12.856",72856,,,,,,,14
983,2018,7,15,15,"15","2","stoffel-vandoorne","mclaren","renault","pirelli",,,"1:12.998",72998,"1:12.865",72865,,,,,,,14
983,2018,7,16,16,"16","10","pierre-gasly","toro-rosso","honda","pirelli",,,"1:13.047",73047,,,,,,,,,8
983,2018,7,17,17,"17","18","lance-stroll","williams","mercedes","pirelli",,,"1:13.590",73590,,,,,,,,,8
983,2018,7,18,18,"18","35","sergey-sirotkin","williams","mercedes","pirelli",,,"1:13.643",73643,,,,,,,,,10
983,2018,7,19,19,"19","9","marcus-ericsson","sauber","ferrari","pirelli",,,"1:14.593",74593,,,,,,,,,6
984,2018,8,1,1,"1","44","lewis-hamilton","mercedes","mercedes","pirelli",,,"1:31.271",91271,"1:30.645",90645,"1:30.029",90029,,,,,19
984,2018,8,2,2,"2","77","valtteri-bottas","mercedes","mercedes","pirelli",,,"1:31.776",91776,"1:31.227",91227,"1:30.147",90147,"+0.118",118,"+0.118",118,17
984,2018,8,3,3,"3","5","sebastian-vettel","ferrari","ferrari","pirelli",,,"1:31.820",91820,"1:30.751",90751,"1:30.400",90400,"+0.371",371,"+0.253",253,22
984,2018,8,4,4,"4","33","max-verstappen","red-bull","tag-heuer","pirelli",,,"1:31.531",91531,"1:30.818",90818,"1:30.705",90705,"+0.676",676,"+0.305",305,20
984,2018,8,5,5,"5","3","daniel-ricciardo","red-bull","tag-heuer","pirelli",,,"1:31.910",91910,"1:31.538",91538,"1:30.895",90895,"+0.866",866,"+0.190",190,20
984,2018,8,6,6,"6","7","kimi-raikkonen","ferrari","ferrari","pirelli",,,"1:31.567",91567,"1:30.772",90772,"1:31.057",91057,"+1.028",1028,"+0.162",162,22
984,2018,8,7,7,"7","55","carlos-sainz-jr","renault","renault","pirelli",,,"1:32.394",92394,"1:32.016",92016,"1:32.126",92126,"+2.097",2097,"+1.069",1069,23
984,2018,8,8,8,"8","16","charles-leclerc","sauber","ferrari","pirelli",,,"1:32.538",92538,"1:32.055",92055,"1:32.635",92635,"+2.606",2606,"+0.509",509,22
984,2018,8,9,9,"9","20","kevin-magnussen","haas","ferrari","pirelli",,,"1:32.169",92169,"1:31.510",91510,"1:32.930",92930,"+2.901",2901,"+0.295",295,24
984,2018,8,10,10,"10","8","romain-grosjean","haas","ferrari","pirelli",,,"1:32.083",92083,"1:31.472",91472,,,,,,,20
984,2018,8,11,11,"11","31","esteban-ocon","force-india","mercedes","pirelli",,,"1:32.786",92786,"1:32.075",92075,,,,,,,14
984,2018,8,12,12,"12","27","nico-hulkenberg","renault","renault","pirelli",,,"1:32.949",92949,"1:32.115",92115,,,,,,,15
984,2018,8,13,13,"13","11","sergio-perez","force-india","mercedes","pirelli",,,"1:32.692",92692,"1:32.454",92454,,,,,,,15
984,2018,8,14,14,"14","10","pierre-gasly","toro-rosso","honda","pirelli",,,"1:32.447",92447,"1:32.460",92460,,,,,,,17
984,2018,8,15,15,"15","9","marcus-ericsson","sauber","ferrari","pirelli",,,"1:32.804",92804,"1:32.820",92820,,,,,,,18
984,2018,8,16,16,"16","14","fernando-alonso","mclaren","renault","pirelli",,,"1:32.976",92976,,,,,,,,,10
984,2018,8,17,17,"17","28","brendon-hartley","toro-rosso","honda","pirelli",,,"1:33.025",93025,,,,,,,,,10
984,2018,8,18,18,"18","2","stoffel-vandoorne","mclaren","renault","pirelli",,,"1:33.162",93162,,,,,,,,,10
984,2018,8,19,19,"19","35","sergey-sirotkin","williams","mercedes","pirelli",,,"1:33.636",93636,,,,,,,,,9
984,2018,8,20,20,"20","18","lance-stroll","williams","mercedes","pirelli",,,"1:33.729",93729,,,,,,,,,10
985,2018,9,1,1,"1","77","valtteri-bottas","mercedes","mercedes","pirelli",,,"1:04.175",64175,"1:03.756",63756,"1:03.130",63130,,,,,18
985,2018,9,2,2,"2","44","lewis-hamilton","mercedes","mercedes","pirelli",,,"1:04.080",64080,"1:03.577",63577,"1:03.149",63149,"+0.019",19,"+0.019",19,21
985,2018,9,3,3,"3","5","sebastian-vettel","ferrari","ferrari","pirelli",,,"1:04.347",64347,"1:03.544",63544,"1:03.464",63464,"+0.334",334,"+0.315",315,18
985,2018,9,4,4,"4","7","kimi-raikkonen","ferrari","ferrari","pirelli",,,"1:04.234",64234,"1:03.975",63975,"1:03.660",63660,"+0.530",530,"+0.196",196,21
985,2018,9,5,5,"5","33","max-verstappen","red-bull","tag-heuer","pirelli",,,"1:04.273",64273,"1:04.001",64001,"1:03.840",63840,"+0.710",710,"+0.180",180,18
985,2018,9,6,6,"6","8","romain-grosjean","haas","ferrari","pirelli",,,"1:04.242",64242,"1:04.059",64059,"1:03.892",63892,"+0.762",762,"+0.052",52,17
985,2018,9,7,7,"7","3","daniel-ricciardo","red-bull","tag-heuer","pirelli",,,"1:04.723",64723,"1:04.403",64403,"1:03.996",63996,"+0.866",866,"+0.104",104,22
985,2018,9,8,8,"8","20","kevin-magnussen","haas","ferrari","pirelli",,,"1:04.460",64460,"1:04.291",64291,"1:04.051",64051,"+0.921",921,"+0.055",55,20
985,2018,9,9,9,"9","55","carlos-sainz-jr","renault","renault","pirelli",,,"1:04.948",64948,"1:04.561",64561,"1:04.725",64725,"+1.595",1595,"+0.674",674,19
985,2018,9,10,10,"10","27","nico-hulkenberg","renault","renault","pirelli",,,"1:04.864",64864,"1:04.676",64676,"1:05.019",65019,"+1.889",1889,"+0.294",294,20
985,2018,9,11,11,"11","31","esteban-ocon","force-india","mercedes","pirelli",,,"1:05.148",65148,"1:04.845",64845,,,,,,,19
985,2018,9,12,12,"12","10","pierre-gasly","toro-rosso","honda","pirelli",,,"1:05.011",65011,"1:04.874",64874,,,,,,,16
985,2018,9,13,13,"13","16","charles-leclerc","sauber","ferrari","pirelli",,,"1:04.967",64967,"1:04.979",64979,,,,,,,19
985,2018,9,14,14,"14","14","fernando-alonso","mclaren","renault","pirelli",,,"1:04.965",64965,"1:05.058",65058,,,,,,,17
985,2018,9,15,15,"15","18","lance-stroll","williams","mercedes","pirelli",,,"1:05.264",65264,"1:05.286",65286,,,,,,,17
985,2018,9,16,16,"16","2","stoffel-vandoorne","mclaren","renault","pirelli",,,"1:05.271",65271,,,,,,,,,9
985,2018,9,17,17,"17","11","sergio-perez","force-india","mercedes","pirelli",,,"1:05.279",65279,,,,,,,,,11
985,2018,9,18,18,"18","35","sergey-sirotkin","williams","mercedes","pirelli",,,"1:05.322",65322,,,,,,,,,10
985,2018,9,19,19,"19","28","brendon-hartley","toro-rosso","honda","pirelli",,,"1:05.366",65366,,,,,,,,,11
985,2018,9,20,20,"20","9","marcus-ericsson","sauber","ferrari","pirelli",,,"1:05.479",65479,,,,,,,,,11
986,2018,10,1,1,"1","44","lewis-hamilton","mercedes","mercedes","pirelli",,,"1:26.818",86818,"1:26.256",86256,"1:25.892",85892,,,,,16
986,2018,10,2,2,"2","5","sebastian-vettel","ferrari","ferrari","pirelli",,,"1:26.585",86585,"1:26.372",86372,"1:25.936",85936,"+0.044",44,"+0.044",44,17
986,2018,10,3,3,"3","7","kimi-raikkonen","ferrari","ferrari","pirelli",,,"1:27.549",87549,"1:26.483",86483,"1:25.990",85990,"+0.098",98,"+0.054",54,17
986,2018,10,4,4,"4","77","valtteri-bottas","mercedes","mercedes","pirelli",,,"1:27.025",87025,"1:26.413",86413,"1:26.217",86217,"+0.325",325,"+0.227",227,15
986,2018,10,5,5,"5","33","max-verstappen","red-bull","tag-heuer","pirelli",,,"1:27.309",87309,"1:27.013",87013,"1:26.602",86602,"+0.710",710,"+0.385",385,14
986,2018,10,6,6,"6","3","daniel-ricciardo","red-bull","tag-heuer","pirelli",,,"1:27.979",87979,"1:27.369",87369,"1:27.099",87099,"+1.207",1207,"+0.497",497,14
986,2018,10,7,7,"7","20","kevin-magnussen","haas","ferrari","pirelli",,,"1:28.143",88143,"1:27.730",87730,"1:27.244",87244,"+1.352",1352,"+0.145",145,19
986,2018,10,8,8,"8","8","romain-grosjean","haas","ferrari","pirelli",,,"1:28.086",88086,"1:27.522",87522,"1:27.455",87455,"+1.563",1563,"+0.211",211,20
986,2018,10,9,9,"9","16","charles-leclerc","sauber","ferrari","pirelli",,,"1:27.962",87962,"1:27.790",87790,"1:27.879",87879,"+1.987",1987,"+0.424",424,19
986,2018,10,10,10,"10","31","esteban-ocon","force-india","mercedes","pirelli",,,"1:28.279",88279,"1:27.843",87843,"1:28.194",88194,"+2.302",2302,"+0.315",315,20
986,2018,10,11,11,"11","27","nico-hulkenberg","renault","renault","pirelli",,,"1:28.017",88017,"1:27.901",87901,,,,,,,12
986,2018,10,12,12,"12","11","sergio-perez","force-india","mercedes","pirelli",,,"1:28.210",88210,"1:27.928",87928,,,,,,,14
986,2018,10,13,13,"13","14","fernando-alonso","mclaren","renault","pirelli",,,"1:28.187",88187,"1:28.139",88139,,,,,,,12
986,2018,10,14,14,"14","10","pierre-gasly","toro-rosso","honda","pirelli",,,"1:28.399",88399,"1:28.343",88343,,,,,,,15
986,2018,10,15,15,"15","9","marcus-ericsson","sauber","ferrari","pirelli",,,"1:28.249",88249,"1:28.391",88391,,,,,,,16
986,2018,10,16,16,"16","55","carlos-sainz-jr","renault","renault","pirelli",,,"1:28.456",88456,,,,,,,,,8
986,2018,10,17,17,"17","2","stoffel-vandoorne","mclaren","renault","pirelli",,,"1:29.096",89096,,,,,,,,,9
986,2018,10,18,18,"18","35","sergey-sirotkin","williams","mercedes","pirelli",,,"1:29.252",89252,,,,,,,,,7
986,2018,10,19,,"NC","18","lance-stroll","williams","mercedes","pirelli",,,,,,,,,,,,,2
987,2018,11,1,1,"1","5","sebastian-vettel","ferrari","ferrari","pirelli",,,"1:12.538",72538,"1:12.505",72505,"1:11.212",71212,,,,,16
987,2018,11,2,2,"2","77","valtteri-bottas","mercedes","mercedes","pirelli",,,"1:12.962",72962,"1:12.152",72152,"1:11.416",71416,"+0.204",204,"+0.204",204,18
987,2018,11,3,3,"3","7","kimi-raikkonen","ferrari","ferrari","pirelli",,,"1:12.505",72505,"1:12.336",72336,"1:11.547",71547,"+0.335",335,"+0.131",131,17
987,2018,11,4,4,"4","33","max-verstappen","red-bull","tag-heuer","pirelli",,,"1:13.127",73127,"1:12.188",72188,"1:11.822",71822,"+0.610",610,"+0.275",275,18
987,2018,11,5,5,"5","20","kevin-magnussen","haas","ferrari","pirelli",,,"1:13.105",73105,"1:12.523",72523,"1:12.200",72200,"+0.988",988,"+0.378",378,18
987,2018,11,6,6,"6","8","romain-grosjean","haas","ferrari","pirelli",,,"1:12.986",72986,"1:12.722",72722,"1:12.544",72544,"+1.332",1332,"+0.344",344,17
987,2018,11,7,7,"7","27","nico-hulkenberg","renault","renault","pirelli",,,"1:13.479",73479,"1:12.946",72946,"1:12.560",72560,"+1.348",1348,"+0.016",16,17
987,2018,11,8,8,"8","55","carlos-sainz-jr","renault","renault","pirelli",,,"1:13.324",73324,"1:13.032",73032,"1:12.692",72692,"+1.480",1480,"+0.132",132,19
987,2018,11,9,9,"9","16","charles-leclerc","sauber","ferrari","pirelli",,,"1:13.077",73077,"1:12.995",72995,"1:12.717",72717,"+1.505",1505,"+0.025",25,23
987,2018,11,10,10,"10","11","sergio-perez","force-india","mercedes","pirelli",,,"1:13.427",73427,"1:13.072",73072,"1:12.774",72774,"+1.562",1562,"+0.057",57,19
987,2018,11,11,11,"11","14","fernando-alonso","mclaren","renault","pirelli",,,"1:13.614",73614,"1:13.657",73657,,,,,,,16
987,2018,11,12,12,"12","35","sergey-sirotkin","williams","mercedes","pirelli",,,"1:13.708",73708,"1:13.702",73702,,,,,,,13
987,2018,11,13,13,"13","9","marcus-ericsson","sauber","ferrari","pirelli",,,"1:13.562",73562,"1:13.736",73736,,,,,,,17
987,2018,11,14,14,"14","44","lewis-hamilton","mercedes","mercedes","pirelli",,,"1:13.012",73012,,,,,,,,,8
987,2018,11,15,15,"15","3","daniel-ricciardo","red-bull","tag-heuer","pirelli",,,"1:13.318",73318,,,,,,,,,6
987,2018,11,16,16,"16","31","esteban-ocon","force-india","mercedes","pirelli",,,"1:13.720",73720,,,,,,,,,10
987,2018,11,17,17,"17","10","pierre-gasly","toro-rosso","honda","pirelli",,,"1:13.749",73749,,,,,,,,,9
987,2018,11,18,18,"18","28","brendon-hartley","toro-rosso","honda","pirelli",,,"1:14.045",74045,,,,,,,,,8
987,2018,11,19,19,"19","18","lance-stroll","williams","mercedes","pirelli",,,"1:14.206",74206,,,,,,,,,10
987,2018,11,20,20,"20","2","stoffel-vandoorne","mclaren","renault","pirelli",,,"1:14.401",74401,,,,,,,,,10
988,2018,12,1,1,"1","44","lewis-hamilton","mercedes","mercedes","pirelli",,,"1:17.419",77419,"1:31.242",91242,"1:35.658",95658,,,,,26
988,2018,12,2,2,"2","77","valtteri-bottas","mercedes","mercedes","pirelli",,,"1:17.123",77123,"1:32.081",92081,"1:35.918",95918,"+0.260",260,"+0.260",260,25
988,2018,12,3,3,"3","7","kimi-raikkonen","ferrari","ferrari","pirelli",,,"1:17.526",77526,"1:32.762",92762,"1:36.186",96186,"+0.528",528,"+0.268",268,26
988,2018,12,4,4,"4","5","sebastian-vettel","ferrari","ferrari","pirelli",,,"1:16.666",76666,"1:28.636",88636,"1:36.210",96210,"+0.552",552,"+0.024",24,24
988,2018,12,5,5,"5","55","carlos-sainz-jr","renault","renault","pirelli",,,"1:17.829",77829,"1:30.771",90771,"1:36.743",96743,"+1.085",1085,"+0.533",533,25
988,2018,12,6,6,"6","10","pierre-gasly","toro-rosso","honda","pirelli",,,"1:18.577",78577,"1:31.286",91286,"1:37.591",97591,"+1.933",1933,"+0.848",848,25
988,2018,12,7,7,"7","33","max-verstappen","red-bull","tag-heuer","pirelli",,,"1:16.940",76940,"1:31.178",91178,"1:38.032",98032,"+2.374",2374,"+0.441",441,24
988,2018,12,8,8,"8","28","brendon-hartley","toro-rosso","honda","pirelli",,,"1:18.429",78429,"1:32.590",92590,"1:38.128",98128,"+2.470",2470,"+0.096",96,25
988,2018,12,9,9,"9","20","kevin-magnussen","haas","ferrari","pirelli",,,"1:18.314",78314,"1:32.968",92968,"1:39.858",99858,"+4.200",4200,"+1.730",1730,24
988,2018,12,10,10,"10","8","romain-grosjean","haas","ferrari","pirelli",,,"1:17.901",77901,"1:33.650",93650,"1:40.593",100593,"+4.935",4935,"+0.735",735,24
988,2018,12,11,11,"11","14","fernando-alonso","mclaren","renault","pirelli",,,"1:18.208",78208,"1:35.214",95214,,,,,,,19
988,2018,12,12,12,"12","3","daniel-ricciardo","red-bull","tag-heuer","pirelli",,,"1:18.540",78540,"1:36.442",96442,,,,,,,21
988,2018,12,13,13,"13","27","nico-hulkenberg","renault","renault","pirelli",,,"1:17.905",77905,"1:36.506",96506,,,,,,,20
988,2018,12,14,14,"14","9","marcus-ericsson","sauber","ferrari","pirelli",,,"1:18.641",78641,"1:37.075",97075,,,,,,,22
988,2018,12,15,15,"15","18","lance-stroll","williams","mercedes","pirelli",,,"1:18.560",78560,,,,,,,,,15
988,2018,12,16,16,"16","2","stoffel-vandoorne","mclaren","renault","pirelli",,,"1:18.782",78782,,,,,,,,,11
988,2018,12,17,17,"17","16","charles-leclerc","sauber","ferrari","pirelli",,,"1:18.817",78817,,,,,,,,,13
988,2018,12,18,18,"18","31","esteban-ocon","force-india","mercedes","pirelli",,,"1:19.142",79142,,,,,,,,,12
988,2018,12,19,19,"19","11","sergio-perez","force-india","mercedes","pirelli",,,"1:19.200",79200,,,,,,,,,11
988,2018,12,20,20,"20","35","sergey-sirotkin","williams","mercedes","pirelli",,,"1:19.301",79301,,,,,,,,,12
989,2018,13,1,1,"1","44","lewis-hamilton","mercedes","mercedes","pirelli",,,"1:42.977",102977,"1:41.553",101553,"1:58.179",118179,,,,,19
989,2018,13,2,2,"2","5","sebastian-vettel","ferrari","ferrari","pirelli",,,"1:43.035",103035,"1:41.501",101501,"1:58.905",118905,"+0.726",726,"+0.726",726,18
989,2018,13,3,3,"3","31","esteban-ocon","force-india","mercedes","pirelli",,,"1:44.003",104003,"1:43.302",103302,"2:01.851",121851,"+3.672",3672,"+2.946",2946,16
989,2018,13,4,4,"4","11","sergio-perez","force-india","mercedes","pirelli",,,"1:44.004",104004,"1:43.014",103014,"2:01.894",121894,"+3.715",3715,"+0.043",43,14
989,2018,13,5,5,"5","8","romain-grosjean","haas","ferrari","pirelli",,,"1:43.597",103597,"1:43.042",103042,"2:02.122",122122,"+3.943",3943,"+0.228",228,20
989,2018,13,6,6,"6","7","kimi-raikkonen","ferrari","ferrari","pirelli",,,"1:42.585",102585,"1:41.533",101533,"2:02.671",122671,"+4.492",4492,"+0.549",549,13
989,2018,13,7,7,"7","33","max-verstappen","red-bull","tag-heuer","pirelli",,,"1:43.199",103199,"1:42.554",102554,"2:02.769",122769,"+4.590",4590,"+0.098",98,11
989,2018,13,8,8,"8","3","daniel-ricciardo","red-bull","tag-heuer","pirelli",,,"1:43.604",103604,"1:43.126",103126,"2:02.939",122939,"+4.760",4760,"+0.170",170,16
989,2018,13,9,9,"9","20","kevin-magnussen","haas","ferrari","pirelli",,,"1:43.834",103834,"1:43.320",103320,"2:04.933",124933,"+6.754",6754,"+1.994",1994,19
989,2018,13,10,10,"10","77","valtteri-bottas","mercedes","mercedes","pirelli",,,"1:42.805",102805,"1:42.191",102191,,,,,,,7
989,2018,13,11,11,"11","10","pierre-gasly","toro-rosso","honda","pirelli",,,"1:44.221",104221,"1:43.844",103844,,,,,,,14
989,2018,13,12,12,"12","28","brendon-hartley","toro-rosso","honda","pirelli",,,"1:44.153",104153,"1:43.865",103865,,,,,,,13
989,2018,13,13,13,"13","16","charles-leclerc","sauber","ferrari","pirelli",,,"1:43.654",103654,"1:44.062",104062,,,,,,,14
989,2018,13,14,14,"14","9","marcus-ericsson","sauber","ferrari","pirelli",,,"1:43.846",103846,"1:44.301",104301,,,,,,,11
989,2018,13,15,15,"15","27","nico-hulkenberg","renault","renault","pirelli",,,"1:44.145",104145,,,,,,,,,3
989,2018,13,16,16,"16","55","carlos-sainz-jr","renault","renault","pirelli",,,"1:44.489",104489,,,,,,,,,6
989,2018,13,17,17,"17","14","fernando-alonso","mclaren","renault","pirelli",,,"1:44.917",104917,,,,,,,,,6
989,2018,13,18,18,"18","35","sergey-sirotkin","williams","mercedes","pirelli",,,"1:44.998",104998,,,,,,,,,6
989,2018,13,19,19,"19","18","lance-stroll","williams","mercedes","pirelli",,,"1:45.134",105134,,,,,,,,,6
989,2018,13,20,20,"20","2","stoffel-vandoorne","mclaren","renault","pirelli",,,"1:45.307",105307,,,,,,,,,8
990,2018,14,1,1,"1","7","kimi-raikkonen","ferrari","ferrari","pirelli",,,"1:20.722",80722,"1:19.846",79846,"1:19.119",79119,,,,,21
990,2018,14,2,2,"2","5","sebastian-vettel","ferrari","ferrari","pirelli",,,"1:20.542",80542,"1:19.629",79629,"1:19.280",79280,"+0.161",161,"+0.161",161,20
990,2018,14,3,3,"3","44","lewis-hamilton","mercedes","mercedes","pirelli",,,"1:20.810",80810,"1:19.798",79798,"1:19.294",79294,"+0.175",175,"+0.014",14,20
990,2018,14,4,4,"4","77","valtteri-bottas","mercedes","mercedes","pirelli",,,"1:21.381",81381,"1:20.427",80427,"1:19.656",79656,"+0.537",537,"+0.362",362,18
990,2018,14,5,5,"5","33","max-verstappen","red-bull","tag-heuer","pirelli",,,"1:21.381",81381,"1:20.333",80333,"1:20.615",80615,"+1.496",1496,"+0.959",959,15
990,2018,14,6,6,"6","8","romain-grosjean","haas","ferrari","pirelli",,,"1:21.887",81887,"1:21.239",81239,"1:20.936",80936,"+1.817",1817,"+0.321",321,21
990,2018,14,7,7,"7","55","carlos-sainz-jr","renault","renault","pirelli",,,"1:21.732",81732,"1:21.552",81552,"1:21.041",81041,"+1.922",1922,"+0.105",105,17
990,2018,14,8,8,"8","31","esteban-ocon","force-india","mercedes","pirelli",,,"1:21.570",81570,"1:21.315",81315,"1:21.099",81099,"+1.980",1980,"+0.058",58,17
990,2018,14,9,9,"9","10","pierre-gasly","toro-rosso","honda","pirelli",,,"1:21.834",81834,"1:21.667",81667,"1:21.350",81350,"+2.231",2231,"+0.251",251,24
990,2018,14,10,10,"10","18","lance-stroll","williams","mercedes","pirelli",,,"1:21.838",81838,"1:21.494",81494,"1:21.627",81627,"+2.508",2508,"+0.277",277,14
990,2018,14,11,11,"11","20","kevin-magnussen","haas","ferrari","pirelli",,,"1:21.783",81783,"1:21.669",81669,,,,,,,12
990,2018,14,12,12,"12","35","sergey-sirotkin","williams","mercedes","pirelli",,,"1:21.813",81813,"1:21.732",81732,,,,,,,13
990,2018,14,13,13,"13","14","fernando-alonso","mclaren","renault","pirelli",,,"1:21.850",81850,"1:22.568",82568,,,,,,,14
990,2018,14,14,14,"14","27","nico-hulkenberg","renault","renault","pirelli",,,"1:21.801",81801,,,,,,,,,12
990,2018,14,15,15,"15","3","daniel-ricciardo","red-bull","tag-heuer","pirelli",,,"1:21.280",81280,,,,,,,,,3
990,2018,14,16,16,"16","11","sergio-perez","force-india","mercedes","pirelli",,,"1:21.888",81888,,,,,,,,,5
990,2018,14,17,17,"17","16","charles-leclerc","sauber","ferrari","pirelli",,,"1:21.889",81889,,,,,,,,,10
990,2018,14,18,18,"18","28","brendon-hartley","toro-rosso","honda","pirelli",,,"1:21.934",81934,,,,,,,,,12
990,2018,14,19,19,"19","9","marcus-ericsson","sauber","ferrari","pirelli",,,"1:22.048",82048,,,,,,,,,10
990,2018,14,20,20,"20","2","stoffel-vandoorne","mclaren","renault","pirelli",,,"1:22.085",82085,,,,,,,,,9
991,2018,15,1,1,"1","44","lewis-hamilton","mercedes","mercedes","pirelli",,,"1:39.403",99403,"1:37.344",97344,"1:36.015",96015,,,,,17
991,2018,15,2,2,"2","33","max-verstappen","red-bull","tag-heuer","pirelli",,,"1:38.751",98751,"1:37.214",97214,"1:36.334",96334,"+0.319",319,"+0.319",319,14
991,2018,15,3,3,"3","5","sebastian-vettel","ferrari","ferrari","pirelli",,,"1:38.218",98218,"1:37.876",97876,"1:36.628",96628,"+0.613",613,"+0.294",294,17
991,2018,15,4,4,"4","77","valtteri-bottas","mercedes","mercedes","pirelli",,,"1:39.291",99291,"1:37.254",97254,"1:36.702",96702,"+0.687",687,"+0.074",74,20
991,2018,15,5,5,"5","7","kimi-raikkonen","ferrari","ferrari","pirelli",,,"1:38.534",98534,"1:37.194",97194,"1:36.794",96794,"+0.779",779,"+0.092",92,17
991,2018,15,6,6,"6","3","daniel-ricciardo","red-bull","tag-heuer","pirelli",,,"1:38.153",98153,"1:37.406",97406,"1:36.996",96996,"+0.981",981,"+0.202",202,12
991,2018,15,7,7,"7","11","sergio-perez","force-india","mercedes","pirelli",,,"1:38.814",98814,"1:38.342",98342,"1:37.985",97985,"+1.970",1970,"+0.989",989,19
991,2018,15,8,8,"8","8","romain-grosjean","haas","ferrari","pirelli",,,"1:38.685",98685,"1:38.367",98367,"1:38.320",98320,"+2.305",2305,"+0.335",335,15
991,2018,15,9,9,"9","31","esteban-ocon","force-india","mercedes","pirelli",,,"1:38.912",98912,"1:38.534",98534,"1:38.365",98365,"+2.350",2350,"+0.045",45,20
991,2018,15,10,10,"10","27","nico-hulkenberg","renault","renault","pirelli",,,"1:38.932",98932,"1:38.450",98450,"1:38.588",98588,"+2.573",2573,"+0.223",223,18
991,2018,15,11,11,"11","14","fernando-alonso","mclaren","renault","pirelli",,,"1:39.022",99022,"1:38.641",98641,,,,,,,12
991,2018,15,12,12,"12","55","carlos-sainz-jr","renault","renault","pirelli",,,"1:39.103",99103,"1:38.716",98716,,,,,,,12
991,2018,15,13,13,"13","16","charles-leclerc","sauber","ferrari","pirelli",,,"1:39.206",99206,"1:38.747",98747,,,,,,,14
991,2018,15,14,14,"14","9","marcus-ericsson","sauber","ferrari","pirelli",,,"1:39.366",99366,"1:39.453",99453,,,,,,,14
991,2018,15,15,15,"15","10","pierre-gasly","toro-rosso","honda","pirelli",,,"1:39.614",99614,"1:39.691",99691,,,,,,,13
991,2018,15,16,16,"16","20","kevin-magnussen","haas","ferrari","pirelli",,,"1:39.644",99644,,,,,,,,,6
991,2018,15,17,17,"17","28","brendon-hartley","toro-rosso","honda","pirelli",,,"1:39.809",99809,,,,,,,,,8
991,2018,15,18,18,"18","2","stoffel-vandoorne","mclaren","renault","pirelli",,,"1:39.864",99864,,,,,,,,,8
991,2018,15,19,19,"19","35","sergey-sirotkin","williams","mercedes","pirelli",,,"1:41.263",101263,,,,,,,,,8
991,2018,15,20,20,"20","18","lance-stroll","williams","mercedes","pirelli",,,"1:41.334",101334,,,,,,,,,6
992,2018,16,1,1,"1","77","valtteri-bottas","mercedes","mercedes","pirelli",,,"1:32.964",92964,"1:32.744",92744,"1:31.387",91387,,,,,17
992,2018,16,2,2,"2","44","lewis-hamilton","mercedes","mercedes","pirelli",,,"1:32.410",92410,"1:32.595",92595,"1:31.532",91532,"+0.145",145,"+0.145",145,18
992,2018,16,3,3,"3","5","sebastian-vettel","ferrari","ferrari","pirelli",,,"1:33.476",93476,"1:33.045",93045,"1:31.943",91943,"+0.556",556,"+0.411",411,18
992,2018,16,4,4,"4","7","kimi-raikkonen","ferrari","ferrari","pirelli",,,"1:33.341",93341,"1:33.065",93065,"1:32.237",92237,"+0.850",850,"+0.294",294,18
992,2018,16,5,5,"5","20","kevin-magnussen","haas","ferrari","pirelli",,,"1:34.078",94078,"1:33.747",93747,"1:33.181",93181,"+1.794",1794,"+0.944",944,15
992,2018,16,6,6,"6","31","esteban-ocon","force-india","mercedes","pirelli",,,"1:34.290",94290,"1:33.596",93596,"1:33.413",93413,"+2.026",2026,"+0.232",232,17
992,2018,16,7,7,"7","16","charles-leclerc","sauber","ferrari","pirelli",,,"1:33.924",93924,"1:33.488",93488,"1:33.419",93419,"+2.032",2032,"+0.006",6,17
992,2018,16,8,8,"8","11","sergio-perez","force-india","mercedes","pirelli",,,"1:34.084",94084,"1:33.923",93923,"1:33.563",93563,"+2.176",2176,"+0.144",144,16
992,2018,16,9,9,"9","8","romain-grosjean","haas","ferrari","pirelli",,,"1:34.022",94022,"1:33.517",93517,"1:33.704",93704,"+2.317",2317,"+0.141",141,17
992,2018,16,10,10,"10","9","marcus-ericsson","sauber","ferrari","pirelli",,,"1:34.170",94170,"1:33.995",93995,"1:35.196",95196,"+3.809",3809,"+1.492",1492,17
992,2018,16,11,11,"11","33","max-verstappen","red-bull","tag-heuer","pirelli",,,"1:33.048",93048,,,,,,,,,5
992,2018,16,12,12,"12","3","daniel-ricciardo","red-bull","tag-heuer","pirelli",,,"1:33.247",93247,,,,,,,,,4
992,2018,16,13,13,"13","10","pierre-gasly","toro-rosso","honda","pirelli",,,"1:34.383",94383,,,,,,,,,8
992,2018,16,14,14,"14","55","carlos-sainz-jr","renault","renault","pirelli",,,"1:34.626",94626,,,,,,,,,6
992,2018,16,15,15,"15","27","nico-hulkenberg","renault","renault","pirelli",,,"1:34.655",94655,,,,,,,,,6
992,2018,16,16,16,"16","28","brendon-hartley","toro-rosso","honda","pirelli",,,"1:35.037",95037,,,,,,,,,7
992,2018,16,17,17,"17","14","fernando-alonso","mclaren","renault","pirelli",,,"1:35.504",95504,,,,,,,,,6
992,2018,16,18,18,"18","35","sergey-sirotkin","williams","mercedes","pirelli",,,"1:35.612",95612,,,,,,,,,6
992,2018,16,19,19,"19","2","stoffel-vandoorne","mclaren","renault","pirelli",,,"1:35.977",95977,,,,,,,,,6
992,2018,16,20,20,"20","18","lance-stroll","williams","mercedes","pirelli",,,"1:36.437",96437,,,,,,,,,7
993,2018,17,1,1,"1","44","lewis-hamilton","mercedes","mercedes","pirelli",,,"1:28.702",88702,"1:28.017",88017,"1:27.760",87760,,,,,11
993,2018,17,2,2,"2","77","valtteri-bottas","mercedes","mercedes","pirelli",,,"1:29.297",89297,"1:27.987",87987,"1:28.059",88059,"+0.299",299,"+0.299",299,12
993,2018,17,3,3,"3","33","max-verstappen","red-bull","tag-heuer","pirelli",,,"1:29.480",89480,"1:28.849",88849,"1:29.057",89057,"+1.297",1297,"+0.998",998,10
993,2018,17,4,4,"4","7","kimi-raikkonen","ferrari","ferrari","pirelli",,,"1:29.631",89631,"1:28.595",88595,"1:29.521",89521,"+1.761",1761,"+0.464",464,13
993,2018,17,5,5,"5","8","romain-grosjean","haas","ferrari","pirelli",,,"1:29.724",89724,"1:29.678",89678,"1:29.761",89761,"+2.001",2001,"+0.240",240,17
993,2018,17,6,6,"6","28","brendon-hartley","toro-rosso","honda","pirelli",,,"1:30.248",90248,"1:29.848",89848,"1:30.023",90023,"+2.263",2263,"+0.262",262,15
993,2018,17,7,7,"7","10","pierre-gasly","toro-rosso","honda","pirelli",,,"1:30.137",90137,"1:29.810",89810,"1:30.093",90093,"+2.333",2333,"+0.070",70,15
993,2018,17,8,8,"8","31","esteban-ocon","force-india","mercedes","pirelli",,,"1:29.899",89899,"1:29.538",89538,"1:30.126",90126,"+2.366",2366,"+0.033",33,13
993,2018,17,9,9,"9","5","sebastian-vettel","ferrari","ferrari","pirelli",,,"1:29.049",89049,"1:28.279",88279,"1:32.192",92192,"+4.432",4432,"+2.066",2066,13
993,2018,17,10,10,"10","11","sergio-perez","force-india","mercedes","pirelli",,,"1:30.247",90247,"1:29.567",89567,"1:37.229",97229,"+9.469",9469,"+5.037",5037,16
993,2018,17,11,11,"11","16","charles-leclerc","sauber","ferrari","pirelli",,,"1:29.706",89706,"1:29.864",89864,,,,,,,12
993,2018,17,12,12,"12","20","kevin-magnussen","haas","ferrari","pirelli",,,"1:30.219",90219,"1:30.226",90226,,,,,,,13
993,2018,17,13,13,"13","55","carlos-sainz-jr","renault","renault","pirelli",,,"1:30.236",90236,"1:30.490",90490,,,,,,,12
993,2018,17,14,14,"14","18","lance-stroll","williams","mercedes","pirelli",,,"1:30.317",90317,"1:30.714",90714,,,,,,,10
993,2018,17,15,15,"15","3","daniel-ricciardo","red-bull","tag-heuer","pirelli",,,"1:29.806",89806,,,,,,,,,4
993,2018,17,16,16,"16","27","nico-hulkenberg","renault","renault","pirelli",,,"1:30.361",90361,,,,,,,,,7
993,2018,17,17,17,"17","35","sergey-sirotkin","williams","mercedes","pirelli",,,"1:30.372",90372,,,,,,,,,8
993,2018,17,18,18,"18","14","fernando-alonso","mclaren","renault","pirelli",,,"1:30.573",90573,,,,,,,,,6
993,2018,17,19,19,"19","2","stoffel-vandoorne","mclaren","renault","pirelli",,,"1:31.041",91041,,,,,,,,,10
993,2018,17,20,20,"20","9","marcus-ericsson","sauber","ferrari","pirelli",,,"1:31.213",91213,,,,,,,,,4
994,2018,18,1,1,"1","44","lewis-hamilton","mercedes","mercedes","pirelli",,,"1:34.130",94130,"1:33.480",93480,"1:32.237",92237,,,,,20
994,2018,18,2,2,"2","5","sebastian-vettel","ferrari","ferrari","pirelli",,,"1:34.569",94569,"1:33.079",93079,"1:32.298",92298,"+0.061",61,"+0.061",61,18
994,2018,18,3,3,"3","7","kimi-raikkonen","ferrari","ferrari","pirelli",,,"1:34.703",94703,"1:32.884",92884,"1:32.307",92307,"+0.070",70,"+0.009",9,15
994,2018,18,4,4,"4","77","valtteri-bottas","mercedes","mercedes","pirelli",,,"1:34.518",94518,"1:33.702",93702,"1:32.616",92616,"+0.379",379,"+0.309",309,17
994,2018,18,5,5,"5","3","daniel-ricciardo","red-bull","tag-heuer","pirelli",,,"1:34.755",94755,"1:34.185",94185,"1:33.494",93494,"+1.257",1257,"+0.878",878,14
994,2018,18,6,6,"6","31","esteban-ocon","force-india","mercedes","pirelli",,,"1:34.876",94876,"1:34.522",94522,"1:34.145",94145,"+1.908",1908,"+0.651",651,18
994,2018,18,7,7,"7","27","nico-hulkenberg","renault","renault","pirelli",,,"1:34.932",94932,"1:34.564",94564,"1:34.215",94215,"+1.978",1978,"+0.070",70,18
994,2018,18,8,8,"8","8","romain-grosjean","haas","ferrari","pirelli",,,"1:34.892",94892,"1:34.419",94419,"1:34.250",94250,"+2.013",2013,"+0.035",35,17
994,2018,18,9,9,"9","16","charles-leclerc","sauber","ferrari","pirelli",,,"1:35.069",95069,"1:34.255",94255,"1:34.420",94420,"+2.183",2183,"+0.170",170,17
994,2018,18,10,10,"10","11","sergio-perez","force-india","mercedes","pirelli",,,"1:35.193",95193,"1:34.525",94525,"1:34.594",94594,"+2.357",2357,"+0.174",174,17
994,2018,18,11,11,"11","55","carlos-sainz-jr","renault","renault","pirelli",,,"1:34.891",94891,"1:34.566",94566,,,,,,,12
994,2018,18,12,12,"12","20","kevin-magnussen","haas","ferrari","pirelli",,,"1:34.972",94972,"1:34.732",94732,,,,,,,12
994,2018,18,13,13,"13","10","pierre-gasly","toro-rosso","honda","pirelli",,,"1:34.850",94850,,,,,,,,,13
994,2018,18,14,14,"14","28","brendon-hartley","toro-rosso","honda","pirelli",,,"1:35.206",95206,,,,,,,,,13
994,2018,18,15,15,"15","33","max-verstappen","red-bull","tag-heuer","pirelli",,,"1:34.766",94766,,,,,,,,,4
994,2018,18,16,16,"16","14","fernando-alonso","mclaren","renault","pirelli",,,"1:35.294",95294,,,,,,,,,6
994,2018,18,17,17,"17","35","sergey-sirotkin","williams","mercedes","pirelli",,,"1:35.362",95362,,,,,,,,,6
994,2018,18,18,18,"18","18","lance-stroll","williams","mercedes","pirelli",,,"1:35.480",95480,,,,,,,,,8
994,2018,18,19,19,"19","9","marcus-ericsson","sauber","ferrari","pirelli",,,"1:35.536",95536,,,,,,,,,8
994,2018,18,20,20,"20","2","stoffel-vandoorne","mclaren","renault","pirelli",,,"1:35.735",95735,,,,,,,,,6
995,2018,19,1,1,"1","3","daniel-ricciardo","red-bull","tag-heuer","pirelli",,,"1:15.866",75866,"1:15.845",75845,"1:14.759",74759,,,,,16
995,2018,19,2,2,"2","33","max-verstappen","red-bull","tag-heuer","pirelli",,,"1:15.756",75756,"1:15.640",75640,"1:14.785",74785,"+0.026",26,"+0.026",26,16
995,2018,19,3,3,"3","44","lewis-hamilton","mercedes","mercedes","pirelli",,,"1:15.673",75673,"1:15.644",75644,"1:14.894",74894,"+0.135",135,"+0.109",109,21
995,2018,19,4,4,"4","5","sebastian-vettel","ferrari","ferrari","pirelli",,,"1:16.089",76089,"1:15.715",75715,"1:14.970",74970,"+0.211",211,"+0.076",76,16
995,2018,19,5,5,"5","77","valtteri-bottas","mercedes","mercedes","pirelli",,,"1:15.580",75580,"1:15.923",75923,"1:15.160",75160,"+0.401",401,"+0.190",190,22
995,2018,19,6,6,"6","7","kimi-raikkonen","ferrari","ferrari","pirelli",,,"1:16.446",76446,"1:15.996",75996,"1:15.330",75330,"+0.571",571,"+0.170",170,20
995,2018,19,7,7,"7","27","nico-hulkenberg","renault","renault","pirelli",,,"1:16.498",76498,"1:16.126",76126,"1:15.827",75827,"+1.068",1068,"+0.497",497,18
995,2018,19,8,8,"8","55","carlos-sainz-jr","renault","renault","pirelli",,,"1:16.813",76813,"1:16.188",76188,"1:16.084",76084,"+1.325",1325,"+0.257",257,18
995,2018,19,9,9,"9","16","charles-leclerc","sauber","ferrari","pirelli",,,"1:16.862",76862,"1:16.320",76320,"1:16.189",76189,"+1.430",1430,"+0.105",105,20
995,2018,19,10,10,"10","9","marcus-ericsson","sauber","ferrari","pirelli",,,"1:16.701",76701,"1:16.633",76633,"1:16.513",76513,"+1.754",1754,"+0.324",324,20
995,2018,19,11,11,"11","31","esteban-ocon","force-india","mercedes","pirelli",,,"1:16.252",76252,"1:16.844",76844,,,,,,,16
995,2018,19,12,12,"12","14","fernando-alonso","mclaren","renault","pirelli",,,"1:16.857",76857,"1:16.871",76871,,,,,,,12
995,2018,19,13,13,"13","11","sergio-perez","force-india","mercedes","pirelli",,,"1:16.242",76242,"1:17.167",77167,,,,,,,16
995,2018,19,14,14,"14","28","brendon-hartley","toro-rosso","honda","pirelli",,,"1:16.682",76682,"1:17.184",77184,,,,,,,12
995,2018,19,15,15,"15","10","pierre-gasly","toro-rosso","honda","pirelli",,,"1:16.828",76828,,,,,,,,,11
995,2018,19,16,16,"16","8","romain-grosjean","haas","ferrari","pirelli",,,"1:16.911",76911,,,,,,,,,9
995,2018,19,17,17,"17","2","stoffel-vandoorne","mclaren","renault","pirelli",,,"1:16.966",76966,,,,,,,,,6
995,2018,19,18,18,"18","20","kevin-magnussen","haas","ferrari","pirelli",,,"1:17.599",77599,,,,,,,,,9
995,2018,19,19,19,"19","18","lance-stroll","williams","mercedes","pirelli",,,"1:17.689",77689,,,,,,,,,5
995,2018,19,20,20,"20","35","sergey-sirotkin","williams","mercedes","pirelli",,,"1:17.886",77886,,,,,,,,,6
996,2018,20,1,1,"1","44","lewis-hamilton","mercedes","mercedes","pirelli",,,"1:08.464",68464,"1:07.795",67795,"1:07.281",67281,,,,,17
996,2018,20,2,2,"2","5","sebastian-vettel","ferrari","ferrari","pirelli",,,"1:08.452",68452,"1:07.776",67776,"1:07.374",67374,"+0.093",93,"+0.093",93,17
996,2018,20,3,3,"3","77","valtteri-bottas","mercedes","mercedes","pirelli",,,"1:08.492",68492,"1:07.727",67727,"1:07.441",67441,"+0.160",160,"+0.067",67,17
996,2018,20,4,4,"4","7","kimi-raikkonen","ferrari","ferrari","pirelli",,,"1:08.452",68452,"1:08.028",68028,"1:07.456",67456,"+0.175",175,"+0.015",15,17
996,2018,20,5,5,"5","33","max-verstappen","red-bull","tag-heuer","pirelli",,,"1:08.205",68205,"1:08.017",68017,"1:07.778",67778,"+0.497",497,"+0.322",322,16
996,2018,20,6,6,"6","3","daniel-ricciardo","red-bull","tag-heuer","pirelli",,,"1:08.544",68544,"1:08.055",68055,"1:07.780",67780,"+0.499",499,"+0.002",2,16
996,2018,20,7,7,"7","9","marcus-ericsson","sauber","ferrari","pirelli",,,"1:08.754",68754,"1:08.579",68579,"1:08.296",68296,"+1.015",1015,"+0.516",516,19
996,2018,20,8,8,"8","16","charles-leclerc","sauber","ferrari","pirelli",,,"1:08.667",68667,"1:08.335",68335,"1:08.492",68492,"+1.211",1211,"+0.196",196,23
996,2018,20,9,9,"9","8","romain-grosjean","haas","ferrari","pirelli",,,"1:08.735",68735,"1:08.239",68239,"1:08.517",68517,"+1.236",1236,"+0.025",25,17
996,2018,20,10,10,"10","10","pierre-gasly","toro-rosso","honda","pirelli",,,"1:09.046",69046,"1:08.616",68616,"1:09.029",69029,"+1.748",1748,"+0.512",512,24
996,2018,20,11,11,"11","20","kevin-magnussen","haas","ferrari","pirelli",,,"1:08.474",68474,"1:08.659",68659,,,,,,,12
996,2018,20,12,12,"12","11","sergio-perez","force-india","mercedes","pirelli",,,"1:09.217",69217,"1:08.741",68741,,,,,,,15
996,2018,20,13,13,"13","31","esteban-ocon","force-india","mercedes","pirelli",,,"1:09.264",69264,"1:08.770",68770,,,,,,,18
996,2018,20,14,14,"14","27","nico-hulkenberg","renault","renault","pirelli",,,"1:09.009",69009,"1:08.834",68834,,,,,,,15
996,2018,20,15,15,"15","35","sergey-sirotkin","williams","mercedes","pirelli",,,"1:09.259",69259,"1:10.381",70381,,,,,,,11
996,2018,20,16,16,"16","55","carlos-sainz-jr","renault","renault","pirelli",,,"1:09.269",69269,,,,,,,,,9
996,2018,20,17,17,"17","28","brendon-hartley","toro-rosso","honda","pirelli",,,"1:09.280",69280,,,,,,,,,10
996,2018,20,18,18,"18","14","fernando-alonso","mclaren","renault","pirelli",,,"1:09.402",69402,,,,,,,,,9
996,2018,20,19,19,"19","18","lance-stroll","williams","mercedes","pirelli",,,"1:09.441",69441,,,,,,,,,9
996,2018,20,20,20,"20","2","stoffel-vandoorne","mclaren","renault","pirelli",,,"1:09.601",69601,,,,,,,,,9
997,2018,21,1,1,"1","44","lewis-hamilton","mercedes","mercedes","pirelli",,,"1:36.828",96828,"1:35.693",95693,"1:34.794",94794,,,,,19
997,2018,21,2,2,"2","77","valtteri-bottas","mercedes","mercedes","pirelli",,,"1:36.789",96789,"1:36.392",96392,"1:34.956",94956,"+0.162",162,"+0.162",162,19
997,2018,21,3,3,"3","5","sebastian-vettel","ferrari","ferrari","pirelli",,,"1:36.775",96775,"1:36.345",96345,"1:35.125",95125,"+0.331",331,"+0.169",169,18
997,2018,21,4,4,"4","7","kimi-raikkonen","ferrari","ferrari","pirelli",,,"1:37.010",97010,"1:36.735",96735,"1:35.365",95365,"+0.571",571,"+0.240",240,18
997,2018,21,5,5,"5","3","daniel-ricciardo","red-bull","tag-heuer","pirelli",,,"1:37.117",97117,"1:36.964",96964,"1:35.401",95401,"+0.607",607,"+0.036",36,16
997,2018,21,6,6,"6","33","max-verstappen","red-bull","tag-heuer","pirelli",,,"1:37.195",97195,"1:36.144",96144,"1:35.589",95589,"+0.795",795,"+0.188",188,14
997,2018,21,7,7,"7","8","romain-grosjean","haas","ferrari","pirelli",,,"1:37.575",97575,"1:36.732",96732,"1:36.192",96192,"+1.398",1398,"+0.603",603,15
997,2018,21,8,8,"8","16","charles-leclerc","sauber","ferrari","pirelli",,,"1:37.124",97124,"1:36.580",96580,"1:36.237",96237,"+1.443",1443,"+0.045",45,20
997,2018,21,9,9,"9","31","esteban-ocon","force-india","mercedes","pirelli",,,"1:36.936",96936,"1:36.814",96814,"1:36.540",96540,"+1.746",1746,"+0.303",303,18
997,2018,21,10,10,"10","27","nico-hulkenberg","renault","renault","pirelli",,,"1:37.569",97569,"1:36.630",96630,"1:36.542",96542,"+1.748",1748,"+0.002",2,15
997,2018,21,11,11,"11","55","carlos-sainz-jr","renault","renault","pirelli",,,"1:37.757",97757,"1:36.982",96982,,,,,,,9
997,2018,21,12,12,"12","9","marcus-ericsson","sauber","ferrari","pirelli",,,"1:37.619",97619,"1:37.132",97132,,,,,,,14
997,2018,21,13,13,"13","20","kevin-magnussen","haas","ferrari","pirelli",,,"1:37.934",97934,"1:37.309",97309,,,,,,,12
997,2018,21,14,14,"14","11","sergio-perez","force-india","mercedes","pirelli",,,"1:37.255",97255,"1:37.541",97541,,,,,,,12
997,2018,21,15,15,"15","14","fernando-alonso","mclaren","renault","pirelli",,,"1:37.890",97890,"1:37.743",97743,,,,,,,15
997,2018,21,16,16,"16","28","brendon-hartley","toro-rosso","honda","pirelli",,,"1:37.994",97994,,,,,,,,,9
997,2018,21,17,17,"17","10","pierre-gasly","toro-rosso","honda","pirelli",,,"1:38.166",98166,,,,,,,,,9
997,2018,21,18,18,"18","2","stoffel-vandoorne","mclaren","renault","pirelli",,,"1:38.577",98577,,,,,,,,,9
997,2018,21,19,19,"19","35","sergey-sirotkin","williams","mercedes","pirelli",,,"1:38.635",98635,,,,,,,,,6
997,2018,21,20,20,"20","18","lance-stroll","williams","mercedes","pirelli",,,"1:38.682",98682,,,,,,,,,6
998,2019,1,1,1,"1","44","lewis-hamilton","mercedes","mercedes","pirelli",,,"1:22.043",82043,"1:21.014",81014,"1:20.486",80486,,,,,18
998,2019,1,2,2,"2","77","valtteri-bottas","mercedes","mercedes","pirelli",,,"1:22.367",82367,"1:21.193",81193,"1:20.598",80598,"+0.112",112,"+0.112",112,19
998,2019,1,3,3,"3","5","sebastian-vettel","ferrari","ferrari","pirelli",,,"1:22.885",82885,"1:21.912",81912,"1:21.190",81190,"+0.704",704,"+0.592",592,16
998,2019,1,4,4,"4","33","max-verstappen","red-bull","honda","pirelli",,,"1:22.876",82876,"1:21.678",81678,"1:21.320",81320,"+0.834",834,"+0.130",130,17
998,2019,1,5,5,"5","16","charles-leclerc","ferrari","ferrari","pirelli",,,"1:22.017",82017,"1:21.739",81739,"1:21.442",81442,"+0.956",956,"+0.122",122,17
998,2019,1,6,6,"6","8","romain-grosjean","haas","ferrari","pirelli",,,"1:22.959",82959,"1:21.870",81870,"1:21.826",81826,"+1.340",1340,"+0.384",384,17
998,2019,1,7,7,"7","20","kevin-magnussen","haas","ferrari","pirelli",,,"1:22.519",82519,"1:22.221",82221,"1:22.099",82099,"+1.613",1613,"+0.273",273,18
998,2019,1,8,8,"8","4","lando-norris","mclaren","renault","pirelli",,,"1:22.702",82702,"1:22.423",82423,"1:22.304",82304,"+1.818",1818,"+0.205",205,21
998,2019,1,9,9,"9","7","kimi-raikkonen","alfa-romeo","ferrari","pirelli",,,"1:22.966",82966,"1:22.349",82349,"1:22.314",82314,"+1.828",1828,"+0.010",10,17
998,2019,1,10,10,"10","11","sergio-perez","racing-point","bwt-mercedes","pirelli",,,"1:22.908",82908,"1:22.532",82532,"1:22.781",82781,"+2.295",2295,"+0.467",467,15
998,2019,1,11,11,"11","27","nico-hulkenberg","renault","renault","pirelli",,,"1:22.540",82540,"1:22.562",82562,,,,,,,10
998,2019,1,12,12,"12","3","daniel-ricciardo","renault","renault","pirelli",,,"1:22.921",82921,"1:22.570",82570,,,,,,,12
998,2019,1,13,13,"13","23","alexander-albon","toro-rosso","honda","pirelli",,,"1:22.757",82757,"1:22.636",82636,,,,,,,14
998,2019,1,14,14,"14","99","antonio-giovinazzi","alfa-romeo","ferrari","pirelli",,,"1:22.431",82431,"1:22.714",82714,,,,,,,14
998,2019,1,15,15,"15","26","daniil-kvyat","toro-rosso","honda","pirelli",,,"1:22.511",82511,"1:22.774",82774,,,,,,,13
998,2019,1,16,16,"16","18","lance-stroll","racing-point","bwt-mercedes","pirelli",,,"1:23.017",83017,,,,,,,,,6
998,2019,1,17,17,"17","10","pierre-gasly","red-bull","honda","pirelli",,,"1:23.020",83020,,,,,,,,,6
998,2019,1,18,18,"18","55","carlos-sainz-jr","mclaren","renault","pirelli",,,"1:23.084",83084,,,,,,,,,6
998,2019,1,19,19,"19","63","george-russell","williams","mercedes","pirelli",,,"1:24.360",84360,,,,,,,,,9
998,2019,1,20,20,"20","88","robert-kubica","williams","mercedes","pirelli",,,"1:26.067",86067,,,,,,,,,8
999,2019,2,1,1,"1","16","charles-leclerc","ferrari","ferrari","pirelli",,,"1:28.495",88495,"1:28.046",88046,"1:27.866",87866,,,,,14
999,2019,2,2,2,"2","5","sebastian-vettel","ferrari","ferrari","pirelli",,,"1:28.733",88733,"1:28.356",88356,"1:28.160",88160,"+0.294",294,"+0.294",294,14
999,2019,2,3,3,"3","44","lewis-hamilton","mercedes","mercedes","pirelli",,,"1:29.262",89262,"1:28.578",88578,"1:28.190",88190,"+0.324",324,"+0.030",30,16
999,2019,2,4,4,"4","77","valtteri-bottas","mercedes","mercedes","pirelli",,,"1:29.498",89498,"1:28.830",88830,"1:28.256",88256,"+0.390",390,"+0.066",66,15
999,2019,2,5,5,"5","33","max-verstappen","red-bull","honda","pirelli",,,"1:29.579",89579,"1:29.109",89109,"1:28.752",88752,"+0.886",886,"+0.496",496,12
999,2019,2,6,6,"6","20","kevin-magnussen","haas","ferrari","pirelli",,,"1:29.532",89532,"1:29.017",89017,"1:28.757",88757,"+0.891",891,"+0.005",5,15
999,2019,2,7,7,"7","55","carlos-sainz-jr","mclaren","renault","pirelli",,,"1:29.528",89528,"1:29.055",89055,"1:28.813",88813,"+0.947",947,"+0.056",56,17
999,2019,2,8,8,"8","8","romain-grosjean","haas","ferrari","pirelli",,,"1:29.688",89688,"1:29.249",89249,"1:29.015",89015,"+1.149",1149,"+0.202",202,17
999,2019,2,9,9,"9","7","kimi-raikkonen","alfa-romeo","ferrari","pirelli",,,"1:29.959",89959,"1:29.471",89471,"1:29.022",89022,"+1.156",1156,"+0.007",7,18
999,2019,2,10,10,"10","4","lando-norris","mclaren","renault","pirelli",,,"1:29.381",89381,"1:29.258",89258,"1:29.043",89043,"+1.177",1177,"+0.021",21,18
999,2019,2,11,11,"11","3","daniel-ricciardo","renault","renault","pirelli",,,"1:29.859",89859,"1:29.488",89488,,,,,,,12
999,2019,2,12,12,"12","23","alexander-albon","toro-rosso","honda","pirelli",,,"1:29.514",89514,"1:29.513",89513,,,,,,,15
999,2019,2,13,13,"13","10","pierre-gasly","red-bull","honda","pirelli",,,"1:29.900",89900,"1:29.526",89526,,,,,,,12
999,2019,2,14,14,"14","11","sergio-perez","racing-point","bwt-mercedes","pirelli",,,"1:29.893",89893,"1:29.756",89756,,,,,,,12
999,2019,2,15,15,"15","26","daniil-kvyat","toro-rosso","honda","pirelli",,,"1:29.876",89876,"1:29.854",89854,,,,,,,10
999,2019,2,16,16,"16","99","antonio-giovinazzi","alfa-romeo","ferrari","pirelli",,,"1:30.026",90026,,,,,,,,,6
999,2019,2,17,17,"17","27","nico-hulkenberg","renault","renault","pirelli",,,"1:30.034",90034,,,,,,,,,6
999,2019,2,18,18,"18","18","lance-stroll","racing-point","bwt-mercedes","pirelli",,,"1:30.217",90217,,,,,,,,,6
999,2019,2,19,19,"19","63","george-russell","williams","mercedes","pirelli",,,"1:31.759",91759,,,,,,,,,8
999,2019,2,20,20,"20","88","robert-kubica","williams","mercedes","pirelli",,,"1:31.799",91799,,,,,,,,,8
1000,2019,3,1,1,"1","77","valtteri-bottas","mercedes","mercedes","pirelli",,,"1:32.658",92658,"1:31.728",91728,"1:31.547",91547,,,,,16
1000,2019,3,2,2,"2","44","lewis-hamilton","mercedes","mercedes","pirelli",,,"1:33.115",93115,"1:31.637",91637,"1:31.570",91570,"+0.023",23,"+0.023",23,16
1000,2019,3,3,3,"3","5","sebastian-vettel","ferrari","ferrari","pirelli",,,"1:33.557",93557,"1:32.232",92232,"1:31.848",91848,"+0.301",301,"+0.278",278,17
1000,2019,3,4,4,"4","16","charles-leclerc","ferrari","ferrari","pirelli",,,"1:32.712",92712,"1:32.324",92324,"1:31.865",91865,"+0.318",318,"+0.017",17,16
1000,2019,3,5,5,"5","33","max-verstappen","red-bull","honda","pirelli",,,"1:33.274",93274,"1:32.369",92369,"1:32.089",92089,"+0.542",542,"+0.224",224,14
1000,2019,3,6,6,"6","10","pierre-gasly","red-bull","honda","pirelli",,,"1:33.863",93863,"1:32.948",92948,"1:32.930",92930,"+1.383",1383,"+0.841",841,14
1000,2019,3,7,7,"7","3","daniel-ricciardo","renault","renault","pirelli",,,"1:33.709",93709,"1:33.214",93214,"1:32.958",92958,"+1.411",1411,"+0.028",28,18
1000,2019,3,8,8,"8","27","nico-hulkenberg","renault","renault","pirelli",,,"1:33.644",93644,"1:32.968",92968,"1:32.962",92962,"+1.415",1415,"+0.004",4,15
1000,2019,3,9,9,"9","20","kevin-magnussen","haas","ferrari","pirelli",,,"1:34.036",94036,"1:33.150",93150,,,,,,,16
1000,2019,3,10,10,"10","8","romain-grosjean","haas","ferrari","pirelli",,,"1:33.752",93752,"1:33.156",93156,,,,,,,15
1000,2019,3,11,11,"11","26","daniil-kvyat","toro-rosso","honda","pirelli",,,"1:33.783",93783,"1:33.236",93236,,,,,,,12
1000,2019,3,12,12,"12","11","sergio-perez","racing-point","bwt-mercedes","pirelli",,,"1:34.026",94026,"1:33.299",93299,,,,,,,12
1000,2019,3,13,13,"13","7","kimi-raikkonen","alfa-romeo","ferrari","pirelli",,,"1:34.125",94125,"1:33.419",93419,,,,,,,12
1000,2019,3,14,14,"14","55","carlos-sainz-jr","mclaren","renault","pirelli",,,"1:33.686",93686,"1:33.523",93523,,,,,,,12
1000,2019,3,15,15,"15","4","lando-norris","mclaren","renault","pirelli",,,"1:34.148",94148,"1:33.967",93967,,,,,,,12
1000,2019,3,16,16,"16","18","lance-stroll","racing-point","bwt-mercedes","pirelli",,,"1:34.292",94292,,,,,,,,,6
1000,2019,3,17,17,"17","63","george-russell","williams","mercedes","pirelli",,,"1:35.253",95253,,,,,,,,,9
1000,2019,3,18,18,"18","88","robert-kubica","williams","mercedes","pirelli",,,"1:35.281",95281,,,,,,,,,9
1000,2019,3,19,,"NC","99","antonio-giovinazzi","alfa-romeo","ferrari","pirelli",,,,,,,,,,,,,2
1001,2019,4,1,1,"1","77","valtteri-bottas","mercedes","mercedes","pirelli",,,"1:42.026",102026,"1:41.500",101500,"1:40.495",100495,,,,,20
1001,2019,4,2,2,"2","44","lewis-hamilton","mercedes","mercedes","pirelli",,,"1:41.614",101614,"1:41.580",101580,"1:40.554",100554,"+0.059",59,"+0.059",59,21
1001,2019,4,3,3,"3","5","sebastian-vettel","ferrari","ferrari","pirelli",,,"1:42.042",102042,"1:41.889",101889,"1:40.797",100797,"+0.302",302,"+0.243",243,23
1001,2019,4,4,4,"4","33","max-verstappen","red-bull","honda","pirelli",,,"1:41.727",101727,"1:41.388",101388,"1:41.069",101069,"+0.574",574,"+0.272",272,15
1001,2019,4,5,5,"5","11","sergio-perez","racing-point","bwt-mercedes","pirelli",,,"1:42.249",102249,"1:41.870",101870,"1:41.593",101593,"+1.098",1098,"+0.524",524,17
1001,2019,4,6,6,"6","26","daniil-kvyat","toro-rosso","honda","pirelli",,,"1:42.324",102324,"1:42.221",102221,"1:41.681",101681,"+1.186",1186,"+0.088",88,23
1001,2019,4,7,7,"7","4","lando-norris","mclaren","renault","pirelli",,,"1:42.371",102371,"1:42.084",102084,"1:41.886",101886,"+1.391",1391,"+0.205",205,23
1001,2019,4,8,8,"8","99","antonio-giovinazzi","alfa-romeo","ferrari","pirelli",,,"1:42.140",102140,"1:42.381",102381,"1:42.424",102424,"+1.929",1929,"+0.538",538,21
1001,2019,4,9,9,"9","16","charles-leclerc","ferrari","ferrari","pirelli",,,"1:41.426",101426,"1:41.995",101995,,,,,,,11
1001,2019,4,10,10,"10","55","carlos-sainz-jr","mclaren","renault","pirelli",,,"1:41.936",101936,"1:42.398",102398,,,,,,,17
1001,2019,4,11,11,"11","3","daniel-ricciardo","renault","renault","pirelli",,,"1:42.486",102486,"1:42.477",102477,,,,,,,15
1001,2019,4,12,12,"12","23","alexander-albon","toro-rosso","honda","pirelli",,,"1:42.154",102154,"1:42.494",102494,,,,,,,18
1001,2019,4,13,13,"13","20","kevin-magnussen","haas","ferrari","pirelli",,,"1:42.382",102382,"1:42.699",102699,,,,,,,16
1001,2019,4,14,14,"14","18","lance-stroll","racing-point","bwt-mercedes","pirelli",,,"1:42.630",102630,,,,,,,,,8
1001,2019,4,15,15,"15","8","romain-grosjean","haas","ferrari","pirelli",,,"1:43.407",103407,,,,,,,,,10
1001,2019,4,16,16,"16","27","nico-hulkenberg","renault","renault","pirelli",,,"1:43.427",103427,,,,,,,,,8
1001,2019,4,17,17,"17","63","george-russell","williams","mercedes","pirelli",,,"1:45.062",105062,,,,,,,,,9
1001,2019,4,18,18,"18","88","robert-kubica","williams","mercedes","pirelli",,,"1:45.455",105455,,,,,,,,,8
1001,2019,4,19,,"EX","7","kimi-raikkonen","alfa-romeo","ferrari","pirelli",,,"1:42.059",102059,"1:42.082",102082,"1:43.068",103068,,,,,21
1001,2019,4,20,,"EX","10","pierre-gasly","red-bull","honda","pirelli",,,"1:41.335",101335,,,,,,,,,5
1002,2019,5,1,1,"1","77","valtteri-bottas","mercedes","mercedes","pirelli",,,"1:16.979",76979,"1:15.924",75924,"1:15.406",75406,,,,,18
1002,2019,5,2,2,"2","44","lewis-hamilton","mercedes","mercedes","pirelli",,,"1:17.292",77292,"1:16.038",76038,"1:16.040",76040,"+0.634",634,"+0.634",634,17
1002,2019,5,3,3,"3","5","sebastian-vettel","ferrari","ferrari","pirelli",,,"1:17.425",77425,"1:16.667",76667,"1:16.272",76272,"+0.866",866,"+0.232",232,18
1002,2019,5,4,4,"4","33","max-verstappen","red-bull","honda","pirelli",,,"1:17.244",77244,"1:16.726",76726,"1:16.357",76357,"+0.951",951,"+0.085",85,12
1002,2019,5,5,5,"5","16","charles-leclerc","ferrari","ferrari","pirelli",,,"1:17.388",77388,"1:16.714",76714,"1:16.588",76588,"+1.182",1182,"+0.231",231,19
1002,2019,5,6,6,"6","10","pierre-gasly","red-bull","honda","pirelli",,,"1:17.862",77862,"1:16.932",76932,"1:16.708",76708,"+1.302",1302,"+0.120",120,17
1002,2019,5,7,7,"7","8","romain-grosjean","haas","ferrari","pirelli",,,"1:18.042",78042,"1:17.066",77066,"1:16.911",76911,"+1.505",1505,"+0.203",203,16
1002,2019,5,8,8,"8","20","kevin-magnussen","haas","ferrari","pirelli",,,"1:17.669",77669,"1:17.272",77272,"1:16.922",76922,"+1.516",1516,"+0.011",11,15
1002,2019,5,9,9,"9","26","daniil-kvyat","toro-rosso","honda","pirelli",,,"1:17.914",77914,"1:17.243",77243,"1:17.573",77573,"+2.167",2167,"+0.651",651,20
1002,2019,5,10,10,"10","3","daniel-ricciardo","renault","renault","pirelli",,,"1:18.385",78385,"1:17.299",77299,"1:18.106",78106,"+2.700",2700,"+0.533",533,19
1002,2019,5,11,11,"11","4","lando-norris","mclaren","renault","pirelli",,,"1:17.611",77611,"1:17.338",77338,,,,,,,14
1002,2019,5,12,12,"12","23","alexander-albon","toro-rosso","honda","pirelli",,,"1:17.796",77796,"1:17.445",77445,,,,,,,14
1002,2019,5,13,13,"13","55","carlos-sainz-jr","mclaren","renault","pirelli",,,"1:17.760",77760,"1:17.599",77599,,,,,,,12
1002,2019,5,14,14,"14","7","kimi-raikkonen","alfa-romeo","ferrari","pirelli",,,"1:18.132",78132,"1:17.788",77788,,,,,,,14
1002,2019,5,15,15,"15","11","sergio-perez","racing-point","bwt-mercedes","pirelli",,,"1:18.286",78286,"1:17.886",77886,,,,,,,12
1002,2019,5,16,16,"16","27","nico-hulkenberg","renault","renault","pirelli",,,"1:18.404",78404,,,,,,,,,7
1002,2019,5,17,17,"17","18","lance-stroll","racing-point","bwt-mercedes","pirelli",,,"1:18.471",78471,,,,,,,,,9
1002,2019,5,18,18,"18","99","antonio-giovinazzi","alfa-romeo","ferrari","pirelli",,,"1:18.664",78664,,,,,,,,,8
1002,2019,5,19,19,"19","63","george-russell","williams","mercedes","pirelli",,,"1:19.072",79072,,,,,,,,,8
1002,2019,5,20,20,"20","88","robert-kubica","williams","mercedes","pirelli",,,"1:20.254",80254,,,,,,,,,9
1003,2019,6,1,1,"1","44","lewis-hamilton","mercedes","mercedes","pirelli",,,"1:11.542",71542,"1:10.835",70835,"1:10.166",70166,,,,,28
1003,2019,6,2,2,"2","77","valtteri-bottas","mercedes","mercedes","pirelli",,,"1:11.562",71562,"1:10.701",70701,"1:10.252",70252,"+0.086",86,"+0.086",86,27
1003,2019,6,3,3,"3","33","max-verstappen","red-bull","honda","pirelli",,,"1:11.597",71597,"1:10.618",70618,"1:10.641",70641,"+0.475",475,"+0.389",389,19
1003,2019,6,4,4,"4","5","sebastian-vettel","ferrari","ferrari","pirelli",,,"1:11.434",71434,"1:11.227",71227,"1:10.947",70947,"+0.781",781,"+0.306",306,27
1003,2019,6,5,5,"5","10","pierre-gasly","red-bull","honda","pirelli",,,"1:11.740",71740,"1:11.457",71457,"1:11.041",71041,"+0.875",875,"+0.094",94,24
1003,2019,6,6,6,"6","20","kevin-magnussen","haas","ferrari","pirelli",,,"1:11.865",71865,"1:11.363",71363,"1:11.109",71109,"+0.943",943,"+0.068",68,24
1003,2019,6,7,7,"7","3","daniel-ricciardo","renault","renault","pirelli",,,"1:11.767",71767,"1:11.543",71543,"1:11.218",71218,"+1.052",1052,"+0.109",109,25
1003,2019,6,8,8,"8","26","daniil-kvyat","toro-rosso","honda","pirelli",,,"1:11.602",71602,"1:11.412",71412,"1:11.271",71271,"+1.105",1105,"+0.053",53,30
1003,2019,6,9,9,"9","55","carlos-sainz-jr","mclaren","renault","pirelli",,,"1:11.872",71872,"1:11.608",71608,"1:11.417",71417,"+1.251",1251,"+0.146",146,30
1003,2019,6,10,10,"10","23","alexander-albon","toro-rosso","honda","pirelli",,,"1:12.007",72007,"1:11.429",71429,"1:11.653",71653,"+1.487",1487,"+0.236",236,31
1003,2019,6,11,11,"11","27","nico-hulkenberg","renault","renault","pirelli",,,"1:12.097",72097,"1:11.670",71670,,,,,,,20
1003,2019,6,12,12,"12","4","lando-norris","mclaren","renault","pirelli",,,"1:11.845",71845,"1:11.724",71724,,,,,,,22
1003,2019,6,13,13,"13","8","romain-grosjean","haas","ferrari","pirelli",,,"1:11.837",71837,"1:12.027",72027,,,,,,,21
1003,2019,6,14,14,"14","7","kimi-raikkonen","alfa-romeo","ferrari","pirelli",,,"1:11.993",71993,"1:12.115",72115,,,,,,,21
1003,2019,6,15,15,"15","99","antonio-giovinazzi","alfa-romeo","ferrari","pirelli",,,"1:11.976",71976,"1:12.185",72185,,,,,,,22
1003,2019,6,16,16,"16","16","charles-leclerc","ferrari","ferrari","pirelli",,,"1:12.149",72149,,,,,,,,,8
1003,2019,6,17,17,"17","11","sergio-perez","racing-point","bwt-mercedes","pirelli",,,"1:12.233",72233,,,,,,,,,11
1003,2019,6,18,18,"18","18","lance-stroll","racing-point","bwt-mercedes","pirelli",,,"1:12.846",72846,,,,,,,,,11
1003,2019,6,19,19,"19","63","george-russell","williams","mercedes","pirelli",,,"1:13.477",73477,,,,,,,,,13
1003,2019,6,20,20,"20","88","robert-kubica","williams","mercedes","pirelli",,,"1:13.751",73751,,,,,,,,,13
1004,2019,7,1,1,"1","5","sebastian-vettel","ferrari","ferrari","pirelli",,,"1:11.200",71200,"1:11.142",71142,"1:10.240",70240,,,,,23
1004,2019,7,2,2,"2","44","lewis-hamilton","mercedes","mercedes","pirelli",,,"1:11.518",71518,"1:11.010",71010,"1:10.446",70446,"+0.206",206,"+0.206",206,22
1004,2019,7,3,3,"3","16","charles-leclerc","ferrari","ferrari","pirelli",,,"1:11.214",71214,"1:11.205",71205,"1:10.920",70920,"+0.680",680,"+0.474",474,23
1004,2019,7,4,4,"4","3","daniel-ricciardo","renault","renault","pirelli",,,"1:11.837",71837,"1:11.532",71532,"1:11.071",71071,"+0.831",831,"+0.151",151,20
1004,2019,7,5,5,"5","10","pierre-gasly","red-bull","honda","pirelli",,,"1:12.023",72023,"1:11.196",71196,"1:11.079",71079,"+0.839",839,"+0.008",8,17
1004,2019,7,6,6,"6","77","valtteri-bottas","mercedes","mercedes","pirelli",,,"1:11.229",71229,"1:11.095",71095,"1:11.101",71101,"+0.861",861,"+0.022",22,19
1004,2019,7,7,7,"7","27","nico-hulkenberg","renault","renault","pirelli",,,"1:11.720",71720,"1:11.553",71553,"1:11.324",71324,"+1.084",1084,"+0.223",223,21
1004,2019,7,8,8,"8","4","lando-norris","mclaren","renault","pirelli",,,"1:11.780",71780,"1:11.735",71735,"1:11.863",71863,"+1.623",1623,"+0.539",539,20
1004,2019,7,9,9,"9","55","carlos-sainz-jr","mclaren","renault","pirelli",,,"1:11.750",71750,"1:11.572",71572,"1:13.981",73981,"+3.741",3741,"+2.118",2118,19
1004,2019,7,10,10,"10","20","kevin-magnussen","haas","ferrari","pirelli",,,"1:12.107",72107,"1:11.786",71786,,,,,,,15
1004,2019,7,11,11,"11","33","max-verstappen","red-bull","honda","pirelli",,,"1:11.619",71619,"1:11.800",71800,,,,,,,12
1004,2019,7,12,12,"12","26","daniil-kvyat","toro-rosso","honda","pirelli",,,"1:11.965",71965,"1:11.921",71921,,,,,,,17
1004,2019,7,13,13,"13","99","antonio-giovinazzi","alfa-romeo","ferrari","pirelli",,,"1:12.122",72122,"1:12.136",72136,,,,,,,16
1004,2019,7,14,14,"14","23","alexander-albon","toro-rosso","honda","pirelli",,,"1:12.020",72020,"1:12.193",72193,,,,,,,16
1004,2019,7,15,15,"15","8","romain-grosjean","haas","ferrari","pirelli",,,"1:12.109",72109,,,,,,,,,15
1004,2019,7,16,16,"16","11","sergio-perez","racing-point","bwt-mercedes","pirelli",,,"1:12.197",72197,,,,,,,,,6
1004,2019,7,17,17,"17","7","kimi-raikkonen","alfa-romeo","ferrari","pirelli",,,"1:12.230",72230,,,,,,,,,10
1004,2019,7,18,18,"18","18","lance-stroll","racing-point","bwt-mercedes","pirelli",,,"1:12.266",72266,,,,,,,,,9
1004,2019,7,19,19,"19","63","george-russell","williams","mercedes","pirelli",,,"1:13.617",73617,,,,,,,,,10
1004,2019,7,20,20,"20","88","robert-kubica","williams","mercedes","pirelli",,,"1:14.393",74393,,,,,,,,,10
1005,2019,8,1,1,"1","44","lewis-hamilton","mercedes","mercedes","pirelli",,,"1:30.609",90609,"1:29.520",89520,"1:28.319",88319,,,,,20
1005,2019,8,2,2,"2","77","valtteri-bottas","mercedes","mercedes","pirelli",,,"1:30.550",90550,"1:29.437",89437,"1:28.605",88605,"+0.286",286,"+0.286",286,19
1005,2019,8,3,3,"3","16","charles-leclerc","ferrari","ferrari","pirelli",,,"1:30.647",90647,"1:29.699",89699,"1:28.965",88965,"+0.646",646,"+0.360",360,19
1005,2019,8,4,4,"4","33","max-verstappen","red-bull","honda","pirelli",,,"1:31.327",91327,"1:30.099",90099,"1:29.409",89409,"+1.090",1090,"+0.444",444,19
1005,2019,8,5,5,"5","4","lando-norris","mclaren","renault","pirelli",,,"1:30.989",90989,"1:30.019",90019,"1:29.418",89418,"+1.099",1099,"+0.009",9,21
1005,2019,8,6,6,"6","55","carlos-sainz-jr","mclaren","renault","pirelli",,,"1:31.073",91073,"1:30.319",90319,"1:29.522",89522,"+1.203",1203,"+0.104",104,21
1005,2019,8,7,7,"7","5","sebastian-vettel","ferrari","ferrari","pirelli",,,"1:31.075",91075,"1:29.506",89506,"1:29.799",89799,"+1.480",1480,"+0.277",277,19
1005,2019,8,8,8,"8","3","daniel-ricciardo","renault","renault","pirelli",,,"1:30.954",90954,"1:30.369",90369,"1:29.918",89918,"+1.599",1599,"+0.119",119,20
1005,2019,8,9,9,"9","10","pierre-gasly","red-bull","honda","pirelli",,,"1:31.152",91152,"1:30.421",90421,"1:30.184",90184,"+1.865",1865,"+0.266",266,19
1005,2019,8,10,10,"10","99","antonio-giovinazzi","alfa-romeo","ferrari","pirelli",,,"1:31.180",91180,"1:30.408",90408,"1:33.420",93420,"+5.101",5101,"+3.236",3236,17
1005,2019,8,11,11,"11","23","alexander-albon","toro-rosso","honda","pirelli",,,"1:31.445",91445,"1:30.461",90461,,,,,,,14
1005,2019,8,12,12,"12","7","kimi-raikkonen","alfa-romeo","ferrari","pirelli",,,"1:30.972",90972,"1:30.533",90533,,,,,,,14
1005,2019,8,13,13,"13","27","nico-hulkenberg","renault","renault","pirelli",,,"1:30.865",90865,"1:30.544",90544,,,,,,,15
1005,2019,8,14,14,"14","11","sergio-perez","racing-point","bwt-mercedes","pirelli",,,"1:30.964",90964,"1:30.738",90738,,,,,,,15
1005,2019,8,15,15,"15","20","kevin-magnussen","haas","ferrari","pirelli",,,"1:31.166",91166,"1:31.440",91440,,,,,,,17
1005,2019,8,16,16,"16","26","daniil-kvyat","toro-rosso","honda","pirelli",,,"1:31.564",91564,,,,,,,,,6
1005,2019,8,17,17,"17","8","romain-grosjean","haas","ferrari","pirelli",,,"1:31.626",91626,,,,,,,,,9
1005,2019,8,18,18,"18","18","lance-stroll","racing-point","bwt-mercedes","pirelli",,,"1:31.726",91726,,,,,,,,,9
1005,2019,8,19,19,"19","63","george-russell","williams","mercedes","pirelli",,,"1:32.789",92789,,,,,,,,,8
1005,2019,8,20,20,"20","88","robert-kubica","williams","mercedes","pirelli",,,"1:33.205",93205,,,,,,,,,8
1006,2019,9,1,1,"1","16","charles-leclerc","ferrari","ferrari","pirelli",,,"1:04.138",64138,"1:03.378",63378,"1:03.003",63003,,,,,19
1006,2019,9,2,2,"2","44","lewis-hamilton","mercedes","mercedes","pirelli",,,"1:03.818",63818,"1:03.803",63803,"1:03.262",63262,"+0.259",259,"+0.259",259,27
1006,2019,9,3,3,"3","33","max-verstappen","red-bull","honda","pirelli",,,"1:03.807",63807,"1:03.835",63835,"1:03.439",63439,"+0.436",436,"+0.177",177,18
1006,2019,9,4,4,"4","77","valtteri-bottas","mercedes","mercedes","pirelli",,,"1:04.084",64084,"1:03.863",63863,"1:03.537",63537,"+0.534",534,"+0.098",98,25
1006,2019,9,5,5,"5","20","kevin-magnussen","haas","ferrari","pirelli",,,"1:04.778",64778,"1:04.466",64466,"1:04.072",64072,"+1.069",1069,"+0.535",535,20
1006,2019,9,6,6,"6","4","lando-norris","mclaren","renault","pirelli",,,"1:04.361",64361,"1:04.211",64211,"1:04.099",64099,"+1.096",1096,"+0.027",27,19
1006,2019,9,7,7,"7","7","kimi-raikkonen","alfa-romeo","ferrari","pirelli",,,"1:04.615",64615,"1:04.056",64056,"1:04.166",64166,"+1.163",1163,"+0.067",67,23
1006,2019,9,8,8,"8","99","antonio-giovinazzi","alfa-romeo","ferrari","pirelli",,,"1:04.450",64450,"1:04.194",64194,"1:04.179",64179,"+1.176",1176,"+0.013",13,22
1006,2019,9,9,9,"9","10","pierre-gasly","red-bull","honda","pirelli",,,"1:04.412",64412,"1:03.988",63988,"1:04.199",64199,"+1.196",1196,"+0.020",20,18
1006,2019,9,10,10,"10","5","sebastian-vettel","ferrari","ferrari","pirelli",,,"1:04.340",64340,"1:03.667",63667,,,,,,,9
1006,2019,9,11,11,"11","8","romain-grosjean","haas","ferrari","pirelli",,,"1:04.552",64552,"1:04.490",64490,,,,,,,18
1006,2019,9,12,12,"12","27","nico-hulkenberg","renault","renault","pirelli",,,"1:04.733",64733,"1:04.516",64516,,,,,,,12
1006,2019,9,13,13,"13","23","alexander-albon","toro-rosso","honda","pirelli",,,"1:04.708",64708,"1:04.665",64665,,,,,,,15
1006,2019,9,14,14,"14","3","daniel-ricciardo","renault","renault","pirelli",,,"1:04.647",64647,"1:04.790",64790,,,,,,,12
1006,2019,9,15,15,"15","55","carlos-sainz-jr","mclaren","renault","pirelli",,,"1:04.453",64453,"1:13.601",73601,,,,,,,12
1006,2019,9,16,16,"16","11","sergio-perez","racing-point","bwt-mercedes","pirelli",,,"1:04.789",64789,,,,,,,,,8
1006,2019,9,17,17,"17","18","lance-stroll","racing-point","bwt-mercedes","pirelli",,,"1:04.832",64832,,,,,,,,,9
1006,2019,9,18,18,"18","26","daniil-kvyat","toro-rosso","honda","pirelli",,,"1:05.324",65324,,,,,,,,,8
1006,2019,9,19,19,"19","63","george-russell","williams","mercedes","pirelli",,,"1:05.904",65904,,,,,,,,,12
1006,2019,9,20,20,"20","88","robert-kubica","williams","mercedes","pirelli",,,"1:06.206",66206,,,,,,,,,11
1007,2019,10,1,1,"1","77","valtteri-bottas","mercedes","mercedes","pirelli",,,"1:25.750",85750,"1:25.672",85672,"1:25.093",85093,,,,,21
1007,2019,10,2,2,"2","44","lewis-hamilton","mercedes","mercedes","pirelli",,,"1:25.513",85513,"1:25.840",85840,"1:25.099",85099,"+0.006",6,"+0.006",6,17
1007,2019,10,3,3,"3","16","charles-leclerc","ferrari","ferrari","pirelli",,,"1:25.533",85533,"1:25.546",85546,"1:25.172",85172,"+0.079",79,"+0.073",73,18
1007,2019,10,4,4,"4","33","max-verstappen","red-bull","honda","pirelli",,,"1:25.700",85700,"1:25.848",85848,"1:25.276",85276,"+0.183",183,"+0.104",104,21
1007,2019,10,5,5,"5","10","pierre-gasly","red-bull","honda","pirelli",,,"1:26.273",86273,"1:26.038",86038,"1:25.590",85590,"+0.497",497,"+0.314",314,21
1007,2019,10,6,6,"6","5","sebastian-vettel","ferrari","ferrari","pirelli",,,"1:25.898",85898,"1:26.023",86023,"1:25.787",85787,"+0.694",694,"+0.197",197,19
1007,2019,10,7,7,"7","3","daniel-ricciardo","renault","renault","pirelli",,,"1:26.428",86428,"1:26.283",86283,"1:26.182",86182,"+1.089",1089,"+0.395",395,21
1007,2019,10,8,8,"8","4","lando-norris","mclaren","renault","pirelli",,,"1:26.079",86079,"1:26.385",86385,"1:26.224",86224,"+1.131",1131,"+0.042",42,21
1007,2019,10,9,9,"9","23","alexander-albon","toro-rosso","honda","pirelli",,,"1:26.482",86482,"1:26.403",86403,"1:26.345",86345,"+1.252",1252,"+0.121",121,24
1007,2019,10,10,10,"10","27","nico-hulkenberg","renault","renault","pirelli",,,"1:26.568",86568,"1:26.397",86397,"1:26.386",86386,"+1.293",1293,"+0.041",41,21
1007,2019,10,11,11,"11","99","antonio-giovinazzi","alfa-romeo","ferrari","pirelli",,,"1:26.449",86449,"1:26.519",86519,,,,,,,18
1007,2019,10,12,12,"12","7","kimi-raikkonen","alfa-romeo","ferrari","pirelli",,,"1:26.558",86558,"1:26.546",86546,,,,,,,18
1007,2019,10,13,13,"13","55","carlos-sainz-jr","mclaren","renault","pirelli",,,"1:26.203",86203,"1:26.578",86578,,,,,,,15
1007,2019,10,14,14,"14","8","romain-grosjean","haas","ferrari","pirelli",,,"1:26.347",86347,"1:26.757",86757,,,,,,,17
1007,2019,10,15,15,"15","11","sergio-perez","racing-point","bwt-mercedes","pirelli",,,"1:26.649",86649,"1:26.928",86928,,,,,,,14
1007,2019,10,16,16,"16","20","kevin-magnussen","haas","ferrari","pirelli",,,"1:26.662",86662,,,,,,,,,9
1007,2019,10,17,17,"17","26","daniil-kvyat","toro-rosso","honda","pirelli",,,"1:26.721",86721,,,,,,,,,10
1007,2019,10,18,18,"18","18","lance-stroll","racing-point","bwt-mercedes","pirelli",,,"1:26.762",86762,,,,,,,,,9
1007,2019,10,19,19,"19","63","george-russell","williams","mercedes","pirelli",,,"1:27.789",87789,,,,,,,,,9
1007,2019,10,20,20,"20","88","robert-kubica","williams","mercedes","pirelli",,,"1:28.257",88257,,,,,,,,,10
1008,2019,11,1,1,"1","44","lewis-hamilton","mercedes","mercedes","pirelli",,,"1:12.852",72852,"1:12.149",72149,"1:11.767",71767,,,,,19
1008,2019,11,2,2,"2","33","max-verstappen","red-bull","honda","pirelli",,,"1:12.593",72593,"1:12.427",72427,"1:12.113",72113,"+0.346",346,"+0.346",346,17
1008,2019,11,3,3,"3","77","valtteri-bottas","mercedes","mercedes","pirelli",,,"1:13.075",73075,"1:12.424",72424,"1:12.129",72129,"+0.362",362,"+0.016",16,19
1008,2019,11,4,4,"4","10","pierre-gasly","red-bull","honda","pirelli",,,"1:12.991",72991,"1:12.385",72385,"1:12.522",72522,"+0.755",755,"+0.393",393,15
1008,2019,11,5,5,"5","7","kimi-raikkonen","alfa-romeo","ferrari","pirelli",,,"1:13.066",73066,"1:12.519",72519,"1:12.538",72538,"+0.771",771,"+0.016",16,18
1008,2019,11,6,6,"6","8","romain-grosjean","haas","ferrari","pirelli",,,"1:13.146",73146,"1:12.769",72769,"1:12.851",72851,"+1.084",1084,"+0.313",313,20
1008,2019,11,7,7,"7","55","carlos-sainz-jr","mclaren","renault","pirelli",,,"1:13.221",73221,"1:12.632",72632,"1:12.897",72897,"+1.130",1130,"+0.046",46,21
1008,2019,11,8,8,"8","11","sergio-perez","racing-point","bwt-mercedes","pirelli",,,"1:13.194",73194,"1:12.776",72776,"1:13.065",73065,"+1.298",1298,"+0.168",168,15
1008,2019,11,9,9,"9","27","nico-hulkenberg","renault","renault","pirelli",,,"1:13.186",73186,"1:12.766",72766,"1:13.126",73126,"+1.359",1359,"+0.061",61,15
1008,2019,11,10,10,"10","16","charles-leclerc","ferrari","ferrari","pirelli",,,"1:12.229",72229,"1:12.344",72344,,,,,,,9
1008,2019,11,11,11,"11","99","antonio-giovinazzi","alfa-romeo","ferrari","pirelli",,,"1:13.170",73170,"1:12.786",72786,,,,,,,15
1008,2019,11,12,12,"12","20","kevin-magnussen","haas","ferrari","pirelli",,,"1:13.103",73103,"1:12.789",72789,,,,,,,11
1008,2019,11,13,13,"13","3","daniel-ricciardo","renault","renault","pirelli",,,"1:13.131",73131,"1:12.799",72799,,,,,,,12
1008,2019,11,14,14,"14","26","daniil-kvyat","toro-rosso","honda","pirelli",,,"1:13.278",73278,"1:13.135",73135,,,,,,,15
1008,2019,11,15,15,"15","18","lance-stroll","racing-point","bwt-mercedes","pirelli",,,"1:13.256",73256,"1:13.450",73450,,,,,,,15
1008,2019,11,16,16,"16","4","lando-norris","mclaren","renault","pirelli",,,"1:13.333",73333,,,,,,,,,9
1008,2019,11,17,17,"17","23","alexander-albon","toro-rosso","honda","pirelli",,,"1:13.461",73461,,,,,,,,,9
1008,2019,11,18,18,"18","63","george-russell","williams","mercedes","pirelli",,,"1:14.721",74721,,,,,,,,,11
1008,2019,11,19,19,"19","88","robert-kubica","williams","mercedes","pirelli",,,"1:14.839",74839,,,,,,,,,11
1008,2019,11,20,,"NC","5","sebastian-vettel","ferrari","ferrari","pirelli",,,,,,,,,,,,,1
1009,2019,12,1,1,"1","33","max-verstappen","red-bull","honda","pirelli",,,"1:15.817",75817,"1:15.573",75573,"1:14.572",74572,,,,,16
1009,2019,12,2,2,"2","77","valtteri-bottas","mercedes","mercedes","pirelli",,,"1:16.078",76078,"1:15.669",75669,"1:14.590",74590,"+0.018",18,"+0.018",18,19
1009,2019,12,3,3,"3","44","lewis-hamilton","mercedes","mercedes","pirelli",,,"1:16.068",76068,"1:15.548",75548,"1:14.769",74769,"+0.197",197,"+0.179",179,22
1009,2019,12,4,4,"4","16","charles-leclerc","ferrari","ferrari","pirelli",,,"1:16.337",76337,"1:15.792",75792,"1:15.043",75043,"+0.471",471,"+0.274",274,17
1009,2019,12,5,5,"5","5","sebastian-vettel","ferrari","ferrari","pirelli",,,"1:16.452",76452,"1:15.885",75885,"1:15.071",75071,"+0.499",499,"+0.028",28,18
1009,2019,12,6,6,"6","10","pierre-gasly","red-bull","honda","pirelli",,,"1:16.716",76716,"1:16.393",76393,"1:15.450",75450,"+0.878",878,"+0.379",379,19
1009,2019,12,7,7,"7","4","lando-norris","mclaren","renault","pirelli",,,"1:16.697",76697,"1:16.060",76060,"1:15.800",75800,"+1.228",1228,"+0.350",350,18
1009,2019,12,8,8,"8","55","carlos-sainz-jr","mclaren","renault","pirelli",,,"1:16.493",76493,"1:16.308",76308,"1:15.852",75852,"+1.280",1280,"+0.052",52,20
1009,2019,12,9,9,"9","8","romain-grosjean","haas","ferrari","pirelli",,,"1:16.978",76978,"1:16.319",76319,"1:16.013",76013,"+1.441",1441,"+0.161",161,21
1009,2019,12,10,10,"10","7","kimi-raikkonen","alfa-romeo","ferrari","pirelli",,,"1:16.506",76506,"1:16.518",76518,"1:16.041",76041,"+1.469",1469,"+0.028",28,20
1009,2019,12,11,11,"11","27","nico-hulkenberg","renault","renault","pirelli",,,"1:16.790",76790,"1:16.565",76565,,,,,,,12
1009,2019,12,12,12,"12","23","alexander-albon","toro-rosso","honda","pirelli",,,"1:16.912",76912,"1:16.687",76687,,,,,,,14
1009,2019,12,13,13,"13","26","daniil-kvyat","toro-rosso","honda","pirelli",,,"1:16.750",76750,"1:16.692",76692,,,,,,,14
1009,2019,12,14,14,"14","99","antonio-giovinazzi","alfa-romeo","ferrari","pirelli",,,"1:16.894",76894,"1:16.804",76804,,,,,,,14
1009,2019,12,15,15,"15","20","kevin-magnussen","haas","ferrari","pirelli",,,"1:16.122",76122,"1:17.081",77081,,,,,,,13
1009,2019,12,16,16,"16","63","george-russell","williams","mercedes","pirelli",,,"1:17.031",77031,,,,,,,,,9
1009,2019,12,17,17,"17","11","sergio-perez","racing-point","bwt-mercedes","pirelli",,,"1:17.109",77109,,,,,,,,,6
1009,2019,12,18,18,"18","3","daniel-ricciardo","renault","renault","pirelli",,,"1:17.257",77257,,,,,,,,,6
1009,2019,12,19,19,"19","18","lance-stroll","racing-point","bwt-mercedes","pirelli",,,"1:17.542",77542,,,,,,,,,9
1009,2019,12,20,20,"20","88","robert-kubica","williams","mercedes","pirelli",,,"1:18.324",78324,,,,,,,,,9
1010,2019,13,1,1,"1","16","charles-leclerc","ferrari","ferrari","pirelli",,,"1:43.587",103587,"1:42.938",102938,"1:42.519",102519,,,,,17
1010,2019,13,2,2,"2","5","sebastian-vettel","ferrari","ferrari","pirelli",,,"1:44.109",104109,"1:43.037",103037,"1:43.267",103267,"+0.748",748,"+0.748",748,17
1010,2019,13,3,3,"3","44","lewis-hamilton","mercedes","mercedes","pirelli",,,"1:45.260",105260,"1:43.592",103592,"1:43.282",103282,"+0.763",763,"+0.015",15,19
1010,2019,13,4,4,"4","77","valtteri-bottas","mercedes","mercedes","pirelli",,,"1:45.141",105141,"1:43.980",103980,"1:43.415",103415,"+0.896",896,"+0.133",133,19
1010,2019,13,5,5,"5","33","max-verstappen","red-bull","honda","pirelli",,,"1:44.622",104622,"1:44.132",104132,"1:43.690",103690,"+1.171",1171,"+0.275",275,16
1010,2019,13,6,6,"6","3","daniel-ricciardo","renault","renault","pirelli",,,"1:45.560",105560,"1:44.103",104103,"1:44.257",104257,"+1.738",1738,"+0.567",567,17
1010,2019,13,7,7,"7","27","nico-hulkenberg","renault","renault","pirelli",,,"1:45.899",105899,"1:44.549",104549,"1:44.542",104542,"+2.023",2023,"+0.285",285,16
1010,2019,13,8,8,"8","7","kimi-raikkonen","alfa-romeo","ferrari","pirelli",,,"1:45.842",105842,"1:44.140",104140,"1:44.557",104557,"+2.038",2038,"+0.015",15,18
1010,2019,13,9,9,"9","11","sergio-perez","racing-point","bwt-mercedes","pirelli",,,"1:45.732",105732,"1:44.707",104707,"1:44.706",104706,"+2.187",2187,"+0.149",149,18
1010,2019,13,10,10,"10","20","kevin-magnussen","haas","ferrari","pirelli",,,"1:45.839",105839,"1:44.738",104738,"1:45.086",105086,"+2.567",2567,"+0.380",380,18
1010,2019,13,11,11,"11","8","romain-grosjean","haas","ferrari","pirelli",,,"1:45.694",105694,"1:44.797",104797,,,,,,,12
1010,2019,13,12,12,"12","4","lando-norris","mclaren","renault","pirelli",,,"1:46.154",106154,"1:44.847",104847,,,,,,,12
1010,2019,13,13,13,"13","18","lance-stroll","racing-point","bwt-mercedes","pirelli",,,"1:46.000",106000,"1:45.047",105047,,,,,,,8
1010,2019,13,14,14,"14","23","alexander-albon","red-bull","honda","pirelli",,,"1:45.528",105528,"1:45.799",105799,,,,,,,8
1010,2019,13,15,15,"15","99","antonio-giovinazzi","alfa-romeo","ferrari","pirelli",,,"1:45.637",105637,,,,,,,,,7
1010,2019,13,16,16,"16","10","pierre-gasly","toro-rosso","honda","pirelli",,,"1:46.435",106435,,,,,,,,,5
1010,2019,13,17,17,"17","55","carlos-sainz-jr","mclaren","renault","pirelli",,,"1:46.507",106507,,,,,,,,,6
1010,2019,13,18,18,"18","26","daniil-kvyat","toro-rosso","honda","pirelli",,,"1:46.518",106518,,,,,,,,,4
1010,2019,13,19,19,"19","63","george-russell","williams","mercedes","pirelli",,,"1:47.548",107548,,,,,,,,,6
1010,2019,13,20,,"NC","88","robert-kubica","williams","mercedes","pirelli",,,,,,,,,,,,,2
1011,2019,14,1,1,"1","16","charles-leclerc","ferrari","ferrari","pirelli",,,"1:20.126",80126,"1:19.553",79553,"1:19.307",79307,,,,,18
1011,2019,14,2,2,"2","44","lewis-hamilton","mercedes","mercedes","pirelli",,,"1:20.272",80272,"1:19.464",79464,"1:19.346",79346,"+0.039",39,"+0.039",39,16
1011,2019,14,3,3,"3","77","valtteri-bottas","mercedes","mercedes","pirelli",,,"1:20.156",80156,"1:20.018",80018,"1:19.354",79354,"+0.047",47,"+0.008",8,17
1011,2019,14,4,4,"4","5","sebastian-vettel","ferrari","ferrari","pirelli",,,"1:20.378",80378,"1:19.715",79715,"1:19.457",79457,"+0.150",150,"+0.103",103,17
1011,2019,14,5,5,"5","3","daniel-ricciardo","renault","renault","pirelli",,,"1:20.374",80374,"1:19.833",79833,"1:19.839",79839,"+0.532",532,"+0.382",382,13
1011,2019,14,6,6,"6","27","nico-hulkenberg","renault","renault","pirelli",,,"1:20.155",80155,"1:20.275",80275,"1:20.049",80049,"+0.742",742,"+0.210",210,14
1011,2019,14,7,7,"7","55","carlos-sainz-jr","mclaren","renault","pirelli",,,"1:20.413",80413,"1:20.202",80202,"1:20.455",80455,"+1.148",1148,"+0.406",406,20
1011,2019,14,8,8,"8","23","alexander-albon","red-bull","honda","pirelli",,,"1:20.382",80382,"1:20.021",80021,,,,,,,15
1011,2019,14,9,9,"9","18","lance-stroll","racing-point","bwt-mercedes","pirelli",,,"1:20.643",80643,"1:20.498",80498,,,,,,,19
1011,2019,14,10,10,"10","7","kimi-raikkonen","alfa-romeo","ferrari","pirelli",,,"1:20.634",80634,"1:20.515",80515,,,,,,,16
1011,2019,14,11,11,"11","99","antonio-giovinazzi","alfa-romeo","ferrari","pirelli",,,"1:20.657",80657,"1:20.517",80517,,,,,,,15
1011,2019,14,12,12,"12","20","kevin-magnussen","haas","ferrari","pirelli",,,"1:20.616",80616,"1:20.615",80615,,,,,,,14
1011,2019,14,13,13,"13","26","daniil-kvyat","toro-rosso","honda","pirelli",,,"1:20.723",80723,"1:20.630",80630,,,,,,,17
1011,2019,14,14,14,"14","4","lando-norris","mclaren","renault","pirelli",,,"1:20.646",80646,"1:21.068",81068,,,,,,,15
1011,2019,14,15,15,"15","10","pierre-gasly","toro-rosso","honda","pirelli",,,"1:20.508",80508,"1:21.125",81125,,,,,,,15
1011,2019,14,16,16,"16","8","romain-grosjean","haas","ferrari","pirelli",,,"1:20.784",80784,,,,,,,,,8
1011,2019,14,17,17,"17","11","sergio-perez","racing-point","bwt-mercedes","pirelli",,,"1:21.291",81291,,,,,,,,,6
1011,2019,14,18,18,"18","63","george-russell","williams","mercedes","pirelli",,,"1:21.800",81800,,,,,,,,,8
1011,2019,14,19,19,"19","88","robert-kubica","williams","mercedes","pirelli",,,"1:22.356",82356,,,,,,,,,9
1011,2019,14,20,,"NC","33","max-verstappen","red-bull","honda","pirelli",,,,,,,,,,,,,3
1012,2019,15,1,1,"1","16","charles-leclerc","ferrari","ferrari","pirelli",,,"1:38.014",98014,"1:36.650",96650,"1:36.217",96217,,,,,18
1012,2019,15,2,2,"2","44","lewis-hamilton","mercedes","mercedes","pirelli",,,"1:37.565",97565,"1:36.933",96933,"1:36.408",96408,"+0.191",191,"+0.191",191,19
1012,2019,15,3,3,"3","5","sebastian-vettel","ferrari","ferrari","pirelli",,,"1:38.374",98374,"1:36.720",96720,"1:36.437",96437,"+0.220",220,"+0.029",29,16
1012,2019,15,4,4,"4","33","max-verstappen","red-bull","honda","pirelli",,,"1:38.540",98540,"1:37.089",97089,"1:36.813",96813,"+0.596",596,"+0.376",376,15
1012,2019,15,5,5,"5","77","valtteri-bottas","mercedes","mercedes","pirelli",,,"1:37.317",97317,"1:37.142",97142,"1:37.146",97146,"+0.929",929,"+0.333",333,18
1012,2019,15,6,6,"6","23","alexander-albon","red-bull","honda","pirelli",,,"1:39.106",99106,"1:37.865",97865,"1:37.411",97411,"+1.194",1194,"+0.265",265,16
1012,2019,15,7,7,"7","55","carlos-sainz-jr","mclaren","renault","pirelli",,,"1:38.882",98882,"1:37.982",97982,"1:37.818",97818,"+1.601",1601,"+0.407",407,19
1012,2019,15,8,8,"8","27","nico-hulkenberg","renault","renault","pirelli",,,"1:39.001",99001,"1:38.580",98580,"1:38.264",98264,"+2.047",2047,"+0.169",169,18
1012,2019,15,9,9,"9","4","lando-norris","mclaren","renault","pirelli",,,"1:38.606",98606,"1:37.572",97572,"1:38.329",98329,"+2.112",2112,"+0.065",65,19
1012,2019,15,10,10,"10","11","sergio-perez","racing-point","bwt-mercedes","pirelli",,,"1:39.909",99909,"1:38.620",98620,,,,,,,14
1012,2019,15,11,11,"11","99","antonio-giovinazzi","alfa-romeo","ferrari","pirelli",,,"1:39.272",99272,"1:38.697",98697,,,,,,,14
1012,2019,15,12,12,"12","10","pierre-gasly","toro-rosso","honda","pirelli",,,"1:39.085",99085,"1:38.699",98699,,,,,,,12
1012,2019,15,13,13,"13","7","kimi-raikkonen","alfa-romeo","ferrari","pirelli",,,"1:39.454",99454,"1:38.858",98858,,,,,,,14
1012,2019,15,14,14,"14","20","kevin-magnussen","haas","ferrari","pirelli",,,"1:39.942",99942,"1:39.650",99650,,,,,,,14
1012,2019,15,15,15,"15","26","daniil-kvyat","toro-rosso","honda","pirelli",,,"1:39.957",99957,,,,,,,,,7
1012,2019,15,16,16,"16","18","lance-stroll","racing-point","bwt-mercedes","pirelli",,,"1:39.979",99979,,,,,,,,,8
1012,2019,15,17,17,"17","8","romain-grosjean","haas","ferrari","pirelli",,,"1:40.277",100277,,,,,,,,,8
1012,2019,15,18,18,"18","63","george-russell","williams","mercedes","pirelli",,,"1:40.867",100867,,,,,,,,,7
1012,2019,15,19,19,"19","88","robert-kubica","williams","mercedes","pirelli",,,"1:41.186",101186,,,,,,,,,6
1012,2019,15,20,,"EX","3","daniel-ricciardo","renault","renault","pirelli",,,"1:39.362",99362,"1:38.399",98399,"1:38.095",98095,,,,,18
1013,2019,16,1,1,"1","16","charles-leclerc","ferrari","ferrari","pirelli",,,"1:33.613",93613,"1:32.434",92434,"1:31.628",91628,,,,,18
1013,2019,16,2,2,"2","44","lewis-hamilton","mercedes","mercedes","pirelli",,,"1:33.230",93230,"1:33.134",93134,"1:32.030",92030,"+0.402",402,"+0.402",402,19
1013,2019,16,3,3,"3","5","sebastian-vettel","ferrari","ferrari","pirelli",,,"1:33.032",93032,"1:32.536",92536,"1:32.053",92053,"+0.425",425,"+0.023",23,22
1013,2019,16,4,4,"4","33","max-verstappen","red-bull","honda","pirelli",,,"1:33.368",93368,"1:32.634",92634,"1:32.310",92310,"+0.682",682,"+0.257",257,15
1013,2019,16,5,5,"5","77","valtteri-bottas","mercedes","mercedes","pirelli",,,"1:33.413",93413,"1:33.281",93281,"1:32.632",92632,"+1.004",1004,"+0.322",322,18
1013,2019,16,6,6,"6","55","carlos-sainz-jr","mclaren","renault","pirelli",,,"1:34.184",94184,"1:33.807",93807,"1:33.222",93222,"+1.594",1594,"+0.590",590,20
1013,2019,16,7,7,"7","27","nico-hulkenberg","renault","renault","pirelli",,,"1:34.236",94236,"1:33.898",93898,"1:33.289",93289,"+1.661",1661,"+0.067",67,15
1013,2019,16,8,8,"8","4","lando-norris","mclaren","renault","pirelli",,,"1:34.201",94201,"1:33.725",93725,"1:33.301",93301,"+1.673",1673,"+0.012",12,20
1013,2019,16,9,9,"9","8","romain-grosjean","haas","ferrari","pirelli",,,"1:34.283",94283,"1:33.643",93643,"1:33.517",93517,"+1.889",1889,"+0.216",216,19
1013,2019,16,10,10,"10","3","daniel-ricciardo","renault","renault","pirelli",,,"1:34.138",94138,"1:33.862",93862,"1:33.661",93661,"+2.033",2033,"+0.144",144,18
1013,2019,16,11,11,"11","10","pierre-gasly","toro-rosso","honda","pirelli",,,"1:34.456",94456,"1:33.950",93950,,,,,,,13
1013,2019,16,12,12,"12","11","sergio-perez","racing-point","bwt-mercedes","pirelli",,,"1:34.336",94336,"1:33.958",93958,,,,,,,14
1013,2019,16,13,13,"13","99","antonio-giovinazzi","alfa-romeo","ferrari","pirelli",,,"1:34.755",94755,"1:34.037",94037,,,,,,,14
1013,2019,16,14,14,"14","20","kevin-magnussen","haas","ferrari","pirelli",,,"1:33.889",93889,"1:34.082",94082,,,,,,,13
1013,2019,16,15,15,"15","18","lance-stroll","racing-point","bwt-mercedes","pirelli",,,"1:34.287",94287,"1:34.233",94233,,,,,,,14
1013,2019,16,16,16,"16","7","kimi-raikkonen","alfa-romeo","ferrari","pirelli",,,"1:34.840",94840,,,,,,,,,8
1013,2019,16,17,17,"17","63","george-russell","williams","mercedes","pirelli",,,"1:35.356",95356,,,,,,,,,8
1013,2019,16,18,18,"18","88","robert-kubica","williams","mercedes","pirelli",,,"1:36.474",96474,,,,,,,,,8
1013,2019,16,19,19,"19","23","alexander-albon","red-bull","honda","pirelli",,,"1:39.197",99197,,,,,,,,,4
1013,2019,16,20,,"NC","26","daniil-kvyat","toro-rosso","honda","pirelli",,,,,,,,,,,,,0
1014,2019,17,1,1,"1","5","sebastian-vettel","ferrari","ferrari","pirelli",,,"1:28.988",88988,"1:28.174",88174,"1:27.064",87064,,,,,16
1014,2019,17,2,2,"2","16","charles-leclerc","ferrari","ferrari","pirelli",,,"1:28.405",88405,"1:28.179",88179,"1:27.253",87253,"+0.189",189,"+0.189",189,16
1014,2019,17,3,3,"3","77","valtteri-bottas","mercedes","mercedes","pirelli",,,"1:28.896",88896,"1:27.688",87688,"1:27.293",87293,"+0.229",229,"+0.040",40,21
1014,2019,17,4,4,"4","44","lewis-hamilton","mercedes","mercedes","pirelli",,,"1:28.735",88735,"1:27.826",87826,"1:27.302",87302,"+0.238",238,"+0.009",9,20
1014,2019,17,5,5,"5","33","max-verstappen","red-bull","honda","pirelli",,,"1:28.754",88754,"1:28.499",88499,"1:27.851",87851,"+0.787",787,"+0.549",549,16
1014,2019,17,6,6,"6","23","alexander-albon","red-bull","honda","pirelli",,,"1:29.351",89351,"1:28.156",88156,"1:27.851",87851,"+0.787",787,"+0.000",0,19
1014,2019,17,7,7,"7","55","carlos-sainz-jr","mclaren","renault","pirelli",,,"1:29.018",89018,"1:28.577",88577,"1:28.304",88304,"+1.240",1240,"+0.453",453,21
1014,2019,17,8,8,"8","4","lando-norris","mclaren","renault","pirelli",,,"1:28.873",88873,"1:28.571",88571,"1:28.464",88464,"+1.400",1400,"+0.160",160,21
1014,2019,17,9,9,"9","10","pierre-gasly","toro-rosso","honda","pirelli",,,"1:29.411",89411,"1:28.779",88779,"1:28.836",88836,"+1.772",1772,"+0.372",372,21
1014,2019,17,10,10,"10","8","romain-grosjean","haas","ferrari","pirelli",,,"1:29.572",89572,"1:29.144",89144,"1:29.341",89341,"+2.277",2277,"+0.505",505,15
1014,2019,17,11,11,"11","99","antonio-giovinazzi","alfa-romeo","ferrari","pirelli",,,"1:29.604",89604,"1:29.254",89254,,,,,,,15
1014,2019,17,12,12,"12","18","lance-stroll","racing-point","bwt-mercedes","pirelli",,,"1:29.594",89594,"1:29.345",89345,,,,,,,12
1014,2019,17,13,13,"13","7","kimi-raikkonen","alfa-romeo","ferrari","pirelli",,,"1:29.636",89636,"1:29.358",89358,,,,,,,15
1014,2019,17,14,14,"14","26","daniil-kvyat","toro-rosso","honda","pirelli",,,"1:29.723",89723,"1:29.563",89563,,,,,,,16
1014,2019,17,15,15,"15","27","nico-hulkenberg","renault","renault","pirelli",,,"1:29.619",89619,"1:30.112",90112,,,,,,,13
1014,2019,17,16,16,"16","3","daniel-ricciardo","renault","renault","pirelli",,,"1:29.822",89822,,,,,,,,,8
1014,2019,17,17,17,"17","11","sergio-perez","racing-point","bwt-mercedes","pirelli",,,"1:30.344",90344,,,,,,,,,9
1014,2019,17,18,18,"18","63","george-russell","williams","mercedes","pirelli",,,"1:30.364",90364,,,,,,,,,10
1014,2019,17,19,,"NC","20","kevin-magnussen","haas","ferrari","pirelli",,,,,,,,,,,,,2
1014,2019,17,20,,"NC","88","robert-kubica","williams","mercedes","pirelli",,,,,,,,,,,,,1
1015,2019,18,1,1,"1","33","max-verstappen","red-bull","honda","pirelli",,,"1:15.949",75949,"1:16.136",76136,"1:14.758",74758,,,,,16
1015,2019,18,2,2,"2","16","charles-leclerc","ferrari","ferrari","pirelli",,,"1:16.364",76364,"1:16.219",76219,"1:15.024",75024,"+0.266",266,"+0.266",266,18
1015,2019,18,3,3,"3","5","sebastian-vettel","ferrari","ferrari","pirelli",,,"1:16.696",76696,"1:15.914",75914,"1:15.170",75170,"+0.412",412,"+0.146",146,18
1015,2019,18,4,4,"4","44","lewis-hamilton","mercedes","mercedes","pirelli",,,"1:16.424",76424,"1:15.721",75721,"1:15.262",75262,"+0.504",504,"+0.092",92,20
1015,2019,18,5,5,"5","23","alexander-albon","red-bull","honda","pirelli",,,"1:16.175",76175,"1:16.574",76574,"1:15.336",75336,"+0.578",578,"+0.074",74,18
1015,2019,18,6,6,"6","77","valtteri-bottas","mercedes","mercedes","pirelli",,,"1:17.062",77062,"1:15.852",75852,"1:15.338",75338,"+0.580",580,"+0.002",2,18
1015,2019,18,7,7,"7","55","carlos-sainz-jr","mclaren","renault","pirelli",,,"1:17.044",77044,"1:16.267",76267,"1:16.014",76014,"+1.256",1256,"+0.676",676,19
1015,2019,18,8,8,"8","4","lando-norris","mclaren","renault","pirelli",,,"1:17.092",77092,"1:16.447",76447,"1:16.322",76322,"+1.564",1564,"+0.308",308,20
1015,2019,18,9,9,"9","26","daniil-kvyat","toro-rosso","honda","pirelli",,,"1:17.041",77041,"1:16.657",76657,"1:16.469",76469,"+1.711",1711,"+0.147",147,22
1015,2019,18,10,10,"10","10","pierre-gasly","toro-rosso","honda","pirelli",,,"1:17.065",77065,"1:16.679",76679,"1:16.586",76586,"+1.828",1828,"+0.117",117,22
1015,2019,18,11,11,"11","11","sergio-perez","racing-point","bwt-mercedes","pirelli",,,"1:17.465",77465,"1:16.687",76687,,,,,,,14
1015,2019,18,12,12,"12","27","nico-hulkenberg","renault","renault","pirelli",,,"1:17.608",77608,"1:16.885",76885,,,,,,,14
1015,2019,18,13,13,"13","3","daniel-ricciardo","renault","renault","pirelli",,,"1:17.270",77270,"1:16.933",76933,,,,,,,14
1015,2019,18,14,14,"14","7","kimi-raikkonen","alfa-romeo","ferrari","pirelli",,,"1:17.225",77225,"1:16.967",76967,,,,,,,14
1015,2019,18,15,15,"15","99","antonio-giovinazzi","alfa-romeo","ferrari","pirelli",,,"1:17.794",77794,"1:17.269",77269,,,,,,,14
1015,2019,18,16,16,"16","18","lance-stroll","racing-point","bwt-mercedes","pirelli",,,"1:18.065",78065,,,,,,,,,8
1015,2019,18,17,17,"17","20","kevin-magnussen","haas","ferrari","pirelli",,,"1:18.436",78436,,,,,,,,,9
1015,2019,18,18,18,"18","8","romain-grosjean","haas","ferrari","pirelli",,,"1:18.599",78599,,,,,,,,,9
1015,2019,18,19,19,"19","63","george-russell","williams","mercedes","pirelli",,,"1:18.823",78823,,,,,,,,,10
1015,2019,18,20,20,"20","88","robert-kubica","williams","mercedes","pirelli",,,"1:20.179",80179,,,,,,,,,9
1016,2019,19,1,1,"1","77","valtteri-bottas","mercedes","mercedes","pirelli",,,"1:33.750",93750,"1:33.160",93160,"1:32.029",92029,,,,,18
1016,2019,19,2,2,"2","5","sebastian-vettel","ferrari","ferrari","pirelli",,,"1:33.766",93766,"1:32.782",92782,"1:32.041",92041,"+0.012",12,"+0.012",12,17
1016,2019,19,3,3,"3","33","max-verstappen","red-bull","honda","pirelli",,,"1:33.549",93549,"1:33.120",93120,"1:32.096",92096,"+0.067",67,"+0.055",55,16
1016,2019,19,4,4,"4","16","charles-leclerc","ferrari","ferrari","pirelli",,,"1:33.988",93988,"1:32.760",92760,"1:32.137",92137,"+0.108",108,"+0.041",41,19
1016,2019,19,5,5,"5","44","lewis-hamilton","mercedes","mercedes","pirelli",,,"1:33.454",93454,"1:33.045",93045,"1:32.321",92321,"+0.292",292,"+0.184",184,17
1016,2019,19,6,6,"6","23","alexander-albon","red-bull","honda","pirelli",,,"1:33.984",93984,"1:32.898",92898,"1:32.548",92548,"+0.519",519,"+0.227",227,14
1016,2019,19,7,7,"7","55","carlos-sainz-jr","mclaren","renault","pirelli",,,"1:33.916",93916,"1:33.422",93422,"1:32.847",92847,"+0.818",818,"+0.299",299,15
1016,2019,19,8,8,"8","4","lando-norris","mclaren","renault","pirelli",,,"1:33.353",93353,"1:33.316",93316,"1:33.175",93175,"+1.146",1146,"+0.328",328,18
1016,2019,19,9,9,"9","3","daniel-ricciardo","renault","renault","pirelli",,,"1:33.835",93835,"1:33.608",93608,"1:33.488",93488,"+1.459",1459,"+0.313",313,15
1016,2019,19,10,10,"10","10","pierre-gasly","toro-rosso","honda","pirelli",,,"1:33.556",93556,"1:33.715",93715,"1:33.601",93601,"+1.572",1572,"+0.113",113,19
1016,2019,19,11,11,"11","27","nico-hulkenberg","renault","renault","pirelli",,,"1:34.092",94092,"1:33.815",93815,,,,,,,12
1016,2019,19,12,12,"12","20","kevin-magnussen","haas","ferrari","pirelli",,,"1:33.812",93812,"1:33.979",93979,,,,,,,12
1016,2019,19,13,13,"13","26","daniil-kvyat","toro-rosso","honda","pirelli",,,"1:34.138",94138,"1:33.989",93989,,,,,,,14
1016,2019,19,14,14,"14","18","lance-stroll","racing-point","bwt-mercedes","pirelli",,,"1:33.921",93921,"1:34.100",94100,,,,,,,14
1016,2019,19,15,15,"15","8","romain-grosjean","haas","ferrari","pirelli",,,"1:34.161",94161,"1:34.158",94158,,,,,,,14
1016,2019,19,16,16,"16","99","antonio-giovinazzi","alfa-romeo","ferrari","pirelli",,,"1:34.226",94226,,,,,,,,,8
1016,2019,19,17,17,"17","7","kimi-raikkonen","alfa-romeo","ferrari","pirelli",,,"1:34.369",94369,,,,,,,,,8
1016,2019,19,18,18,"18","63","george-russell","williams","mercedes","pirelli",,,"1:35.372",95372,,,,,,,,,9
1016,2019,19,19,19,"19","11","sergio-perez","racing-point","bwt-mercedes","pirelli",,,"1:35.808",95808,,,,,,,,,5
1016,2019,19,20,20,"20","88","robert-kubica","williams","mercedes","pirelli",,,"1:35.889",95889,,,,,,,,,9
1017,2019,20,1,1,"1","33","max-verstappen","red-bull","honda","pirelli",,,"1:08.242",68242,"1:07.503",67503,"1:07.508",67508,,,,,12
1017,2019,20,2,2,"2","5","sebastian-vettel","ferrari","ferrari","pirelli",,,"1:08.556",68556,"1:08.050",68050,"1:07.631",67631,"+0.123",123,"+0.123",123,15
1017,2019,20,3,3,"3","44","lewis-hamilton","mercedes","mercedes","pirelli",,,"1:08.614",68614,"1:08.088",68088,"1:07.699",67699,"+0.191",191,"+0.068",68,16
1017,2019,20,4,4,"4","16","charles-leclerc","ferrari","ferrari","pirelli",,,"1:08.496",68496,"1:07.888",67888,"1:07.728",67728,"+0.220",220,"+0.029",29,20
1017,2019,20,5,5,"5","77","valtteri-bottas","mercedes","mercedes","pirelli",,,"1:08.545",68545,"1:08.232",68232,"1:07.874",67874,"+0.366",366,"+0.146",146,17
1017,2019,20,6,6,"6","23","alexander-albon","red-bull","honda","pirelli",,,"1:08.503",68503,"1:08.117",68117,"1:07.935",67935,"+0.427",427,"+0.061",61,14
1017,2019,20,7,7,"7","10","pierre-gasly","toro-rosso","honda","pirelli",,,"1:08.909",68909,"1:08.770",68770,"1:08.837",68837,"+1.329",1329,"+0.902",902,22
1017,2019,20,8,8,"8","8","romain-grosjean","haas","ferrari","pirelli",,,"1:09.197",69197,"1:08.705",68705,"1:08.854",68854,"+1.346",1346,"+0.017",17,16
1017,2019,20,9,9,"9","7","kimi-raikkonen","alfa-romeo","ferrari","pirelli",,,"1:09.276",69276,"1:08.858",68858,"1:08.984",68984,"+1.476",1476,"+0.130",130,20
1017,2019,20,10,10,"10","20","kevin-magnussen","haas","ferrari","pirelli",,,"1:08.875",68875,"1:08.803",68803,"1:09.037",69037,"+1.529",1529,"+0.053",53,15
1017,2019,20,11,11,"11","4","lando-norris","mclaren","renault","pirelli",,,"1:08.891",68891,"1:08.868",68868,,,,,,,13
1017,2019,20,12,12,"12","3","daniel-ricciardo","renault","renault","pirelli",,,"1:09.086",69086,"1:08.903",68903,,,,,,,12
1017,2019,20,13,13,"13","99","antonio-giovinazzi","alfa-romeo","ferrari","pirelli",,,"1:09.175",69175,"1:08.919",68919,,,,,,,14
1017,2019,20,14,14,"14","27","nico-hulkenberg","renault","renault","pirelli",,,"1:09.050",69050,"1:08.921",68921,,,,,,,12
1017,2019,20,15,15,"15","11","sergio-perez","racing-point","bwt-mercedes","pirelli",,,"1:09.288",69288,"1:09.035",69035,,,,,,,14
1017,2019,20,16,16,"16","26","daniil-kvyat","toro-rosso","honda","pirelli",,,"1:09.320",69320,,,,,,,,,10
1017,2019,20,17,17,"17","18","lance-stroll","racing-point","bwt-mercedes","pirelli",,,"1:09.536",69536,,,,,,,,,9
1017,2019,20,18,18,"18","63","george-russell","williams","mercedes","pirelli",,,"1:10.126",70126,,,,,,,,,9
1017,2019,20,19,19,"19","88","robert-kubica","williams","mercedes","pirelli",,,"1:10.614",70614,,,,,,,,,9
1017,2019,20,20,,"NC","55","carlos-sainz-jr","mclaren","renault","pirelli",,,,,,,,,,,,,2
1018,2019,21,1,1,"1","44","lewis-hamilton","mercedes","mercedes","pirelli",,,"1:35.851",95851,"1:35.634",95634,"1:34.779",94779,,,,,19
1018,2019,21,2,2,"2","77","valtteri-bottas","mercedes","mercedes","pirelli",,,"1:36.200",96200,"1:35.674",95674,"1:34.973",94973,"+0.194",194,"+0.194",194,16
1018,2019,21,3,3,"3","33","max-verstappen","red-bull","honda","pirelli",,,"1:36.390",96390,"1:36.275",96275,"1:35.139",95139,"+0.360",360,"+0.166",166,16
1018,2019,21,4,4,"4","16","charles-leclerc","ferrari","ferrari","pirelli",,,"1:36.478",96478,"1:35.543",95543,"1:35.219",95219,"+0.440",440,"+0.080",80,16
1018,2019,21,5,5,"5","5","sebastian-vettel","ferrari","ferrari","pirelli",,,"1:36.963",96963,"1:35.786",95786,"1:35.339",95339,"+0.560",560,"+0.120",120,16
1018,2019,21,6,6,"6","23","alexander-albon","red-bull","honda","pirelli",,,"1:36.102",96102,"1:36.718",96718,"1:35.682",95682,"+0.903",903,"+0.343",343,21
1018,2019,21,7,7,"7","4","lando-norris","mclaren","renault","pirelli",,,"1:37.545",97545,"1:36.764",96764,"1:36.436",96436,"+1.657",1657,"+0.754",754,17
1018,2019,21,8,8,"8","3","daniel-ricciardo","renault","renault","pirelli",,,"1:37.106",97106,"1:36.785",96785,"1:36.456",96456,"+1.677",1677,"+0.020",20,15
1018,2019,21,9,9,"9","55","carlos-sainz-jr","mclaren","renault","pirelli",,,"1:37.358",97358,"1:36.308",96308,"1:36.459",96459,"+1.680",1680,"+0.003",3,17
1018,2019,21,10,10,"10","27","nico-hulkenberg","renault","renault","pirelli",,,"1:37.506",97506,"1:36.859",96859,"1:36.710",96710,"+1.931",1931,"+0.251",251,18
1018,2019,21,11,11,"11","11","sergio-perez","racing-point","bwt-mercedes","pirelli",,,"1:36.961",96961,"1:37.055",97055,,,,,,,13
1018,2019,21,12,12,"12","10","pierre-gasly","toro-rosso","honda","pirelli",,,"1:37.198",97198,"1:37.089",97089,,,,,,,12
1018,2019,21,13,13,"13","18","lance-stroll","racing-point","bwt-mercedes","pirelli",,,"1:37.528",97528,"1:37.103",97103,,,,,,,14
1018,2019,21,14,14,"14","26","daniil-kvyat","toro-rosso","honda","pirelli",,,"1:37.683",97683,"1:37.141",97141,,,,,,,12
1018,2019,21,15,15,"15","20","kevin-magnussen","haas","ferrari","pirelli",,,"1:37.710",97710,"1:37.254",97254,,,,,,,14
1018,2019,21,16,16,"16","8","romain-grosjean","haas","ferrari","pirelli",,,"1:38.051",98051,,,,,,,,,8
1018,2019,21,17,17,"17","99","antonio-giovinazzi","alfa-romeo","ferrari","pirelli",,,"1:38.114",98114,,,,,,,,,6
1018,2019,21,18,18,"18","7","kimi-raikkonen","alfa-romeo","ferrari","pirelli",,,"1:38.383",98383,,,,,,,,,6
1018,2019,21,19,19,"19","63","george-russell","williams","mercedes","pirelli",,,"1:38.717",98717,,,,,,,,,8
1018,2019,21,20,20,"20","88","robert-kubica","williams","mercedes","pirelli",,,"1:39.236",99236,,,,,,,,,6
1019,2020,1,1,1,"1","77","valtteri-bottas","mercedes","mercedes","pirelli",,,"1:04.111",64111,"1:03.015",63015,"1:02.939",62939,,,,,19
1019,2020,1,2,2,"2","44","lewis-hamilton","mercedes","mercedes","pirelli",,,"1:04.198",64198,"1:03.096",63096,"1:02.951",62951,"+0.012",12,"+0.012",12,21
1019,2020,1,3,3,"3","33","max-verstappen","red-bull","honda","pirelli",,,"1:04.024",64024,"1:04.000",64000,"1:03.477",63477,"+0.538",538,"+0.526",526,23
1019,2020,1,4,4,"4","4","lando-norris","mclaren","renault","pirelli",,,"1:04.606",64606,"1:03.819",63819,"1:03.626",63626,"+0.687",687,"+0.149",149,17
1019,2020,1,5,5,"5","23","alexander-albon","red-bull","honda","pirelli",,,"1:04.661",64661,"1:03.746",63746,"1:03.868",63868,"+0.929",929,"+0.242",242,18
1019,2020,1,6,6,"6","11","sergio-perez","racing-point","bwt-mercedes","pirelli",,,"1:04.543",64543,"1:03.860",63860,"1:03.868",63868,"+0.929",929,"+0.000",0,19
1019,2020,1,7,7,"7","16","charles-leclerc","ferrari","ferrari","pirelli",,,"1:04.500",64500,"1:04.041",64041,"1:03.923",63923,"+0.984",984,"+0.055",55,20
1019,2020,1,8,8,"8","55","carlos-sainz-jr","mclaren","renault","pirelli",,,"1:04.537",64537,"1:03.971",63971,"1:03.971",63971,"+1.032",1032,"+0.048",48,18
1019,2020,1,9,9,"9","18","lance-stroll","racing-point","bwt-mercedes","pirelli",,,"1:04.309",64309,"1:03.955",63955,"1:04.029",64029,"+1.090",1090,"+0.058",58,17
1019,2020,1,10,10,"10","3","daniel-ricciardo","renault","renault","pirelli",,,"1:04.556",64556,"1:04.023",64023,"1:04.239",64239,"+1.300",1300,"+0.210",210,15
1019,2020,1,11,11,"11","5","sebastian-vettel","ferrari","ferrari","pirelli",,,"1:04.554",64554,"1:04.206",64206,,,,,,,13
1019,2020,1,12,12,"12","10","pierre-gasly","alphatauri","honda","pirelli",,,"1:04.603",64603,"1:04.305",64305,,,,,,,14
1019,2020,1,13,13,"13","26","daniil-kvyat","alphatauri","honda","pirelli",,,"1:05.031",65031,"1:04.431",64431,,,,,,,14
1019,2020,1,14,14,"14","31","esteban-ocon","renault","renault","pirelli",,,"1:04.933",64933,"1:04.643",64643,,,,,,,12
1019,2020,1,15,15,"15","8","romain-grosjean","haas","ferrari","pirelli",,,"1:05.094",65094,"1:04.691",64691,,,,,,,14
1019,2020,1,16,16,"16","20","kevin-magnussen","haas","ferrari","pirelli",,,"1:05.164",65164,,,,,,,,,8
1019,2020,1,17,17,"17","63","george-russell","williams","mercedes","pirelli",,,"1:05.167",65167,,,,,,,,,10
1019,2020,1,18,18,"18","99","antonio-giovinazzi","alfa-romeo","ferrari","pirelli",,,"1:05.175",65175,,,,,,,,,8
1019,2020,1,19,19,"19","7","kimi-raikkonen","alfa-romeo","ferrari","pirelli",,,"1:05.224",65224,,,,,,,,,9
1019,2020,1,20,20,"20","6","nicholas-latifi","williams","mercedes","pirelli",,,"1:05.757",65757,,,,,,,,,12
1020,2020,2,1,1,"1","44","lewis-hamilton","mercedes","mercedes","pirelli",,,"1:18.188",78188,"1:17.825",77825,"1:19.273",79273,,,,,34
1020,2020,2,2,2,"2","33","max-verstappen","red-bull","honda","pirelli",,,"1:18.297",78297,"1:17.938",77938,"1:20.489",80489,"+1.216",1216,"+1.216",1216,34
1020,2020,2,3,3,"3","55","carlos-sainz-jr","mclaren","renault","pirelli",,,"1:18.590",78590,"1:18.836",78836,"1:20.671",80671,"+1.398",1398,"+0.182",182,33
1020,2020,2,4,4,"4","77","valtteri-bottas","mercedes","mercedes","pirelli",,,"1:18.791",78791,"1:18.657",78657,"1:20.701",80701,"+1.428",1428,"+0.030",30,34
1020,2020,2,5,5,"5","31","esteban-ocon","renault","renault","pirelli",,,"1:19.687",79687,"1:18.764",78764,"1:20.922",80922,"+1.649",1649,"+0.221",221,33
1020,2020,2,6,6,"6","4","lando-norris","mclaren","renault","pirelli",,,"1:18.504",78504,"1:18.448",78448,"1:20.925",80925,"+1.652",1652,"+0.003",3,34
1020,2020,2,7,7,"7","23","alexander-albon","red-bull","honda","pirelli",,,"1:20.882",80882,"1:19.014",79014,"1:21.011",81011,"+1.738",1738,"+0.086",86,31
1020,2020,2,8,8,"8","10","pierre-gasly","alphatauri","honda","pirelli",,,"1:20.192",80192,"1:18.744",78744,"1:21.028",81028,"+1.755",1755,"+0.017",17,33
1020,2020,2,9,9,"9","3","daniel-ricciardo","renault","renault","pirelli",,,"1:19.662",79662,"1:19.229",79229,"1:21.192",81192,"+1.919",1919,"+0.164",164,32
1020,2020,2,10,10,"10","5","sebastian-vettel","ferrari","ferrari","pirelli",,,"1:20.243",80243,"1:19.545",79545,"1:21.651",81651,"+2.378",2378,"+0.459",459,33
1020,2020,2,11,11,"11","16","charles-leclerc","ferrari","ferrari","pirelli",,,"1:20.871",80871,"1:19.628",79628,,,,,,,24
1020,2020,2,12,12,"12","63","george-russell","williams","mercedes","pirelli",,,"1:20.382",80382,"1:19.636",79636,,,,,,,22
1020,2020,2,13,13,"13","18","lance-stroll","racing-point","bwt-mercedes","pirelli",,,"1:19.697",79697,"1:19.645",79645,,,,,,,23
1020,2020,2,14,14,"14","26","daniil-kvyat","alphatauri","honda","pirelli",,,"1:19.824",79824,"1:19.717",79717,,,,,,,24
1020,2020,2,15,15,"15","20","kevin-magnussen","haas","ferrari","pirelli",,,"1:21.140",81140,"1:20.211",80211,,,,,,,22
1020,2020,2,16,16,"16","7","kimi-raikkonen","alfa-romeo","ferrari","pirelli",,,"1:21.372",81372,,,,,,,,,12
1020,2020,2,17,17,"17","11","sergio-perez","racing-point","bwt-mercedes","pirelli",,,"1:21.607",81607,,,,,,,,,12
1020,2020,2,18,18,"18","6","nicholas-latifi","williams","mercedes","pirelli",,,"1:21.759",81759,,,,,,,,,12
1020,2020,2,19,19,"19","99","antonio-giovinazzi","alfa-romeo","ferrari","pirelli",,,"1:21.831",81831,,,,,,,,,12
1020,2020,2,20,20,"20","8","romain-grosjean","haas","ferrari","pirelli",,,,,,,,,,,,,1
1021,2020,3,1,1,"1","44","lewis-hamilton","mercedes","mercedes","pirelli",,,"1:14.907",74907,"1:14.261",74261,"1:13.447",73447,,,,,22
1021,2020,3,2,2,"2","77","valtteri-bottas","mercedes","mercedes","pirelli",,,"1:15.474",75474,"1:14.530",74530,"1:13.554",73554,"+0.107",107,"+0.107",107,20
1021,2020,3,3,3,"3","18","lance-stroll","racing-point","bwt-mercedes","pirelli",,,"1:14.895",74895,"1:15.176",75176,"1:14.377",74377,"+0.930",930,"+0.823",823,22
1021,2020,3,4,4,"4","11","sergio-perez","racing-point","bwt-mercedes","pirelli",,,"1:14.681",74681,"1:15.394",75394,"1:14.545",74545,"+1.098",1098,"+0.168",168,22
1021,2020,3,5,5,"5","5","sebastian-vettel","ferrari","ferrari","pirelli",,,"1:15.455",75455,"1:15.131",75131,"1:14.774",74774,"+1.327",1327,"+0.229",229,20
1021,2020,3,6,6,"6","16","charles-leclerc","ferrari","ferrari","pirelli",,,"1:15.793",75793,"1:15.006",75006,"1:14.817",74817,"+1.370",1370,"+0.043",43,20
1021,2020,3,7,7,"7","33","max-verstappen","red-bull","honda","pirelli",,,"1:15.495",75495,"1:14.976",74976,"1:14.849",74849,"+1.402",1402,"+0.032",32,21
1021,2020,3,8,8,"8","4","lando-norris","mclaren","renault","pirelli",,,"1:15.444",75444,"1:15.085",75085,"1:14.966",74966,"+1.519",1519,"+0.117",117,20
1021,2020,3,9,9,"9","55","carlos-sainz-jr","mclaren","renault","pirelli",,,"1:15.281",75281,"1:15.267",75267,"1:15.027",75027,"+1.580",1580,"+0.061",61,21
1021,2020,3,10,10,"10","10","pierre-gasly","alphatauri","honda","pirelli",,,"1:15.767",75767,"1:15.508",75508,,,,,,,14
1021,2020,3,11,11,"11","3","daniel-ricciardo","renault","renault","pirelli",,,"1:15.848",75848,"1:15.661",75661,,,,,,,14
1021,2020,3,12,12,"12","63","george-russell","williams","mercedes","pirelli",,,"1:15.585",75585,"1:15.698",75698,,,,,,,14
1021,2020,3,13,13,"13","23","alexander-albon","red-bull","honda","pirelli",,,"1:15.722",75722,"1:15.715",75715,,,,,,,16
1021,2020,3,14,14,"14","31","esteban-ocon","renault","renault","pirelli",,,"1:15.719",75719,"1:15.742",75742,,,,,,,14
1021,2020,3,15,15,"15","6","nicholas-latifi","williams","mercedes","pirelli",,,"1:16.105",76105,"1:16.544",76544,,,,,,,14
1021,2020,3,16,16,"16","20","kevin-magnussen","haas","ferrari","pirelli",,,"1:16.152",76152,,,,,,,,,9
1021,2020,3,17,17,"17","26","daniil-kvyat","alphatauri","honda","pirelli",,,"1:16.204",76204,,,,,,,,,9
1021,2020,3,18,18,"18","8","romain-grosjean","haas","ferrari","pirelli",,,"1:16.407",76407,,,,,,,,,8
1021,2020,3,19,19,"19","99","antonio-giovinazzi","alfa-romeo","ferrari","pirelli",,,"1:16.506",76506,,,,,,,,,12
1021,2020,3,20,20,"20","7","kimi-raikkonen","alfa-romeo","ferrari","pirelli",,,"1:16.614",76614,,,,,,,,,12
1022,2020,4,1,1,"1","44","lewis-hamilton","mercedes","mercedes","pirelli",,,"1:25.900",85900,"1:25.347",85347,"1:24.303",84303,,,,,22
1022,2020,4,2,2,"2","77","valtteri-bottas","mercedes","mercedes","pirelli",,,"1:25.801",85801,"1:25.015",85015,"1:24.616",84616,"+0.313",313,"+0.313",313,17
1022,2020,4,3,3,"3","33","max-verstappen","red-bull","honda","pirelli",,,"1:26.115",86115,"1:26.144",86144,"1:25.325",85325,"+1.022",1022,"+0.709",709,15
1022,2020,4,4,4,"4","16","charles-leclerc","ferrari","ferrari","pirelli",,,"1:26.550",86550,"1:26.203",86203,"1:25.427",85427,"+1.124",1124,"+0.102",102,16
1022,2020,4,5,5,"5","4","lando-norris","mclaren","renault","pirelli",,,"1:26.855",86855,"1:26.420",86420,"1:25.782",85782,"+1.479",1479,"+0.355",355,20
1022,2020,4,6,6,"6","18","lance-stroll","racing-point","bwt-mercedes","pirelli",,,"1:26.243",86243,"1:26.501",86501,"1:25.839",85839,"+1.536",1536,"+0.057",57,20
1022,2020,4,7,7,"7","55","carlos-sainz-jr","mclaren","renault","pirelli",,,"1:26.715",86715,"1:26.149",86149,"1:25.965",85965,"+1.662",1662,"+0.126",126,20
1022,2020,4,8,8,"8","3","daniel-ricciardo","renault","renault","pirelli",,,"1:26.677",86677,"1:26.339",86339,"1:26.009",86009,"+1.706",1706,"+0.044",44,19
1022,2020,4,9,9,"9","31","esteban-ocon","renault","renault","pirelli",,,"1:26.396",86396,"1:26.252",86252,"1:26.209",86209,"+1.906",1906,"+0.200",200,20
1022,2020,4,10,10,"10","5","sebastian-vettel","ferrari","ferrari","pirelli",,,"1:26.469",86469,"1:26.455",86455,"1:26.339",86339,"+2.036",2036,"+0.130",130,20
1022,2020,4,11,11,"11","10","pierre-gasly","alphatauri","honda","pirelli",,,"1:26.343",86343,"1:26.501",86501,,,,,,,12
1022,2020,4,12,12,"12","23","alexander-albon","red-bull","honda","pirelli",,,"1:26.565",86565,"1:26.545",86545,,,,,,,11
1022,2020,4,13,13,"13","27","nico-hulkenberg","racing-point","bwt-mercedes","pirelli",,,"1:26.327",86327,"1:26.566",86566,,,,,,,14
1022,2020,4,14,14,"14","26","daniil-kvyat","alphatauri","honda","pirelli",,,"1:26.774",86774,"1:26.744",86744,,,,,,,12
1022,2020,4,15,15,"15","63","george-russell","williams","mercedes","pirelli",,,"1:26.732",86732,"1:27.092",87092,,,,,,,14
1022,2020,4,16,16,"16","20","kevin-magnussen","haas","ferrari","pirelli",,,"1:27.158",87158,,,,,,,,,9
1022,2020,4,17,17,"17","99","antonio-giovinazzi","alfa-romeo","ferrari","pirelli",,,"1:27.164",87164,,,,,,,,,9
1022,2020,4,18,18,"18","7","kimi-raikkonen","alfa-romeo","ferrari","pirelli",,,"1:27.366",87366,,,,,,,,,9
1022,2020,4,19,19,"19","8","romain-grosjean","haas","ferrari","pirelli",,,"1:27.643",87643,,,,,,,,,9
1022,2020,4,20,20,"20","6","nicholas-latifi","williams","mercedes","pirelli",,,"1:27.705",87705,,,,,,,,,7
1023,2020,5,1,1,"1","77","valtteri-bottas","mercedes","mercedes","pirelli",,,"1:26.738",86738,"1:25.785",85785,"1:25.154",85154,,,,,20
1023,2020,5,2,2,"2","44","lewis-hamilton","mercedes","mercedes","pirelli",,,"1:26.818",86818,"1:26.266",86266,"1:25.217",85217,"+0.063",63,"+0.063",63,20
1023,2020,5,3,3,"3","27","nico-hulkenberg","racing-point","bwt-mercedes","pirelli",,,"1:27.279",87279,"1:26.261",86261,"1:26.082",86082,"+0.928",928,"+0.865",865,18
1023,2020,5,4,4,"4","33","max-verstappen","red-bull","honda","pirelli",,,"1:27.154",87154,"1:26.779",86779,"1:26.176",86176,"+1.022",1022,"+0.094",94,12
1023,2020,5,5,5,"5","3","daniel-ricciardo","renault","renault","pirelli",,,"1:27.442",87442,"1:26.636",86636,"1:26.297",86297,"+1.143",1143,"+0.121",121,14
1023,2020,5,6,6,"6","18","lance-stroll","racing-point","bwt-mercedes","pirelli",,,"1:27.187",87187,"1:26.674",86674,"1:26.428",86428,"+1.274",1274,"+0.131",131,18
1023,2020,5,7,7,"7","10","pierre-gasly","alphatauri","honda","pirelli",,,"1:27.154",87154,"1:26.523",86523,"1:26.534",86534,"+1.380",1380,"+0.106",106,18
1023,2020,5,8,8,"8","16","charles-leclerc","ferrari","ferrari","pirelli",,,"1:27.427",87427,"1:26.709",86709,"1:26.614",86614,"+1.460",1460,"+0.080",80,16
1023,2020,5,9,9,"9","23","alexander-albon","red-bull","honda","pirelli",,,"1:27.153",87153,"1:26.642",86642,"1:26.669",86669,"+1.515",1515,"+0.055",55,18
1023,2020,5,10,10,"10","4","lando-norris","mclaren","renault","pirelli",,,"1:27.217",87217,"1:26.885",86885,"1:26.778",86778,"+1.624",1624,"+0.109",109,18
1023,2020,5,11,11,"11","31","esteban-ocon","renault","renault","pirelli",,,"1:27.278",87278,"1:27.011",87011,,,,,,,12
1023,2020,5,12,12,"12","5","sebastian-vettel","ferrari","ferrari","pirelli",,,"1:27.612",87612,"1:27.078",87078,,,,,,,14
1023,2020,5,13,13,"13","55","carlos-sainz-jr","mclaren","renault","pirelli",,,"1:27.450",87450,"1:27.083",87083,,,,,,,12
1023,2020,5,14,14,"14","8","romain-grosjean","haas","ferrari","pirelli",,,"1:27.519",87519,"1:27.254",87254,,,,,,,16
1023,2020,5,15,15,"15","63","george-russell","williams","mercedes","pirelli",,,"1:27.757",87757,"1:27.455",87455,,,,,,,11
1023,2020,5,16,16,"16","26","daniil-kvyat","alphatauri","honda","pirelli",,,"1:27.882",87882,,,,,,,,,6
1023,2020,5,17,17,"17","20","kevin-magnussen","haas","ferrari","pirelli",,,"1:28.236",88236,,,,,,,,,9
1023,2020,5,18,18,"18","6","nicholas-latifi","williams","mercedes","pirelli",,,"1:28.430",88430,,,,,,,,,6
1023,2020,5,19,19,"19","99","antonio-giovinazzi","alfa-romeo","ferrari","pirelli",,,"1:28.433",88433,,,,,,,,,6
1023,2020,5,20,20,"20","7","kimi-raikkonen","alfa-romeo","ferrari","pirelli",,,"1:28.493",88493,,,,,,,,,6
1024,2020,6,1,1,"1","44","lewis-hamilton","mercedes","mercedes","pirelli",,,"1:16.872",76872,"1:16.013",76013,"1:15.584",75584,,,,,15
1024,2020,6,2,2,"2","77","valtteri-bottas","mercedes","mercedes","pirelli",,,"1:17.243",77243,"1:16.152",76152,"1:15.643",75643,"+0.059",59,"+0.059",59,15
1024,2020,6,3,3,"3","33","max-verstappen","red-bull","honda","pirelli",,,"1:17.213",77213,"1:16.518",76518,"1:16.292",76292,"+0.708",708,"+0.649",649,15
1024,2020,6,4,4,"4","11","sergio-perez","racing-point","bwt-mercedes","pirelli",,,"1:17.117",77117,"1:16.936",76936,"1:16.482",76482,"+0.898",898,"+0.190",190,15
1024,2020,6,5,5,"5","18","lance-stroll","racing-point","bwt-mercedes","pirelli",,,"1:17.316",77316,"1:16.666",76666,"1:16.589",76589,"+1.005",1005,"+0.107",107,15
1024,2020,6,6,6,"6","23","alexander-albon","red-bull","honda","pirelli",,,"1:17.419",77419,"1:17.163",77163,"1:17.029",77029,"+1.445",1445,"+0.440",440,18
1024,2020,6,7,7,"7","55","carlos-sainz-jr","mclaren","renault","pirelli",,,"1:17.438",77438,"1:16.876",76876,"1:17.044",77044,"+1.460",1460,"+0.015",15,17
1024,2020,6,8,8,"8","4","lando-norris","mclaren","renault","pirelli",,,"1:17.577",77577,"1:17.166",77166,"1:17.084",77084,"+1.500",1500,"+0.040",40,18
1024,2020,6,9,9,"9","16","charles-leclerc","ferrari","ferrari","pirelli",,,"1:17.256",77256,"1:16.953",76953,"1:17.087",77087,"+1.503",1503,"+0.003",3,18
1024,2020,6,10,10,"10","10","pierre-gasly","alphatauri","honda","pirelli",,,"1:17.356",77356,"1:16.800",76800,"1:17.136",77136,"+1.552",1552,"+0.049",49,18
1024,2020,6,11,11,"11","5","sebastian-vettel","ferrari","ferrari","pirelli",,,"1:17.573",77573,"1:17.168",77168,,,,,,,12
1024,2020,6,12,12,"12","26","daniil-kvyat","alphatauri","honda","pirelli",,,"1:17.676",77676,"1:17.192",77192,,,,,,,12
1024,2020,6,13,13,"13","3","daniel-ricciardo","renault","renault","pirelli",,,"1:17.667",77667,"1:17.198",77198,,,,,,,12
1024,2020,6,14,14,"14","7","kimi-raikkonen","alfa-romeo","ferrari","pirelli",,,"1:17.797",77797,"1:17.386",77386,,,,,,,12
1024,2020,6,15,15,"15","31","esteban-ocon","renault","renault","pirelli",,,"1:17.765",77765,"1:17.567",77567,,,,,,,12
1024,2020,6,16,16,"16","20","kevin-magnussen","haas","ferrari","pirelli",,,"1:17.908",77908,,,,,,,,,6
1024,2020,6,17,17,"17","8","romain-grosjean","haas","ferrari","pirelli",,,"1:18.089",78089,,,,,,,,,6
1024,2020,6,18,18,"18","63","george-russell","williams","mercedes","pirelli",,,"1:18.099",78099,,,,,,,,,9
1024,2020,6,19,19,"19","6","nicholas-latifi","williams","mercedes","pirelli",,,"1:18.532",78532,,,,,,,,,9
1024,2020,6,20,20,"20","99","antonio-giovinazzi","alfa-romeo","ferrari","pirelli",,,"1:18.697",78697,,,,,,,,,6
1025,2020,7,1,1,"1","44","lewis-hamilton","mercedes","mercedes","pirelli",,,"1:42.323",102323,"1:42.014",102014,"1:41.252",101252,,,,,15
1025,2020,7,2,2,"2","77","valtteri-bottas","mercedes","mercedes","pirelli",,,"1:42.534",102534,"1:42.126",102126,"1:41.763",101763,"+0.511",511,"+0.511",511,17
1025,2020,7,3,3,"3","33","max-verstappen","red-bull","honda","pirelli",,,"1:43.197",103197,"1:42.473",102473,"1:41.778",101778,"+0.526",526,"+0.015",15,17
1025,2020,7,4,4,"4","3","daniel-ricciardo","renault","renault","pirelli",,,"1:43.309",103309,"1:42.487",102487,"1:42.061",102061,"+0.809",809,"+0.283",283,11
1025,2020,7,5,5,"5","23","alexander-albon","red-bull","honda","pirelli",,,"1:43.418",103418,"1:42.193",102193,"1:42.264",102264,"+1.012",1012,"+0.203",203,15
1025,2020,7,6,6,"6","31","esteban-ocon","renault","renault","pirelli",,,"1:43.505",103505,"1:42.534",102534,"1:42.396",102396,"+1.144",1144,"+0.132",132,15
1025,2020,7,7,7,"7","55","carlos-sainz-jr","mclaren","renault","pirelli",,,"1:43.322",103322,"1:42.478",102478,"1:42.438",102438,"+1.186",1186,"+0.042",42,15
1025,2020,7,8,8,"8","11","sergio-perez","racing-point","bwt-mercedes","pirelli",,,"1:43.349",103349,"1:42.670",102670,"1:42.532",102532,"+1.280",1280,"+0.094",94,15
1025,2020,7,9,9,"9","18","lance-stroll","racing-point","bwt-mercedes","pirelli",,,"1:43.265",103265,"1:42.491",102491,"1:42.603",102603,"+1.351",1351,"+0.071",71,15
1025,2020,7,10,10,"10","4","lando-norris","mclaren","renault","pirelli",,,"1:43.514",103514,"1:42.722",102722,"1:42.657",102657,"+1.405",1405,"+0.054",54,17
1025,2020,7,11,11,"11","26","daniil-kvyat","alphatauri","honda","pirelli",,,"1:43.267",103267,"1:42.730",102730,,,,,,,12
1025,2020,7,12,12,"12","10","pierre-gasly","alphatauri","honda","pirelli",,,"1:43.262",103262,"1:42.745",102745,,,,,,,12
1025,2020,7,13,13,"13","16","charles-leclerc","ferrari","ferrari","pirelli",,,"1:43.656",103656,"1:42.996",102996,,,,,,,12
1025,2020,7,14,14,"14","5","sebastian-vettel","ferrari","ferrari","pirelli",,,"1:43.567",103567,"1:43.261",103261,,,,,,,12
1025,2020,7,15,15,"15","63","george-russell","williams","mercedes","pirelli",,,"1:43.630",103630,"1:43.468",103468,,,,,,,11
1025,2020,7,16,16,"16","7","kimi-raikkonen","alfa-romeo","ferrari","pirelli",,,"1:43.743",103743,,,,,,,,,6
1025,2020,7,17,17,"17","8","romain-grosjean","haas","ferrari","pirelli",,,"1:43.838",103838,,,,,,,,,6
1025,2020,7,18,18,"18","99","antonio-giovinazzi","alfa-romeo","ferrari","pirelli",,,"1:43.950",103950,,,,,,,,,6
1025,2020,7,19,19,"19","6","nicholas-latifi","williams","mercedes","pirelli",,,"1:44.138",104138,,,,,,,,,6
1025,2020,7,20,20,"20","20","kevin-magnussen","haas","ferrari","pirelli",,,"1:44.314",104314,,,,,,,,,8
1026,2020,8,1,1,"1","44","lewis-hamilton","mercedes","mercedes","pirelli",,,"1:19.514",79514,"1:19.092",79092,"1:18.887",78887,,,,,18
1026,2020,8,2,2,"2","77","valtteri-bottas","mercedes","mercedes","pirelli",,,"1:19.786",79786,"1:18.952",78952,"1:18.956",78956,"+0.069",69,"+0.069",69,18
1026,2020,8,3,3,"3","55","carlos-sainz-jr","mclaren","renault","pirelli",,,"1:20.099",80099,"1:19.705",79705,"1:19.695",79695,"+0.808",808,"+0.739",739,16
1026,2020,8,4,4,"4","11","sergio-perez","racing-point","bwt-mercedes","pirelli",,,"1:20.048",80048,"1:19.718",79718,"1:19.720",79720,"+0.833",833,"+0.025",25,17
1026,2020,8,5,5,"5","33","max-verstappen","red-bull","honda","pirelli",,,"1:20.193",80193,"1:19.780",79780,"1:19.795",79795,"+0.908",908,"+0.075",75,17
1026,2020,8,6,6,"6","4","lando-norris","mclaren","renault","pirelli",,,"1:20.344",80344,"1:19.962",79962,"1:19.820",79820,"+0.933",933,"+0.025",25,18
1026,2020,8,7,7,"7","3","daniel-ricciardo","renault","renault","pirelli",,,"1:20.548",80548,"1:20.031",80031,"1:19.864",79864,"+0.977",977,"+0.044",44,16
1026,2020,8,8,8,"8","18","lance-stroll","racing-point","bwt-mercedes","pirelli",,,"1:20.400",80400,"1:19.924",79924,"1:20.049",80049,"+1.162",1162,"+0.185",185,19
1026,2020,8,9,9,"9","23","alexander-albon","red-bull","honda","pirelli",,,"1:21.104",81104,"1:20.064",80064,"1:20.090",80090,"+1.203",1203,"+0.041",41,19
1026,2020,8,10,10,"10","10","pierre-gasly","alphatauri","honda","pirelli",,,"1:20.145",80145,"1:19.909",79909,"1:20.177",80177,"+1.290",1290,"+0.087",87,20
1026,2020,8,11,11,"11","26","daniil-kvyat","alphatauri","honda","pirelli",,,"1:20.307",80307,"1:20.169",80169,,,,,,,14
1026,2020,8,12,12,"12","31","esteban-ocon","renault","renault","pirelli",,,"1:20.747",80747,"1:20.234",80234,,,,,,,12
1026,2020,8,13,13,"13","16","charles-leclerc","ferrari","ferrari","pirelli",,,"1:20.443",80443,"1:20.273",80273,,,,,,,15
1026,2020,8,14,14,"14","7","kimi-raikkonen","alfa-romeo","ferrari","pirelli",,,"1:21.010",81010,"1:20.926",80926,,,,,,,14
1026,2020,8,15,15,"15","20","kevin-magnussen","haas","ferrari","pirelli",,,"1:20.869",80869,"1:21.573",81573,,,,,,,14
1026,2020,8,16,16,"16","8","romain-grosjean","haas","ferrari","pirelli",,,"1:21.139",81139,,,,,,,,,8
1026,2020,8,17,17,"17","5","sebastian-vettel","ferrari","ferrari","pirelli",,,"1:21.151",81151,,,,,,,,,5
1026,2020,8,18,18,"18","99","antonio-giovinazzi","alfa-romeo","ferrari","pirelli",,,"1:21.206",81206,,,,,,,,,9
1026,2020,8,19,19,"19","63","george-russell","williams","mercedes","pirelli",,,"1:21.587",81587,,,,,,,,,7
1026,2020,8,20,20,"20","6","nicholas-latifi","williams","mercedes","pirelli",,,"1:21.717",81717,,,,,,,,,8
1027,2020,9,1,1,"1","44","lewis-hamilton","mercedes","mercedes","pirelli",,,"1:15.778",75778,"1:15.309",75309,"1:15.144",75144,,,,,14
1027,2020,9,2,2,"2","77","valtteri-bottas","mercedes","mercedes","pirelli",,,"1:15.749",75749,"1:15.322",75322,"1:15.203",75203,"+0.059",59,"+0.059",59,11
1027,2020,9,3,3,"3","33","max-verstappen","red-bull","honda","pirelli",,,"1:16.335",76335,"1:15.471",75471,"1:15.509",75509,"+0.365",365,"+0.306",306,12
1027,2020,9,4,4,"4","23","alexander-albon","red-bull","honda","pirelli",,,"1:16.527",76527,"1:15.914",75914,"1:15.954",75954,"+0.810",810,"+0.445",445,14
1027,2020,9,5,5,"5","16","charles-leclerc","ferrari","ferrari","pirelli",,,"1:16.698",76698,"1:16.324",76324,"1:16.270",76270,"+1.126",1126,"+0.316",316,18
1027,2020,9,6,6,"6","11","sergio-perez","racing-point","bwt-mercedes","pirelli",,,"1:16.596",76596,"1:16.489",76489,"1:16.311",76311,"+1.167",1167,"+0.041",41,16
1027,2020,9,7,7,"7","18","lance-stroll","racing-point","bwt-mercedes","pirelli",,,"1:16.701",76701,"1:16.271",76271,"1:16.356",76356,"+1.212",1212,"+0.045",45,14
1027,2020,9,8,8,"8","3","daniel-ricciardo","renault","renault","pirelli",,,"1:16.981",76981,"1:16.243",76243,"1:16.543",76543,"+1.399",1399,"+0.187",187,14
1027,2020,9,9,9,"9","55","carlos-sainz-jr","mclaren","renault","pirelli",,,"1:16.993",76993,"1:16.522",76522,"1:17.870",77870,"+2.726",2726,"+1.327",1327,17
1027,2020,9,10,10,"10","31","esteban-ocon","renault","renault","pirelli",,,"1:16.825",76825,"1:16.297",76297,,,,,,,14
1027,2020,9,11,11,"11","4","lando-norris","mclaren","renault","pirelli",,,"1:16.895",76895,"1:16.640",76640,,,,,,,12
1027,2020,9,12,12,"12","26","daniil-kvyat","alphatauri","honda","pirelli",,,"1:16.928",76928,"1:16.854",76854,,,,,,,11
1027,2020,9,13,13,"13","7","kimi-raikkonen","alfa-romeo","ferrari","pirelli",,,"1:17.059",77059,"1:16.854",76854,,,,,,,12
1027,2020,9,14,14,"14","5","sebastian-vettel","ferrari","ferrari","pirelli",,,"1:17.072",77072,"1:16.858",76858,,,,,,,12
1027,2020,9,15,15,"15","8","romain-grosjean","haas","ferrari","pirelli",,,"1:17.069",77069,"1:17.254",77254,,,,,,,12
1027,2020,9,16,16,"16","10","pierre-gasly","alphatauri","honda","pirelli",,,"1:17.125",77125,,,,,,,,,6
1027,2020,9,17,17,"17","99","antonio-giovinazzi","alfa-romeo","ferrari","pirelli",,,"1:17.220",77220,,,,,,,,,6
1027,2020,9,18,18,"18","63","george-russell","williams","mercedes","pirelli",,,"1:17.232",77232,,,,,,,,,9
1027,2020,9,19,19,"19","6","nicholas-latifi","williams","mercedes","pirelli",,,"1:17.320",77320,,,,,,,,,9
1027,2020,9,20,20,"20","20","kevin-magnussen","haas","ferrari","pirelli",,,"1:17.348",77348,,,,,,,,,6
1028,2020,10,1,1,"1","44","lewis-hamilton","mercedes","mercedes","pirelli",,,"1:32.983",92983,"1:32.835",92835,"1:31.304",91304,,,,,19
1028,2020,10,2,2,"2","33","max-verstappen","red-bull","honda","pirelli",,,"1:33.630",93630,"1:33.157",93157,"1:31.867",91867,"+0.563",563,"+0.563",563,21
1028,2020,10,3,3,"3","77","valtteri-bottas","mercedes","mercedes","pirelli",,,"1:32.656",92656,"1:32.405",92405,"1:31.956",91956,"+0.652",652,"+0.089",89,19
1028,2020,10,4,4,"4","11","sergio-perez","racing-point","bwt-mercedes","pirelli",,,"1:33.704",93704,"1:33.038",93038,"1:32.317",92317,"+1.013",1013,"+0.361",361,15
1028,2020,10,5,5,"5","3","daniel-ricciardo","renault","renault","pirelli",,,"1:33.650",93650,"1:32.218",92218,"1:32.364",92364,"+1.060",1060,"+0.047",47,15
1028,2020,10,6,6,"6","55","carlos-sainz-jr","mclaren","renault","pirelli",,,"1:33.967",93967,"1:32.757",92757,"1:32.550",92550,"+1.246",1246,"+0.186",186,15
1028,2020,10,7,7,"7","31","esteban-ocon","renault","renault","pirelli",,,"1:33.557",93557,"1:33.196",93196,"1:32.624",92624,"+1.320",1320,"+0.074",74,20
1028,2020,10,8,8,"8","4","lando-norris","mclaren","renault","pirelli",,,"1:33.804",93804,"1:33.081",93081,"1:32.847",92847,"+1.543",1543,"+0.223",223,19
1028,2020,10,9,9,"9","10","pierre-gasly","alphatauri","honda","pirelli",,,"1:33.734",93734,"1:33.139",93139,"1:33.000",93000,"+1.696",1696,"+0.153",153,21
1028,2020,10,10,10,"10","23","alexander-albon","red-bull","honda","pirelli",,,"1:33.919",93919,"1:33.153",93153,"1:33.008",93008,"+1.704",1704,"+0.008",8,19
1028,2020,10,11,11,"11","16","charles-leclerc","ferrari","ferrari","pirelli",,,"1:34.071",94071,"1:33.239",93239,,,,,,,10
1028,2020,10,12,12,"12","26","daniil-kvyat","alphatauri","honda","pirelli",,,"1:33.511",93511,"1:33.249",93249,,,,,,,16
1028,2020,10,13,13,"13","18","lance-stroll","racing-point","bwt-mercedes","pirelli",,,"1:33.852",93852,"1:33.364",93364,,,,,,,11
1028,2020,10,14,14,"14","63","george-russell","williams","mercedes","pirelli",,,"1:34.020",94020,"1:33.583",93583,,,,,,,11
1028,2020,10,15,15,"15","5","sebastian-vettel","ferrari","ferrari","pirelli",,,"1:34.134",94134,"1:33.609",93609,,,,,,,11
1028,2020,10,16,16,"16","8","romain-grosjean","haas","ferrari","pirelli",,,"1:34.592",94592,,,,,,,,,7
1028,2020,10,17,17,"17","99","antonio-giovinazzi","alfa-romeo","ferrari","pirelli",,,"1:34.594",94594,,,,,,,,,6
1028,2020,10,18,18,"18","20","kevin-magnussen","haas","ferrari","pirelli",,,"1:34.681",94681,,,,,,,,,8
1028,2020,10,19,19,"19","6","nicholas-latifi","williams","mercedes","pirelli",,,"1:35.066",95066,,,,,,,,,5
1028,2020,10,20,20,"20","7","kimi-raikkonen","alfa-romeo","ferrari","pirelli",,,"1:35.267",95267,,,,,,,,,5
1029,2020,11,1,1,"1","77","valtteri-bottas","mercedes","mercedes","pirelli",,,"1:26.573",86573,"1:25.971",85971,"1:25.269",85269,,,,,19
1029,2020,11,2,2,"2","44","lewis-hamilton","mercedes","mercedes","pirelli",,,"1:26.620",86620,"1:25.390",85390,"1:25.525",85525,"+0.256",256,"+0.256",256,18
1029,2020,11,3,3,"3","33","max-verstappen","red-bull","honda","pirelli",,,"1:26.319",86319,"1:25.467",85467,"1:25.562",85562,"+0.293",293,"+0.037",37,15
1029,2020,11,4,4,"4","16","charles-leclerc","ferrari","ferrari","pirelli",,,"1:26.857",86857,"1:26.240",86240,"1:26.035",86035,"+0.766",766,"+0.473",473,18
1029,2020,11,5,5,"5","23","alexander-albon","red-bull","honda","pirelli",,,"1:27.126",87126,"1:26.285",86285,"1:26.047",86047,"+0.778",778,"+0.012",12,15
1029,2020,11,6,6,"6","3","daniel-ricciardo","renault","renault","pirelli",,,"1:26.836",86836,"1:26.096",86096,"1:26.223",86223,"+0.954",954,"+0.176",176,18
1029,2020,11,7,7,"7","31","esteban-ocon","renault","renault","pirelli",,,"1:27.086",87086,"1:26.364",86364,"1:26.242",86242,"+0.973",973,"+0.019",19,20
1029,2020,11,8,8,"8","4","lando-norris","mclaren","renault","pirelli",,,"1:26.829",86829,"1:26.316",86316,"1:26.458",86458,"+1.189",1189,"+0.216",216,18
1029,2020,11,9,9,"9","11","sergio-perez","racing-point","bwt-mercedes","pirelli",,,"1:27.120",87120,"1:26.330",86330,"1:26.704",86704,"+1.435",1435,"+0.246",246,17
1029,2020,11,10,10,"10","55","carlos-sainz-jr","mclaren","renault","pirelli",,,"1:27.378",87378,"1:26.361",86361,"1:26.709",86709,"+1.440",1440,"+0.005",5,20
1029,2020,11,11,11,"11","5","sebastian-vettel","ferrari","ferrari","pirelli",,,"1:27.107",87107,"1:26.738",86738,,,,,,,16
1029,2020,11,12,12,"12","10","pierre-gasly","alphatauri","honda","pirelli",,,"1:27.072",87072,"1:26.776",86776,,,,,,,16
1029,2020,11,13,13,"13","26","daniil-kvyat","alphatauri","honda","pirelli",,,"1:27.285",87285,"1:26.848",86848,,,,,,,16
1029,2020,11,14,14,"14","99","antonio-giovinazzi","alfa-romeo","ferrari","pirelli",,,"1:27.532",87532,"1:26.936",86936,,,,,,,14
1029,2020,11,15,15,"15","20","kevin-magnussen","haas","ferrari","pirelli",,,"1:27.231",87231,"1:27.125",87125,,,,,,,16
1029,2020,11,16,16,"16","8","romain-grosjean","haas","ferrari","pirelli",,,"1:27.552",87552,,,,,,,,,10
1029,2020,11,17,17,"17","63","george-russell","williams","mercedes","pirelli",,,"1:27.564",87564,,,,,,,,,9
1029,2020,11,18,18,"18","6","nicholas-latifi","williams","mercedes","pirelli",,,"1:27.812",87812,,,,,,,,,9
1029,2020,11,19,19,"19","7","kimi-raikkonen","alfa-romeo","ferrari","pirelli",,,"1:27.817",87817,,,,,,,,,8
1029,2020,11,20,20,"20","27","nico-hulkenberg","racing-point","bwt-mercedes","pirelli",,,"1:28.021",88021,,,,,,,,,10
1030,2020,12,1,1,"1","44","lewis-hamilton","mercedes","mercedes","pirelli",,,"1:16.828",76828,"1:16.824",76824,"1:16.652",76652,,,,,21
1030,2020,12,2,2,"2","77","valtteri-bottas","mercedes","mercedes","pirelli",,,"1:16.945",76945,"1:16.466",76466,"1:16.754",76754,"+0.102",102,"+0.102",102,17
1030,2020,12,3,3,"3","33","max-verstappen","red-bull","honda","pirelli",,,"1:16.879",76879,"1:17.038",77038,"1:16.904",76904,"+0.252",252,"+0.150",150,23
1030,2020,12,4,4,"4","16","charles-leclerc","ferrari","ferrari","pirelli",,,"1:17.421",77421,"1:17.367",77367,"1:17.090",77090,"+0.438",438,"+0.186",186,23
1030,2020,12,5,5,"5","11","sergio-perez","racing-point","bwt-mercedes","pirelli",,,"1:17.370",77370,"1:17.129",77129,"1:17.223",77223,"+0.571",571,"+0.133",133,21
1030,2020,12,6,6,"6","23","alexander-albon","red-bull","honda","pirelli",,,"1:17.435",77435,"1:17.411",77411,"1:17.437",77437,"+0.785",785,"+0.214",214,29
1030,2020,12,7,7,"7","55","carlos-sainz-jr","mclaren","renault","pirelli",,,"1:17.627",77627,"1:17.183",77183,"1:17.520",77520,"+0.868",868,"+0.083",83,24
1030,2020,12,8,8,"8","4","lando-norris","mclaren","renault","pirelli",,,"1:17.547",77547,"1:17.321",77321,"1:17.525",77525,"+0.873",873,"+0.005",5,24
1030,2020,12,9,9,"9","10","pierre-gasly","alphatauri","honda","pirelli",,,"1:17.209",77209,"1:17.367",77367,"1:17.803",77803,"+1.151",1151,"+0.278",278,26
1030,2020,12,10,10,"10","3","daniel-ricciardo","renault","renault","pirelli",,,"1:17.621",77621,"1:17.481",77481,,,,,,,17
1030,2020,12,11,11,"11","31","esteban-ocon","renault","renault","pirelli",,,"1:17.775",77775,"1:17.614",77614,,,,,,,18
1030,2020,12,12,12,"12","18","lance-stroll","racing-point","bwt-mercedes","pirelli",,,"1:17.667",77667,"1:17.626",77626,,,,,,,22
1030,2020,12,13,13,"13","26","daniil-kvyat","alphatauri","honda","pirelli",,,"1:17.841",77841,"1:17.728",77728,,,,,,,22
1030,2020,12,14,14,"14","63","george-russell","williams","mercedes","pirelli",,,"1:17.931",77931,"1:17.788",77788,,,,,,,17
1030,2020,12,15,15,"15","5","sebastian-vettel","ferrari","ferrari","pirelli",,,"1:17.446",77446,"1:17.919",77919,,,,,,,20
1030,2020,12,16,16,"16","7","kimi-raikkonen","alfa-romeo","ferrari","pirelli",,,"1:18.201",78201,,,,,,,,,12
1030,2020,12,17,17,"17","99","antonio-giovinazzi","alfa-romeo","ferrari","pirelli",,,"1:18.323",78323,,,,,,,,,12
1030,2020,12,18,18,"18","8","romain-grosjean","haas","ferrari","pirelli",,,"1:18.364",78364,,,,,,,,,12
1030,2020,12,19,19,"19","20","kevin-magnussen","haas","ferrari","pirelli",,,"1:18.508",78508,,,,,,,,,10
1030,2020,12,20,20,"20","6","nicholas-latifi","williams","mercedes","pirelli",,,"1:18.777",78777,,,,,,,,,11
1031,2020,13,1,1,"1","77","valtteri-bottas","mercedes","mercedes","pirelli",,,"1:14.221",74221,"1:14.585",74585,"1:13.609",73609,,,,,22
1031,2020,13,2,2,"2","44","lewis-hamilton","mercedes","mercedes","pirelli",,,"1:14.229",74229,"1:14.643",74643,"1:13.706",73706,"+0.097",97,"+0.097",97,22
1031,2020,13,3,3,"3","33","max-verstappen","red-bull","honda","pirelli",,,"1:15.034",75034,"1:14.974",74974,"1:14.176",74176,"+0.567",567,"+0.470",470,16
1031,2020,13,4,4,"4","10","pierre-gasly","alphatauri","honda","pirelli",,,"1:15.183",75183,"1:14.681",74681,"1:14.502",74502,"+0.893",893,"+0.326",326,19
1031,2020,13,5,5,"5","3","daniel-ricciardo","renault","renault","pirelli",,,"1:15.474",75474,"1:14.953",74953,"1:14.520",74520,"+0.911",911,"+0.018",18,18
1031,2020,13,6,6,"6","23","alexander-albon","red-bull","honda","pirelli",,,"1:15.402",75402,"1:14.745",74745,"1:14.572",74572,"+0.963",963,"+0.052",52,21
1031,2020,13,7,7,"7","16","charles-leclerc","ferrari","ferrari","pirelli",,,"1:15.123",75123,"1:15.017",75017,"1:14.616",74616,"+1.007",1007,"+0.044",44,20
1031,2020,13,8,8,"8","26","daniil-kvyat","alphatauri","honda","pirelli",,,"1:15.412",75412,"1:15.022",75022,"1:14.696",74696,"+1.087",1087,"+0.080",80,21
1031,2020,13,9,9,"9","4","lando-norris","mclaren","renault","pirelli",,,"1:15.274",75274,"1:15.051",75051,"1:14.814",74814,"+1.205",1205,"+0.118",118,17
1031,2020,13,10,10,"10","55","carlos-sainz-jr","mclaren","renault","pirelli",,,"1:15.528",75528,"1:15.027",75027,"1:14.911",74911,"+1.302",1302,"+0.097",97,19
1031,2020,13,11,11,"11","11","sergio-perez","racing-point","bwt-mercedes","pirelli",,,"1:15.407",75407,"1:15.061",75061,,,,,,,16
1031,2020,13,12,12,"12","31","esteban-ocon","renault","renault","pirelli",,,"1:15.352",75352,"1:15.201",75201,,,,,,,14
1031,2020,13,13,13,"13","63","george-russell","williams","mercedes","pirelli",,,"1:15.760",75760,"1:15.323",75323,,,,,,,18
1031,2020,13,14,14,"14","5","sebastian-vettel","ferrari","ferrari","pirelli",,,"1:15.571",75571,"1:15.385",75385,,,,,,,20
1031,2020,13,15,15,"15","18","lance-stroll","racing-point","bwt-mercedes","pirelli",,,"1:15.822",75822,"1:15.494",75494,,,,,,,16
1031,2020,13,16,16,"16","8","romain-grosjean","haas","ferrari","pirelli",,,"1:15.918",75918,,,,,,,,,10
1031,2020,13,17,17,"17","20","kevin-magnussen","haas","ferrari","pirelli",,,"1:15.939",75939,,,,,,,,,11
1031,2020,13,18,18,"18","7","kimi-raikkonen","alfa-romeo","ferrari","pirelli",,,"1:15.953",75953,,,,,,,,,10
1031,2020,13,19,19,"19","6","nicholas-latifi","williams","mercedes","pirelli",,,"1:15.987",75987,,,,,,,,,12
1031,2020,13,20,20,"20","99","antonio-giovinazzi","alfa-romeo","ferrari","pirelli",,,"1:16.208",76208,,,,,,,,,8
1032,2020,14,1,1,"1","18","lance-stroll","racing-point","bwt-mercedes","pirelli",,,"2:07.467",127467,"1:53.372",113372,"1:47.765",107765,,,,,22
1032,2020,14,2,2,"2","33","max-verstappen","red-bull","honda","pirelli",,,"1:57.485",117485,"1:50.293",110293,"1:48.055",108055,"+0.290",290,"+0.290",290,26
1032,2020,14,3,3,"3","11","sergio-perez","racing-point","bwt-mercedes","pirelli",,,"2:07.614",127614,"1:54.097",114097,"1:49.321",109321,"+1.556",1556,"+1.266",1266,21
1032,2020,14,4,4,"4","23","alexander-albon","red-bull","honda","pirelli",,,"1:59.431",119431,"1:52.282",112282,"1:50.448",110448,"+2.683",2683,"+1.127",1127,26
1032,2020,14,5,5,"5","3","daniel-ricciardo","renault","renault","pirelli",,,"2:05.598",125598,"1:54.278",114278,"1:51.595",111595,"+3.830",3830,"+1.147",1147,26
1032,2020,14,6,6,"6","44","lewis-hamilton","mercedes","mercedes","pirelli",,,"2:07.599",127599,"1:52.709",112709,"1:52.560",112560,"+4.795",4795,"+0.965",965,23
1032,2020,14,7,7,"7","31","esteban-ocon","renault","renault","pirelli",,,"2:06.115",126115,"1:53.657",113657,"1:52.622",112622,"+4.857",4857,"+0.062",62,26
1032,2020,14,8,8,"8","7","kimi-raikkonen","alfa-romeo","ferrari","pirelli",,,"2:01.249",121249,"1:53.793",113793,"1:52.745",112745,"+4.980",4980,"+0.123",123,27
1032,2020,14,9,9,"9","77","valtteri-bottas","mercedes","mercedes","pirelli",,,"2:07.001",127001,"1:53.767",113767,"1:53.258",113258,"+5.493",5493,"+0.513",513,23
1032,2020,14,10,10,"10","99","antonio-giovinazzi","alfa-romeo","ferrari","pirelli",,,"2:07.341",127341,"1:53.431",113431,"1:57.226",117226,"+9.461",9461,"+3.968",3968,26
1032,2020,14,11,11,"11","4","lando-norris","mclaren","renault","pirelli",,,"2:07.167",127167,"1:54.945",114945,,,,,,,18
1032,2020,14,12,12,"12","5","sebastian-vettel","ferrari","ferrari","pirelli",,,"2:03.356",123356,"1:55.169",115169,,,,,,,18
1032,2020,14,13,13,"13","55","carlos-sainz-jr","mclaren","renault","pirelli",,,"2:07.489",127489,"1:55.410",115410,,,,,,,18
1032,2020,14,14,14,"14","16","charles-leclerc","ferrari","ferrari","pirelli",,,"2:04.464",124464,"1:56.696",116696,,,,,,,18
1032,2020,14,15,15,"15","10","pierre-gasly","alphatauri","honda","pirelli",,,"2:05.579",125579,"1:58.556",118556,,,,,,,17
1032,2020,14,16,16,"16","20","kevin-magnussen","haas","ferrari","pirelli",,,"2:08.007",128007,,,,,,,,,10
1032,2020,14,17,17,"17","26","daniil-kvyat","alphatauri","honda","pirelli",,,"2:09.070",129070,,,,,,,,,8
1032,2020,14,18,18,"18","63","george-russell","williams","mercedes","pirelli",,,"2:10.017",130017,,,,,,,,,9
1032,2020,14,19,19,"19","8","romain-grosjean","haas","ferrari","pirelli",,,"2:12.909",132909,,,,,,,,,7
1032,2020,14,20,20,"20","6","nicholas-latifi","williams","mercedes","pirelli",,,"2:21.611",141611,,,,,,,,,9
1033,2020,15,1,1,"1","44","lewis-hamilton","mercedes","mercedes","pirelli",,,"1:28.343",88343,"1:27.586",87586,"1:27.264",87264,,,,,16
1033,2020,15,2,2,"2","77","valtteri-bottas","mercedes","mercedes","pirelli",,,"1:28.767",88767,"1:28.063",88063,"1:27.553",87553,"+0.289",289,"+0.289",289,16
1033,2020,15,3,3,"3","33","max-verstappen","red-bull","honda","pirelli",,,"1:28.885",88885,"1:28.025",88025,"1:27.678",87678,"+0.414",414,"+0.125",125,15
1033,2020,15,4,4,"4","23","alexander-albon","red-bull","honda","pirelli",,,"1:28.732",88732,"1:28.749",88749,"1:28.274",88274,"+1.010",1010,"+0.596",596,18
1033,2020,15,5,5,"5","11","sergio-perez","racing-point","bwt-mercedes","pirelli",,,"1:29.178",89178,"1:28.894",88894,"1:28.322",88322,"+1.058",1058,"+0.048",48,20
1033,2020,15,6,6,"6","3","daniel-ricciardo","renault","renault","pirelli",,,"1:29.005",89005,"1:28.648",88648,"1:28.417",88417,"+1.153",1153,"+0.095",95,17
1033,2020,15,7,7,"7","31","esteban-ocon","renault","renault","pirelli",,,"1:29.203",89203,"1:28.937",88937,"1:28.419",88419,"+1.155",1155,"+0.002",2,14
1033,2020,15,8,8,"8","10","pierre-gasly","alphatauri","honda","pirelli",,,"1:28.971",88971,"1:29.008",89008,"1:28.448",88448,"+1.184",1184,"+0.029",29,14
1033,2020,15,9,9,"9","4","lando-norris","mclaren","renault","pirelli",,,"1:29.464",89464,"1:28.877",88877,"1:28.542",88542,"+1.278",1278,"+0.094",94,17
1033,2020,15,10,10,"10","26","daniil-kvyat","alphatauri","honda","pirelli",,,"1:29.158",89158,"1:28.944",88944,"1:28.618",88618,"+1.354",1354,"+0.076",76,17
1033,2020,15,11,11,"11","5","sebastian-vettel","ferrari","ferrari","pirelli",,,"1:29.142",89142,"1:29.149",89149,,,,,,,11
1033,2020,15,12,12,"12","16","charles-leclerc","ferrari","ferrari","pirelli",,,"1:29.137",89137,"1:29.165",89165,,,,,,,11
1033,2020,15,13,13,"13","18","lance-stroll","racing-point","bwt-mercedes","pirelli",,,"1:28.679",88679,"1:29.557",89557,,,,,,,11
1033,2020,15,14,14,"14","63","george-russell","williams","mercedes","pirelli",,,"1:29.294",89294,"1:31.218",91218,,,,,,,11
1033,2020,15,15,15,"15","55","carlos-sainz-jr","mclaren","renault","pirelli",,,"1:28.975",88975,,,,,,,,,5
1033,2020,15,16,16,"16","99","antonio-giovinazzi","alfa-romeo","ferrari","pirelli",,,"1:29.491",89491,,,,,,,,,6
1033,2020,15,17,17,"17","7","kimi-raikkonen","alfa-romeo","ferrari","pirelli",,,"1:29.810",89810,,,,,,,,,6
1033,2020,15,18,18,"18","20","kevin-magnussen","haas","ferrari","pirelli",,,"1:30.111",90111,,,,,,,,,6
1033,2020,15,19,19,"19","8","romain-grosjean","haas","ferrari","pirelli",,,"1:30.138",90138,,,,,,,,,6
1033,2020,15,20,20,"20","6","nicholas-latifi","williams","mercedes","pirelli",,,"1:30.182",90182,,,,,,,,,6
1034,2020,16,1,1,"1","77","valtteri-bottas","mercedes","mercedes","pirelli",,,"53.904",53904,"53.803",53803,"53.377",53377,,,,,24
1034,2020,16,2,2,"2","63","george-russell","mercedes","mercedes","pirelli",,,"54.160",54160,"53.819",53819,"53.403",53403,"+0.026",26,"+0.026",26,25
1034,2020,16,3,3,"3","33","max-verstappen","red-bull","honda","pirelli",,,"54.037",54037,"53.647",53647,"53.433",53433,"+0.056",56,"+0.030",30,17
1034,2020,16,4,4,"4","16","charles-leclerc","ferrari","ferrari","pirelli",,,"54.249",54249,"53.825",53825,"53.613",53613,"+0.236",236,"+0.180",180,21
1034,2020,16,5,5,"5","11","sergio-perez","racing-point","bwt-mercedes","pirelli",,,"54.236",54236,"53.787",53787,"53.790",53790,"+0.413",413,"+0.177",177,17
1034,2020,16,6,6,"6","26","daniil-kvyat","alphatauri","honda","pirelli",,,"54.346",54346,"53.856",53856,"53.906",53906,"+0.529",529,"+0.116",116,26
1034,2020,16,7,7,"7","3","daniel-ricciardo","renault","renault","pirelli",,,"54.388",54388,"53.871",53871,"53.957",53957,"+0.580",580,"+0.051",51,15
1034,2020,16,8,8,"8","55","carlos-sainz-jr","mclaren","renault","pirelli",,,"54.450",54450,"53.818",53818,"54.010",54010,"+0.633",633,"+0.053",53,20
1034,2020,16,9,9,"9","10","pierre-gasly","alphatauri","honda","pirelli",,,"54.207",54207,"53.941",53941,"54.154",54154,"+0.777",777,"+0.144",144,28
1034,2020,16,10,10,"10","18","lance-stroll","racing-point","bwt-mercedes","pirelli",,,"54.595",54595,"53.840",53840,"54.200",54200,"+0.823",823,"+0.046",46,19
1034,2020,16,11,11,"11","31","esteban-ocon","renault","renault","pirelli",,,"54.309",54309,"53.995",53995,,,,,,,13
1034,2020,16,12,12,"12","23","alexander-albon","red-bull","honda","pirelli",,,"54.620",54620,"54.026",54026,,,,,,,12
1034,2020,16,13,13,"13","5","sebastian-vettel","ferrari","ferrari","pirelli",,,"54.301",54301,"54.175",54175,,,,,,,17
1034,2020,16,14,14,"14","99","antonio-giovinazzi","alfa-romeo","ferrari","pirelli",,,"54.523",54523,"54.377",54377,,,,,,,14
1034,2020,16,15,15,"15","4","lando-norris","mclaren","renault","pirelli",,,"54.194",54194,"54.693",54693,,,,,,,15
1034,2020,16,16,16,"16","20","kevin-magnussen","haas","ferrari","pirelli",,,"54.705",54705,,,,,,,,,9
1034,2020,16,17,17,"17","6","nicholas-latifi","williams","mercedes","pirelli",,,"54.796",54796,,,,,,,,,11
1034,2020,16,18,18,"18","89","jack-aitken","williams","mercedes","pirelli",,,"54.892",54892,,,,,,,,,9
1034,2020,16,19,19,"19","7","kimi-raikkonen","alfa-romeo","ferrari","pirelli",,,"54.963",54963,,,,,,,,,11
1034,2020,16,20,20,"20","51","pietro-fittipaldi","haas","ferrari","pirelli",,,"55.426",55426,,,,,,,,,11
1035,2020,17,1,1,"1","33","max-verstappen","red-bull","honda","pirelli",,,"1:35.993",95993,"1:35.641",95641,"1:35.246",95246,,,,,19
1035,2020,17,2,2,"2","77","valtteri-bottas","mercedes","mercedes","pirelli",,,"1:35.699",95699,"1:35.527",95527,"1:35.271",95271,"+0.025",25,"+0.025",25,18
1035,2020,17,3,3,"3","44","lewis-hamilton","mercedes","mercedes","pirelli",,,"1:35.528",95528,"1:35.466",95466,"1:35.332",95332,"+0.086",86,"+0.061",61,20
1035,2020,17,4,4,"4","4","lando-norris","mclaren","renault","pirelli",,,"1:36.016",96016,"1:35.849",95849,"1:35.497",95497,"+0.251",251,"+0.165",165,17
1035,2020,17,5,5,"5","23","alexander-albon","red-bull","honda","pirelli",,,"1:36.106",96106,"1:35.654",95654,"1:35.571",95571,"+0.325",325,"+0.074",74,15
1035,2020,17,6,6,"6","55","carlos-sainz-jr","mclaren","renault","pirelli",,,"1:36.517",96517,"1:36.192",96192,"1:35.815",95815,"+0.569",569,"+0.244",244,14
1035,2020,17,7,7,"7","26","daniil-kvyat","alphatauri","honda","pirelli",,,"1:36.459",96459,"1:36.214",96214,"1:35.963",95963,"+0.717",717,"+0.148",148,20
1035,2020,17,8,8,"8","18","lance-stroll","racing-point","bwt-mercedes","pirelli",,,"1:36.502",96502,"1:36.143",96143,"1:36.046",96046,"+0.800",800,"+0.083",83,15
1035,2020,17,9,9,"9","16","charles-leclerc","ferrari","ferrari","pirelli",,,"1:35.881",95881,"1:35.932",95932,"1:36.065",96065,"+0.819",819,"+0.019",19,20
1035,2020,17,10,10,"10","10","pierre-gasly","alphatauri","honda","pirelli",,,"1:36.545",96545,"1:36.282",96282,"1:36.242",96242,"+0.996",996,"+0.177",177,20
1035,2020,17,11,11,"11","31","esteban-ocon","renault","renault","pirelli",,,"1:36.783",96783,"1:36.359",96359,,,,,,,12
1035,2020,17,12,12,"12","3","daniel-ricciardo","renault","renault","pirelli",,,"1:36.704",96704,"1:36.406",96406,,,,,,,9
1035,2020,17,13,13,"13","5","sebastian-vettel","ferrari","ferrari","pirelli",,,"1:36.655",96655,"1:36.631",96631,,,,,,,12
1035,2020,17,14,14,"14","99","antonio-giovinazzi","alfa-romeo","ferrari","pirelli",,,"1:37.075",97075,"1:38.248",98248,,,,,,,12
1035,2020,17,15,15,"15","11","sergio-perez","racing-point","bwt-mercedes","pirelli",,,"1:36.034",96034,,,,,,,,,4
1035,2020,17,16,16,"16","7","kimi-raikkonen","alfa-romeo","ferrari","pirelli",,,"1:37.555",97555,,,,,,,,,6
1035,2020,17,17,17,"17","20","kevin-magnussen","haas","ferrari","pirelli",,,"1:37.863",97863,,,,,,,,,9
1035,2020,17,18,18,"18","63","george-russell","williams","mercedes","pirelli",,,"1:38.045",98045,,,,,,,,,8
1035,2020,17,19,19,"19","51","pietro-fittipaldi","haas","ferrari","pirelli",,,"1:38.173",98173,,,,,,,,,9
1035,2020,17,20,20,"20","6","nicholas-latifi","williams","mercedes","pirelli",,,"1:38.443",98443,,,,,,,,,7
1036,2021,1,1,1,"1","33","max-verstappen","red-bull","honda","pirelli",,,"1:30.499",90499,"1:30.318",90318,"1:28.997",88997,,,,,15
1036,2021,1,2,2,"2","44","lewis-hamilton","mercedes","mercedes","pirelli",,,"1:30.617",90617,"1:30.085",90085,"1:29.385",89385,"+0.388",388,"+0.388",388,18
1036,2021,1,3,3,"3","77","valtteri-bottas","mercedes","mercedes","pirelli",,,"1:31.200",91200,"1:30.186",90186,"1:29.586",89586,"+0.589",589,"+0.201",201,17
1036,2021,1,4,4,"4","16","charles-leclerc","ferrari","ferrari","pirelli",,,"1:30.691",90691,"1:30.010",90010,"1:29.678",89678,"+0.681",681,"+0.092",92,15
1036,2021,1,5,5,"5","10","pierre-gasly","alphatauri","honda","pirelli",,,"1:30.848",90848,"1:30.513",90513,"1:29.809",89809,"+0.812",812,"+0.131",131,15
1036,2021,1,6,6,"6","3","daniel-ricciardo","mclaren","mercedes","pirelli",,,"1:30.795",90795,"1:30.222",90222,"1:29.927",89927,"+0.930",930,"+0.118",118,18
1036,2021,1,7,7,"7","4","lando-norris","mclaren","mercedes","pirelli",,,"1:30.902",90902,"1:30.099",90099,"1:29.974",89974,"+0.977",977,"+0.047",47,18
1036,2021,1,8,8,"8","55","carlos-sainz-jr","ferrari","ferrari","pirelli",,,"1:31.653",91653,"1:30.009",90009,"1:30.215",90215,"+1.218",1218,"+0.241",241,17
1036,2021,1,9,9,"9","14","fernando-alonso","alpine","renault","pirelli",,,"1:30.863",90863,"1:30.595",90595,"1:30.249",90249,"+1.252",1252,"+0.034",34,15
1036,2021,1,10,10,"10","18","lance-stroll","aston-martin","mercedes","pirelli",,,"1:31.261",91261,"1:30.624",90624,"1:30.601",90601,"+1.604",1604,"+0.352",352,15
1036,2021,1,11,11,"11","11","sergio-perez","red-bull","honda","pirelli",,,"1:31.165",91165,"1:30.659",90659,,,,,,,11
1036,2021,1,12,12,"12","99","antonio-giovinazzi","alfa-romeo","ferrari","pirelli",,,"1:30.998",90998,"1:30.708",90708,,,,,,,12
1036,2021,1,13,13,"13","22","yuki-tsunoda","alphatauri","honda","pirelli",,,"1:30.607",90607,"1:31.203",91203,,,,,,,9
1036,2021,1,14,14,"14","7","kimi-raikkonen","alfa-romeo","ferrari","pirelli",,,"1:31.547",91547,"1:31.238",91238,,,,,,,12
1036,2021,1,15,15,"15","63","george-russell","williams","mercedes","pirelli",,,"1:31.316",91316,"1:33.430",93430,,,,,,,11
1036,2021,1,16,16,"16","31","esteban-ocon","alpine","renault","pirelli",,,"1:31.724",91724,,,,,,,,,6
1036,2021,1,17,17,"17","6","nicholas-latifi","williams","mercedes","pirelli",,,"1:31.936",91936,,,,,,,,,8
1036,2021,1,18,18,"18","5","sebastian-vettel","aston-martin","mercedes","pirelli",,,"1:32.056",92056,,,,,,,,,6
1036,2021,1,19,19,"19","47","mick-schumacher","haas","ferrari","pirelli",,,"1:32.449",92449,,,,,,,,,6
1036,2021,1,20,20,"20","9","nikita-mazepin","haas","ferrari","pirelli",,,"1:33.273",93273,,,,,,,,,7
1037,2021,2,1,1,"1","44","lewis-hamilton","mercedes","mercedes","pirelli",,,"1:14.823",74823,"1:14.817",74817,"1:14.411",74411,,,,,23
1037,2021,2,2,2,"2","11","sergio-perez","red-bull","honda","pirelli",,,"1:15.395",75395,"1:14.716",74716,"1:14.446",74446,"+0.035",35,"+0.035",35,18
1037,2021,2,3,3,"3","33","max-verstappen","red-bull","honda","pirelli",,,"1:15.109",75109,"1:14.884",74884,"1:14.498",74498,"+0.087",87,"+0.052",52,20
1037,2021,2,4,4,"4","16","charles-leclerc","ferrari","ferrari","pirelli",,,"1:15.413",75413,"1:14.808",74808,"1:14.740",74740,"+0.329",329,"+0.242",242,19
1037,2021,2,5,5,"5","10","pierre-gasly","alphatauri","honda","pirelli",,,"1:15.548",75548,"1:14.927",74927,"1:14.790",74790,"+0.379",379,"+0.050",50,21
1037,2021,2,6,6,"6","3","daniel-ricciardo","mclaren","mercedes","pirelli",,,"1:15.669",75669,"1:15.033",75033,"1:14.826",74826,"+0.415",415,"+0.036",36,21
1037,2021,2,7,7,"7","4","lando-norris","mclaren","mercedes","pirelli",,,"1:15.009",75009,"1:14.718",74718,"1:14.875",74875,"+0.464",464,"+0.049",49,15
1037,2021,2,8,8,"8","77","valtteri-bottas","mercedes","mercedes","pirelli",,,"1:14.672",74672,"1:14.905",74905,"1:14.898",74898,"+0.487",487,"+0.023",23,22
1037,2021,2,9,9,"9","31","esteban-ocon","alpine","renault","pirelli",,,"1:15.385",75385,"1:15.117",75117,"1:15.210",75210,"+0.799",799,"+0.312",312,20
1037,2021,2,10,10,"10","18","lance-stroll","aston-martin","mercedes","pirelli",,,"1:15.522",75522,"1:15.138",75138,,,,,,,20
1037,2021,2,11,11,"11","55","carlos-sainz-jr","ferrari","ferrari","pirelli",,,"1:15.406",75406,"1:15.199",75199,,,,,,,16
1037,2021,2,12,12,"12","63","george-russell","williams","mercedes","pirelli",,,"1:15.826",75826,"1:15.261",75261,,,,,,,16
1037,2021,2,13,13,"13","5","sebastian-vettel","aston-martin","mercedes","pirelli",,,"1:15.459",75459,"1:15.394",75394,,,,,,,14
1037,2021,2,14,14,"14","6","nicholas-latifi","williams","mercedes","pirelli",,,"1:15.653",75653,"1:15.593",75593,,,,,,,14
1037,2021,2,15,15,"15","14","fernando-alonso","alpine","renault","pirelli",,,"1:15.832",75832,"1:15.593",75593,,,,,,,14
1037,2021,2,16,16,"16","7","kimi-raikkonen","alfa-romeo","ferrari","pirelli",,,"1:15.974",75974,,,,,,,,,10
1037,2021,2,17,17,"17","99","antonio-giovinazzi","alfa-romeo","ferrari","pirelli",,,"1:16.122",76122,,,,,,,,,9
1037,2021,2,18,18,"18","47","mick-schumacher","haas","ferrari","pirelli",,,"1:16.279",76279,,,,,,,,,12
1037,2021,2,19,19,"19","9","nikita-mazepin","haas","ferrari","pirelli",,,"1:16.797",76797,,,,,,,,,12
1037,2021,2,20,,"NC","22","yuki-tsunoda","alphatauri","honda","pirelli",,,,,,,,,,,,,2
1038,2021,3,1,1,"1","77","valtteri-bottas","mercedes","mercedes","pirelli",,,"1:18.722",78722,"1:18.458",78458,"1:18.348",78348,,,,,23
1038,2021,3,2,2,"2","44","lewis-hamilton","mercedes","mercedes","pirelli",,,"1:18.857",78857,"1:17.968",77968,"1:18.355",78355,"+0.007",7,"+0.007",7,24
1038,2021,3,3,3,"3","33","max-verstappen","red-bull","honda","pirelli",,,"1:19.485",79485,"1:18.650",78650,"1:18.746",78746,"+0.398",398,"+0.391",391,20
1038,2021,3,4,4,"4","11","sergio-perez","red-bull","honda","pirelli",,,"1:19.337",79337,"1:18.845",78845,"1:18.890",78890,"+0.542",542,"+0.144",144,22
1038,2021,3,5,5,"5","55","carlos-sainz-jr","ferrari","ferrari","pirelli",,,"1:19.309",79309,"1:18.813",78813,"1:19.039",79039,"+0.691",691,"+0.149",149,23
1038,2021,3,6,6,"6","31","esteban-ocon","alpine","renault","pirelli",,,"1:19.092",79092,"1:18.586",78586,"1:19.042",79042,"+0.694",694,"+0.003",3,17
1038,2021,3,7,7,"7","4","lando-norris","mclaren","mercedes","pirelli",,,"1:18.794",78794,"1:18.481",78481,"1:19.116",79116,"+0.768",768,"+0.074",74,24
1038,2021,3,8,8,"8","16","charles-leclerc","ferrari","ferrari","pirelli",,,"1:19.373",79373,"1:18.769",78769,"1:19.306",79306,"+0.958",958,"+0.190",190,29
1038,2021,3,9,9,"9","10","pierre-gasly","alphatauri","honda","pirelli",,,"1:19.464",79464,"1:19.052",79052,"1:19.475",79475,"+1.127",1127,"+0.169",169,26
1038,2021,3,10,10,"10","5","sebastian-vettel","aston-martin","mercedes","pirelli",,,"1:19.403",79403,"1:18.970",78970,"1:19.659",79659,"+1.311",1311,"+0.184",184,22
1038,2021,3,11,11,"11","63","george-russell","williams","mercedes","pirelli",,,"1:19.797",79797,"1:19.109",79109,,,,,,,15
1038,2021,3,12,12,"12","99","antonio-giovinazzi","alfa-romeo","ferrari","pirelli",,,"1:19.410",79410,"1:19.216",79216,,,,,,,19
1038,2021,3,13,13,"13","14","fernando-alonso","alpine","renault","pirelli",,,"1:19.728",79728,"1:19.456",79456,,,,,,,12
1038,2021,3,14,14,"14","22","yuki-tsunoda","alphatauri","honda","pirelli",,,"1:19.684",79684,"1:19.463",79463,,,,,,,17
1038,2021,3,15,15,"15","7","kimi-raikkonen","alfa-romeo","ferrari","pirelli",,,"1:19.748",79748,"1:19.812",79812,,,,,,,19
1038,2021,3,16,16,"16","3","daniel-ricciardo","mclaren","mercedes","pirelli",,,"1:19.839",79839,,,,,,,,,11
1038,2021,3,17,17,"17","18","lance-stroll","aston-martin","mercedes","pirelli",,,"1:19.913",79913,,,,,,,,,10
1038,2021,3,18,18,"18","6","nicholas-latifi","williams","mercedes","pirelli",,,"1:20.285",80285,,,,,,,,,9
1038,2021,3,19,19,"19","47","mick-schumacher","haas","ferrari","pirelli",,,"1:20.452",80452,,,,,,,,,11
1038,2021,3,20,20,"20","9","nikita-mazepin","haas","ferrari","pirelli",,,"1:20.912",80912,,,,,,,,,11
1039,2021,4,1,1,"1","44","lewis-hamilton","mercedes","mercedes","pirelli",,,"1:18.245",78245,"1:17.166",77166,"1:16.741",76741,,,,,19
1039,2021,4,2,2,"2","33","max-verstappen","red-bull","honda","pirelli",,,"1:18.090",78090,"1:16.922",76922,"1:16.777",76777,"+0.036",36,"+0.036",36,14
1039,2021,4,3,3,"3","77","valtteri-bottas","mercedes","mercedes","pirelli",,,"1:18.005",78005,"1:17.142",77142,"1:16.873",76873,"+0.132",132,"+0.096",96,16
1039,2021,4,4,4,"4","16","charles-leclerc","ferrari","ferrari","pirelli",,,"1:18.041",78041,"1:17.717",77717,"1:17.510",77510,"+0.769",769,"+0.637",637,18
1039,2021,4,5,5,"5","31","esteban-ocon","alpine","renault","pirelli",,,"1:18.281",78281,"1:17.743",77743,"1:17.580",77580,"+0.839",839,"+0.070",70,15
1039,2021,4,6,6,"6","55","carlos-sainz-jr","ferrari","ferrari","pirelli",,,"1:18.205",78205,"1:17.656",77656,"1:17.620",77620,"+0.879",879,"+0.040",40,15
1039,2021,4,7,7,"7","3","daniel-ricciardo","mclaren","mercedes","pirelli",,,"1:18.264",78264,"1:17.719",77719,"1:17.622",77622,"+0.881",881,"+0.002",2,14
1039,2021,4,8,8,"8","11","sergio-perez","red-bull","honda","pirelli",,,"1:18.203",78203,"1:17.669",77669,"1:17.701",77701,"+0.960",960,"+0.079",79,17
1039,2021,4,9,9,"9","4","lando-norris","mclaren","mercedes","pirelli",,,"1:17.821",77821,"1:17.696",77696,"1:18.010",78010,"+1.269",1269,"+0.309",309,17
1039,2021,4,10,10,"10","14","fernando-alonso","alpine","renault","pirelli",,,"1:18.281",78281,"1:17.966",77966,"1:18.147",78147,"+1.406",1406,"+0.137",137,17
1039,2021,4,11,11,"11","18","lance-stroll","aston-martin","mercedes","pirelli",,,"1:18.241",78241,"1:17.974",77974,,,,,,,12
1039,2021,4,12,12,"12","10","pierre-gasly","alphatauri","honda","pirelli",,,"1:18.190",78190,"1:17.982",77982,,,,,,,9
1039,2021,4,13,13,"13","5","sebastian-vettel","aston-martin","mercedes","pirelli",,,"1:18.289",78289,"1:18.079",78079,,,,,,,12
1039,2021,4,14,14,"14","99","antonio-giovinazzi","alfa-romeo","ferrari","pirelli",,,"1:18.549",78549,"1:18.356",78356,,,,,,,12
1039,2021,4,15,15,"15","63","george-russell","williams","mercedes","pirelli",,,"1:18.445",78445,"1:19.154",79154,,,,,,,11
1039,2021,4,16,16,"16","22","yuki-tsunoda","alphatauri","honda","pirelli",,,"1:18.556",78556,,,,,,,,,6
1039,2021,4,17,17,"17","7","kimi-raikkonen","alfa-romeo","ferrari","pirelli",,,"1:18.917",78917,,,,,,,,,6
1039,2021,4,18,18,"18","47","mick-schumacher","haas","ferrari","pirelli",,,"1:19.117",79117,,,,,,,,,9
1039,2021,4,19,19,"19","6","nicholas-latifi","williams","mercedes","pirelli",,,"1:19.219",79219,,,,,,,,,9
1039,2021,4,20,20,"20","9","nikita-mazepin","haas","ferrari","pirelli",,,"1:19.807",79807,,,,,,,,,9
1040,2021,5,1,1,"1","16","charles-leclerc","ferrari","ferrari","pirelli",,,"1:11.113",71113,"1:10.597",70597,"1:10.346",70346,,,,,27
1040,2021,5,2,2,"2","33","max-verstappen","red-bull","honda","pirelli",,,"1:11.124",71124,"1:10.650",70650,"1:10.576",70576,"+0.230",230,"+0.230",230,23
1040,2021,5,3,3,"3","77","valtteri-bottas","mercedes","mercedes","pirelli",,,"1:10.938",70938,"1:10.695",70695,"1:10.601",70601,"+0.255",255,"+0.025",25,28
1040,2021,5,4,4,"4","55","carlos-sainz-jr","ferrari","ferrari","pirelli",,,"1:11.324",71324,"1:10.806",70806,"1:10.611",70611,"+0.265",265,"+0.010",10,25
1040,2021,5,5,5,"5","4","lando-norris","mclaren","mercedes","pirelli",,,"1:11.321",71321,"1:11.031",71031,"1:10.620",70620,"+0.274",274,"+0.009",9,23
1040,2021,5,6,6,"6","10","pierre-gasly","alphatauri","honda","pirelli",,,"1:11.560",71560,"1:11.179",71179,"1:10.900",70900,"+0.554",554,"+0.280",280,30
1040,2021,5,7,7,"7","44","lewis-hamilton","mercedes","mercedes","pirelli",,,"1:11.622",71622,"1:11.116",71116,"1:11.095",71095,"+0.749",749,"+0.195",195,30
1040,2021,5,8,8,"8","5","sebastian-vettel","aston-martin","mercedes","pirelli",,,"1:12.078",72078,"1:11.309",71309,"1:11.419",71419,"+1.073",1073,"+0.324",324,26
1040,2021,5,9,9,"9","11","sergio-perez","red-bull","honda","pirelli",,,"1:11.644",71644,"1:11.019",71019,"1:11.573",71573,"+1.227",1227,"+0.154",154,26
1040,2021,5,10,10,"10","99","antonio-giovinazzi","alfa-romeo","ferrari","pirelli",,,"1:11.658",71658,"1:11.409",71409,"1:11.779",71779,"+1.433",1433,"+0.206",206,28
1040,2021,5,11,11,"11","31","esteban-ocon","alpine","renault","pirelli",,,"1:11.740",71740,"1:11.486",71486,,,,,,,22
1040,2021,5,12,12,"12","3","daniel-ricciardo","mclaren","mercedes","pirelli",,,"1:11.747",71747,"1:11.598",71598,,,,,,,21
1040,2021,5,13,13,"13","18","lance-stroll","aston-martin","mercedes","pirelli",,,"1:11.979",71979,"1:11.600",71600,,,,,,,20
1040,2021,5,14,14,"14","7","kimi-raikkonen","alfa-romeo","ferrari","pirelli",,,"1:11.899",71899,"1:11.642",71642,,,,,,,21
1040,2021,5,15,15,"15","63","george-russell","williams","mercedes","pirelli",,,"1:12.016",72016,"1:11.830",71830,,,,,,,24
1040,2021,5,16,16,"16","22","yuki-tsunoda","alphatauri","honda","pirelli",,,"1:12.096",72096,,,,,,,,,13
1040,2021,5,17,17,"17","14","fernando-alonso","alpine","renault","pirelli",,,"1:12.205",72205,,,,,,,,,12
1040,2021,5,18,18,"18","6","nicholas-latifi","williams","mercedes","pirelli",,,"1:12.366",72366,,,,,,,,,14
1040,2021,5,19,19,"19","9","nikita-mazepin","haas","ferrari","pirelli",,,"1:12.958",72958,,,,,,,,,12
1041,2021,6,1,1,"1","16","charles-leclerc","ferrari","ferrari","pirelli",,,"1:42.241",102241,"1:41.659",101659,"1:41.218",101218,,,,,19
1041,2021,6,2,2,"2","44","lewis-hamilton","mercedes","mercedes","pirelli",,,"1:41.545",101545,"1:41.634",101634,"1:41.450",101450,"+0.232",232,"+0.232",232,21
1041,2021,6,3,3,"3","33","max-verstappen","red-bull","honda","pirelli",,,"1:41.760",101760,"1:41.625",101625,"1:41.563",101563,"+0.345",345,"+0.113",113,19
1041,2021,6,4,4,"4","10","pierre-gasly","alphatauri","honda","pirelli",,,"1:42.288",102288,"1:41.932",101932,"1:41.565",101565,"+0.347",347,"+0.002",2,18
1041,2021,6,5,5,"5","55","carlos-sainz-jr","ferrari","ferrari","pirelli",,,"1:42.121",102121,"1:41.740",101740,"1:41.576",101576,"+0.358",358,"+0.011",11,18
1041,2021,6,6,6,"6","4","lando-norris","mclaren","mercedes","pirelli",,,"1:42.167",102167,"1:41.813",101813,"1:41.747",101747,"+0.529",529,"+0.171",171,20
1041,2021,6,7,7,"7","11","sergio-perez","red-bull","honda","pirelli",,,"1:41.968",101968,"1:41.630",101630,"1:41.917",101917,"+0.699",699,"+0.170",170,18
1041,2021,6,8,8,"8","22","yuki-tsunoda","alphatauri","honda","pirelli",,,"1:42.521",102521,"1:41.654",101654,"1:42.211",102211,"+0.993",993,"+0.294",294,19
1041,2021,6,9,9,"9","14","fernando-alonso","alpine","renault","pirelli",,,"1:42.934",102934,"1:42.195",102195,"1:42.327",102327,"+1.109",1109,"+0.116",116,20
1041,2021,6,10,10,"10","77","valtteri-bottas","mercedes","mercedes","pirelli",,,"1:42.701",102701,"1:42.106",102106,"1:42.659",102659,"+1.441",1441,"+0.332",332,21
1041,2021,6,11,11,"11","5","sebastian-vettel","aston-martin","mercedes","pirelli",,,"1:42.460",102460,"1:42.224",102224,,,,,,,15
1041,2021,6,12,12,"12","31","esteban-ocon","alpine","renault","pirelli",,,"1:42.426",102426,"1:42.273",102273,,,,,,,11
1041,2021,6,13,13,"13","3","daniel-ricciardo","mclaren","mercedes","pirelli",,,"1:42.304",102304,"1:42.558",102558,,,,,,,14
1041,2021,6,14,14,"14","7","kimi-raikkonen","alfa-romeo","ferrari","pirelli",,,"1:42.923",102923,"1:42.587",102587,,,,,,,15
1041,2021,6,15,15,"15","63","george-russell","williams","mercedes","pirelli",,,"1:42.728",102728,"1:42.758",102758,,,,,,,12
1041,2021,6,16,16,"16","6","nicholas-latifi","williams","mercedes","pirelli",,,"1:43.128",103128,,,,,,,,,8
1041,2021,6,17,17,"17","47","mick-schumacher","haas","ferrari","pirelli",,,"1:44.158",104158,,,,,,,,,10
1041,2021,6,18,18,"18","9","nikita-mazepin","haas","ferrari","pirelli",,,"1:44.238",104238,,,,,,,,,9
1041,2021,6,19,,"NC","18","lance-stroll","aston-martin","mercedes","pirelli",,,,,,,,,,,,,2
1041,2021,6,20,,"NC","99","antonio-giovinazzi","alfa-romeo","ferrari","pirelli",,,,,,,,,,,,,4
1042,2021,7,1,1,"1","33","max-verstappen","red-bull","honda","pirelli",,,"1:31.001",91001,"1:31.080",91080,"1:29.990",89990,,,,,16
1042,2021,7,2,2,"2","44","lewis-hamilton","mercedes","mercedes","pirelli",,,"1:31.237",91237,"1:30.788",90788,"1:30.248",90248,"+0.258",258,"+0.258",258,20
1042,2021,7,3,3,"3","77","valtteri-bottas","mercedes","mercedes","pirelli",,,"1:31.669",91669,"1:30.735",90735,"1:30.376",90376,"+0.386",386,"+0.128",128,16
1042,2021,7,4,4,"4","11","sergio-perez","red-bull","honda","pirelli",,,"1:31.560",91560,"1:30.971",90971,"1:30.445",90445,"+0.455",455,"+0.069",69,16
1042,2021,7,5,5,"5","55","carlos-sainz-jr","ferrari","ferrari","pirelli",,,"1:32.079",92079,"1:31.146",91146,"1:30.840",90840,"+0.850",850,"+0.395",395,19
1042,2021,7,6,6,"6","10","pierre-gasly","alphatauri","honda","pirelli",,,"1:31.898",91898,"1:31.353",91353,"1:30.868",90868,"+0.878",878,"+0.028",28,22
1042,2021,7,7,7,"7","16","charles-leclerc","ferrari","ferrari","pirelli",,,"1:32.209",92209,"1:31.567",91567,"1:30.987",90987,"+0.997",997,"+0.119",119,20
1042,2021,7,8,8,"8","4","lando-norris","mclaren","mercedes","pirelli",,,"1:31.733",91733,"1:31.542",91542,"1:31.252",91252,"+1.262",1262,"+0.265",265,18
1042,2021,7,9,9,"9","14","fernando-alonso","alpine","renault","pirelli",,,"1:32.158",92158,"1:31.549",91549,"1:31.340",91340,"+1.350",1350,"+0.088",88,17
1042,2021,7,10,10,"10","3","daniel-ricciardo","mclaren","mercedes","pirelli",,,"1:32.181",92181,"1:31.615",91615,"1:31.382",91382,"+1.392",1392,"+0.042",42,21
1042,2021,7,11,11,"11","31","esteban-ocon","alpine","renault","pirelli",,,"1:32.139",92139,"1:31.736",91736,,,,,,,10
1042,2021,7,12,12,"12","5","sebastian-vettel","aston-martin","mercedes","pirelli",,,"1:32.132",92132,"1:31.767",91767,,,,,,,12
1042,2021,7,13,13,"13","99","antonio-giovinazzi","alfa-romeo","ferrari","pirelli",,,"1:32.722",92722,"1:31.813",91813,,,,,,,13
1042,2021,7,14,14,"14","63","george-russell","williams","mercedes","pirelli",,,"1:33.060",93060,"1:32.065",92065,,,,,,,13
1042,2021,7,15,15,"15","47","mick-schumacher","haas","ferrari","pirelli",,,"1:32.942",92942,,,,,,,,,7
1042,2021,7,16,16,"16","6","nicholas-latifi","williams","mercedes","pirelli",,,"1:33.062",93062,,,,,,,,,7
1042,2021,7,17,17,"17","7","kimi-raikkonen","alfa-romeo","ferrari","pirelli",,,"1:33.354",93354,,,,,,,,,7
1042,2021,7,18,18,"18","9","nikita-mazepin","haas","ferrari","pirelli",,,"1:33.554",93554,,,,,,,,,7
1042,2021,7,19,,"NC","18","lance-stroll","aston-martin","mercedes","pirelli",,,"2:12.584",132584,,,,,,,,,7
1042,2021,7,20,,"NC","22","yuki-tsunoda","alphatauri","honda","pirelli",,,,,,,,,,,,,2
1043,2021,8,1,1,"1","33","max-verstappen","red-bull","honda","pirelli",,,"1:04.489",64489,"1:04.433",64433,"1:03.841",63841,,,,,20
1043,2021,8,2,2,"2","77","valtteri-bottas","mercedes","mercedes","pirelli",,,"1:04.537",64537,"1:04.443",64443,"1:04.035",64035,"+0.194",194,"+0.194",194,23
1043,2021,8,3,3,"3","44","lewis-hamilton","mercedes","mercedes","pirelli",,,"1:04.672",64672,"1:04.512",64512,"1:04.067",64067,"+0.226",226,"+0.032",32,25
1043,2021,8,4,4,"4","4","lando-norris","mclaren","mercedes","pirelli",,,"1:04.584",64584,"1:04.298",64298,"1:04.120",64120,"+0.279",279,"+0.053",53,17
1043,2021,8,5,5,"5","11","sergio-perez","red-bull","honda","pirelli",,,"1:04.638",64638,"1:04.197",64197,"1:04.168",64168,"+0.327",327,"+0.048",48,21
1043,2021,8,6,6,"6","10","pierre-gasly","alphatauri","honda","pirelli",,,"1:04.765",64765,"1:04.429",64429,"1:04.236",64236,"+0.395",395,"+0.068",68,18
1043,2021,8,7,7,"7","16","charles-leclerc","ferrari","ferrari","pirelli",,,"1:04.745",64745,"1:04.646",64646,"1:04.472",64472,"+0.631",631,"+0.236",236,21
1043,2021,8,8,8,"8","22","yuki-tsunoda","alphatauri","honda","pirelli",,,"1:04.608",64608,"1:04.631",64631,"1:04.514",64514,"+0.673",673,"+0.042",42,21
1043,2021,8,9,9,"9","14","fernando-alonso","alpine","renault","pirelli",,,"1:04.971",64971,"1:04.582",64582,"1:04.574",64574,"+0.733",733,"+0.060",60,18
1043,2021,8,10,10,"10","18","lance-stroll","aston-martin","mercedes","pirelli",,,"1:04.821",64821,"1:04.663",64663,"1:04.708",64708,"+0.867",867,"+0.134",134,18
1043,2021,8,11,11,"11","63","george-russell","williams","mercedes","pirelli",,,"1:05.033",65033,"1:04.671",64671,,,,,,,14
1043,2021,8,12,12,"12","55","carlos-sainz-jr","ferrari","ferrari","pirelli",,,"1:04.859",64859,"1:04.800",64800,,,,,,,15
1043,2021,8,13,13,"13","3","daniel-ricciardo","mclaren","mercedes","pirelli",,,"1:05.142",65142,"1:04.808",64808,,,,,,,14
1043,2021,8,14,14,"14","5","sebastian-vettel","aston-martin","mercedes","pirelli",,,"1:05.051",65051,"1:04.875",64875,,,,,,,15
1043,2021,8,15,15,"15","99","antonio-giovinazzi","alfa-romeo","ferrari","pirelli",,,"1:05.092",65092,"1:04.913",64913,,,,,,,17
1043,2021,8,16,16,"16","6","nicholas-latifi","williams","mercedes","pirelli",,,"1:05.175",65175,,,,,,,,,9
1043,2021,8,17,17,"17","31","esteban-ocon","alpine","renault","pirelli",,,"1:05.217",65217,,,,,,,,,6
1043,2021,8,18,18,"18","7","kimi-raikkonen","alfa-romeo","ferrari","pirelli",,,"1:05.429",65429,,,,,,,,,8
1043,2021,8,19,19,"19","47","mick-schumacher","haas","ferrari","pirelli",,,"1:06.041",66041,,,,,,,,,8
1043,2021,8,20,20,"20","9","nikita-mazepin","haas","ferrari","pirelli",,,"1:06.192",66192,,,,,,,,,9
1044,2021,9,1,1,"1","33","max-verstappen","red-bull","honda","pirelli",,,"1:04.249",64249,"1:03.927",63927,"1:03.720",63720,,,,,16
1044,2021,9,2,2,"2","4","lando-norris","mclaren","mercedes","pirelli",,,"1:04.345",64345,"1:04.415",64415,"1:03.768",63768,"+0.048",48,"+0.048",48,19
1044,2021,9,3,3,"3","11","sergio-perez","red-bull","honda","pirelli",,,"1:04.833",64833,"1:04.483",64483,"1:03.990",63990,"+0.270",270,"+0.222",222,24
1044,2021,9,4,4,"4","44","lewis-hamilton","mercedes","mercedes","pirelli",,,"1:04.506",64506,"1:04.258",64258,"1:04.014",64014,"+0.294",294,"+0.024",24,18
1044,2021,9,5,5,"5","77","valtteri-bottas","mercedes","mercedes","pirelli",,,"1:04.563",64563,"1:04.376",64376,"1:04.049",64049,"+0.329",329,"+0.035",35,19
1044,2021,9,6,6,"6","10","pierre-gasly","alphatauri","honda","pirelli",,,"1:04.841",64841,"1:04.412",64412,"1:04.107",64107,"+0.387",387,"+0.058",58,21
1044,2021,9,7,7,"7","22","yuki-tsunoda","alphatauri","honda","pirelli",,,"1:04.967",64967,"1:04.518",64518,"1:04.273",64273,"+0.553",553,"+0.166",166,21
1044,2021,9,8,8,"8","5","sebastian-vettel","aston-martin","mercedes","pirelli",,,"1:04.846",64846,"1:04.493",64493,"1:04.570",64570,"+0.850",850,"+0.297",297,20
1044,2021,9,9,9,"9","63","george-russell","williams","mercedes","pirelli",,,"1:04.907",64907,"1:04.553",64553,"1:04.591",64591,"+0.871",871,"+0.021",21,15
1044,2021,9,10,10,"10","18","lance-stroll","aston-martin","mercedes","pirelli",,,"1:04.927",64927,"1:04.547",64547,"1:04.618",64618,"+0.898",898,"+0.027",27,21
1044,2021,9,11,11,"11","55","carlos-sainz-jr","ferrari","ferrari","pirelli",,,"1:04.596",64596,"1:04.559",64559,,,,,,,15
1044,2021,9,12,12,"12","16","charles-leclerc","ferrari","ferrari","pirelli",,,"1:04.906",64906,"1:04.600",64600,,,,,,,15
1044,2021,9,13,13,"13","3","daniel-ricciardo","mclaren","mercedes","pirelli",,,"1:04.977",64977,"1:04.719",64719,,,,,,,15
1044,2021,9,14,14,"14","14","fernando-alonso","alpine","renault","pirelli",,,"1:04.472",64472,"1:04.856",64856,,,,,,,9
1044,2021,9,15,15,"15","99","antonio-giovinazzi","alfa-romeo","ferrari","pirelli",,,"1:04.782",64782,"1:05.083",65083,,,,,,,15
1044,2021,9,16,16,"16","7","kimi-raikkonen","alfa-romeo","ferrari","pirelli",,,"1:05.009",65009,,,,,,,,,9
1044,2021,9,17,17,"17","31","esteban-ocon","alpine","renault","pirelli",,,"1:05.051",65051,,,,,,,,,6
1044,2021,9,18,18,"18","6","nicholas-latifi","williams","mercedes","pirelli",,,"1:05.195",65195,,,,,,,,,6
1044,2021,9,19,19,"19","47","mick-schumacher","haas","ferrari","pirelli",,,"1:05.427",65427,,,,,,,,,9
1044,2021,9,20,20,"20","9","nikita-mazepin","haas","ferrari","pirelli",,,"1:05.951",65951,,,,,,,,,9
1045,2021,10,1,1,"1","44","lewis-hamilton","mercedes","mercedes","pirelli",,,"1:26.786",86786,"1:26.023",86023,"1:26.134",86134,,,,,23
1045,2021,10,2,2,"2","33","max-verstappen","red-bull","honda","pirelli",,,"1:26.751",86751,"1:26.315",86315,"1:26.209",86209,"+0.075",75,"+0.075",75,16
1045,2021,10,3,3,"3","77","valtteri-bottas","mercedes","mercedes","pirelli",,,"1:27.487",87487,"1:26.764",86764,"1:26.328",86328,"+0.194",194,"+0.119",119,22
1045,2021,10,4,4,"4","16","charles-leclerc","ferrari","ferrari","pirelli",,,"1:27.051",87051,"1:26.919",86919,"1:26.828",86828,"+0.694",694,"+0.500",500,20
1045,2021,10,5,5,"5","11","sergio-perez","red-bull","honda","pirelli",,,"1:27.121",87121,"1:27.073",87073,"1:26.844",86844,"+0.710",710,"+0.016",16,17
1045,2021,10,6,6,"6","4","lando-norris","mclaren","mercedes","pirelli",,,"1:27.444",87444,"1:27.220",87220,"1:26.897",86897,"+0.763",763,"+0.053",53,20
1045,2021,10,7,7,"7","3","daniel-ricciardo","mclaren","mercedes","pirelli",,,"1:27.323",87323,"1:27.125",87125,"1:26.899",86899,"+0.765",765,"+0.002",2,22
1045,2021,10,8,8,"8","63","george-russell","williams","mercedes","pirelli",,,"1:27.671",87671,"1:27.080",87080,"1:26.971",86971,"+0.837",837,"+0.072",72,17
1045,2021,10,9,9,"9","55","carlos-sainz-jr","ferrari","ferrari","pirelli",,,"1:27.337",87337,"1:26.848",86848,"1:27.007",87007,"+0.873",873,"+0.036",36,21
1045,2021,10,10,10,"10","5","sebastian-vettel","aston-martin","mercedes","pirelli",,,"1:27.493",87493,"1:27.103",87103,"1:27.179",87179,"+1.045",1045,"+0.172",172,15
1045,2021,10,11,11,"11","14","fernando-alonso","alpine","renault","pirelli",,,"1:27.580",87580,"1:27.245",87245,,,,,,,12
1045,2021,10,12,12,"12","10","pierre-gasly","alphatauri","honda","pirelli",,,"1:27.600",87600,"1:27.273",87273,,,,,,,14
1045,2021,10,13,13,"13","31","esteban-ocon","alpine","renault","pirelli",,,"1:27.415",87415,"1:27.340",87340,,,,,,,12
1045,2021,10,14,14,"14","99","antonio-giovinazzi","alfa-romeo","ferrari","pirelli",,,"1:27.595",87595,"1:27.617",87617,,,,,,,15
1045,2021,10,15,15,"15","18","lance-stroll","aston-martin","mercedes","pirelli",,,"1:28.017",88017,"1:27.665",87665,,,,,,,12
1045,2021,10,16,16,"16","22","yuki-tsunoda","alphatauri","honda","pirelli",,,"1:28.043",88043,,,,,,,,,10
1045,2021,10,17,17,"17","7","kimi-raikkonen","alfa-romeo","ferrari","pirelli",,,"1:28.062",88062,,,,,,,,,9
1045,2021,10,18,18,"18","6","nicholas-latifi","williams","mercedes","pirelli",,,"1:28.254",88254,,,,,,,,,8
1045,2021,10,19,19,"19","47","mick-schumacher","haas","ferrari","pirelli",,,"1:28.738",88738,,,,,,,,,10
1045,2021,10,20,20,"20","9","nikita-mazepin","haas","ferrari","pirelli",,,"1:29.051",89051,,,,,,,,,9
1046,2021,11,1,1,"1","44","lewis-hamilton","mercedes","mercedes","pirelli",,,"1:16.424",76424,"1:16.553",76553,"1:15.419",75419,,,,,19
1046,2021,11,2,2,"2","77","valtteri-bottas","mercedes","mercedes","pirelli",,,"1:16.569",76569,"1:16.702",76702,"1:15.734",75734,"+0.315",315,"+0.315",315,18
1046,2021,11,3,3,"3","33","max-verstappen","red-bull","honda","pirelli",,,"1:16.214",76214,"1:15.650",75650,"1:15.840",75840,"+0.421",421,"+0.106",106,17
1046,2021,11,4,4,"4","11","sergio-perez","red-bull","honda","pirelli",,,"1:17.233",77233,"1:16.443",76443,"1:16.421",76421,"+1.002",1002,"+0.581",581,16
1046,2021,11,5,5,"5","10","pierre-gasly","alphatauri","honda","pirelli",,,"1:16.874",76874,"1:16.394",76394,"1:16.483",76483,"+1.064",1064,"+0.062",62,15
1046,2021,11,6,6,"6","4","lando-norris","mclaren","mercedes","pirelli",,,"1:17.081",77081,"1:16.385",76385,"1:16.489",76489,"+1.070",1070,"+0.006",6,17
1046,2021,11,7,7,"7","16","charles-leclerc","ferrari","ferrari","pirelli",,,"1:17.084",77084,"1:16.574",76574,"1:16.496",76496,"+1.077",1077,"+0.007",7,17
1046,2021,11,8,8,"8","31","esteban-ocon","alpine","renault","pirelli",,,"1:17.367",77367,"1:16.766",76766,"1:16.653",76653,"+1.234",1234,"+0.157",157,15
1046,2021,11,9,9,"9","14","fernando-alonso","alpine","renault","pirelli",,,"1:17.123",77123,"1:16.541",76541,"1:16.715",76715,"+1.296",1296,"+0.062",62,15
1046,2021,11,10,10,"10","5","sebastian-vettel","aston-martin","mercedes","pirelli",,,"1:17.105",77105,"1:16.794",76794,"1:16.750",76750,"+1.331",1331,"+0.035",35,15
1046,2021,11,11,11,"11","3","daniel-ricciardo","mclaren","mercedes","pirelli",,,"1:17.664",77664,"1:16.871",76871,,,,,,,13
1046,2021,11,12,12,"12","18","lance-stroll","aston-martin","mercedes","pirelli",,,"1:17.038",77038,"1:16.893",76893,,,,,,,12
1046,2021,11,13,13,"13","7","kimi-raikkonen","alfa-romeo","ferrari","pirelli",,,"1:17.553",77553,"1:17.564",77564,,,,,,,15
1046,2021,11,14,14,"14","99","antonio-giovinazzi","alfa-romeo","ferrari","pirelli",,,"1:17.776",77776,"1:17.583",77583,,,,,,,12
1046,2021,11,15,15,"15","55","carlos-sainz-jr","ferrari","ferrari","pirelli",,,"1:16.649",76649,,,,,,,,,5
1046,2021,11,16,16,"16","22","yuki-tsunoda","alphatauri","honda","pirelli",,,"1:17.919",77919,,,,,,,,,8
1046,2021,11,17,17,"17","63","george-russell","williams","mercedes","pirelli",,,"1:17.944",77944,,,,,,,,,8
1046,2021,11,18,18,"18","6","nicholas-latifi","williams","mercedes","pirelli",,,"1:18.036",78036,,,,,,,,,8
1046,2021,11,19,19,"19","9","nikita-mazepin","haas","ferrari","pirelli",,,"1:18.922",78922,,,,,,,,,9
1047,2021,12,1,1,"1","33","max-verstappen","red-bull","honda","pirelli",,,"1:58.717",118717,"1:56.559",116559,"1:59.765",119765,,,,,20
1047,2021,12,2,2,"2","63","george-russell","williams","mercedes","pirelli",,,"1:59.864",119864,"1:56.950",116950,"2:00.086",120086,"+0.321",321,"+0.321",321,24
1047,2021,12,3,3,"3","44","lewis-hamilton","mercedes","mercedes","pirelli",,,"1:59.218",119218,"1:56.229",116229,"2:00.099",120099,"+0.334",334,"+0.013",13,22
1047,2021,12,4,4,"4","3","daniel-ricciardo","mclaren","mercedes","pirelli",,,"2:01.583",121583,"1:57.127",117127,"2:00.864",120864,"+1.099",1099,"+0.765",765,22
1047,2021,12,5,5,"5","5","sebastian-vettel","aston-martin","mercedes","pirelli",,,"2:00.175",120175,"1:56.814",116814,"2:00.935",120935,"+1.170",1170,"+0.071",71,23
1047,2021,12,6,6,"6","10","pierre-gasly","alphatauri","honda","pirelli",,,"2:00.387",120387,"1:56.440",116440,"2:01.164",121164,"+1.399",1399,"+0.229",229,23
1047,2021,12,7,7,"7","11","sergio-perez","red-bull","honda","pirelli",,,"1:59.334",119334,"1:56.886",116886,"2:02.112",122112,"+2.347",2347,"+0.948",948,22
1047,2021,12,8,8,"8","77","valtteri-bottas","mercedes","mercedes","pirelli",,,"1:59.870",119870,"1:56.295",116295,"2:02.502",122502,"+2.737",2737,"+0.390",390,22
1047,2021,12,9,9,"9","31","esteban-ocon","alpine","renault","pirelli",,,"2:01.824",121824,"1:57.354",117354,"2:03.513",123513,"+3.748",3748,"+1.011",1011,23
1047,2021,12,10,10,"10","4","lando-norris","mclaren","mercedes","pirelli",,,"1:58.301",118301,"1:56.025",116025,,,,,,,19
1047,2021,12,11,11,"11","16","charles-leclerc","ferrari","ferrari","pirelli",,,"2:00.728",120728,"1:57.721",117721,,,,,,,16
1047,2021,12,12,12,"12","6","nicholas-latifi","williams","mercedes","pirelli",,,"2:00.966",120966,"1:58.056",118056,,,,,,,17
1047,2021,12,13,13,"13","55","carlos-sainz-jr","ferrari","ferrari","pirelli",,,"2:01.184",121184,"1:58.137",118137,,,,,,,15
1047,2021,12,14,14,"14","14","fernando-alonso","alpine","renault","pirelli",,,"2:01.653",121653,"1:58.205",118205,,,,,,,16
1047,2021,12,15,15,"15","18","lance-stroll","aston-martin","mercedes","pirelli",,,"2:01.597",121597,"1:58.231",118231,,,,,,,16
1047,2021,12,16,16,"16","99","antonio-giovinazzi","alfa-romeo","ferrari","pirelli",,,"2:02.306",122306,,,,,,,,,9
1047,2021,12,17,17,"17","22","yuki-tsunoda","alphatauri","honda","pirelli",,,"2:02.413",122413,,,,,,,,,9
1047,2021,12,18,18,"18","47","mick-schumacher","haas","ferrari","pirelli",,,"2:03.973",123973,,,,,,,,,9
1047,2021,12,19,19,"19","7","kimi-raikkonen","alfa-romeo","ferrari","pirelli",,,"2:04.452",124452,,,,,,,,,9
1047,2021,12,20,20,"20","9","nikita-mazepin","haas","ferrari","pirelli",,,"2:04.939",124939,,,,,,,,,8
1048,2021,13,1,1,"1","33","max-verstappen","red-bull","honda","pirelli",,,"1:10.036",70036,"1:09.071",69071,"1:08.885",68885,,,,,15
1048,2021,13,2,2,"2","44","lewis-hamilton","mercedes","mercedes","pirelli",,,"1:10.114",70114,"1:09.726",69726,"1:08.923",68923,"+0.038",38,"+0.038",38,17
1048,2021,13,3,3,"3","77","valtteri-bottas","mercedes","mercedes","pirelli",,,"1:10.219",70219,"1:09.769",69769,"1:09.222",69222,"+0.337",337,"+0.299",299,17
1048,2021,13,4,4,"4","10","pierre-gasly","alphatauri","honda","pirelli",,,"1:10.274",70274,"1:09.541",69541,"1:09.478",69478,"+0.593",593,"+0.256",256,17
1048,2021,13,5,5,"5","16","charles-leclerc","ferrari","ferrari","pirelli",,,"1:09.829",69829,"1:09.437",69437,"1:09.527",69527,"+0.642",642,"+0.049",49,18
1048,2021,13,6,6,"6","55","carlos-sainz-jr","ferrari","ferrari","pirelli",,,"1:10.022",70022,"1:09.870",69870,"1:09.537",69537,"+0.652",652,"+0.010",10,19
1048,2021,13,7,7,"7","99","antonio-giovinazzi","alfa-romeo","ferrari","pirelli",,,"1:10.050",70050,"1:10.033",70033,"1:09.590",69590,"+0.705",705,"+0.053",53,17
1048,2021,13,8,8,"8","31","esteban-ocon","alpine","renault","pirelli",,,"1:10.179",70179,"1:09.919",69919,"1:09.933",69933,"+1.048",1048,"+0.343",343,17
1048,2021,13,9,9,"9","14","fernando-alonso","alpine","renault","pirelli",,,"1:10.435",70435,"1:10.020",70020,"1:09.956",69956,"+1.071",1071,"+0.023",23,13
1048,2021,13,10,10,"10","3","daniel-ricciardo","mclaren","mercedes","pirelli",,,"1:10.255",70255,"1:09.865",69865,"1:10.166",70166,"+1.281",1281,"+0.210",210,17
1048,2021,13,11,11,"11","63","george-russell","williams","mercedes","pirelli",,,"1:10.382",70382,"1:10.332",70332,,,,,,,13
1048,2021,13,12,12,"12","18","lance-stroll","aston-martin","mercedes","pirelli",,,"1:10.438",70438,"1:10.367",70367,,,,,,,13
1048,2021,13,13,13,"13","4","lando-norris","mclaren","mercedes","pirelli",,,"1:10.489",70489,"1:10.406",70406,,,,,,,13
1048,2021,13,14,14,"14","6","nicholas-latifi","williams","mercedes","pirelli",,,"1:10.093",70093,"1:11.161",71161,,,,,,,16
1048,2021,13,15,15,"15","22","yuki-tsunoda","alphatauri","honda","pirelli",,,"1:10.462",70462,"1:11.314",71314,,,,,,,15
1048,2021,13,16,16,"16","11","sergio-perez","red-bull","honda","pirelli",,,"1:10.530",70530,,,,,,,,,9
1048,2021,13,17,17,"17","5","sebastian-vettel","aston-martin","mercedes","pirelli",,,"1:10.731",70731,,,,,,,,,7
1048,2021,13,18,18,"18","88","robert-kubica","alfa-romeo","ferrari","pirelli",,,"1:11.301",71301,,,,,,,,,9
1048,2021,13,19,19,"19","47","mick-schumacher","haas","ferrari","pirelli",,,"1:11.387",71387,,,,,,,,,11
1048,2021,13,20,20,"20","9","nikita-mazepin","haas","ferrari","pirelli",,,"1:11.875",71875,,,,,,,,,10
1049,2021,14,1,1,"1","77","valtteri-bottas","mercedes","mercedes","pirelli",,,"1:20.685",80685,"1:20.032",80032,"1:19.555",79555,,,,,18
1049,2021,14,2,2,"2","44","lewis-hamilton","mercedes","mercedes","pirelli",,,"1:20.543",80543,"1:19.936",79936,"1:19.651",79651,"+0.096",96,"+0.096",96,18
1049,2021,14,3,3,"3","33","max-verstappen","red-bull","honda","pirelli",,,"1:21.035",81035,"1:20.229",80229,"1:19.966",79966,"+0.411",411,"+0.315",315,19
1049,2021,14,4,4,"4","4","lando-norris","mclaren","mercedes","pirelli",,,"1:20.916",80916,"1:20.059",80059,"1:19.989",79989,"+0.434",434,"+0.023",23,21
1049,2021,14,5,5,"5","3","daniel-ricciardo","mclaren","mercedes","pirelli",,,"1:21.292",81292,"1:20.435",80435,"1:19.995",79995,"+0.440",440,"+0.006",6,17
1049,2021,14,6,6,"6","10","pierre-gasly","alphatauri","honda","pirelli",,,"1:21.440",81440,"1:20.556",80556,"1:20.260",80260,"+0.705",705,"+0.265",265,16
1049,2021,14,7,7,"7","55","carlos-sainz-jr","ferrari","ferrari","pirelli",,,"1:21.118",81118,"1:20.750",80750,"1:20.462",80462,"+0.907",907,"+0.202",202,18
1049,2021,14,8,8,"8","16","charles-leclerc","ferrari","ferrari","pirelli",,,"1:21.219",81219,"1:20.767",80767,"1:20.510",80510,"+0.955",955,"+0.048",48,18
1049,2021,14,9,9,"9","11","sergio-perez","red-bull","honda","pirelli",,,"1:21.308",81308,"1:20.882",80882,"1:20.611",80611,"+1.056",1056,"+0.101",101,20
1049,2021,14,10,10,"10","99","antonio-giovinazzi","alfa-romeo","ferrari","pirelli",,,"1:21.197",81197,"1:20.726",80726,"1:20.808",80808,"+1.253",1253,"+0.197",197,16
1049,2021,14,11,11,"11","5","sebastian-vettel","aston-martin","mercedes","pirelli",,,"1:21.394",81394,"1:20.913",80913,,,,,,,14
1049,2021,14,12,12,"12","18","lance-stroll","aston-martin","mercedes","pirelli",,,"1:21.415",81415,"1:21.020",81020,,,,,,,13
1049,2021,14,13,13,"13","14","fernando-alonso","alpine","renault","pirelli",,,"1:21.487",81487,"1:21.069",81069,,,,,,,11
1049,2021,14,14,14,"14","31","esteban-ocon","alpine","renault","pirelli",,,"1:21.500",81500,"1:21.103",81103,,,,,,,12
1049,2021,14,15,15,"15","63","george-russell","williams","mercedes","pirelli",,,"1:21.890",81890,"1:21.392",81392,,,,,,,16
1049,2021,14,16,16,"16","6","nicholas-latifi","williams","mercedes","pirelli",,,"1:21.925",81925,,,,,,,,,10
1049,2021,14,17,17,"17","22","yuki-tsunoda","alphatauri","honda","pirelli",,,"1:21.973",81973,,,,,,,,,9
1049,2021,14,18,18,"18","47","mick-schumacher","haas","ferrari","pirelli",,,"1:22.248",82248,,,,,,,,,8
1049,2021,14,19,19,"19","88","robert-kubica","alfa-romeo","ferrari","pirelli",,,"1:22.530",82530,,,,,,,,,7
1049,2021,14,20,20,"20","9","nikita-mazepin","haas","ferrari","pirelli",,,"1:22.716",82716,,,,,,,,,9
1050,2021,15,1,1,"1","4","lando-norris","mclaren","mercedes","pirelli",,,"1:47.238",107238,"1:45.827",105827,"1:41.993",101993,,,,,23
1050,2021,15,2,2,"2","55","carlos-sainz-jr","ferrari","ferrari","pirelli",,,"1:47.924",107924,"1:46.521",106521,"1:42.510",102510,"+0.517",517,"+0.517",517,25
1050,2021,15,3,3,"3","63","george-russell","williams","mercedes","pirelli",,,"1:48.303",108303,"1:46.435",106435,"1:42.983",102983,"+0.990",990,"+0.473",473,26
1050,2021,15,4,4,"4","44","lewis-hamilton","mercedes","mercedes","pirelli",,,"1:45.992",105992,"1:45.129",105129,"1:44.050",104050,"+2.057",2057,"+1.067",1067,24
1050,2021,15,5,5,"5","3","daniel-ricciardo","mclaren","mercedes","pirelli",,,"1:48.345",108345,"1:46.361",106361,"1:44.156",104156,"+2.163",2163,"+0.106",106,23
1050,2021,15,6,6,"6","14","fernando-alonso","alpine","renault","pirelli",,,"1:47.877",107877,"1:45.514",105514,"1:44.204",104204,"+2.211",2211,"+0.048",48,25
1050,2021,15,7,7,"7","77","valtteri-bottas","mercedes","mercedes","pirelli",,,"1:46.396",106396,"1:45.306",105306,"1:44.710",104710,"+2.717",2717,"+0.506",506,24
1050,2021,15,8,8,"8","18","lance-stroll","aston-martin","mercedes","pirelli",,,"1:48.322",108322,"1:46.360",106360,"1:44.956",104956,"+2.963",2963,"+0.246",246,23
1050,2021,15,9,9,"9","11","sergio-perez","red-bull","honda","pirelli",,,"1:46.455",106455,"1:45.834",105834,"1:45.337",105337,"+3.344",3344,"+0.381",381,24
1050,2021,15,10,10,"10","31","esteban-ocon","alpine","renault","pirelli",,,"1:48.099",108099,"1:46.070",106070,"1:45.865",105865,"+3.872",3872,"+0.528",528,25
1050,2021,15,11,11,"11","5","sebastian-vettel","aston-martin","mercedes","pirelli",,,"1:47.205",107205,"1:46.573",106573,,,,,,,18
1050,2021,15,12,12,"12","10","pierre-gasly","alphatauri","honda","pirelli",,,"1:47.828",107828,"1:46.641",106641,,,,,,,18
1050,2021,15,13,13,"13","22","yuki-tsunoda","alphatauri","honda","pirelli",,,"1:48.854",108854,"1:46.751",106751,,,,,,,20
1050,2021,15,14,14,"14","6","nicholas-latifi","williams","mercedes","pirelli",,,"1:48.252",108252,,,,,,,,,12
1050,2021,15,15,15,"15","16","charles-leclerc","ferrari","ferrari","pirelli",,,"1:48.470",108470,,,,,,,,,10
1050,2021,15,16,16,"16","7","kimi-raikkonen","alfa-romeo","ferrari","pirelli",,,"1:49.586",109586,,,,,,,,,10
1050,2021,15,17,17,"17","47","mick-schumacher","haas","ferrari","pirelli",,,"1:49.830",109830,,,,,,,,,10
1050,2021,15,18,18,"18","99","antonio-giovinazzi","alfa-romeo","ferrari","pirelli",,,"1:51.023",111023,,,,,,,,,9
1050,2021,15,19,19,"19","9","nikita-mazepin","haas","ferrari","pirelli",,,"1:53.764",113764,,,,,,,,,10
1050,2021,15,20,20,"20","33","max-verstappen","red-bull","honda","pirelli",,,,,,,,,,,,,2
1051,2021,16,1,1,"1","44","lewis-hamilton","mercedes","mercedes","pirelli",,,"1:24.585",84585,"1:23.082",83082,"1:22.868",82868,,,,,28
1051,2021,16,2,2,"2","77","valtteri-bottas","mercedes","mercedes","pirelli",,,"1:25.047",85047,"1:23.579",83579,"1:22.998",82998,"+0.130",130,"+0.130",130,27
1051,2021,16,3,3,"3","33","max-verstappen","red-bull","honda","pirelli",,,"1:24.592",84592,"1:23.732",83732,"1:23.196",83196,"+0.328",328,"+0.198",198,25
1051,2021,16,4,4,"4","16","charles-leclerc","ferrari","ferrari","pirelli",,,"1:24.869",84869,"1:24.015",84015,"1:23.265",83265,"+0.397",397,"+0.069",69,30
1051,2021,16,5,5,"5","10","pierre-gasly","alphatauri","honda","pirelli",,,"1:24.704",84704,"1:23.817",83817,"1:23.326",83326,"+0.458",458,"+0.061",61,24
1051,2021,16,6,6,"6","14","fernando-alonso","alpine","renault","pirelli",,,"1:25.174",85174,"1:23.914",83914,"1:23.477",83477,"+0.609",609,"+0.151",151,24
1051,2021,16,7,7,"7","11","sergio-perez","red-bull","honda","pirelli",,,"1:24.963",84963,"1:23.961",83961,"1:23.706",83706,"+0.838",838,"+0.229",229,24
1051,2021,16,8,8,"8","4","lando-norris","mclaren","mercedes","pirelli",,,"1:25.138",85138,"1:24.642",84642,"1:23.954",83954,"+1.086",1086,"+0.248",248,25
1051,2021,16,9,9,"9","18","lance-stroll","aston-martin","mercedes","pirelli",,,"1:25.511",85511,"1:24.601",84601,"1:24.305",84305,"+1.437",1437,"+0.351",351,23
1051,2021,16,10,10,"10","22","yuki-tsunoda","alphatauri","honda","pirelli",,,"1:25.409",85409,"1:24.054",84054,"1:24.368",84368,"+1.500",1500,"+0.063",63,24
1051,2021,16,11,11,"11","5","sebastian-vettel","aston-martin","mercedes","pirelli",,,"1:25.787",85787,"1:24.795",84795,,,,,,,19
1051,2021,16,12,12,"12","31","esteban-ocon","alpine","renault","pirelli",,,"1:25.422",85422,"1:24.842",84842,,,,,,,18
1051,2021,16,13,13,"13","63","george-russell","williams","mercedes","pirelli",,,"1:25.417",85417,"1:25.007",85007,,,,,,,20
1051,2021,16,14,14,"14","47","mick-schumacher","haas","ferrari","pirelli",,,"1:25.555",85555,"1:25.200",85200,,,,,,,19
1051,2021,16,15,15,"15","55","carlos-sainz-jr","ferrari","ferrari","pirelli",,,"1:25.177",85177,,,,,,,,,13
1051,2021,16,16,16,"16","3","daniel-ricciardo","mclaren","mercedes","pirelli",,,"1:25.881",85881,,,,,,,,,10
1051,2021,16,17,17,"17","6","nicholas-latifi","williams","mercedes","pirelli",,,"1:26.086",86086,,,,,,,,,10
1051,2021,16,18,18,"18","99","antonio-giovinazzi","alfa-romeo","ferrari","pirelli",,,"1:26.430",86430,,,,,,,,,11
1051,2021,16,19,19,"19","7","kimi-raikkonen","alfa-romeo","ferrari","pirelli",,,"1:27.525",87525,,,,,,,,,11
1051,2021,16,20,20,"20","9","nikita-mazepin","haas","ferrari","pirelli",,,"1:28.449",88449,,,,,,,,,10
1052,2021,17,1,1,"1","33","max-verstappen","red-bull","honda","pirelli",,,"1:34.352",94352,"1:33.464",93464,"1:32.910",92910,,,,,16
1052,2021,17,2,2,"2","44","lewis-hamilton","mercedes","mercedes","pirelli",,,"1:34.579",94579,"1:33.797",93797,"1:33.119",93119,"+0.209",209,"+0.209",209,16
1052,2021,17,3,3,"3","11","sergio-perez","red-bull","honda","pirelli",,,"1:34.369",94369,"1:34.178",94178,"1:33.134",93134,"+0.224",224,"+0.015",15,19
1052,2021,17,4,4,"4","77","valtteri-bottas","mercedes","mercedes","pirelli",,,"1:34.590",94590,"1:33.959",93959,"1:33.475",93475,"+0.565",565,"+0.341",341,15
1052,2021,17,5,5,"5","16","charles-leclerc","ferrari","ferrari","pirelli",,,"1:34.153",94153,"1:33.928",93928,"1:33.606",93606,"+0.696",696,"+0.131",131,17
1052,2021,17,6,6,"6","55","carlos-sainz-jr","ferrari","ferrari","pirelli",,,"1:34.558",94558,"1:34.126",94126,"1:33.792",93792,"+0.882",882,"+0.186",186,15
1052,2021,17,7,7,"7","3","daniel-ricciardo","mclaren","mercedes","pirelli",,,"1:34.407",94407,"1:34.643",94643,"1:33.808",93808,"+0.898",898,"+0.016",16,15
1052,2021,17,8,8,"8","4","lando-norris","mclaren","mercedes","pirelli",,,"1:34.551",94551,"1:33.880",93880,"1:33.887",93887,"+0.977",977,"+0.079",79,14
1052,2021,17,9,9,"9","10","pierre-gasly","alphatauri","honda","pirelli",,,"1:34.567",94567,"1:34.583",94583,"1:34.118",94118,"+1.208",1208,"+0.231",231,17
1052,2021,17,10,10,"10","22","yuki-tsunoda","alphatauri","honda","pirelli",,,"1:35.360",95360,"1:35.137",95137,"1:34.918",94918,"+2.008",2008,"+0.800",800,18
1052,2021,17,11,11,"11","31","esteban-ocon","alpine","renault","pirelli",,,"1:35.747",95747,"1:35.377",95377,,,,,,,12
1052,2021,17,12,12,"12","5","sebastian-vettel","aston-martin","mercedes","pirelli",,,"1:35.281",95281,"1:35.500",95500,,,,,,,9
1052,2021,17,13,13,"13","99","antonio-giovinazzi","alfa-romeo","ferrari","pirelli",,,"1:35.920",95920,"1:35.794",95794,,,,,,,8
1052,2021,17,14,14,"14","14","fernando-alonso","alpine","renault","pirelli",,,"1:35.756",95756,"1:44.549",104549,,,,,,,12
1052,2021,17,15,15,"15","63","george-russell","williams","mercedes","pirelli",,,"1:35.746",95746,,,,,,,,,11
1052,2021,17,16,16,"16","18","lance-stroll","aston-martin","mercedes","pirelli",,,"1:35.983",95983,,,,,,,,,7
1052,2021,17,17,17,"17","6","nicholas-latifi","williams","mercedes","pirelli",,,"1:35.995",95995,,,,,,,,,6
1052,2021,17,18,18,"18","7","kimi-raikkonen","alfa-romeo","ferrari","pirelli",,,"1:36.311",96311,,,,,,,,,7
1052,2021,17,19,19,"19","47","mick-schumacher","haas","ferrari","pirelli",,,"1:36.499",96499,,,,,,,,,9
1052,2021,17,20,20,"20","9","nikita-mazepin","haas","ferrari","pirelli",,,"1:36.796",96796,,,,,,,,,8
1053,2021,18,1,1,"1","77","valtteri-bottas","mercedes","mercedes","pirelli",,,"1:16.727",76727,"1:16.864",76864,"1:15.875",75875,,,,,23
1053,2021,18,2,2,"2","44","lewis-hamilton","mercedes","mercedes","pirelli",,,"1:17.207",77207,"1:16.474",76474,"1:16.020",76020,"+0.145",145,"+0.145",145,22
1053,2021,18,3,3,"3","33","max-verstappen","red-bull","honda","pirelli",,,"1:16.788",76788,"1:16.483",76483,"1:16.225",76225,"+0.350",350,"+0.205",205,18
1053,2021,18,4,4,"4","11","sergio-perez","red-bull","honda","pirelli",,,"1:17.003",77003,"1:17.055",77055,"1:16.342",76342,"+0.467",467,"+0.117",117,18
1053,2021,18,5,5,"5","10","pierre-gasly","alphatauri","honda","pirelli",,,"1:16.908",76908,"1:16.955",76955,"1:16.456",76456,"+0.581",581,"+0.114",114,22
1053,2021,18,6,6,"6","55","carlos-sainz-jr","ferrari","ferrari","pirelli",,,"1:17.517",77517,"1:17.248",77248,"1:16.761",76761,"+0.886",886,"+0.305",305,23
1053,2021,18,7,7,"7","3","daniel-ricciardo","mclaren","mercedes","pirelli",,,"1:17.719",77719,"1:17.092",77092,"1:16.763",76763,"+0.888",888,"+0.002",2,17
1053,2021,18,8,8,"8","16","charles-leclerc","ferrari","ferrari","pirelli",,,"1:16.748",76748,"1:17.034",77034,"1:16.837",76837,"+0.962",962,"+0.074",74,22
1053,2021,18,9,9,"9","22","yuki-tsunoda","alphatauri","honda","pirelli",,,"1:17.330",77330,"1:16.701",76701,"1:17.158",77158,"+1.283",1283,"+0.321",321,19
1053,2021,18,10,10,"10","4","lando-norris","mclaren","mercedes","pirelli",,,"1:17.569",77569,"1:17.473",77473,"1:36.830",96830,"+20.955",20955,"+19.672",19672,19
1053,2021,18,11,11,"11","5","sebastian-vettel","aston-martin","mercedes","pirelli",,,"1:17.502",77502,"1:17.746",77746,,,,,,,16
1053,2021,18,12,12,"12","7","kimi-raikkonen","alfa-romeo","ferrari","pirelli",,,"1:17.606",77606,"1:17.958",77958,,,,,,,18
1053,2021,18,13,13,"13","63","george-russell","williams","mercedes","pirelli",,,"1:17.958",77958,"1:18.172",78172,,,,,,,13
1053,2021,18,14,14,"14","99","antonio-giovinazzi","alfa-romeo","ferrari","pirelli",,,"1:17.897",77897,"1:18.290",78290,,,,,,,15
1053,2021,18,15,15,"15","31","esteban-ocon","alpine","renault","pirelli",,,"1:18.126",78126,"1:18.405",78405,,,,,,,13
1053,2021,18,16,16,"16","14","fernando-alonso","alpine","renault","pirelli",,,"1:18.452",78452,,,,,,,,,7
1053,2021,18,17,17,"17","6","nicholas-latifi","williams","mercedes","pirelli",,,"1:18.756",78756,,,,,,,,,8
1053,2021,18,18,18,"18","47","mick-schumacher","haas","ferrari","pirelli",,,"1:18.858",78858,,,,,,,,,9
1053,2021,18,19,19,"19","9","nikita-mazepin","haas","ferrari","pirelli",,,"1:19.303",79303,,,,,,,,,9
1053,2021,18,20,20,"20","18","lance-stroll","aston-martin","mercedes","pirelli",,,"1:20.873",80873,,,,,,,,,3
1054,2021,19,1,1,"1","33","max-verstappen","red-bull","honda","pirelli",,,"1:09.329",69329,"1:08.499",68499,"1:08.372",68372,"+0.438",438,"+0.438",438,17
1054,2021,19,2,2,"2","77","valtteri-bottas","mercedes","mercedes","pirelli",,,"1:09.040",69040,"1:08.426",68426,"1:08.469",68469,"+0.535",535,"+0.097",97,23
1054,2021,19,3,3,"3","11","sergio-perez","red-bull","honda","pirelli",,,"1:09.172",69172,"1:08.973",68973,"1:08.483",68483,"+0.549",549,"+0.014",14,22
1054,2021,19,4,4,"4","10","pierre-gasly","alphatauri","honda","pirelli",,,"1:09.347",69347,"1:08.903",68903,"1:08.777",68777,"+0.843",843,"+0.294",294,18
1054,2021,19,5,5,"5","55","carlos-sainz-jr","ferrari","ferrari","pirelli",,,"1:09.046",69046,"1:09.031",69031,"1:08.826",68826,"+0.892",892,"+0.049",49,19
1054,2021,19,6,6,"6","16","charles-leclerc","ferrari","ferrari","pirelli",,,"1:09.155",69155,"1:08.859",68859,"1:08.960",68960,"+1.026",1026,"+0.134",134,22
1054,2021,19,7,7,"7","4","lando-norris","mclaren","mercedes","pirelli",,,"1:09.365",69365,"1:09.030",69030,"1:08.980",68980,"+1.046",1046,"+0.020",20,22
1054,2021,19,8,8,"8","3","daniel-ricciardo","mclaren","mercedes","pirelli",,,"1:09.374",69374,"1:09.093",69093,"1:09.039",69039,"+1.105",1105,"+0.059",59,22
1054,2021,19,9,9,"9","14","fernando-alonso","alpine","renault","pirelli",,,"1:09.391",69391,"1:09.137",69137,"1:09.113",69113,"+1.179",1179,"+0.074",74,19
1054,2021,19,10,10,"10","31","esteban-ocon","alpine","renault","pirelli",,,"1:09.430",69430,"1:09.189",69189,,,,,,,14
1054,2021,19,11,11,"11","5","sebastian-vettel","aston-martin","mercedes","pirelli",,,"1:09.451",69451,"1:09.399",69399,,,,,,,15
1054,2021,19,12,12,"12","22","yuki-tsunoda","alphatauri","honda","pirelli",,,"1:09.350",69350,"1:09.483",69483,,,,,,,9
1054,2021,19,13,13,"13","7","kimi-raikkonen","alfa-romeo","ferrari","pirelli",,,"1:09.598",69598,"1:09.503",69503,,,,,,,15
1054,2021,19,14,14,"14","99","antonio-giovinazzi","alfa-romeo","ferrari","pirelli",,,"1:09.342",69342,"1:10.227",70227,,,,,,,14
1054,2021,19,15,15,"15","18","lance-stroll","aston-martin","mercedes","pirelli",,,"1:09.663",69663,,,,,,,,,9
1054,2021,19,16,16,"16","6","nicholas-latifi","williams","mercedes","pirelli",,,"1:09.897",69897,,,,,,,,,9
1054,2021,19,17,17,"17","63","george-russell","williams","mercedes","pirelli",,,"1:09.953",69953,,,,,,,,,10
1054,2021,19,18,18,"18","47","mick-schumacher","haas","ferrari","pirelli",,,"1:10.329",70329,,,,,,,,,11
1054,2021,19,19,19,"19","9","nikita-mazepin","haas","ferrari","pirelli",,,"1:10.589",70589,,,,,,,,,10
1054,2021,19,20,,"DSQ","44","lewis-hamilton","mercedes","mercedes","pirelli",,,"1:08.733",68733,"1:08.068",68068,"1:07.934",67934,,,,,23
1055,2021,20,1,1,"1","44","lewis-hamilton","mercedes","mercedes","pirelli",,,"1:21.901",81901,"1:21.682",81682,"1:20.827",80827,,,,,18
1055,2021,20,2,2,"2","33","max-verstappen","red-bull","honda","pirelli",,,"1:21.996",81996,"1:21.984",81984,"1:21.424",81424,"+0.597",597,"+0.597",597,18
1055,2021,20,3,3,"3","77","valtteri-bottas","mercedes","mercedes","pirelli",,,"1:22.016",82016,"1:21.991",81991,"1:21.478",81478,"+0.651",651,"+0.054",54,20
1055,2021,20,4,4,"4","10","pierre-gasly","alphatauri","honda","pirelli",,,"1:22.535",82535,"1:21.728",81728,"1:21.640",81640,"+0.813",813,"+0.162",162,19
1055,2021,20,5,5,"5","14","fernando-alonso","alpine","renault","pirelli",,,"1:22.422",82422,"1:21.894",81894,"1:21.670",81670,"+0.843",843,"+0.030",30,18
1055,2021,20,6,6,"6","4","lando-norris","mclaren","mercedes","pirelli",,,"1:22.839",82839,"1:22.216",82216,"1:21.731",81731,"+0.904",904,"+0.061",61,21
1055,2021,20,7,7,"7","55","carlos-sainz-jr","ferrari","ferrari","pirelli",,,"1:22.304",82304,"1:22.241",82241,"1:21.840",81840,"+1.013",1013,"+0.109",109,21
1055,2021,20,8,8,"8","22","yuki-tsunoda","alphatauri","honda","pirelli",,,"1:22.458",82458,"1:22.058",82058,"1:21.881",81881,"+1.054",1054,"+0.041",41,18
1055,2021,20,9,9,"9","31","esteban-ocon","alpine","renault","pirelli",,,"1:22.565",82565,"1:22.012",82012,"1:22.028",82028,"+1.201",1201,"+0.147",147,18
1055,2021,20,10,10,"10","5","sebastian-vettel","aston-martin","mercedes","pirelli",,,"1:22.549",82549,"1:22.146",82146,"1:22.785",82785,"+1.958",1958,"+0.757",757,21
1055,2021,20,11,11,"11","11","sergio-perez","red-bull","honda","pirelli",,,"1:22.398",82398,"1:22.346",82346,,,,,,,12
1055,2021,20,12,12,"12","18","lance-stroll","aston-martin","mercedes","pirelli",,,"1:22.551",82551,"1:22.460",82460,,,,,,,15
1055,2021,20,13,13,"13","16","charles-leclerc","ferrari","ferrari","pirelli",,,"1:22.742",82742,"1:22.463",82463,,,,,,,15
1055,2021,20,14,14,"14","3","daniel-ricciardo","mclaren","mercedes","pirelli",,,"1:22.688",82688,"1:22.597",82597,,,,,,,15
1055,2021,20,15,15,"15","63","george-russell","williams","mercedes","pirelli",,,"1:22.863",82863,"1:22.756",82756,,,,,,,16
1055,2021,20,16,16,"16","7","kimi-raikkonen","alfa-romeo","ferrari","pirelli",,,"1:23.156",83156,,,,,,,,,9
1055,2021,20,17,17,"17","6","nicholas-latifi","williams","mercedes","pirelli",,,"1:23.213",83213,,,,,,,,,10
1055,2021,20,18,18,"18","99","antonio-giovinazzi","alfa-romeo","ferrari","pirelli",,,"1:23.262",83262,,,,,,,,,8
1055,2021,20,19,19,"19","47","mick-schumacher","haas","ferrari","pirelli",,,"1:23.407",83407,,,,,,,,,9
1055,2021,20,20,20,"20","9","nikita-mazepin","haas","ferrari","pirelli",,,"1:25.859",85859,,,,,,,,,9
1056,2021,21,1,1,"1","44","lewis-hamilton","mercedes","mercedes","pirelli",,,"1:28.466",88466,"1:27.712",87712,"1:27.511",87511,,,,,23
1056,2021,21,2,2,"2","77","valtteri-bottas","mercedes","mercedes","pirelli",,,"1:28.057",88057,"1:28.054",88054,"1:27.622",87622,"+0.111",111,"+0.111",111,25
1056,2021,21,3,3,"3","33","max-verstappen","red-bull","honda","pirelli",,,"1:28.285",88285,"1:27.953",87953,"1:27.653",87653,"+0.142",142,"+0.031",31,19
1056,2021,21,4,4,"4","16","charles-leclerc","ferrari","ferrari","pirelli",,,"1:28.310",88310,"1:28.459",88459,"1:28.054",88054,"+0.543",543,"+0.401",401,24
1056,2021,21,5,5,"5","11","sergio-perez","red-bull","honda","pirelli",,,"1:28.021",88021,"1:27.946",87946,"1:28.123",88123,"+0.612",612,"+0.069",69,23
1056,2021,21,6,6,"6","10","pierre-gasly","alphatauri","honda","pirelli",,,"1:28.401",88401,"1:28.314",88314,"1:28.125",88125,"+0.614",614,"+0.002",2,26
1056,2021,21,7,7,"7","4","lando-norris","mclaren","mercedes","pirelli",,,"1:28.338",88338,"1:28.344",88344,"1:28.180",88180,"+0.669",669,"+0.055",55,21
1056,2021,21,8,8,"8","22","yuki-tsunoda","alphatauri","honda","pirelli",,,"1:28.503",88503,"1:28.222",88222,"1:28.442",88442,"+0.931",931,"+0.262",262,26
1056,2021,21,9,9,"9","31","esteban-ocon","alpine","renault","pirelli",,,"1:28.752",88752,"1:28.574",88574,"1:28.647",88647,"+1.136",1136,"+0.205",205,22
1056,2021,21,10,10,"10","99","antonio-giovinazzi","alfa-romeo","ferrari","pirelli",,,"1:28.899",88899,"1:28.616",88616,"1:28.754",88754,"+1.243",1243,"+0.107",107,21
1056,2021,21,11,11,"11","3","daniel-ricciardo","mclaren","mercedes","pirelli",,,"1:28.216",88216,"1:28.668",88668,,,,,,,17
1056,2021,21,12,12,"12","7","kimi-raikkonen","alfa-romeo","ferrari","pirelli",,,"1:28.856",88856,"1:28.885",88885,,,,,,,18
1056,2021,21,13,13,"13","14","fernando-alonso","alpine","renault","pirelli",,,"1:28.944",88944,"1:28.920",88920,,,,,,,17
1056,2021,21,14,14,"14","63","george-russell","williams","mercedes","pirelli",,,"1:28.926",88926,"1:29.054",89054,,,,,,,17
1056,2021,21,15,15,"15","55","carlos-sainz-jr","ferrari","ferrari","pirelli",,,"1:28.237",88237,"1:53.652",113652,,,,,,,16
1056,2021,21,16,16,"16","6","nicholas-latifi","williams","mercedes","pirelli",,,"1:29.177",89177,,,,,,,,,9
1056,2021,21,17,17,"17","5","sebastian-vettel","aston-martin","mercedes","pirelli",,,"1:29.198",89198,,,,,,,,,10
1056,2021,21,18,18,"18","18","lance-stroll","aston-martin","mercedes","pirelli",,,"1:29.368",89368,,,,,,,,,9
1056,2021,21,19,19,"19","47","mick-schumacher","haas","ferrari","pirelli",,,"1:29.464",89464,,,,,,,,,9
1056,2021,21,20,20,"20","9","nikita-mazepin","haas","ferrari","pirelli",,,"1:30.473",90473,,,,,,,,,8
1057,2021,22,1,1,"1","33","max-verstappen","red-bull","honda","pirelli",,,"1:23.322",83322,"1:22.800",82800,"1:22.109",82109,,,,,20
1057,2021,22,2,2,"2","44","lewis-hamilton","mercedes","mercedes","pirelli",,,"1:22.845",82845,"1:23.145",83145,"1:22.480",82480,"+0.371",371,"+0.371",371,19
1057,2021,22,3,3,"3","4","lando-norris","mclaren","mercedes","pirelli",,,"1:23.553",83553,"1:23.256",83256,"1:22.931",82931,"+0.822",822,"+0.451",451,20
1057,2021,22,4,4,"4","11","sergio-perez","red-bull","honda","pirelli",,,"1:23.350",83350,"1:23.135",83135,"1:22.947",82947,"+0.838",838,"+0.016",16,24
1057,2021,22,5,5,"5","55","carlos-sainz-jr","ferrari","ferrari","pirelli",,,"1:23.624",83624,"1:23.174",83174,"1:22.992",82992,"+0.883",883,"+0.045",45,22
1057,2021,22,6,6,"6","77","valtteri-bottas","mercedes","mercedes","pirelli",,,"1:23.117",83117,"1:23.246",83246,"1:23.036",83036,"+0.927",927,"+0.044",44,20
1057,2021,22,7,7,"7","16","charles-leclerc","ferrari","ferrari","pirelli",,,"1:23.467",83467,"1:23.202",83202,"1:23.122",83122,"+1.013",1013,"+0.086",86,23
1057,2021,22,8,8,"8","22","yuki-tsunoda","alphatauri","honda","pirelli",,,"1:23.428",83428,"1:23.404",83404,"1:23.220",83220,"+1.111",1111,"+0.098",98,22
1057,2021,22,9,9,"9","31","esteban-ocon","alpine","renault","pirelli",,,"1:23.764",83764,"1:23.420",83420,"1:23.389",83389,"+1.280",1280,"+0.169",169,20
1057,2021,22,10,10,"10","3","daniel-ricciardo","mclaren","mercedes","pirelli",,,"1:23.829",83829,"1:23.448",83448,"1:23.409",83409,"+1.300",1300,"+0.020",20,19
1057,2021,22,11,11,"11","14","fernando-alonso","alpine","renault","pirelli",,,"1:23.846",83846,"1:23.460",83460,,,,,,,12
1057,2021,22,12,12,"12","10","pierre-gasly","alphatauri","honda","pirelli",,,"1:23.489",83489,"1:24.043",84043,,,,,,,16
1057,2021,22,13,13,"13","18","lance-stroll","aston-martin","mercedes","pirelli",,,"1:24.061",84061,"1:24.066",84066,,,,,,,17
1057,2021,22,14,14,"14","99","antonio-giovinazzi","alfa-romeo","ferrari","pirelli",,,"1:24.118",84118,"1:24.251",84251,,,,,,,17
1057,2021,22,15,15,"15","5","sebastian-vettel","aston-martin","mercedes","pirelli",,,"1:24.225",84225,"1:24.305",84305,,,,,,,18
1057,2021,22,16,16,"16","6","nicholas-latifi","williams","mercedes","pirelli",,,"1:24.338",84338,,,,,,,,,8
1057,2021,22,17,17,"17","63","george-russell","williams","mercedes","pirelli",,,"1:24.423",84423,,,,,,,,,7
1057,2021,22,18,18,"18","7","kimi-raikkonen","alfa-romeo","ferrari","pirelli",,,"1:24.779",84779,,,,,,,,,8
1057,2021,22,19,19,"19","47","mick-schumacher","haas","ferrari","pirelli",,,"1:24.906",84906,,,,,,,,,9
1057,2021,22,20,20,"20","9","nikita-mazepin","haas","ferrari","pirelli",,,"1:25.685",85685,,,,,,,,,9
1058,2022,1,1,1,"1","16","charles-leclerc","ferrari","ferrari","pirelli",,,"1:31.471",91471,"1:30.932",90932,"1:30.558",90558,,,,,15
1058,2022,1,2,2,"2","1","max-verstappen","red-bull","rbpt","pirelli",,,"1:31.785",91785,"1:30.757",90757,"1:30.681",90681,"+0.123",123,"+0.123",123,14
1058,2022,1,3,3,"3","55","carlos-sainz-jr","ferrari","ferrari","pirelli",,,"1:31.567",91567,"1:30.787",90787,"1:30.687",90687,"+0.129",129,"+0.006",6,15
1058,2022,1,4,4,"4","11","sergio-perez","red-bull","rbpt","pirelli",,,"1:32.311",92311,"1:31.008",91008,"1:30.921",90921,"+0.363",363,"+0.234",234,18
1058,2022,1,5,5,"5","44","lewis-hamilton","mercedes","mercedes","pirelli",,,"1:32.285",92285,"1:31.048",91048,"1:31.238",91238,"+0.680",680,"+0.317",317,17
1058,2022,1,6,6,"6","77","valtteri-bottas","alfa-romeo","ferrari","pirelli",,,"1:31.919",91919,"1:31.717",91717,"1:31.560",91560,"+1.002",1002,"+0.322",322,15
1058,2022,1,7,7,"7","20","kevin-magnussen","haas","ferrari","pirelli",,,"1:31.955",91955,"1:31.461",91461,"1:31.808",91808,"+1.250",1250,"+0.248",248,12
1058,2022,1,8,8,"8","14","fernando-alonso","alpine","renault","pirelli",,,"1:32.346",92346,"1:31.621",91621,"1:32.195",92195,"+1.637",1637,"+0.387",387,14
1058,2022,1,9,9,"9","63","george-russell","mercedes","mercedes","pirelli",,,"1:32.269",92269,"1:31.252",91252,"1:32.216",92216,"+1.658",1658,"+0.021",21,17
1058,2022,1,10,10,"10","10","pierre-gasly","alphatauri","rbpt","pirelli",,,"1:32.096",92096,"1:31.635",91635,"1:32.338",92338,"+1.780",1780,"+0.122",122,21
1058,2022,1,11,11,"11","31","esteban-ocon","alpine","renault","pirelli",,,"1:32.041",92041,"1:31.782",91782,,,,,,,12
1058,2022,1,12,12,"12","47","mick-schumacher","haas","ferrari","pirelli",,,"1:32.380",92380,"1:31.998",91998,,,,,,,11
1058,2022,1,13,13,"13","4","lando-norris","mclaren","mercedes","pirelli",,,"1:32.239",92239,"1:32.008",92008,,,,,,,14
1058,2022,1,14,14,"14","23","alexander-albon","williams","mercedes","pirelli",,,"1:32.726",92726,"1:32.664",92664,,,,,,,13
1058,2022,1,15,15,"15","24","guanyu-zhou","alfa-romeo","ferrari","pirelli",,,"1:32.493",92493,"1:33.543",93543,,,,,,,12
1058,2022,1,16,16,"16","22","yuki-tsunoda","alphatauri","rbpt","pirelli",,,"1:32.750",92750,,,,,,,,,8
1058,2022,1,17,17,"17","27","nico-hulkenberg","aston-martin","mercedes","pirelli",,,"1:32.777",92777,,,,,,,,,6
1058,2022,1,18,18,"18","3","daniel-ricciardo","mclaren","mercedes","pirelli",,,"1:32.945",92945,,,,,,,,,8
1058,2022,1,19,19,"19","18","lance-stroll","aston-martin","mercedes","pirelli",,,"1:33.032",93032,,,,,,,,,6
1058,2022,1,20,20,"20","6","nicholas-latifi","williams","mercedes","pirelli",,,"1:33.634",93634,,,,,,,,,8
1059,2022,2,1,1,"1","11","sergio-perez","red-bull","rbpt","pirelli",,,"1:29.705",89705,"1:28.924",88924,"1:28.200",88200,,,,,20
1059,2022,2,2,2,"2","16","charles-leclerc","ferrari","ferrari","pirelli",,,"1:29.039",89039,"1:28.780",88780,"1:28.225",88225,"+0.025",25,"+0.025",25,22
1059,2022,2,3,3,"3","55","carlos-sainz-jr","ferrari","ferrari","pirelli",,,"1:28.855",88855,"1:28.686",88686,"1:28.402",88402,"+0.202",202,"+0.177",177,23
1059,2022,2,4,4,"4","1","max-verstappen","red-bull","rbpt","pirelli",,,"1:28.928",88928,"1:28.945",88945,"1:28.461",88461,"+0.261",261,"+0.059",59,22
1059,2022,2,5,5,"5","31","esteban-ocon","alpine","renault","pirelli",,,"1:30.093",90093,"1:29.584",89584,"1:29.068",89068,"+0.868",868,"+0.607",607,19
1059,2022,2,6,6,"6","63","george-russell","mercedes","mercedes","pirelli",,,"1:29.680",89680,"1:29.618",89618,"1:29.104",89104,"+0.904",904,"+0.036",36,21
1059,2022,2,7,7,"7","14","fernando-alonso","alpine","renault","pirelli",,,"1:29.978",89978,"1:29.295",89295,"1:29.147",89147,"+0.947",947,"+0.043",43,20
1059,2022,2,8,8,"8","77","valtteri-bottas","alfa-romeo","ferrari","pirelli",,,"1:29.683",89683,"1:29.404",89404,"1:29.183",89183,"+0.983",983,"+0.036",36,22
1059,2022,2,9,9,"9","10","pierre-gasly","alphatauri","rbpt","pirelli",,,"1:29.891",89891,"1:29.418",89418,"1:29.254",89254,"+1.054",1054,"+0.071",71,22
1059,2022,2,10,10,"10","20","kevin-magnussen","haas","ferrari","pirelli",,,"1:29.831",89831,"1:29.546",89546,"1:29.588",89588,"+1.388",1388,"+0.334",334,24
1059,2022,2,11,11,"11","4","lando-norris","mclaren","mercedes","pirelli",,,"1:29.957",89957,"1:29.651",89651,,,,,,,16
1059,2022,2,12,12,"12","3","daniel-ricciardo","mclaren","mercedes","pirelli",,,"1:30.009",90009,"1:29.773",89773,,,,,,,17
1059,2022,2,13,13,"13","24","guanyu-zhou","alfa-romeo","ferrari","pirelli",,,"1:29.978",89978,"1:29.819",89819,,,,,,,17
1059,2022,2,14,14,"14","47","mick-schumacher","haas","ferrari","pirelli",,,"1:30.167",90167,"1:29.920",89920,,,,,,,13
1059,2022,2,15,15,"15","18","lance-stroll","aston-martin","mercedes","pirelli",,,"1:30.256",90256,"1:31.009",91009,,,,,,,15
1059,2022,2,16,16,"16","44","lewis-hamilton","mercedes","mercedes","pirelli",,,"1:30.343",90343,,,,,,,,,11
1059,2022,2,17,17,"17","23","alexander-albon","williams","mercedes","pirelli",,,"1:30.492",90492,,,,,,,,,9
1059,2022,2,18,18,"18","27","nico-hulkenberg","aston-martin","mercedes","pirelli",,,"1:30.543",90543,,,,,,,,,10
1059,2022,2,19,19,"19","6","nicholas-latifi","williams","mercedes","pirelli",,,"1:31.817",91817,,,,,,,,,4
1059,2022,2,20,,"NC","22","yuki-tsunoda","alphatauri","rbpt","pirelli",,,,,,,,,,,,,2
1060,2022,3,1,1,"1","16","charles-leclerc","ferrari","ferrari","pirelli",,,"1:18.881",78881,"1:18.606",78606,"1:17.868",77868,,,,,21
1060,2022,3,2,2,"2","1","max-verstappen","red-bull","rbpt","pirelli",,,"1:18.580",78580,"1:18.611",78611,"1:18.154",78154,"+0.286",286,"+0.286",286,21
1060,2022,3,3,3,"3","11","sergio-perez","red-bull","rbpt","pirelli",,,"1:18.834",78834,"1:18.340",78340,"1:18.240",78240,"+0.372",372,"+0.086",86,21
1060,2022,3,4,4,"4","4","lando-norris","mclaren","mercedes","pirelli",,,"1:19.280",79280,"1:19.066",79066,"1:18.703",78703,"+0.835",835,"+0.463",463,20
1060,2022,3,5,5,"5","44","lewis-hamilton","mercedes","mercedes","pirelli",,,"1:19.401",79401,"1:19.106",79106,"1:18.825",78825,"+0.957",957,"+0.122",122,28
1060,2022,3,6,6,"6","63","george-russell","mercedes","mercedes","pirelli",,,"1:19.405",79405,"1:19.076",79076,"1:18.933",78933,"+1.065",1065,"+0.108",108,26
1060,2022,3,7,7,"7","3","daniel-ricciardo","mclaren","mercedes","pirelli",,,"1:19.665",79665,"1:19.130",79130,"1:19.032",79032,"+1.164",1164,"+0.099",99,22
1060,2022,3,8,8,"8","31","esteban-ocon","alpine","renault","pirelli",,,"1:19.605",79605,"1:19.136",79136,"1:19.061",79061,"+1.193",1193,"+0.029",29,23
1060,2022,3,9,9,"9","55","carlos-sainz-jr","ferrari","ferrari","pirelli",,,"1:18.983",78983,"1:18.469",78469,"1:19.408",79408,"+1.540",1540,"+0.347",347,22
1060,2022,3,10,10,"10","14","fernando-alonso","alpine","renault","pirelli",,,"1:19.192",79192,"1:18.815",78815,,,,,,,15
1060,2022,3,11,11,"11","10","pierre-gasly","alphatauri","rbpt","pirelli",,,"1:19.580",79580,"1:19.226",79226,,,,,,,19
1060,2022,3,12,12,"12","77","valtteri-bottas","alfa-romeo","ferrari","pirelli",,,"1:19.251",79251,"1:19.410",79410,,,,,,,13
1060,2022,3,13,13,"13","22","yuki-tsunoda","alphatauri","rbpt","pirelli",,,"1:19.742",79742,"1:19.424",79424,,,,,,,17
1060,2022,3,14,14,"14","24","guanyu-zhou","alfa-romeo","ferrari","pirelli",,,"1:19.910",79910,"1:20.155",80155,,,,,,,16
1060,2022,3,15,15,"15","47","mick-schumacher","haas","ferrari","pirelli",,,"1:20.104",80104,"1:20.465",80465,,,,,,,19
1060,2022,3,16,16,"16","20","kevin-magnussen","haas","ferrari","pirelli",,,"1:20.254",80254,,,,,,,,,11
1060,2022,3,17,17,"17","5","sebastian-vettel","aston-martin","mercedes","pirelli",,,"1:21.149",81149,,,,,,,,,3
1060,2022,3,18,18,"18","6","nicholas-latifi","williams","mercedes","pirelli",,,"1:21.372",81372,,,,,,,,,8
1060,2022,3,19,,"NC","18","lance-stroll","aston-martin","mercedes","pirelli",,,,,,,,,,,,,2
1060,2022,3,20,,"DSQ","23","alexander-albon","williams","mercedes","pirelli",,,"1:20.135",80135,,,,,,,,,11
1061,2022,4,1,1,"1","1","max-verstappen","red-bull","rbpt","pirelli",,,"1:19.295",79295,"1:18.793",78793,"1:27.999",87999,,,,,22
1061,2022,4,2,2,"2","16","charles-leclerc","ferrari","ferrari","pirelli",,,"1:18.796",78796,"1:19.584",79584,"1:28.778",88778,"+0.779",779,"+0.779",779,22
1061,2022,4,3,3,"3","4","lando-norris","mclaren","mercedes","pirelli",,,"1:20.168",80168,"1:19.294",79294,"1:29.131",89131,"+1.132",1132,"+0.353",353,22
1061,2022,4,4,4,"4","20","kevin-magnussen","haas","ferrari","pirelli",,,"1:20.147",80147,"1:19.902",79902,"1:29.164",89164,"+1.165",1165,"+0.033",33,21
1061,2022,4,5,5,"5","14","fernando-alonso","alpine","renault","pirelli",,,"1:20.198",80198,"1:19.595",79595,"1:29.202",89202,"+1.203",1203,"+0.038",38,26
1061,2022,4,6,6,"6","3","daniel-ricciardo","mclaren","mercedes","pirelli",,,"1:19.980",79980,"1:20.031",80031,"1:29.742",89742,"+1.743",1743,"+0.540",540,21
1061,2022,4,7,7,"7","11","sergio-perez","red-bull","rbpt","pirelli",,,"1:19.773",79773,"1:19.296",79296,"1:29.808",89808,"+1.809",1809,"+0.066",66,25
1061,2022,4,8,8,"8","77","valtteri-bottas","alfa-romeo","ferrari","pirelli",,,"1:20.419",80419,"1:20.192",80192,"1:30.439",90439,"+2.440",2440,"+0.631",631,23
1061,2022,4,9,9,"9","5","sebastian-vettel","aston-martin","mercedes","pirelli",,,"1:20.364",80364,"1:19.957",79957,"1:31.062",91062,"+3.063",3063,"+0.623",623,25
1061,2022,4,10,10,"10","55","carlos-sainz-jr","ferrari","ferrari","pirelli",,,"1:19.305",79305,"1:18.990",78990,,,,,,,13
1061,2022,4,11,11,"11","63","george-russell","mercedes","mercedes","pirelli",,,"1:20.383",80383,"1:20.757",80757,,,,,,,16
1061,2022,4,12,12,"12","47","mick-schumacher","haas","ferrari","pirelli",,,"1:20.422",80422,"1:20.916",80916,,,,,,,16
1061,2022,4,13,13,"13","44","lewis-hamilton","mercedes","mercedes","pirelli",,,"1:20.470",80470,"1:21.138",81138,,,,,,,15
1061,2022,4,14,14,"14","24","guanyu-zhou","alfa-romeo","ferrari","pirelli",,,"1:19.730",79730,"1:21.434",81434,,,,,,,16
1061,2022,4,15,15,"15","18","lance-stroll","aston-martin","mercedes","pirelli",,,"1:20.342",80342,"1:28.119",88119,,,,,,,14
1061,2022,4,16,16,"16","22","yuki-tsunoda","alphatauri","rbpt","pirelli",,,"1:20.474",80474,,,,,,,,,11
1061,2022,4,17,17,"17","10","pierre-gasly","alphatauri","rbpt","pirelli",,,"1:20.732",80732,,,,,,,,,11
1061,2022,4,18,18,"18","6","nicholas-latifi","williams","mercedes","pirelli",,,"1:21.971",81971,,,,,,,,,13
1061,2022,4,19,19,"19","31","esteban-ocon","alpine","renault","pirelli",,,"1:22.338",82338,,,,,,,,,9
1061,2022,4,20,,"NC","23","alexander-albon","williams","mercedes","pirelli",,,,,,,,,,,,,3
1062,2022,5,1,1,"1","16","charles-leclerc","ferrari","ferrari","pirelli",,,"1:29.474",89474,"1:29.130",89130,"1:28.796",88796,,,,,25
1062,2022,5,2,2,"2","55","carlos-sainz-jr","ferrari","ferrari","pirelli",,,"1:30.079",90079,"1:29.729",89729,"1:28.986",88986,"+0.190",190,"+0.190",190,26
1062,2022,5,3,3,"3","1","max-verstappen","red-bull","rbpt","pirelli",,,"1:29.836",89836,"1:29.202",89202,"1:28.991",88991,"+0.195",195,"+0.005",5,18
1062,2022,5,4,4,"4","11","sergio-perez","red-bull","rbpt","pirelli",,,"1:30.055",90055,"1:29.673",89673,"1:29.036",89036,"+0.240",240,"+0.045",45,21
1062,2022,5,5,5,"5","77","valtteri-bottas","alfa-romeo","ferrari","pirelli",,,"1:30.845",90845,"1:29.751",89751,"1:29.475",89475,"+0.679",679,"+0.439",439,20
1062,2022,5,6,6,"6","44","lewis-hamilton","mercedes","mercedes","pirelli",,,"1:30.388",90388,"1:29.797",89797,"1:29.625",89625,"+0.829",829,"+0.150",150,21
1062,2022,5,7,7,"7","10","pierre-gasly","alphatauri","rbpt","pirelli",,,"1:30.779",90779,"1:30.128",90128,"1:29.690",89690,"+0.894",894,"+0.065",65,22
1062,2022,5,8,8,"8","4","lando-norris","mclaren","mercedes","pirelli",,,"1:30.761",90761,"1:29.634",89634,"1:29.750",89750,"+0.954",954,"+0.060",60,22
1062,2022,5,9,9,"9","22","yuki-tsunoda","alphatauri","rbpt","pirelli",,,"1:30.485",90485,"1:30.031",90031,"1:29.932",89932,"+1.136",1136,"+0.182",182,21
1062,2022,5,10,10,"10","18","lance-stroll","aston-martin","mercedes","pirelli",,,"1:30.441",90441,"1:29.996",89996,"1:30.676",90676,"+1.880",1880,"+0.744",744,21
1062,2022,5,11,11,"11","14","fernando-alonso","alpine","renault","pirelli",,,"1:30.407",90407,"1:30.160",90160,,,,,,,14
1062,2022,5,12,12,"12","63","george-russell","mercedes","mercedes","pirelli",,,"1:30.490",90490,"1:30.173",90173,,,,,,,15
1062,2022,5,13,13,"13","5","sebastian-vettel","aston-martin","mercedes","pirelli",,,"1:30.677",90677,"1:30.214",90214,,,,,,,15
1062,2022,5,14,14,"14","3","daniel-ricciardo","mclaren","mercedes","pirelli",,,"1:30.583",90583,"1:30.310",90310,,,,,,,15
1062,2022,5,15,15,"15","47","mick-schumacher","haas","ferrari","pirelli",,,"1:30.645",90645,"1:30.423",90423,,,,,,,19
1062,2022,5,16,16,"16","20","kevin-magnussen","haas","ferrari","pirelli",,,"1:30.975",90975,,,,,,,,,11
1062,2022,5,17,17,"17","24","guanyu-zhou","alfa-romeo","ferrari","pirelli",,,"1:31.020",91020,,,,,,,,,9
1062,2022,5,18,18,"18","23","alexander-albon","williams","mercedes","pirelli",,,"1:31.266",91266,,,,,,,,,10
1062,2022,5,19,19,"19","6","nicholas-latifi","williams","mercedes","pirelli",,,"1:31.325",91325,,,,,,,,,10
1063,2022,6,1,1,"1","16","charles-leclerc","ferrari","ferrari","pirelli",,,"1:19.861",79861,"1:19.969",79969,"1:18.750",78750,,,,,12
1063,2022,6,2,2,"2","1","max-verstappen","red-bull","rbpt","pirelli",,,"1:20.091",80091,"1:19.219",79219,"1:19.073",79073,"+0.323",323,"+0.323",323,16
1063,2022,6,3,3,"3","55","carlos-sainz-jr","ferrari","ferrari","pirelli",,,"1:19.892",79892,"1:19.453",79453,"1:19.166",79166,"+0.416",416,"+0.093",93,16
1063,2022,6,4,4,"4","63","george-russell","mercedes","mercedes","pirelli",,,"1:20.218",80218,"1:19.470",79470,"1:19.393",79393,"+0.643",643,"+0.227",227,14
1063,2022,6,5,5,"5","11","sergio-perez","red-bull","rbpt","pirelli",,,"1:20.447",80447,"1:19.830",79830,"1:19.420",79420,"+0.670",670,"+0.027",27,17
1063,2022,6,6,6,"6","44","lewis-hamilton","mercedes","mercedes","pirelli",,,"1:20.252",80252,"1:19.794",79794,"1:19.512",79512,"+0.762",762,"+0.092",92,15
1063,2022,6,7,7,"7","77","valtteri-bottas","alfa-romeo","ferrari","pirelli",,,"1:20.355",80355,"1:20.053",80053,"1:19.608",79608,"+0.858",858,"+0.096",96,18
1063,2022,6,8,8,"8","20","kevin-magnussen","haas","ferrari","pirelli",,,"1:20.227",80227,"1:19.810",79810,"1:19.682",79682,"+0.932",932,"+0.074",74,18
1063,2022,6,9,9,"9","3","daniel-ricciardo","mclaren","mercedes","pirelli",,,"1:20.549",80549,"1:20.287",80287,"1:20.297",80297,"+1.547",1547,"+0.615",615,15
1063,2022,6,10,10,"10","47","mick-schumacher","haas","ferrari","pirelli",,,"1:20.683",80683,"1:20.436",80436,"1:20.368",80368,"+1.618",1618,"+0.071",71,18
1063,2022,6,11,11,"11","4","lando-norris","mclaren","mercedes","pirelli",,,"1:20.838",80838,"1:20.471",80471,,,,,,,12
1063,2022,6,12,12,"12","31","esteban-ocon","alpine","renault","pirelli",,,"1:20.880",80880,"1:20.638",80638,,,,,,,9
1063,2022,6,13,13,"13","22","yuki-tsunoda","alphatauri","rbpt","pirelli",,,"1:20.707",80707,"1:20.639",80639,,,,,,,15
1063,2022,6,14,14,"14","10","pierre-gasly","alphatauri","rbpt","pirelli",,,"1:20.719",80719,"1:20.861",80861,,,,,,,15
1063,2022,6,15,15,"15","24","guanyu-zhou","alfa-romeo","ferrari","pirelli",,,"1:20.476",80476,"1:21.094",81094,,,,,,,15
1063,2022,6,16,16,"16","5","sebastian-vettel","aston-martin","mercedes","pirelli",,,"1:20.954",80954,,,,,,,,,6
1063,2022,6,17,17,"17","14","fernando-alonso","alpine","renault","pirelli",,,"1:21.043",81043,,,,,,,,,5
1063,2022,6,18,18,"18","18","lance-stroll","aston-martin","mercedes","pirelli",,,"1:21.418",81418,,,,,,,,,6
1063,2022,6,19,19,"19","23","alexander-albon","williams","mercedes","pirelli",,,"1:21.645",81645,,,,,,,,,6
1063,2022,6,20,20,"20","6","nicholas-latifi","williams","mercedes","pirelli",,,"1:21.915",81915,,,,,,,,,9
1064,2022,7,1,1,"1","16","charles-leclerc","ferrari","ferrari","pirelli",,,"1:12.569",72569,"1:11.864",71864,"1:11.376",71376,,,,,24
1064,2022,7,2,2,"2","55","carlos-sainz-jr","ferrari","ferrari","pirelli",,,"1:12.616",72616,"1:12.074",72074,"1:11.601",71601,"+0.225",225,"+0.225",225,25
1064,2022,7,3,3,"3","11","sergio-perez","red-bull","rbpt","pirelli",,,"1:13.004",73004,"1:11.954",71954,"1:11.629",71629,"+0.253",253,"+0.028",28,25
1064,2022,7,4,4,"4","1","max-verstappen","red-bull","rbpt","pirelli",,,"1:12.993",72993,"1:12.117",72117,"1:11.666",71666,"+0.290",290,"+0.037",37,25
1064,2022,7,5,5,"5","4","lando-norris","mclaren","mercedes","pirelli",,,"1:12.927",72927,"1:12.266",72266,"1:11.849",71849,"+0.473",473,"+0.183",183,27
1064,2022,7,6,6,"6","63","george-russell","mercedes","mercedes","pirelli",,,"1:12.787",72787,"1:12.617",72617,"1:12.112",72112,"+0.736",736,"+0.263",263,27
1064,2022,7,7,7,"7","14","fernando-alonso","alpine","renault","pirelli",,,"1:13.394",73394,"1:12.688",72688,"1:12.247",72247,"+0.871",871,"+0.135",135,22
1064,2022,7,8,8,"8","44","lewis-hamilton","mercedes","mercedes","pirelli",,,"1:13.444",73444,"1:12.595",72595,"1:12.560",72560,"+1.184",1184,"+0.313",313,29
1064,2022,7,9,9,"9","5","sebastian-vettel","aston-martin","mercedes","pirelli",,,"1:13.313",73313,"1:12.613",72613,"1:12.732",72732,"+1.356",1356,"+0.172",172,28
1064,2022,7,10,10,"10","31","esteban-ocon","alpine","renault","pirelli",,,"1:12.848",72848,"1:12.528",72528,"1:13.047",73047,"+1.671",1671,"+0.315",315,22
1064,2022,7,11,11,"11","22","yuki-tsunoda","alphatauri","rbpt","pirelli",,,"1:13.110",73110,"1:12.797",72797,,,,,,,20
1064,2022,7,12,12,"12","77","valtteri-bottas","alfa-romeo","ferrari","pirelli",,,"1:13.541",73541,"1:12.909",72909,,,,,,,17
1064,2022,7,13,13,"13","20","kevin-magnussen","haas","ferrari","pirelli",,,"1:13.069",73069,"1:12.921",72921,,,,,,,20
1064,2022,7,14,14,"14","3","daniel-ricciardo","mclaren","mercedes","pirelli",,,"1:13.338",73338,"1:12.964",72964,,,,,,,21
1064,2022,7,15,15,"15","47","mick-schumacher","haas","ferrari","pirelli",,,"1:13.469",73469,"1:13.081",73081,,,,,,,17
1064,2022,7,16,16,"16","23","alexander-albon","williams","mercedes","pirelli",,,"1:13.611",73611,,,,,,,,,14
1064,2022,7,17,17,"17","10","pierre-gasly","alphatauri","rbpt","pirelli",,,"1:13.660",73660,,,,,,,,,10
1064,2022,7,18,18,"18","18","lance-stroll","aston-martin","mercedes","pirelli",,,"1:13.678",73678,,,,,,,,,11
1064,2022,7,19,19,"19","6","nicholas-latifi","williams","mercedes","pirelli",,,"1:14.403",74403,,,,,,,,,13
1064,2022,7,20,20,"20","24","guanyu-zhou","alfa-romeo","ferrari","pirelli",,,"1:15.606",75606,,,,,,,,,9
1065,2022,8,1,1,"1","16","charles-leclerc","ferrari","ferrari","pirelli",,,"1:42.865",102865,"1:42.046",102046,"1:41.359",101359,,,,,19
1065,2022,8,2,2,"2","11","sergio-perez","red-bull","rbpt","pirelli",,,"1:42.733",102733,"1:41.955",101955,"1:41.641",101641,"+0.282",282,"+0.282",282,18
1065,2022,8,3,3,"3","1","max-verstappen","red-bull","rbpt","pirelli",,,"1:42.722",102722,"1:42.227",102227,"1:41.706",101706,"+0.347",347,"+0.065",65,19
1065,2022,8,4,4,"4","55","carlos-sainz-jr","ferrari","ferrari","pirelli",,,"1:42.957",102957,"1:42.088",102088,"1:41.814",101814,"+0.455",455,"+0.108",108,19
1065,2022,8,5,5,"5","63","george-russell","mercedes","mercedes","pirelli",,,"1:43.754",103754,"1:43.281",103281,"1:42.712",102712,"+1.353",1353,"+0.898",898,23
1065,2022,8,6,6,"6","10","pierre-gasly","alphatauri","rbpt","pirelli",,,"1:43.268",103268,"1:43.129",103129,"1:42.845",102845,"+1.486",1486,"+0.133",133,23
1065,2022,8,7,7,"7","44","lewis-hamilton","mercedes","mercedes","pirelli",,,"1:43.939",103939,"1:43.182",103182,"1:42.924",102924,"+1.565",1565,"+0.079",79,22
1065,2022,8,8,8,"8","22","yuki-tsunoda","alphatauri","rbpt","pirelli",,,"1:43.595",103595,"1:43.376",103376,"1:43.056",103056,"+1.697",1697,"+0.132",132,22
1065,2022,8,9,9,"9","5","sebastian-vettel","aston-martin","mercedes","pirelli",,,"1:43.279",103279,"1:43.268",103268,"1:43.091",103091,"+1.732",1732,"+0.035",35,18
1065,2022,8,10,10,"10","14","fernando-alonso","alpine","renault","pirelli",,,"1:44.083",104083,"1:43.360",103360,"1:43.173",103173,"+1.814",1814,"+0.082",82,20
1065,2022,8,11,11,"11","4","lando-norris","mclaren","mercedes","pirelli",,,"1:44.237",104237,"1:43.398",103398,,,,,,,16
1065,2022,8,12,12,"12","3","daniel-ricciardo","mclaren","mercedes","pirelli",,,"1:44.437",104437,"1:43.574",103574,,,,,,,17
1065,2022,8,13,13,"13","31","esteban-ocon","alpine","renault","pirelli",,,"1:43.903",103903,"1:43.585",103585,,,,,,,13
1065,2022,8,14,14,"14","24","guanyu-zhou","alfa-romeo","ferrari","pirelli",,,"1:43.777",103777,"1:43.790",103790,,,,,,,13
1065,2022,8,15,15,"15","77","valtteri-bottas","alfa-romeo","ferrari","pirelli",,,"1:44.478",104478,"1:44.444",104444,,,,,,,13
1065,2022,8,16,16,"16","20","kevin-magnussen","haas","ferrari","pirelli",,,"1:44.643",104643,,,,,,,,,9
1065,2022,8,17,17,"17","23","alexander-albon","williams","mercedes","pirelli",,,"1:44.719",104719,,,,,,,,,9
1065,2022,8,18,18,"18","6","nicholas-latifi","williams","mercedes","pirelli",,,"1:45.367",105367,,,,,,,,,8
1065,2022,8,19,19,"19","18","lance-stroll","aston-martin","mercedes","pirelli",,,"1:45.371",105371,,,,,,,,,7
1065,2022,8,20,20,"20","47","mick-schumacher","haas","ferrari","pirelli",,,"1:45.775",105775,,,,,,,,,9
1066,2022,9,1,1,"1","1","max-verstappen","red-bull","rbpt","pirelli",,,"1:32.219",92219,"1:23.746",83746,"1:21.299",81299,,,,,30
1066,2022,9,2,2,"2","14","fernando-alonso","alpine","renault","pirelli",,,"1:32.277",92277,"1:24.848",84848,"1:21.944",81944,"+0.645",645,"+0.645",645,29
1066,2022,9,3,3,"3","55","carlos-sainz-jr","ferrari","ferrari","pirelli",,,"1:32.781",92781,"1:25.197",85197,"1:22.096",82096,"+0.797",797,"+0.152",152,29
1066,2022,9,4,4,"4","44","lewis-hamilton","mercedes","mercedes","pirelli",,,"1:33.841",93841,"1:25.543",85543,"1:22.891",82891,"+1.592",1592,"+0.795",795,31
1066,2022,9,5,5,"5","20","kevin-magnussen","haas","ferrari","pirelli",,,"1:32.957",92957,"1:26.254",86254,"1:22.960",82960,"+1.661",1661,"+0.069",69,31
1066,2022,9,6,6,"6","47","mick-schumacher","haas","ferrari","pirelli",,,"1:33.707",93707,"1:25.684",85684,"1:23.356",83356,"+2.057",2057,"+0.396",396,31
1066,2022,9,7,7,"7","31","esteban-ocon","alpine","renault","pirelli",,,"1:33.012",93012,"1:26.135",86135,"1:23.529",83529,"+2.230",2230,"+0.173",173,30
1066,2022,9,8,8,"8","63","george-russell","mercedes","mercedes","pirelli",,,"1:33.160",93160,"1:24.950",84950,"1:23.557",83557,"+2.258",2258,"+0.028",28,30
1066,2022,9,9,9,"9","3","daniel-ricciardo","mclaren","mercedes","pirelli",,,"1:33.636",93636,"1:26.375",86375,"1:23.749",83749,"+2.450",2450,"+0.192",192,30
1066,2022,9,10,10,"10","24","guanyu-zhou","alfa-romeo","ferrari","pirelli",,,"1:33.692",93692,"1:26.116",86116,"1:24.030",84030,"+2.731",2731,"+0.281",281,31
1066,2022,9,11,11,"11","77","valtteri-bottas","alfa-romeo","ferrari","pirelli",,,"1:33.689",93689,"1:26.788",86788,,,,,,,21
1066,2022,9,12,12,"12","23","alexander-albon","williams","mercedes","pirelli",,,"1:34.047",94047,"1:26.858",86858,,,,,,,21
1066,2022,9,13,13,"13","11","sergio-perez","red-bull","rbpt","pirelli",,,"1:33.929",93929,"1:33.127",93127,,,,,,,14
1066,2022,9,14,14,"14","4","lando-norris","mclaren","mercedes","pirelli",,,"1:34.066",94066,,,,,,,,,15
1066,2022,9,15,15,"15","16","charles-leclerc","ferrari","ferrari","pirelli",,,"1:33.008",93008,,,,,,,,,10
1066,2022,9,16,16,"16","10","pierre-gasly","alphatauri","rbpt","pirelli",,,"1:34.492",94492,,,,,,,,,11
1066,2022,9,17,17,"17","5","sebastian-vettel","aston-martin","mercedes","pirelli",,,"1:34.512",94512,,,,,,,,,12
1066,2022,9,18,18,"18","18","lance-stroll","aston-martin","mercedes","pirelli",,,"1:35.532",95532,,,,,,,,,11
1066,2022,9,19,19,"19","6","nicholas-latifi","williams","mercedes","pirelli",,,"1:35.660",95660,,,,,,,,,11
1066,2022,9,20,20,"20","22","yuki-tsunoda","alphatauri","rbpt","pirelli",,,"1:36.575",96575,,,,,,,,,4
1067,2022,10,1,1,"1","55","carlos-sainz-jr","ferrari","ferrari","pirelli",,,"1:40.190",100190,"1:41.602",101602,"1:40.983",100983,,,,,26
1067,2022,10,2,2,"2","1","max-verstappen","red-bull","rbpt","pirelli",,,"1:39.129",99129,"1:40.655",100655,"1:41.055",101055,"+0.072",72,"+0.072",72,24
1067,2022,10,3,3,"3","16","charles-leclerc","ferrari","ferrari","pirelli",,,"1:39.846",99846,"1:41.247",101247,"1:41.298",101298,"+0.315",315,"+0.243",243,26
1067,2022,10,4,4,"4","11","sergio-perez","red-bull","rbpt","pirelli",,,"1:40.521",100521,"1:42.513",102513,"1:41.616",101616,"+0.633",633,"+0.318",318,26
1067,2022,10,5,5,"5","44","lewis-hamilton","mercedes","mercedes","pirelli",,,"1:40.428",100428,"1:41.062",101062,"1:41.995",101995,"+1.012",1012,"+0.379",379,23
1067,2022,10,6,6,"6","4","lando-norris","mclaren","mercedes","pirelli",,,"1:41.515",101515,"1:41.821",101821,"1:42.084",102084,"+1.101",1101,"+0.089",89,26
1067,2022,10,7,7,"7","14","fernando-alonso","alpine","renault","pirelli",,,"1:41.598",101598,"1:42.209",102209,"1:42.116",102116,"+1.133",1133,"+0.032",32,23
1067,2022,10,8,8,"8","63","george-russell","mercedes","mercedes","pirelli",,,"1:40.028",100028,"1:41.725",101725,"1:42.161",102161,"+1.178",1178,"+0.045",45,23
1067,2022,10,9,9,"9","24","guanyu-zhou","alfa-romeo","ferrari","pirelli",,,"1:40.791",100791,"1:42.640",102640,"1:42.719",102719,"+1.736",1736,"+0.558",558,28
1067,2022,10,10,10,"10","6","nicholas-latifi","williams","mercedes","pirelli",,,"1:41.998",101998,"1:43.273",103273,"2:03.095",123095,"+22.112",22112,"+20.376",20376,24
1067,2022,10,11,11,"11","10","pierre-gasly","alphatauri","rbpt","pirelli",,,"1:41.680",101680,"1:43.702",103702,,,,,,,19
1067,2022,10,12,12,"12","77","valtteri-bottas","alfa-romeo","ferrari","pirelli",,,"1:41.396",101396,"1:44.232",104232,,,,,,,20
1067,2022,10,13,13,"13","22","yuki-tsunoda","alphatauri","rbpt","pirelli",,,"1:41.893",101893,"1:44.311",104311,,,,,,,19
1067,2022,10,14,14,"14","3","daniel-ricciardo","mclaren","mercedes","pirelli",,,"1:41.933",101933,"1:44.355",104355,,,,,,,18
1067,2022,10,15,15,"15","31","esteban-ocon","alpine","renault","pirelli",,,"1:41.730",101730,"1:45.190",105190,,,,,,,17
1067,2022,10,16,16,"16","23","alexander-albon","williams","mercedes","pirelli",,,"1:42.078",102078,,,,,,,,,11
1067,2022,10,17,17,"17","20","kevin-magnussen","haas","ferrari","pirelli",,,"1:42.159",102159,,,,,,,,,11
1067,2022,10,18,18,"18","5","sebastian-vettel","aston-martin","mercedes","pirelli",,,"1:42.666",102666,,,,,,,,,9
1067,2022,10,19,19,"19","47","mick-schumacher","haas","ferrari","pirelli",,,"1:42.708",102708,,,,,,,,,11
1067,2022,10,20,20,"20","18","lance-stroll","aston-martin","mercedes","pirelli",,,"1:43.430",103430,,,,,,,,,10
1068,2022,11,1,1,"1","1","max-verstappen","red-bull","rbpt","pirelli",,,"1:05.852",65852,"1:05.374",65374,"1:04.984",64984,,,,,19
1068,2022,11,2,2,"2","16","charles-leclerc","ferrari","ferrari","pirelli",,,"1:05.419",65419,"1:05.287",65287,"1:05.013",65013,"+0.029",29,"+0.029",29,26
1068,2022,11,3,3,"3","55","carlos-sainz-jr","ferrari","ferrari","pirelli",,,"1:05.660",65660,"1:05.576",65576,"1:05.066",65066,"+0.082",82,"+0.053",53,26
1068,2022,11,4,4,"4","63","george-russell","mercedes","mercedes","pirelli",,,"1:06.235",66235,"1:05.697",65697,"1:05.431",65431,"+0.447",447,"+0.365",365,24
1068,2022,11,5,5,"5","31","esteban-ocon","alpine","renault","pirelli",,,"1:06.468",66468,"1:05.993",65993,"1:05.726",65726,"+0.742",742,"+0.295",295,27
1068,2022,11,6,6,"6","20","kevin-magnussen","haas","ferrari","pirelli",,,"1:06.366",66366,"1:05.894",65894,"1:05.879",65879,"+0.895",895,"+0.153",153,22
1068,2022,11,7,7,"7","47","mick-schumacher","haas","ferrari","pirelli",,,"1:06.405",66405,"1:06.151",66151,"1:06.011",66011,"+1.027",1027,"+0.132",132,22
1068,2022,11,8,8,"8","14","fernando-alonso","alpine","renault","pirelli",,,"1:06.016",66016,"1:06.082",66082,"1:06.103",66103,"+1.119",1119,"+0.092",92,22
1068,2022,11,9,9,"9","44","lewis-hamilton","mercedes","mercedes","pirelli",,,"1:06.079",66079,"1:05.475",65475,"1:13.151",73151,"+8.167",8167,"+7.048",7048,20
1068,2022,11,10,10,"10","10","pierre-gasly","alphatauri","rbpt","pirelli",,,"1:06.589",66589,"1:06.160",66160,,,,,,,20
1068,2022,11,11,11,"11","23","alexander-albon","williams","mercedes","pirelli",,,"1:06.516",66516,"1:06.230",66230,,,,,,,15
1068,2022,11,12,12,"12","77","valtteri-bottas","alfa-romeo","ferrari","pirelli",,,"1:06.442",66442,"1:06.319",66319,,,,,,,14
1068,2022,11,13,13,"13","11","sergio-perez","red-bull","rbpt","pirelli",,,"1:06.143",66143,"1:06.458",66458,,,,,,,24
1068,2022,11,14,14,"14","22","yuki-tsunoda","alphatauri","rbpt","pirelli",,,"1:06.463",66463,"1:06.851",66851,,,,,,,19
1068,2022,11,15,15,"15","4","lando-norris","mclaren","mercedes","pirelli",,,"1:06.330",66330,"1:25.847",85847,,,,,,,19
1068,2022,11,16,16,"16","3","daniel-ricciardo","mclaren","mercedes","pirelli",,,"1:06.613",66613,,,,,,,,,10
1068,2022,11,17,17,"17","18","lance-stroll","aston-martin","mercedes","pirelli",,,"1:06.847",66847,,,,,,,,,12
1068,2022,11,18,18,"18","24","guanyu-zhou","alfa-romeo","ferrari","pirelli",,,"1:06.901",66901,,,,,,,,,9
1068,2022,11,19,19,"19","6","nicholas-latifi","williams","mercedes","pirelli",,,"1:07.003",67003,,,,,,,,,9
1068,2022,11,20,20,"20","5","sebastian-vettel","aston-martin","mercedes","pirelli",,,"1:07.083",67083,,,,,,,,,12
1069,2022,12,1,1,"1","16","charles-leclerc","ferrari","ferrari","pirelli",,,"1:31.727",91727,"1:31.216",91216,"1:30.872",90872,,,,,17
1069,2022,12,2,2,"2","1","max-verstappen","red-bull","rbpt","pirelli",,,"1:31.891",91891,"1:31.990",91990,"1:31.176",91176,"+0.304",304,"+0.304",304,14
1069,2022,12,3,3,"3","11","sergio-perez","red-bull","rbpt","pirelli",,,"1:32.354",92354,"1:32.120",92120,"1:31.335",91335,"+0.463",463,"+0.159",159,20
1069,2022,12,4,4,"4","44","lewis-hamilton","mercedes","mercedes","pirelli",,,"1:33.041",93041,"1:32.274",92274,"1:31.765",91765,"+0.893",893,"+0.430",430,19
1069,2022,12,5,5,"5","4","lando-norris","mclaren","mercedes","pirelli",,,"1:32.672",92672,"1:32.777",92777,"1:32.032",92032,"+1.160",1160,"+0.267",267,14
1069,2022,12,6,6,"6","63","george-russell","mercedes","mercedes","pirelli",,,"1:33.109",93109,"1:32.633",92633,"1:32.131",92131,"+1.259",1259,"+0.099",99,20
1069,2022,12,7,7,"7","14","fernando-alonso","alpine","renault","pirelli",,,"1:32.819",92819,"1:32.631",92631,"1:32.552",92552,"+1.680",1680,"+0.421",421,17
1069,2022,12,8,8,"8","22","yuki-tsunoda","alphatauri","rbpt","pirelli",,,"1:33.394",93394,"1:32.836",92836,"1:32.780",92780,"+1.908",1908,"+0.228",228,20
1069,2022,12,9,9,"9","55","carlos-sainz-jr","ferrari","ferrari","pirelli",,,"1:32.297",92297,"1:31.081",91081,,,,,,,10
1069,2022,12,10,10,"10","20","kevin-magnussen","haas","ferrari","pirelli",,,"1:32.756",92756,"1:32.649",92649,,,,,,,9
1069,2022,12,11,11,"11","3","daniel-ricciardo","mclaren","mercedes","pirelli",,,"1:33.404",93404,"1:32.922",92922,,,,,,,12
1069,2022,12,12,12,"12","31","esteban-ocon","alpine","renault","pirelli",,,"1:33.346",93346,"1:33.048",93048,,,,,,,12
1069,2022,12,13,13,"13","77","valtteri-bottas","alfa-romeo","ferrari","pirelli",,,"1:33.034",93034,"1:33.052",93052,,,,,,,13
1069,2022,12,14,14,"14","5","sebastian-vettel","aston-martin","mercedes","pirelli",,,"1:33.285",93285,"1:33.276",93276,,,,,,,15
1069,2022,12,15,15,"15","23","alexander-albon","williams","mercedes","pirelli",,,"1:33.423",93423,"1:33.307",93307,,,,,,,11
1069,2022,12,16,16,"16","10","pierre-gasly","alphatauri","rbpt","pirelli",,,"1:33.439",93439,,,,,,,,,7
1069,2022,12,17,17,"17","18","lance-stroll","aston-martin","mercedes","pirelli",,,"1:33.439",93439,,,,,,,,,9
1069,2022,12,18,18,"18","24","guanyu-zhou","alfa-romeo","ferrari","pirelli",,,"1:33.674",93674,,,,,,,,,8
1069,2022,12,19,19,"19","47","mick-schumacher","haas","ferrari","pirelli",,,"1:33.701",93701,,,,,,,,,9
1069,2022,12,20,20,"20","6","nicholas-latifi","williams","mercedes","pirelli",,,"1:33.794",93794,,,,,,,,,6
1070,2022,13,1,1,"1","63","george-russell","mercedes","mercedes","pirelli",,,"1:18.407",78407,"1:18.154",78154,"1:17.377",77377,,,,,23
1070,2022,13,2,2,"2","55","carlos-sainz-jr","ferrari","ferrari","pirelli",,,"1:18.434",78434,"1:17.946",77946,"1:17.421",77421,"+0.044",44,"+0.044",44,22
1070,2022,13,3,3,"3","16","charles-leclerc","ferrari","ferrari","pirelli",,,"1:18.806",78806,"1:17.768",77768,"1:17.567",77567,"+0.190",190,"+0.146",146,22
1070,2022,13,4,4,"4","4","lando-norris","mclaren","mercedes","pirelli",,,"1:18.653",78653,"1:18.121",78121,"1:17.769",77769,"+0.392",392,"+0.202",202,19
1070,2022,13,5,5,"5","31","esteban-ocon","alpine","renault","pirelli",,,"1:18.866",78866,"1:18.216",78216,"1:18.018",78018,"+0.641",641,"+0.249",249,20
1070,2022,13,6,6,"6","14","fernando-alonso","alpine","renault","pirelli",,,"1:18.716",78716,"1:17.904",77904,"1:18.078",78078,"+0.701",701,"+0.060",60,17
1070,2022,13,7,7,"7","44","lewis-hamilton","mercedes","mercedes","pirelli",,,"1:18.374",78374,"1:18.035",78035,"1:18.142",78142,"+0.765",765,"+0.064",64,21
1070,2022,13,8,8,"8","77","valtteri-bottas","alfa-romeo","ferrari","pirelli",,,"1:18.935",78935,"1:18.445",78445,"1:18.157",78157,"+0.780",780,"+0.015",15,20
1070,2022,13,9,9,"9","3","daniel-ricciardo","mclaren","mercedes","pirelli",,,"1:18.775",78775,"1:18.198",78198,"1:18.379",78379,"+1.002",1002,"+0.222",222,19
1070,2022,13,10,10,"10","1","max-verstappen","red-bull","rbpt","pirelli",,,"1:18.509",78509,"1:17.703",77703,"1:18.823",78823,"+1.446",1446,"+0.444",444,21
1070,2022,13,11,11,"11","11","sergio-perez","red-bull","rbpt","pirelli",,,"1:19.118",79118,"1:18.516",78516,,,,,,,16
1070,2022,13,12,12,"12","24","guanyu-zhou","alfa-romeo","ferrari","pirelli",,,"1:18.973",78973,"1:18.573",78573,,,,,,,16
1070,2022,13,13,13,"13","20","kevin-magnussen","haas","ferrari","pirelli",,,"1:18.993",78993,"1:18.825",78825,,,,,,,18
1070,2022,13,14,14,"14","18","lance-stroll","aston-martin","mercedes","pirelli",,,"1:19.205",79205,"1:19.137",79137,,,,,,,16
1070,2022,13,15,15,"15","47","mick-schumacher","haas","ferrari","pirelli",,,"1:19.164",79164,"1:19.202",79202,,,,,,,16
1070,2022,13,16,16,"16","22","yuki-tsunoda","alphatauri","rbpt","pirelli",,,"1:19.240",79240,,,,,,,,,9
1070,2022,13,17,17,"17","23","alexander-albon","williams","mercedes","pirelli",,,"1:19.256",79256,,,,,,,,,10
1070,2022,13,18,18,"18","5","sebastian-vettel","aston-martin","mercedes","pirelli",,,"1:19.273",79273,,,,,,,,,10
1070,2022,13,19,19,"19","10","pierre-gasly","alphatauri","rbpt","pirelli",,,"1:19.527",79527,,,,,,,,,9
1070,2022,13,20,20,"20","6","nicholas-latifi","williams","mercedes","pirelli",,,"1:19.570",79570,,,,,,,,,10
1071,2022,14,1,1,"1","1","max-verstappen","red-bull","rbpt","pirelli",,,"1:44.581",104581,"1:44.723",104723,"1:43.665",103665,,,,,9
1071,2022,14,2,2,"2","55","carlos-sainz-jr","ferrari","ferrari","pirelli",,,"1:45.050",105050,"1:45.418",105418,"1:44.297",104297,"+0.632",632,"+0.632",632,14
1071,2022,14,3,3,"3","11","sergio-perez","red-bull","rbpt","pirelli",,,"1:45.377",105377,"1:44.794",104794,"1:44.462",104462,"+0.797",797,"+0.165",165,12
1071,2022,14,4,4,"4","16","charles-leclerc","ferrari","ferrari","pirelli",,,"1:45.572",105572,"1:44.551",104551,"1:44.553",104553,"+0.888",888,"+0.091",91,14
1071,2022,14,5,5,"5","31","esteban-ocon","alpine","renault","pirelli",,,"1:46.039",106039,"1:45.475",105475,"1:45.180",105180,"+1.515",1515,"+0.627",627,15
1071,2022,14,6,6,"6","14","fernando-alonso","alpine","renault","pirelli",,,"1:46.075",106075,"1:45.552",105552,"1:45.368",105368,"+1.703",1703,"+0.188",188,16
1071,2022,14,7,7,"7","44","lewis-hamilton","mercedes","mercedes","pirelli",,,"1:45.736",105736,"1:45.420",105420,"1:45.503",105503,"+1.838",1838,"+0.135",135,20
1071,2022,14,8,8,"8","63","george-russell","mercedes","mercedes","pirelli",,,"1:45.650",105650,"1:45.461",105461,"1:45.776",105776,"+2.111",2111,"+0.273",273,20
1071,2022,14,9,9,"9","23","alexander-albon","williams","mercedes","pirelli",,,"1:45.672",105672,"1:45.675",105675,"1:45.837",105837,"+2.172",2172,"+0.061",61,18
1071,2022,14,10,10,"10","4","lando-norris","mclaren","mercedes","pirelli",,,"1:45.745",105745,"1:45.603",105603,"1:46.178",106178,"+2.513",2513,"+0.341",341,14
1071,2022,14,11,11,"11","3","daniel-ricciardo","mclaren","mercedes","pirelli",,,"1:46.212",106212,"1:45.767",105767,,,,,,,9
1071,2022,14,12,12,"12","10","pierre-gasly","alphatauri","rbpt","pirelli",,,"1:46.183",106183,"1:45.827",105827,,,,,,,12
1071,2022,14,13,13,"13","24","guanyu-zhou","alfa-romeo","ferrari","pirelli",,,"1:46.178",106178,"1:46.085",106085,,,,,,,12
1071,2022,14,14,14,"14","18","lance-stroll","aston-martin","mercedes","pirelli",,,"1:46.256",106256,"1:46.611",106611,,,,,,,12
1071,2022,14,15,15,"15","47","mick-schumacher","haas","ferrari","pirelli",,,"1:46.342",106342,"1:47.718",107718,,,,,,,13
1071,2022,14,16,16,"16","5","sebastian-vettel","aston-martin","mercedes","pirelli",,,"1:46.344",106344,,,,,,,,,6
1071,2022,14,17,17,"17","6","nicholas-latifi","williams","mercedes","pirelli",,,"1:46.401",106401,,,,,,,,,7
1071,2022,14,18,18,"18","20","kevin-magnussen","haas","ferrari","pirelli",,,"1:46.557",106557,,,,,,,,,6
1071,2022,14,19,19,"19","22","yuki-tsunoda","alphatauri","rbpt","pirelli",,,"1:46.692",106692,,,,,,,,,6
1071,2022,14,20,20,"20","77","valtteri-bottas","alfa-romeo","ferrari","pirelli",,,"1:47.866",107866,,,,,,,,,5
1072,2022,15,1,1,"1","1","max-verstappen","red-bull","rbpt","pirelli",,,"1:11.317",71317,"1:10.927",70927,"1:10.342",70342,,,,,12
1072,2022,15,2,2,"2","16","charles-leclerc","ferrari","ferrari","pirelli",,,"1:11.443",71443,"1:10.988",70988,"1:10.363",70363,"+0.021",21,"+0.021",21,18
1072,2022,15,3,3,"3","55","carlos-sainz-jr","ferrari","ferrari","pirelli",,,"1:11.767",71767,"1:10.814",70814,"1:10.434",70434,"+0.092",92,"+0.071",71,18
1072,2022,15,4,4,"4","44","lewis-hamilton","mercedes","mercedes","pirelli",,,"1:11.331",71331,"1:11.075",71075,"1:10.648",70648,"+0.306",306,"+0.214",214,18
1072,2022,15,5,5,"5","11","sergio-perez","red-bull","rbpt","pirelli",,,"1:11.641",71641,"1:11.314",71314,"1:11.077",71077,"+0.735",735,"+0.429",429,19
1072,2022,15,6,6,"6","63","george-russell","mercedes","mercedes","pirelli",,,"1:11.561",71561,"1:10.824",70824,"1:11.147",71147,"+0.805",805,"+0.070",70,18
1072,2022,15,7,7,"7","4","lando-norris","mclaren","mercedes","pirelli",,,"1:11.556",71556,"1:11.116",71116,"1:11.174",71174,"+0.832",832,"+0.027",27,18
1072,2022,15,8,8,"8","47","mick-schumacher","haas","ferrari","pirelli",,,"1:11.741",71741,"1:11.420",71420,"1:11.442",71442,"+1.100",1100,"+0.268",268,21
1072,2022,15,9,9,"9","22","yuki-tsunoda","alphatauri","rbpt","pirelli",,,"1:11.427",71427,"1:11.428",71428,"1:12.556",72556,"+2.214",2214,"+1.114",1114,21
1072,2022,15,10,10,"10","18","lance-stroll","aston-martin","mercedes","pirelli",,,"1:11.568",71568,"1:11.416",71416,,,,,,,14
1072,2022,15,11,11,"11","10","pierre-gasly","alphatauri","rbpt","pirelli",,,"1:11.705",71705,"1:11.512",71512,,,,,,,15
1072,2022,15,12,12,"12","31","esteban-ocon","alpine","renault","pirelli",,,"1:11.748",71748,"1:11.605",71605,,,,,,,12
1072,2022,15,13,13,"13","14","fernando-alonso","alpine","renault","pirelli",,,"1:11.667",71667,"1:11.613",71613,,,,,,,11
1072,2022,15,14,14,"14","24","guanyu-zhou","alfa-romeo","ferrari","pirelli",,,"1:11.826",71826,"1:11.704",71704,,,,,,,15
1072,2022,15,15,15,"15","23","alexander-albon","williams","mercedes","pirelli",,,"1:11.695",71695,"1:11.802",71802,,,,,,,16
1072,2022,15,16,16,"16","77","valtteri-bottas","alfa-romeo","ferrari","pirelli",,,"1:11.961",71961,,,,,,,,,9
1072,2022,15,17,17,"17","3","daniel-ricciardo","mclaren","mercedes","pirelli",,,"1:12.081",72081,,,,,,,,,8
1072,2022,15,18,18,"18","20","kevin-magnussen","haas","ferrari","pirelli",,,"1:12.319",72319,,,,,,,,,9
1072,2022,15,19,19,"19","5","sebastian-vettel","aston-martin","mercedes","pirelli",,,"1:12.391",72391,,,,,,,,,8
1072,2022,15,20,20,"20","6","nicholas-latifi","williams","mercedes","pirelli",,,"1:13.353",73353,,,,,,,,,5
1073,2022,16,1,1,"1","16","charles-leclerc","ferrari","ferrari","pirelli",,,"1:21.280",81280,"1:21.208",81208,"1:20.161",80161,,,,,14
1073,2022,16,2,2,"2","1","max-verstappen","red-bull","rbpt","pirelli",,,"1:20.922",80922,"1:21.265",81265,"1:20.306",80306,"+0.145",145,"+0.145",145,16
1073,2022,16,3,3,"3","55","carlos-sainz-jr","ferrari","ferrari","pirelli",,,"1:21.348",81348,"1:20.878",80878,"1:20.429",80429,"+0.268",268,"+0.123",123,13
1073,2022,16,4,4,"4","11","sergio-perez","red-bull","rbpt","pirelli",,,"1:21.495",81495,"1:21.358",81358,"1:21.206",81206,"+1.045",1045,"+0.777",777,15
1073,2022,16,5,5,"5","44","lewis-hamilton","mercedes","mercedes","pirelli",,,"1:22.048",82048,"1:21.708",81708,"1:21.524",81524,"+1.363",1363,"+0.318",318,17
1073,2022,16,6,6,"6","63","george-russell","mercedes","mercedes","pirelli",,,"1:21.785",81785,"1:21.747",81747,"1:21.542",81542,"+1.381",1381,"+0.018",18,17
1073,2022,16,7,7,"7","4","lando-norris","mclaren","mercedes","pirelli",,,"1:22.130",82130,"1:21.831",81831,"1:21.584",81584,"+1.423",1423,"+0.042",42,19
1073,2022,16,8,8,"8","3","daniel-ricciardo","mclaren","mercedes","pirelli",,,"1:22.139",82139,"1:21.855",81855,"1:21.925",81925,"+1.764",1764,"+0.341",341,20
1073,2022,16,9,9,"9","10","pierre-gasly","alphatauri","rbpt","pirelli",,,"1:22.010",82010,"1:22.062",82062,"1:22.648",82648,"+2.487",2487,"+0.723",723,18
1073,2022,16,10,10,"10","14","fernando-alonso","alpine","renault","pirelli",,,"1:22.089",82089,"1:21.861",81861,,,,,,,17
1073,2022,16,11,11,"11","31","esteban-ocon","alpine","renault","pirelli",,,"1:22.166",82166,"1:22.130",82130,,,,,,,12
1073,2022,16,12,12,"12","77","valtteri-bottas","alfa-romeo","ferrari","pirelli",,,"1:22.254",82254,"1:22.235",82235,,,,,,,12
1073,2022,16,13,13,"13","45","nyck-de-vries","williams","mercedes","pirelli",,,"1:22.567",82567,"1:22.471",82471,,,,,,,13
1073,2022,16,14,14,"14","24","guanyu-zhou","alfa-romeo","ferrari","pirelli",,,"1:22.003",82003,"1:22.577",82577,,,,,,,12
1073,2022,16,15,15,"15","22","yuki-tsunoda","alphatauri","rbpt","pirelli",,,"1:22.020",82020,,,,,,,,,6
1073,2022,16,16,16,"16","6","nicholas-latifi","williams","mercedes","pirelli",,,"1:22.587",82587,,,,,,,,,7
1073,2022,16,17,17,"17","5","sebastian-vettel","aston-martin","mercedes","pirelli",,,"1:22.636",82636,,,,,,,,,7
1073,2022,16,18,18,"18","18","lance-stroll","aston-martin","mercedes","pirelli",,,"1:22.748",82748,,,,,,,,,9
1073,2022,16,19,19,"19","20","kevin-magnussen","haas","ferrari","pirelli",,,"1:22.908",82908,,,,,,,,,10
1073,2022,16,20,20,"20","47","mick-schumacher","haas","ferrari","pirelli",,,"1:23.005",83005,,,,,,,,,9
1074,2022,17,1,1,"1","16","charles-leclerc","ferrari","ferrari","pirelli",,,"1:54.129",114129,"1:52.343",112343,"1:49.412",109412,,,,,20
1074,2022,17,2,2,"2","11","sergio-perez","red-bull","rbpt","pirelli",,,"1:54.404",114404,"1:52.818",112818,"1:49.434",109434,"+0.022",22,"+0.022",22,20
1074,2022,17,3,3,"3","44","lewis-hamilton","mercedes","mercedes","pirelli",,,"1:53.161",113161,"1:52.691",112691,"1:49.466",109466,"+0.054",54,"+0.032",32,24
1074,2022,17,4,4,"4","55","carlos-sainz-jr","ferrari","ferrari","pirelli",,,"1:54.559",114559,"1:53.219",113219,"1:49.583",109583,"+0.171",171,"+0.117",117,22
1074,2022,17,5,5,"5","14","fernando-alonso","alpine","renault","pirelli",,,"1:55.360",115360,"1:53.127",113127,"1:49.966",109966,"+0.554",554,"+0.383",383,23
1074,2022,17,6,6,"6","4","lando-norris","mclaren","mercedes","pirelli",,,"1:55.914",115914,"1:53.942",113942,"1:50.584",110584,"+1.172",1172,"+0.618",618,24
1074,2022,17,7,7,"7","10","pierre-gasly","alphatauri","rbpt","pirelli",,,"1:55.606",115606,"1:53.546",113546,"1:51.211",111211,"+1.799",1799,"+0.627",627,24
1074,2022,17,8,8,"8","1","max-verstappen","red-bull","rbpt","pirelli",,,"1:53.057",113057,"1:52.723",112723,"1:51.395",111395,"+1.983",1983,"+0.184",184,20
1074,2022,17,9,9,"9","20","kevin-magnussen","haas","ferrari","pirelli",,,"1:55.103",115103,"1:54.006",114006,"1:51.573",111573,"+2.161",2161,"+0.178",178,23
1074,2022,17,10,10,"10","22","yuki-tsunoda","alphatauri","rbpt","pirelli",,,"1:55.314",115314,"1:53.848",113848,"1:51.983",111983,"+2.571",2571,"+0.410",410,23
1074,2022,17,11,11,"11","63","george-russell","mercedes","mercedes","pirelli",,,"1:54.633",114633,"1:54.012",114012,,,,,,,17
1074,2022,17,12,12,"12","18","lance-stroll","aston-martin","mercedes","pirelli",,,"1:55.629",115629,"1:54.211",114211,,,,,,,15
1074,2022,17,13,13,"13","47","mick-schumacher","haas","ferrari","pirelli",,,"1:55.736",115736,"1:54.370",114370,,,,,,,16
1074,2022,17,14,14,"14","5","sebastian-vettel","aston-martin","mercedes","pirelli",,,"1:55.602",115602,"1:54.380",114380,,,,,,,15
1074,2022,17,15,15,"15","24","guanyu-zhou","alfa-romeo","ferrari","pirelli",,,"1:55.375",115375,"1:55.518",115518,,,,,,,14
1074,2022,17,16,16,"16","77","valtteri-bottas","alfa-romeo","ferrari","pirelli",,,"1:56.083",116083,,,,,,,,,7
1074,2022,17,17,17,"17","3","daniel-ricciardo","mclaren","mercedes","pirelli",,,"1:56.226",116226,,,,,,,,,9
1074,2022,17,18,18,"18","31","esteban-ocon","alpine","renault","pirelli",,,"1:56.337",116337,,,,,,,,,9
1074,2022,17,19,19,"19","23","alexander-albon","williams","mercedes","pirelli",,,"1:56.985",116985,,,,,,,,,7
1074,2022,17,20,20,"20","6","nicholas-latifi","williams","mercedes","pirelli",,,"1:57.532",117532,,,,,,,,,8
1075,2022,18,1,1,"1","1","max-verstappen","red-bull","rbpt","pirelli",,,"1:30.224",90224,"1:30.346",90346,"1:29.304",89304,,,,,13
1075,2022,18,2,2,"2","16","charles-leclerc","ferrari","ferrari","pirelli",,,"1:30.402",90402,"1:30.486",90486,"1:29.314",89314,"+0.010",10,"+0.010",10,13
1075,2022,18,3,3,"3","55","carlos-sainz-jr","ferrari","ferrari","pirelli",,,"1:30.336",90336,"1:30.444",90444,"1:29.361",89361,"+0.057",57,"+0.047",47,13
1075,2022,18,4,4,"4","11","sergio-perez","red-bull","rbpt","pirelli",,,"1:30.622",90622,"1:29.925",89925,"1:29.709",89709,"+0.405",405,"+0.348",348,15
1075,2022,18,5,5,"5","31","esteban-ocon","alpine","renault","pirelli",,,"1:30.696",90696,"1:30.357",90357,"1:30.165",90165,"+0.861",861,"+0.456",456,18
1075,2022,18,6,6,"6","44","lewis-hamilton","mercedes","mercedes","pirelli",,,"1:30.906",90906,"1:30.443",90443,"1:30.261",90261,"+0.957",957,"+0.096",96,20
1075,2022,18,7,7,"7","14","fernando-alonso","alpine","renault","pirelli",,,"1:30.603",90603,"1:30.343",90343,"1:30.322",90322,"+1.018",1018,"+0.061",61,15
1075,2022,18,8,8,"8","63","george-russell","mercedes","mercedes","pirelli",,,"1:30.865",90865,"1:30.465",90465,"1:30.389",90389,"+1.085",1085,"+0.067",67,19
1075,2022,18,9,9,"9","5","sebastian-vettel","aston-martin","mercedes","pirelli",,,"1:31.256",91256,"1:30.656",90656,"1:30.554",90554,"+1.250",1250,"+0.165",165,15
1075,2022,18,10,10,"10","4","lando-norris","mclaren","mercedes","pirelli",,,"1:30.881",90881,"1:30.473",90473,"1:31.003",91003,"+1.699",1699,"+0.449",449,18
1075,2022,18,11,11,"11","3","daniel-ricciardo","mclaren","mercedes","pirelli",,,"1:30.880",90880,"1:30.659",90659,,,,,,,11
1075,2022,18,12,12,"12","77","valtteri-bottas","alfa-romeo","ferrari","pirelli",,,"1:31.226",91226,"1:30.709",90709,,,,,,,12
1075,2022,18,13,13,"13","22","yuki-tsunoda","alphatauri","rbpt","pirelli",,,"1:31.130",91130,"1:30.808",90808,,,,,,,15
1075,2022,18,14,14,"14","24","guanyu-zhou","alfa-romeo","ferrari","pirelli",,,"1:30.894",90894,"1:30.953",90953,,,,,,,12
1075,2022,18,15,15,"15","47","mick-schumacher","haas","ferrari","pirelli",,,"1:31.152",91152,"1:31.439",91439,,,,,,,12
1075,2022,18,16,16,"16","23","alexander-albon","williams","mercedes","pirelli",,,"1:31.311",91311,,,,,,,,,6
1075,2022,18,17,17,"17","10","pierre-gasly","alphatauri","rbpt","pirelli",,,"1:31.322",91322,,,,,,,,,9
1075,2022,18,18,18,"18","20","kevin-magnussen","haas","ferrari","pirelli",,,"1:31.352",91352,,,,,,,,,6
1075,2022,18,19,19,"19","18","lance-stroll","aston-martin","mercedes","pirelli",,,"1:31.419",91419,,,,,,,,,6
1075,2022,18,20,20,"20","6","nicholas-latifi","williams","mercedes","pirelli",,,"1:31.511",91511,,,,,,,,,8
1076,2022,19,1,1,"1","55","carlos-sainz-jr","ferrari","ferrari","pirelli",,,"1:35.297",95297,"1:35.590",95590,"1:34.356",94356,,,,,14
1076,2022,19,2,2,"2","16","charles-leclerc","ferrari","ferrari","pirelli",,,"1:35.795",95795,"1:35.246",95246,"1:34.421",94421,"+0.065",65,"+0.065",65,14
1076,2022,19,3,3,"3","1","max-verstappen","red-bull","rbpt","pirelli",,,"1:35.864",95864,"1:35.294",95294,"1:34.448",94448,"+0.092",92,"+0.027",27,15
1076,2022,19,4,4,"4","11","sergio-perez","red-bull","rbpt","pirelli",,,"1:36.163",96163,"1:35.864",95864,"1:34.645",94645,"+0.289",289,"+0.197",197,12
1076,2022,19,5,5,"5","44","lewis-hamilton","mercedes","mercedes","pirelli",,,"1:36.148",96148,"1:35.732",95732,"1:34.947",94947,"+0.591",591,"+0.302",302,18
1076,2022,19,6,6,"6","63","george-russell","mercedes","mercedes","pirelli",,,"1:36.195",96195,"1:35.692",95692,"1:34.988",94988,"+0.632",632,"+0.041",41,19
1076,2022,19,7,7,"7","18","lance-stroll","aston-martin","mercedes","pirelli",,,"1:36.860",96860,"1:36.032",96032,"1:35.598",95598,"+1.242",1242,"+0.610",610,15
1076,2022,19,8,8,"8","4","lando-norris","mclaren","mercedes","pirelli",,,"1:36.465",96465,"1:36.341",96341,"1:35.690",95690,"+1.334",1334,"+0.092",92,18
1076,2022,19,9,9,"9","14","fernando-alonso","alpine","renault","pirelli",,,"1:36.446",96446,"1:35.988",95988,"1:35.876",95876,"+1.520",1520,"+0.186",186,17
1076,2022,19,10,10,"10","77","valtteri-bottas","alfa-romeo","ferrari","pirelli",,,"1:36.746",96746,"1:36.321",96321,"1:36.319",96319,"+1.963",1963,"+0.443",443,18
1076,2022,19,11,11,"11","23","alexander-albon","williams","mercedes","pirelli",,,"1:36.932",96932,"1:36.368",96368,,,,,,,15
1076,2022,19,12,12,"12","5","sebastian-vettel","aston-martin","mercedes","pirelli",,,"1:36.695",96695,"1:36.398",96398,,,,,,,12
1076,2022,19,13,13,"13","10","pierre-gasly","alphatauri","rbpt","pirelli",,,"1:36.577",96577,"1:36.740",96740,,,,,,,11
1076,2022,19,14,14,"14","24","guanyu-zhou","alfa-romeo","ferrari","pirelli",,,"1:36.656",96656,"1:36.970",96970,,,,,,,15
1076,2022,19,15,15,"15","22","yuki-tsunoda","alphatauri","rbpt","pirelli",,,"1:36.808",96808,"1:37.147",97147,,,,,,,12
1076,2022,19,16,16,"16","20","kevin-magnussen","haas","ferrari","pirelli",,,"1:36.949",96949,,,,,,,,,8
1076,2022,19,17,17,"17","3","daniel-ricciardo","mclaren","mercedes","pirelli",,,"1:37.046",97046,,,,,,,,,6
1076,2022,19,18,18,"18","31","esteban-ocon","alpine","renault","pirelli",,,"1:37.068",97068,,,,,,,,,6
1076,2022,19,19,19,"19","47","mick-schumacher","haas","ferrari","pirelli",,,"1:37.111",97111,,,,,,,,,8
1076,2022,19,20,20,"20","6","nicholas-latifi","williams","mercedes","pirelli",,,"1:37.244",97244,,,,,,,,,8
1077,2022,20,1,1,"1","1","max-verstappen","red-bull","rbpt","pirelli",,,"1:19.222",79222,"1:18.566",78566,"1:17.775",77775,,,,,16
1077,2022,20,2,2,"2","63","george-russell","mercedes","mercedes","pirelli",,,"1:19.583",79583,"1:18.565",78565,"1:18.079",78079,"+0.304",304,"+0.304",304,18
1077,2022,20,3,3,"3","44","lewis-hamilton","mercedes","mercedes","pirelli",,,"1:19.169",79169,"1:18.552",78552,"1:18.084",78084,"+0.309",309,"+0.005",5,19
1077,2022,20,4,4,"4","11","sergio-perez","red-bull","rbpt","pirelli",,,"1:19.706",79706,"1:18.615",78615,"1:18.128",78128,"+0.353",353,"+0.044",44,18
1077,2022,20,5,5,"5","55","carlos-sainz-jr","ferrari","ferrari","pirelli",,,"1:19.566",79566,"1:18.560",78560,"1:18.351",78351,"+0.576",576,"+0.223",223,17
1077,2022,20,6,6,"6","77","valtteri-bottas","alfa-romeo","ferrari","pirelli",,,"1:19.523",79523,"1:18.762",78762,"1:18.401",78401,"+0.626",626,"+0.050",50,18
1077,2022,20,7,7,"7","16","charles-leclerc","ferrari","ferrari","pirelli",,,"1:19.505",79505,"1:19.109",79109,"1:18.555",78555,"+0.780",780,"+0.154",154,18
1077,2022,20,8,8,"8","4","lando-norris","mclaren","mercedes","pirelli",,,"1:19.857",79857,"1:19.119",79119,"1:18.721",78721,"+0.946",946,"+0.166",166,19
1077,2022,20,9,9,"9","14","fernando-alonso","alpine","renault","pirelli",,,"1:20.006",80006,"1:19.272",79272,"1:18.939",78939,"+1.164",1164,"+0.218",218,15
1077,2022,20,10,10,"10","31","esteban-ocon","alpine","renault","pirelli",,,"1:19.945",79945,"1:19.081",79081,"1:19.010",79010,"+1.235",1235,"+0.071",71,18
1077,2022,20,11,11,"11","3","daniel-ricciardo","mclaren","mercedes","pirelli",,,"1:20.279",80279,"1:19.325",79325,,,,,,,14
1077,2022,20,12,12,"12","24","guanyu-zhou","alfa-romeo","ferrari","pirelli",,,"1:20.283",80283,"1:19.476",79476,,,,,,,12
1077,2022,20,13,13,"13","22","yuki-tsunoda","alphatauri","rbpt","pirelli",,,"1:19.907",79907,"1:19.589",79589,,,,,,,13
1077,2022,20,14,14,"14","10","pierre-gasly","alphatauri","rbpt","pirelli",,,"1:20.256",80256,"1:19.672",79672,,,,,,,15
1077,2022,20,15,15,"15","20","kevin-magnussen","haas","ferrari","pirelli",,,"1:20.293",80293,"1:19.833",79833,,,,,,,17
1077,2022,20,16,16,"16","47","mick-schumacher","haas","ferrari","pirelli",,,"1:20.419",80419,,,,,,,,,11
1077,2022,20,17,17,"17","5","sebastian-vettel","aston-martin","mercedes","pirelli",,,"1:20.419",80419,,,,,,,,,10
1077,2022,20,18,18,"18","18","lance-stroll","aston-martin","mercedes","pirelli",,,"1:20.520",80520,,,,,,,,,10
1077,2022,20,19,19,"19","23","alexander-albon","williams","mercedes","pirelli",,,"1:20.859",80859,,,,,,,,,10
1077,2022,20,20,20,"20","6","nicholas-latifi","williams","mercedes","pirelli",,,"1:21.167",81167,,,,,,,,,10
1078,2022,21,1,1,"1","20","kevin-magnussen","haas","ferrari","pirelli",,,"1:13.954",73954,"1:11.410",71410,"1:11.674",71674,,,,,26
1078,2022,21,2,2,"2","1","max-verstappen","red-bull","rbpt","pirelli",,,"1:13.625",73625,"1:10.881",70881,"1:11.877",71877,"+0.203",203,"+0.203",203,23
1078,2022,21,3,3,"3","63","george-russell","mercedes","mercedes","pirelli",,,"1:14.427",74427,"1:11.318",71318,"1:12.059",72059,"+0.385",385,"+0.182",182,24
1078,2022,21,4,4,"4","4","lando-norris","mclaren","mercedes","pirelli",,,"1:13.106",73106,"1:11.377",71377,"1:12.263",72263,"+0.589",589,"+0.204",204,25
1078,2022,21,5,5,"5","55","carlos-sainz-jr","ferrari","ferrari","pirelli",,,"1:14.680",74680,"1:10.890",70890,"1:12.357",72357,"+0.683",683,"+0.094",94,24
1078,2022,21,6,6,"6","31","esteban-ocon","alpine","renault","pirelli",,,"1:14.663",74663,"1:11.587",71587,"1:12.425",72425,"+0.751",751,"+0.068",68,22
1078,2022,21,7,7,"7","14","fernando-alonso","alpine","renault","pirelli",,,"1:13.542",73542,"1:11.394",71394,"1:12.504",72504,"+0.830",830,"+0.079",79,21
1078,2022,21,8,8,"8","44","lewis-hamilton","mercedes","mercedes","pirelli",,,"1:13.403",73403,"1:11.539",71539,"1:12.611",72611,"+0.937",937,"+0.107",107,25
1078,2022,21,9,9,"9","11","sergio-perez","red-bull","rbpt","pirelli",,,"1:13.613",73613,"1:11.456",71456,"1:15.601",75601,"+3.927",3927,"+2.990",2990,26
1078,2022,21,10,10,"10","16","charles-leclerc","ferrari","ferrari","pirelli",,,"1:14.486",74486,"1:10.950",70950,,,,,,,25
1078,2022,21,11,11,"11","23","alexander-albon","williams","mercedes","pirelli",,,"1:14.324",74324,"1:11.631",71631,,,,,,,21
1078,2022,21,12,12,"12","10","pierre-gasly","alphatauri","rbpt","pirelli",,,"1:14.371",74371,"1:11.675",71675,,,,,,,24
1078,2022,21,13,13,"13","5","sebastian-vettel","aston-martin","mercedes","pirelli",,,"1:13.597",73597,"1:11.678",71678,,,,,,,23
1078,2022,21,14,14,"14","3","daniel-ricciardo","mclaren","mercedes","pirelli",,,"1:14.931",74931,"1:12.140",72140,,,,,,,21
1078,2022,21,15,15,"15","18","lance-stroll","aston-martin","mercedes","pirelli",,,"1:14.398",74398,"1:12.210",72210,,,,,,,24
1078,2022,21,16,16,"16","6","nicholas-latifi","williams","mercedes","pirelli",,,"1:15.095",75095,,,,,,,,,13
1078,2022,21,17,17,"17","24","guanyu-zhou","alfa-romeo","ferrari","pirelli",,,"1:15.197",75197,,,,,,,,,12
1078,2022,21,18,18,"18","77","valtteri-bottas","alfa-romeo","ferrari","pirelli",,,"1:15.486",75486,,,,,,,,,13
1078,2022,21,19,19,"19","22","yuki-tsunoda","alphatauri","rbpt","pirelli",,,"1:16.264",76264,,,,,,,,,12
1078,2022,21,20,20,"20","47","mick-schumacher","haas","ferrari","pirelli",,,"1:16.361",76361,,,,,,,,,12
1079,2022,22,1,1,"1","1","max-verstappen","red-bull","rbpt","pirelli",,,"1:24.754",84754,"1:24.622",84622,"1:23.824",83824,,,,,17
1079,2022,22,2,2,"2","11","sergio-perez","red-bull","rbpt","pirelli",,,"1:24.820",84820,"1:24.419",84419,"1:24.052",84052,"+0.228",228,"+0.228",228,18
1079,2022,22,3,3,"3","16","charles-leclerc","ferrari","ferrari","pirelli",,,"1:25.211",85211,"1:24.517",84517,"1:24.092",84092,"+0.268",268,"+0.040",40,17
1079,2022,22,4,4,"4","55","carlos-sainz-jr","ferrari","ferrari","pirelli",,,"1:25.090",85090,"1:24.521",84521,"1:24.242",84242,"+0.418",418,"+0.150",150,16
1079,2022,22,5,5,"5","44","lewis-hamilton","mercedes","mercedes","pirelli",,,"1:25.594",85594,"1:24.774",84774,"1:24.508",84508,"+0.684",684,"+0.266",266,21
1079,2022,22,6,6,"6","63","george-russell","mercedes","mercedes","pirelli",,,"1:25.545",85545,"1:24.940",84940,"1:24.511",84511,"+0.687",687,"+0.003",3,20
1079,2022,22,7,7,"7","4","lando-norris","mclaren","mercedes","pirelli",,,"1:25.387",85387,"1:24.903",84903,"1:24.769",84769,"+0.945",945,"+0.258",258,17
1079,2022,22,8,8,"8","31","esteban-ocon","alpine","renault","pirelli",,,"1:25.735",85735,"1:25.007",85007,"1:24.830",84830,"+1.006",1006,"+0.061",61,17
1079,2022,22,9,9,"9","5","sebastian-vettel","aston-martin","mercedes","pirelli",,,"1:25.523",85523,"1:24.974",84974,"1:24.961",84961,"+1.137",1137,"+0.131",131,18
1079,2022,22,10,10,"10","3","daniel-ricciardo","mclaren","mercedes","pirelli",,,"1:25.766",85766,"1:25.068",85068,"1:25.045",85045,"+1.221",1221,"+0.084",84,15
1079,2022,22,11,11,"11","14","fernando-alonso","alpine","renault","pirelli",,,"1:25.782",85782,"1:25.096",85096,,,,,,,12
1079,2022,22,12,12,"12","22","yuki-tsunoda","alphatauri","rbpt","pirelli",,,"1:25.630",85630,"1:25.219",85219,,,,,,,15
1079,2022,22,13,13,"13","47","mick-schumacher","haas","ferrari","pirelli",,,"1:25.711",85711,"1:25.225",85225,,,,,,,15
1079,2022,22,14,14,"14","18","lance-stroll","aston-martin","mercedes","pirelli",,,"1:25.741",85741,"1:25.359",85359,,,,,,,15
1079,2022,22,15,15,"15","24","guanyu-zhou","alfa-romeo","ferrari","pirelli",,,"1:25.594",85594,"1:25.408",85408,,,,,,,12
1079,2022,22,16,16,"16","20","kevin-magnussen","haas","ferrari","pirelli",,,"1:25.834",85834,,,,,,,,,9
1079,2022,22,17,17,"17","10","pierre-gasly","alphatauri","rbpt","pirelli",,,"1:25.859",85859,,,,,,,,,9
1079,2022,22,18,18,"18","77","valtteri-bottas","alfa-romeo","ferrari","pirelli",,,"1:25.892",85892,,,,,,,,,6
1079,2022,22,19,19,"19","23","alexander-albon","williams","mercedes","pirelli",,,"1:26.028",86028,,,,,,,,,9
1079,2022,22,20,20,"20","6","nicholas-latifi","williams","mercedes","pirelli",,,"1:26.054",86054,,,,,,,,,9
1080,2023,1,1,1,"1","1","max-verstappen","red-bull","honda-rbpt","pirelli",,,"1:31.295",91295,"1:30.503",90503,"1:29.708",89708,,,,,15
1080,2023,1,2,2,"2","11","sergio-perez","red-bull","honda-rbpt","pirelli",,,"1:31.479",91479,"1:30.746",90746,"1:29.846",89846,"+0.138",138,"+0.138",138,15
1080,2023,1,3,3,"3","16","charles-leclerc","ferrari","ferrari","pirelli",,,"1:31.094",91094,"1:30.282",90282,"1:30.000",90000,"+0.292",292,"+0.154",154,17
1080,2023,1,4,4,"4","55","carlos-sainz-jr","ferrari","ferrari","pirelli",,,"1:30.993",90993,"1:30.515",90515,"1:30.154",90154,"+0.446",446,"+0.154",154,18
1080,2023,1,5,5,"5","14","fernando-alonso","aston-martin","mercedes","pirelli",,,"1:31.158",91158,"1:30.645",90645,"1:30.336",90336,"+0.628",628,"+0.182",182,15
1080,2023,1,6,6,"6","63","george-russell","mercedes","mercedes","pirelli",,,"1:31.057",91057,"1:30.507",90507,"1:30.340",90340,"+0.632",632,"+0.004",4,15
1080,2023,1,7,7,"7","44","lewis-hamilton","mercedes","mercedes","pirelli",,,"1:31.543",91543,"1:30.513",90513,"1:30.384",90384,"+0.676",676,"+0.044",44,15
1080,2023,1,8,8,"8","18","lance-stroll","aston-martin","mercedes","pirelli",,,"1:31.184",91184,"1:31.127",91127,"1:30.836",90836,"+1.128",1128,"+0.452",452,18
1080,2023,1,9,9,"9","31","esteban-ocon","alpine","renault","pirelli",,,"1:31.508",91508,"1:30.914",90914,"1:30.984",90984,"+1.276",1276,"+0.148",148,15
1080,2023,1,10,10,"10","27","nico-hulkenberg","haas","ferrari","pirelli",,,"1:31.204",91204,"1:30.809",90809,,,,,,,17
1080,2023,1,11,11,"11","4","lando-norris","mclaren","mercedes","pirelli",,,"1:31.652",91652,"1:31.381",91381,,,,,,,13
1080,2023,1,12,12,"12","77","valtteri-bottas","alfa-romeo","ferrari","pirelli",,,"1:31.504",91504,"1:31.443",91443,,,,,,,12
1080,2023,1,13,13,"13","24","guanyu-zhou","alfa-romeo","ferrari","pirelli",,,"1:31.615",91615,"1:31.473",91473,,,,,,,12
1080,2023,1,14,14,"14","22","yuki-tsunoda","alphatauri","honda-rbpt","pirelli",,,"1:31.400",91400,"1:32.510",92510,,,,,,,15
1080,2023,1,15,15,"15","23","alexander-albon","williams","mercedes","pirelli",,,"1:31.461",91461,,,,,,,,,8
1080,2023,1,16,16,"16","2","logan-sargeant","williams","mercedes","pirelli",,,"1:31.652",91652,,,,,,,,,6
1080,2023,1,17,17,"17","20","kevin-magnussen","haas","ferrari","pirelli",,,"1:31.892",91892,,,,,,,,,6
1080,2023,1,18,18,"18","81","oscar-piastri","mclaren","mercedes","pirelli",,,"1:32.101",92101,,,,,,,,,7
1080,2023,1,19,19,"19","21","nyck-de-vries","alphatauri","honda-rbpt","pirelli",,,"1:32.121",92121,,,,,,,,,9
1080,2023,1,20,20,"20","10","pierre-gasly","alpine","renault","pirelli",,,"1:32.181",92181,,,,,,,,,6
1081,2023,2,1,1,"1","11","sergio-perez","red-bull","honda-rbpt","pirelli",,,"1:29.244",89244,"1:28.635",88635,"1:28.265",88265,,,,,18
1081,2023,2,2,2,"2","16","charles-leclerc","ferrari","ferrari","pirelli",,,"1:29.376",89376,"1:28.903",88903,"1:28.420",88420,"+0.155",155,"+0.155",155,19
1081,2023,2,3,3,"3","14","fernando-alonso","aston-martin","mercedes","pirelli",,,"1:29.298",89298,"1:28.757",88757,"1:28.730",88730,"+0.465",465,"+0.310",310,18
1081,2023,2,4,4,"4","63","george-russell","mercedes","mercedes","pirelli",,,"1:29.592",89592,"1:29.132",89132,"1:28.857",88857,"+0.592",592,"+0.127",127,21
1081,2023,2,5,5,"5","55","carlos-sainz-jr","ferrari","ferrari","pirelli",,,"1:29.411",89411,"1:28.957",88957,"1:28.931",88931,"+0.666",666,"+0.074",74,24
1081,2023,2,6,6,"6","18","lance-stroll","aston-martin","mercedes","pirelli",,,"1:29.335",89335,"1:28.962",88962,"1:28.945",88945,"+0.680",680,"+0.014",14,20
1081,2023,2,7,7,"7","31","esteban-ocon","alpine","renault","pirelli",,,"1:29.707",89707,"1:29.255",89255,"1:29.078",89078,"+0.813",813,"+0.133",133,24
1081,2023,2,8,8,"8","44","lewis-hamilton","mercedes","mercedes","pirelli",,,"1:29.689",89689,"1:29.374",89374,"1:29.223",89223,"+0.958",958,"+0.145",145,21
1081,2023,2,9,9,"9","81","oscar-piastri","mclaren","mercedes","pirelli",,,"1:29.706",89706,"1:29.378",89378,"1:29.243",89243,"+0.978",978,"+0.020",20,23
1081,2023,2,10,10,"10","10","pierre-gasly","alpine","renault","pirelli",,,"1:29.890",89890,"1:29.411",89411,"1:29.357",89357,"+1.092",1092,"+0.114",114,23
1081,2023,2,11,11,"11","27","nico-hulkenberg","haas","ferrari","pirelli",,,"1:29.547",89547,"1:29.451",89451,,,,,,,18
1081,2023,2,12,12,"12","24","guanyu-zhou","alfa-romeo","ferrari","pirelli",,,"1:29.654",89654,"1:29.461",89461,,,,,,,18
1081,2023,2,13,13,"13","20","kevin-magnussen","haas","ferrari","pirelli",,,"1:29.744",89744,"1:29.634",89634,,,,,,,17
1081,2023,2,14,14,"14","77","valtteri-bottas","alfa-romeo","ferrari","pirelli",,,"1:29.929",89929,"1:29.668",89668,,,,,,,18
1081,2023,2,15,15,"15","1","max-verstappen","red-bull","honda-rbpt","pirelli",,,"1:28.761",88761,"1:49.953",109953,,,,,,,6
1081,2023,2,16,16,"16","22","yuki-tsunoda","alphatauri","honda-rbpt","pirelli",,,"1:29.939",89939,,,,,,,,,10
1081,2023,2,17,17,"17","23","alexander-albon","williams","mercedes","pirelli",,,"1:29.994",89994,,,,,,,,,9
1081,2023,2,18,18,"18","21","nyck-de-vries","alphatauri","honda-rbpt","pirelli",,,"1:30.244",90244,,,,,,,,,10
1081,2023,2,19,19,"19","4","lando-norris","mclaren","mercedes","pirelli",,,"1:30.447",90447,,,,,,,,,4
1081,2023,2,20,,"NC","2","logan-sargeant","williams","mercedes","pirelli",,,"2:08.510",128510,,,,,,,,,8
1082,2023,3,1,1,"1","1","max-verstappen","red-bull","honda-rbpt","pirelli",,,"1:17.384",77384,"1:17.056",77056,"1:16.732",76732,,,,,24
1082,2023,3,2,2,"2","63","george-russell","mercedes","mercedes","pirelli",,,"1:17.654",77654,"1:17.513",77513,"1:16.968",76968,"+0.236",236,"+0.236",236,29
1082,2023,3,3,3,"3","44","lewis-hamilton","mercedes","mercedes","pirelli",,,"1:17.689",77689,"1:17.551",77551,"1:17.104",77104,"+0.372",372,"+0.136",136,28
1082,2023,3,4,4,"4","14","fernando-alonso","aston-martin","mercedes","pirelli",,,"1:17.832",77832,"1:17.283",77283,"1:17.139",77139,"+0.407",407,"+0.035",35,26
1082,2023,3,5,5,"5","55","carlos-sainz-jr","ferrari","ferrari","pirelli",,,"1:17.928",77928,"1:17.349",77349,"1:17.270",77270,"+0.538",538,"+0.131",131,28
1082,2023,3,6,6,"6","18","lance-stroll","aston-martin","mercedes","pirelli",,,"1:17.873",77873,"1:17.616",77616,"1:17.308",77308,"+0.576",576,"+0.038",38,26
1082,2023,3,7,7,"7","16","charles-leclerc","ferrari","ferrari","pirelli",,,"1:18.218",78218,"1:17.390",77390,"1:17.369",77369,"+0.637",637,"+0.061",61,25
1082,2023,3,8,8,"8","23","alexander-albon","williams","mercedes","pirelli",,,"1:17.962",77962,"1:17.761",77761,"1:17.609",77609,"+0.877",877,"+0.240",240,27
1082,2023,3,9,9,"9","10","pierre-gasly","alpine","renault","pirelli",,,"1:18.312",78312,"1:17.574",77574,"1:17.675",77675,"+0.943",943,"+0.066",66,25
1082,2023,3,10,10,"10","27","nico-hulkenberg","haas","ferrari","pirelli",,,"1:18.029",78029,"1:17.412",77412,"1:17.735",77735,"+1.003",1003,"+0.060",60,26
1082,2023,3,11,11,"11","31","esteban-ocon","alpine","renault","pirelli",,,"1:17.770",77770,"1:17.768",77768,,,,,,,18
1082,2023,3,12,12,"12","22","yuki-tsunoda","alphatauri","honda-rbpt","pirelli",,,"1:18.471",78471,"1:18.099",78099,,,,,,,22
1082,2023,3,13,13,"13","4","lando-norris","mclaren","mercedes","pirelli",,,"1:18.243",78243,"1:18.119",78119,,,,,,,24
1082,2023,3,14,14,"14","20","kevin-magnussen","haas","ferrari","pirelli",,,"1:18.159",78159,"1:18.129",78129,,,,,,,18
1082,2023,3,15,15,"15","21","nyck-de-vries","alphatauri","honda-rbpt","pirelli",,,"1:18.450",78450,"1:18.335",78335,,,,,,,23
1082,2023,3,16,16,"16","81","oscar-piastri","mclaren","mercedes","pirelli",,,"1:18.517",78517,,,,,,,,,12
1082,2023,3,17,17,"17","24","guanyu-zhou","alfa-romeo","ferrari","pirelli",,,"1:18.540",78540,,,,,,,,,12
1082,2023,3,18,18,"18","2","logan-sargeant","williams","mercedes","pirelli",,,"1:18.557",78557,,,,,,,,,12
1082,2023,3,19,19,"19","77","valtteri-bottas","alfa-romeo","ferrari","pirelli",,,"1:18.714",78714,,,,,,,,,12
1082,2023,3,20,,"NC","11","sergio-perez","red-bull","honda-rbpt","pirelli",,,,,,,,,,,,,2
1083,2023,4,1,1,"1","16","charles-leclerc","ferrari","ferrari","pirelli",,,"1:41.269",101269,"1:41.037",101037,"1:40.203",100203,,,,,21
1083,2023,4,2,2,"2","1","max-verstappen","red-bull","honda-rbpt","pirelli",,,"1:41.398",101398,"1:40.822",100822,"1:40.391",100391,"+0.188",188,"+0.188",188,20
1083,2023,4,3,3,"3","11","sergio-perez","red-bull","honda-rbpt","pirelli",,,"1:41.756",101756,"1:41.131",101131,"1:40.495",100495,"+0.292",292,"+0.104",104,21
1083,2023,4,4,4,"4","55","carlos-sainz-jr","ferrari","ferrari","pirelli",,,"1:42.197",102197,"1:41.369",101369,"1:41.016",101016,"+0.813",813,"+0.521",521,24
1083,2023,4,5,5,"5","44","lewis-hamilton","mercedes","mercedes","pirelli",,,"1:42.113",102113,"1:41.650",101650,"1:41.177",101177,"+0.974",974,"+0.161",161,24
1083,2023,4,6,6,"6","14","fernando-alonso","aston-martin","mercedes","pirelli",,,"1:41.720",101720,"1:41.370",101370,"1:41.253",101253,"+1.050",1050,"+0.076",76,23
1083,2023,4,7,7,"7","4","lando-norris","mclaren","mercedes","pirelli",,,"1:42.154",102154,"1:41.485",101485,"1:41.281",101281,"+1.078",1078,"+0.028",28,20
1083,2023,4,8,8,"8","22","yuki-tsunoda","alphatauri","honda-rbpt","pirelli",,,"1:42.234",102234,"1:41.569",101569,"1:41.581",101581,"+1.378",1378,"+0.300",300,23
1083,2023,4,9,9,"9","18","lance-stroll","aston-martin","mercedes","pirelli",,,"1:42.524",102524,"1:41.576",101576,"1:41.611",101611,"+1.408",1408,"+0.030",30,23
1083,2023,4,10,10,"10","81","oscar-piastri","mclaren","mercedes","pirelli",,,"1:42.455",102455,"1:41.636",101636,"1:41.611",101611,"+1.408",1408,"+0.000",0,24
1083,2023,4,11,11,"11","63","george-russell","mercedes","mercedes","pirelli",,,"1:42.073",102073,"1:41.654",101654,,,,,,,18
1083,2023,4,12,12,"12","31","esteban-ocon","alpine","renault","pirelli",,,"1:42.622",102622,"1:41.798",101798,,,,,,,19
1083,2023,4,13,13,"13","23","alexander-albon","williams","mercedes","pirelli",,,"1:42.171",102171,"1:41.818",101818,,,,,,,19
1083,2023,4,14,14,"14","77","valtteri-bottas","alfa-romeo","ferrari","pirelli",,,"1:42.582",102582,"1:42.259",102259,,,,,,,19
1083,2023,4,15,15,"15","2","logan-sargeant","williams","mercedes","pirelli",,,"1:42.242",102242,"1:42.395",102395,,,,,,,19
1083,2023,4,16,16,"16","24","guanyu-zhou","alfa-romeo","ferrari","pirelli",,,"1:42.642",102642,,,,,,,,,11
1083,2023,4,17,17,"17","27","nico-hulkenberg","haas","ferrari","pirelli",,,"1:42.755",102755,,,,,,,,,10
1083,2023,4,18,18,"18","20","kevin-magnussen","haas","ferrari","pirelli",,,"1:43.417",103417,,,,,,,,,9
1083,2023,4,19,19,"19","10","pierre-gasly","alpine","renault","pirelli",,,"1:44.853",104853,,,,,,,,,6
1083,2023,4,20,,"NC","21","nyck-de-vries","alphatauri","honda-rbpt","pirelli",,,"1:55.282",115282,,,,,,,,,3
1084,2023,5,1,1,"1","11","sergio-perez","red-bull","honda-rbpt","pirelli",,,"1:27.713",87713,"1:27.328",87328,"1:26.841",86841,,,,,20
1084,2023,5,2,2,"2","14","fernando-alonso","aston-martin","mercedes","pirelli",,,"1:28.179",88179,"1:27.097",87097,"1:27.202",87202,"+0.361",361,"+0.361",361,19
1084,2023,5,3,3,"3","55","carlos-sainz-jr","ferrari","ferrari","pirelli",,,"1:27.686",87686,"1:27.148",87148,"1:27.349",87349,"+0.508",508,"+0.147",147,18
1084,2023,5,4,4,"4","20","kevin-magnussen","haas","ferrari","pirelli",,,"1:27.809",87809,"1:27.673",87673,"1:27.767",87767,"+0.926",926,"+0.418",418,19
1084,2023,5,5,5,"5","10","pierre-gasly","alpine","renault","pirelli",,,"1:28.061",88061,"1:27.612",87612,"1:27.786",87786,"+0.945",945,"+0.019",19,20
1084,2023,5,6,6,"6","63","george-russell","mercedes","mercedes","pirelli",,,"1:28.086",88086,"1:27.743",87743,"1:27.804",87804,"+0.963",963,"+0.018",18,20
1084,2023,5,7,7,"7","16","charles-leclerc","ferrari","ferrari","pirelli",,,"1:27.713",87713,"1:26.964",86964,"1:27.861",87861,"+1.020",1020,"+0.057",57,19
1084,2023,5,8,8,"8","31","esteban-ocon","alpine","renault","pirelli",,,"1:27.872",87872,"1:27.444",87444,"1:27.935",87935,"+1.094",1094,"+0.074",74,20
1084,2023,5,9,9,"9","1","max-verstappen","red-bull","honda-rbpt","pirelli",,,"1:27.363",87363,"1:26.814",86814,,,,,,,15
1084,2023,5,10,10,"10","77","valtteri-bottas","alfa-romeo","ferrari","pirelli",,,"1:27.864",87864,"1:27.564",87564,,,,,,,15
1084,2023,5,11,11,"11","23","alexander-albon","williams","mercedes","pirelli",,,"1:28.234",88234,"1:27.795",87795,,,,,,,15
1084,2023,5,12,12,"12","27","nico-hulkenberg","haas","ferrari","pirelli",,,"1:27.945",87945,"1:27.903",87903,,,,,,,15
1084,2023,5,13,13,"13","44","lewis-hamilton","mercedes","mercedes","pirelli",,,"1:27.846",87846,"1:27.975",87975,,,,,,,15
1084,2023,5,14,14,"14","24","guanyu-zhou","alfa-romeo","ferrari","pirelli",,,"1:28.180",88180,"1:28.091",88091,,,,,,,17
1084,2023,5,15,15,"15","21","nyck-de-vries","alphatauri","honda-rbpt","pirelli",,,"1:28.325",88325,"1:28.395",88395,,,,,,,16
1084,2023,5,16,16,"16","4","lando-norris","mclaren","mercedes","pirelli",,,"1:28.394",88394,,,,,,,,,8
1084,2023,5,17,17,"17","22","yuki-tsunoda","alphatauri","honda-rbpt","pirelli",,,"1:28.429",88429,,,,,,,,,10
1084,2023,5,18,18,"18","18","lance-stroll","aston-martin","mercedes","pirelli",,,"1:28.476",88476,,,,,,,,,8
1084,2023,5,19,19,"19","81","oscar-piastri","mclaren","mercedes","pirelli",,,"1:28.484",88484,,,,,,,,,9
1084,2023,5,20,20,"20","2","logan-sargeant","williams","mercedes","pirelli",,,"1:28.577",88577,,,,,,,,,10
1085,2023,6,1,1,"1","1","max-verstappen","red-bull","honda-rbpt","pirelli",,,"1:12.386",72386,"1:11.908",71908,"1:11.365",71365,,,,,30
1085,2023,6,2,2,"2","14","fernando-alonso","aston-martin","mercedes","pirelli",,,"1:12.886",72886,"1:12.107",72107,"1:11.449",71449,"+0.084",84,"+0.084",84,25
1085,2023,6,3,3,"3","16","charles-leclerc","ferrari","ferrari","pirelli",,,"1:12.912",72912,"1:12.103",72103,"1:11.471",71471,"+0.106",106,"+0.022",22,26
1085,2023,6,4,4,"4","31","esteban-ocon","alpine","renault","pirelli",,,"1:12.967",72967,"1:12.248",72248,"1:11.553",71553,"+0.188",188,"+0.082",82,26
1085,2023,6,5,5,"5","55","carlos-sainz-jr","ferrari","ferrari","pirelli",,,"1:12.717",72717,"1:12.210",72210,"1:11.630",71630,"+0.265",265,"+0.077",77,28
1085,2023,6,6,6,"6","44","lewis-hamilton","mercedes","mercedes","pirelli",,,"1:12.872",72872,"1:12.156",72156,"1:11.725",71725,"+0.360",360,"+0.095",95,30
1085,2023,6,7,7,"7","10","pierre-gasly","alpine","renault","pirelli",,,"1:13.033",73033,"1:12.169",72169,"1:11.933",71933,"+0.568",568,"+0.208",208,25
1085,2023,6,8,8,"8","63","george-russell","mercedes","mercedes","pirelli",,,"1:12.769",72769,"1:12.151",72151,"1:11.964",71964,"+0.599",599,"+0.031",31,29
1085,2023,6,9,9,"9","22","yuki-tsunoda","alphatauri","honda-rbpt","pirelli",,,"1:12.642",72642,"1:12.249",72249,"1:12.082",72082,"+0.717",717,"+0.118",118,29
1085,2023,6,10,10,"10","4","lando-norris","mclaren","mercedes","pirelli",,,"1:12.877",72877,"1:12.377",72377,"1:12.254",72254,"+0.889",889,"+0.172",172,23
1085,2023,6,11,11,"11","81","oscar-piastri","mclaren","mercedes","pirelli",,,"1:13.006",73006,"1:12.395",72395,,,,,,,22
1085,2023,6,12,12,"12","21","nyck-de-vries","alphatauri","honda-rbpt","pirelli",,,"1:13.054",73054,"1:12.428",72428,,,,,,,20
1085,2023,6,13,13,"13","23","alexander-albon","williams","mercedes","pirelli",,,"1:12.706",72706,"1:12.527",72527,,,,,,,19
1085,2023,6,14,14,"14","18","lance-stroll","aston-martin","mercedes","pirelli",,,"1:12.722",72722,"1:12.623",72623,,,,,,,19
1085,2023,6,15,15,"15","77","valtteri-bottas","alfa-romeo","ferrari","pirelli",,,"1:13.038",73038,"1:12.625",72625,,,,,,,22
1085,2023,6,16,16,"16","2","logan-sargeant","williams","mercedes","pirelli",,,"1:13.113",73113,,,,,,,,,13
1085,2023,6,17,17,"17","20","kevin-magnussen","haas","ferrari","pirelli",,,"1:13.270",73270,,,,,,,,,9
1085,2023,6,18,18,"18","27","nico-hulkenberg","haas","ferrari","pirelli",,,"1:13.279",73279,,,,,,,,,8
1085,2023,6,19,19,"19","24","guanyu-zhou","alfa-romeo","ferrari","pirelli",,,"1:13.523",73523,,,,,,,,,13
1085,2023,6,20,20,"20","11","sergio-perez","red-bull","honda-rbpt","pirelli",,,"1:13.850",73850,,,,,,,,,4
1086,2023,7,1,1,"1","1","max-verstappen","red-bull","honda-rbpt","pirelli",,,"1:13.615",73615,"1:12.760",72760,"1:12.272",72272,,,,,20
1086,2023,7,2,2,"2","55","carlos-sainz-jr","ferrari","ferrari","pirelli",,,"1:13.411",73411,"1:12.790",72790,"1:12.734",72734,"+0.462",462,"+0.462",462,22
1086,2023,7,3,3,"3","4","lando-norris","mclaren","mercedes","pirelli",,,"1:13.295",73295,"1:12.776",72776,"1:12.792",72792,"+0.520",520,"+0.058",58,22
1086,2023,7,4,4,"4","10","pierre-gasly","alpine","renault","pirelli",,,"1:13.471",73471,"1:13.186",73186,"1:12.816",72816,"+0.544",544,"+0.024",24,21
1086,2023,7,5,5,"5","44","lewis-hamilton","mercedes","mercedes","pirelli",,,"1:12.937",72937,"1:12.999",72999,"1:12.818",72818,"+0.546",546,"+0.002",2,23
1086,2023,7,6,6,"6","18","lance-stroll","aston-martin","mercedes","pirelli",,,"1:13.766",73766,"1:13.082",73082,"1:12.994",72994,"+0.722",722,"+0.176",176,23
1086,2023,7,7,7,"7","31","esteban-ocon","alpine","renault","pirelli",,,"1:13.433",73433,"1:13.001",73001,"1:13.083",73083,"+0.811",811,"+0.089",89,21
1086,2023,7,8,8,"8","27","nico-hulkenberg","haas","ferrari","pirelli",,,"1:13.420",73420,"1:13.283",73283,"1:13.229",73229,"+0.957",957,"+0.146",146,18
1086,2023,7,9,9,"9","14","fernando-alonso","aston-martin","mercedes","pirelli",,,"1:13.747",73747,"1:13.098",73098,"1:13.507",73507,"+1.235",1235,"+0.278",278,18
1086,2023,7,10,10,"10","81","oscar-piastri","mclaren","mercedes","pirelli",,,"1:13.691",73691,"1:13.059",73059,"1:13.682",73682,"+1.410",1410,"+0.175",175,20
1086,2023,7,11,11,"11","11","sergio-perez","red-bull","honda-rbpt","pirelli",,,"1:13.874",73874,"1:13.334",73334,,,,,,,17
1086,2023,7,12,12,"12","63","george-russell","mercedes","mercedes","pirelli",,,"1:13.326",73326,"1:13.447",73447,,,,,,,18
1086,2023,7,13,13,"13","24","guanyu-zhou","alfa-romeo","ferrari","pirelli",,,"1:13.677",73677,"1:13.521",73521,,,,,,,16
1086,2023,7,14,14,"14","21","nyck-de-vries","alphatauri","honda-rbpt","pirelli",,,"1:13.581",73581,"1:14.083",74083,,,,,,,16
1086,2023,7,15,15,"15","22","yuki-tsunoda","alphatauri","honda-rbpt","pirelli",,,"1:13.862",73862,"1:14.477",74477,,,,,,,19
1086,2023,7,16,16,"16","77","valtteri-bottas","alfa-romeo","ferrari","pirelli",,,"1:13.977",73977,,,,,,,,,10
1086,2023,7,17,17,"17","20","kevin-magnussen","haas","ferrari","pirelli",,,"1:14.042",74042,,,,,,,,,9
1086,2023,7,18,18,"18","23","alexander-albon","williams","mercedes","pirelli",,,"1:14.063",74063,,,,,,,,,8
1086,2023,7,19,19,"19","16","charles-leclerc","ferrari","ferrari","pirelli",,,"1:14.079",74079,,,,,,,,,10
1086,2023,7,20,20,"20","2","logan-sargeant","williams","mercedes","pirelli",,,"1:14.699",74699,,,,,,,,,6
1087,2023,8,1,1,"1","1","max-verstappen","red-bull","honda-rbpt","pirelli",,,"1:20.851",80851,"1:19.092",79092,"1:25.858",85858,,,,,26
1087,2023,8,2,2,"2","27","nico-hulkenberg","haas","ferrari","pirelli",,,"1:22.730",82730,"1:20.305",80305,"1:27.102",87102,"+1.244",1244,"+1.244",1244,25
1087,2023,8,3,3,"3","14","fernando-alonso","aston-martin","mercedes","pirelli",,,"1:21.481",81481,"1:19.776",79776,"1:27.286",87286,"+1.428",1428,"+0.184",184,25
1087,2023,8,4,4,"4","44","lewis-hamilton","mercedes","mercedes","pirelli",,,"1:21.554",81554,"1:20.426",80426,"1:27.627",87627,"+1.769",1769,"+0.341",341,26
1087,2023,8,5,5,"5","63","george-russell","mercedes","mercedes","pirelli",,,"1:21.798",81798,"1:20.098",80098,"1:27.893",87893,"+2.035",2035,"+0.266",266,25
1087,2023,8,6,6,"6","31","esteban-ocon","alpine","renault","pirelli",,,"1:22.114",82114,"1:20.406",80406,"1:27.945",87945,"+2.087",2087,"+0.052",52,25
1087,2023,8,7,7,"7","4","lando-norris","mclaren","mercedes","pirelli",,,"1:21.998",81998,"1:19.347",79347,"1:28.046",88046,"+2.188",2188,"+0.101",101,26
1087,2023,8,8,8,"8","55","carlos-sainz-jr","ferrari","ferrari","pirelli",,,"1:22.248",82248,"1:19.856",79856,"1:29.294",89294,"+3.436",3436,"+1.248",1248,26
1087,2023,8,9,9,"9","81","oscar-piastri","mclaren","mercedes","pirelli",,,"1:22.190",82190,"1:19.659",79659,"1:31.349",91349,"+5.491",5491,"+2.055",2055,24
1087,2023,8,10,10,"10","23","alexander-albon","williams","mercedes","pirelli",,,"1:21.938",81938,"1:18.725",78725,,,,,,,24
1087,2023,8,11,11,"11","16","charles-leclerc","ferrari","ferrari","pirelli",,,"1:21.843",81843,"1:20.615",80615,,,,,,,22
1087,2023,8,12,12,"12","11","sergio-perez","red-bull","honda-rbpt","pirelli",,,"1:22.151",82151,"1:20.959",80959,,,,,,,23
1087,2023,8,13,13,"13","18","lance-stroll","aston-martin","mercedes","pirelli",,,"1:22.677",82677,"1:21.484",81484,,,,,,,20
1087,2023,8,14,14,"14","20","kevin-magnussen","haas","ferrari","pirelli",,,"1:22.351",82351,"1:21.678",81678,,,,,,,21
1087,2023,8,15,15,"15","77","valtteri-bottas","alfa-romeo","ferrari","pirelli",,,"1:22.332",82332,"1:21.821",81821,,,,,,,24
1087,2023,8,16,16,"16","22","yuki-tsunoda","alphatauri","honda-rbpt","pirelli",,,"1:22.746",82746,,,,,,,,,11
1087,2023,8,17,17,"17","10","pierre-gasly","alpine","renault","pirelli",,,"1:22.886",82886,,,,,,,,,11
1087,2023,8,18,18,"18","21","nyck-de-vries","alphatauri","honda-rbpt","pirelli",,,"1:23.137",83137,,,,,,,,,12
1087,2023,8,19,19,"19","2","logan-sargeant","williams","mercedes","pirelli",,,"1:23.337",83337,,,,,,,,,14
1087,2023,8,20,20,"20","24","guanyu-zhou","alfa-romeo","ferrari","pirelli",,,"1:23.342",83342,,,,,,,,,11
1088,2023,9,1,1,"1","1","max-verstappen","red-bull","honda-rbpt","pirelli",,,"1:05.116",65116,"1:04.951",64951,"1:04.391",64391,,,,,24
1088,2023,9,2,2,"2","16","charles-leclerc","ferrari","ferrari","pirelli",,,"1:05.577",65577,"1:05.087",65087,"1:04.439",64439,"+0.048",48,"+0.048",48,26
1088,2023,9,3,3,"3","55","carlos-sainz-jr","ferrari","ferrari","pirelli",,,"1:05.339",65339,"1:04.975",64975,"1:04.581",64581,"+0.190",190,"+0.142",142,25
1088,2023,9,4,4,"4","4","lando-norris","mclaren","mercedes","pirelli",,,"1:05.617",65617,"1:05.038",65038,"1:04.658",64658,"+0.267",267,"+0.077",77,23
1088,2023,9,5,5,"5","44","lewis-hamilton","mercedes","mercedes","pirelli",,,"1:05.673",65673,"1:05.188",65188,"1:04.819",64819,"+0.428",428,"+0.161",161,25
1088,2023,9,6,6,"6","18","lance-stroll","aston-martin","mercedes","pirelli",,,"1:05.710",65710,"1:05.121",65121,"1:04.893",64893,"+0.502",502,"+0.074",74,25
1088,2023,9,7,7,"7","14","fernando-alonso","aston-martin","mercedes","pirelli",,,"1:05.655",65655,"1:05.181",65181,"1:04.911",64911,"+0.520",520,"+0.018",18,27
1088,2023,9,8,8,"8","27","nico-hulkenberg","haas","ferrari","pirelli",,,"1:05.740",65740,"1:05.362",65362,"1:05.090",65090,"+0.699",699,"+0.179",179,24
1088,2023,9,9,9,"9","10","pierre-gasly","alpine","renault","pirelli",,,"1:05.515",65515,"1:05.308",65308,"1:05.170",65170,"+0.779",779,"+0.080",80,21
1088,2023,9,10,10,"10","23","alexander-albon","williams","mercedes","pirelli",,,"1:05.673",65673,"1:05.387",65387,"1:05.823",65823,"+1.432",1432,"+0.653",653,21
1088,2023,9,11,11,"11","63","george-russell","mercedes","mercedes","pirelli",,,"1:05.686",65686,"1:05.428",65428,,,,,,,21
1088,2023,9,12,12,"12","31","esteban-ocon","alpine","renault","pirelli",,,"1:05.729",65729,"1:05.453",65453,,,,,,,15
1088,2023,9,13,13,"13","81","oscar-piastri","mclaren","mercedes","pirelli",,,"1:05.683",65683,"1:05.605",65605,,,,,,,19
1088,2023,9,14,14,"14","77","valtteri-bottas","alfa-romeo","ferrari","pirelli",,,"1:05.763",65763,"1:05.680",65680,,,,,,,14
1088,2023,9,15,15,"15","11","sergio-perez","red-bull","honda-rbpt","pirelli",,,"1:05.177",65177,"2:06.688",126688,,,,,,,19
1088,2023,9,16,16,"16","22","yuki-tsunoda","alphatauri","honda-rbpt","pirelli",,,"1:05.784",65784,,,,,,,,,10
1088,2023,9,17,17,"17","24","guanyu-zhou","alfa-romeo","ferrari","pirelli",,,"1:05.818",65818,,,,,,,,,9
1088,2023,9,18,18,"18","2","logan-sargeant","williams","mercedes","pirelli",,,"1:05.948",65948,,,,,,,,,9
1088,2023,9,19,19,"19","20","kevin-magnussen","haas","ferrari","pirelli",,,"1:05.971",65971,,,,,,,,,10
1088,2023,9,20,20,"20","21","nyck-de-vries","alphatauri","honda-rbpt","pirelli",,,"1:05.974",65974,,,,,,,,,10
1089,2023,10,1,1,"1","1","max-verstappen","red-bull","honda-rbpt","pirelli",,,"1:29.428",89428,"1:27.702",87702,"1:26.720",86720,,,,,26
1089,2023,10,2,2,"2","4","lando-norris","mclaren","mercedes","pirelli",,,"1:28.917",88917,"1:28.042",88042,"1:26.961",86961,"+0.241",241,"+0.241",241,26
1089,2023,10,3,3,"3","81","oscar-piastri","mclaren","mercedes","pirelli",,,"1:29.874",89874,"1:27.845",87845,"1:27.092",87092,"+0.372",372,"+0.131",131,26
1089,2023,10,4,4,"4","16","charles-leclerc","ferrari","ferrari","pirelli",,,"1:29.143",89143,"1:28.361",88361,"1:27.136",87136,"+0.416",416,"+0.044",44,25
1089,2023,10,5,5,"5","55","carlos-sainz-jr","ferrari","ferrari","pirelli",,,"1:29.865",89865,"1:28.265",88265,"1:27.148",87148,"+0.428",428,"+0.012",12,26
1089,2023,10,6,6,"6","63","george-russell","mercedes","mercedes","pirelli",,,"1:29.412",89412,"1:28.782",88782,"1:27.155",87155,"+0.435",435,"+0.007",7,24
1089,2023,10,7,7,"7","44","lewis-hamilton","mercedes","mercedes","pirelli",,,"1:29.415",89415,"1:28.545",88545,"1:27.211",87211,"+0.491",491,"+0.056",56,25
1089,2023,10,8,8,"8","23","alexander-albon","williams","mercedes","pirelli",,,"1:29.466",89466,"1:28.067",88067,"1:27.530",87530,"+0.810",810,"+0.319",319,25
1089,2023,10,9,9,"9","14","fernando-alonso","aston-martin","mercedes","pirelli",,,"1:29.949",89949,"1:28.368",88368,"1:27.659",87659,"+0.939",939,"+0.129",129,24
1089,2023,10,10,10,"10","10","pierre-gasly","alpine","renault","pirelli",,,"1:29.533",89533,"1:28.751",88751,"1:27.689",87689,"+0.969",969,"+0.030",30,24
1089,2023,10,11,11,"11","27","nico-hulkenberg","haas","ferrari","pirelli",,,"1:29.603",89603,"1:28.896",88896,,,,,,,17
1089,2023,10,12,12,"12","18","lance-stroll","aston-martin","mercedes","pirelli",,,"1:29.448",89448,"1:28.935",88935,,,,,,,19
1089,2023,10,13,13,"13","31","esteban-ocon","alpine","renault","pirelli",,,"1:29.700",89700,"1:28.956",88956,,,,,,,18
1089,2023,10,14,14,"14","2","logan-sargeant","williams","mercedes","pirelli",,,"1:29.873",89873,"1:29.031",89031,,,,,,,19
1089,2023,10,15,,"NC","77","valtteri-bottas","alfa-romeo","ferrari","pirelli",,,"1:29.798",89798,,,,,,,,,11
1089,2023,10,16,15,"15","11","sergio-perez","red-bull","honda-rbpt","pirelli",,,"1:29.968",89968,,,,,,,,,11
1089,2023,10,17,16,"16","22","yuki-tsunoda","alphatauri","honda-rbpt","pirelli",,,"1:30.025",90025,,,,,,,,,11
1089,2023,10,18,17,"17","24","guanyu-zhou","alfa-romeo","ferrari","pirelli",,,"1:30.123",90123,,,,,,,,,11
1089,2023,10,19,18,"18","21","nyck-de-vries","alphatauri","honda-rbpt","pirelli",,,"1:30.513",90513,,,,,,,,,11
1089,2023,10,20,19,"19","20","kevin-magnussen","haas","ferrari","pirelli",,,"1:32.378",92378,,,,,,,,,7
1089,2023,10,21,,"DSQ","77","valtteri-bottas","alfa-romeo","ferrari","pirelli",,,,,,,,,,,,,
1090,2023,11,1,1,"1","44","lewis-hamilton","mercedes","mercedes","pirelli",,,"1:18.577",78577,"1:17.427",77427,"1:16.609",76609,,,,,20
1090,2023,11,2,2,"2","1","max-verstappen","red-bull","honda-rbpt","pirelli",,,"1:18.318",78318,"1:17.547",77547,"1:16.612",76612,"+0.003",3,"+0.003",3,21
1090,2023,11,3,3,"3","4","lando-norris","mclaren","mercedes","pirelli",,,"1:18.697",78697,"1:17.328",77328,"1:16.694",76694,"+0.085",85,"+0.082",82,20
1090,2023,11,4,4,"4","81","oscar-piastri","mclaren","mercedes","pirelli",,,"1:18.464",78464,"1:17.571",77571,"1:16.905",76905,"+0.296",296,"+0.211",211,20
1090,2023,11,5,5,"5","24","guanyu-zhou","alfa-romeo","ferrari","pirelli",,,"1:18.143",78143,"1:17.700",77700,"1:16.971",76971,"+0.362",362,"+0.066",66,22
1090,2023,11,6,6,"6","16","charles-leclerc","ferrari","ferrari","pirelli",,,"1:18.440",78440,"1:17.580",77580,"1:16.992",76992,"+0.383",383,"+0.021",21,21
1090,2023,11,7,7,"7","77","valtteri-bottas","alfa-romeo","ferrari","pirelli",,,"1:18.775",78775,"1:17.563",77563,"1:17.034",77034,"+0.425",425,"+0.042",42,20
1090,2023,11,8,8,"8","14","fernando-alonso","aston-martin","mercedes","pirelli",,,"1:18.580",78580,"1:17.701",77701,"1:17.035",77035,"+0.426",426,"+0.001",1,21
1090,2023,11,9,9,"9","11","sergio-perez","red-bull","honda-rbpt","pirelli",,,"1:18.360",78360,"1:17.675",77675,"1:17.045",77045,"+0.436",436,"+0.010",10,23
1090,2023,11,10,10,"10","27","nico-hulkenberg","haas","ferrari","pirelli",,,"1:18.695",78695,"1:17.652",77652,"1:17.186",77186,"+0.577",577,"+0.141",141,20
1090,2023,11,11,11,"11","55","carlos-sainz-jr","ferrari","ferrari","pirelli",,,"1:18.393",78393,"1:17.703",77703,,,,,,,15
1090,2023,11,12,12,"12","31","esteban-ocon","alpine","renault","pirelli",,,"1:18.854",78854,"1:17.841",77841,,,,,,,16
1090,2023,11,13,13,"13","3","daniel-ricciardo","alphatauri","honda-rbpt","pirelli",,,"1:18.906",78906,"1:18.002",78002,,,,,,,15
1090,2023,11,14,14,"14","18","lance-stroll","aston-martin","mercedes","pirelli",,,"1:18.782",78782,"1:18.144",78144,,,,,,,18
1090,2023,11,15,15,"15","10","pierre-gasly","alpine","renault","pirelli",,,"1:18.743",78743,"1:18.217",78217,,,,,,,16
1090,2023,11,16,16,"16","23","alexander-albon","williams","mercedes","pirelli",,,"1:18.917",78917,,,,,,,,,8
1090,2023,11,17,17,"17","22","yuki-tsunoda","alphatauri","honda-rbpt","pirelli",,,"1:18.919",78919,,,,,,,,,9
1090,2023,11,18,18,"18","63","george-russell","mercedes","mercedes","pirelli",,,"1:19.027",79027,,,,,,,,,9
1090,2023,11,19,19,"19","20","kevin-magnussen","haas","ferrari","pirelli",,,"1:19.206",79206,,,,,,,,,8
1090,2023,11,20,20,"20","2","logan-sargeant","williams","mercedes","pirelli",,,"1:19.248",79248,,,,,,,,,8
1091,2023,12,1,1,"1","1","max-verstappen","red-bull","honda-rbpt","pirelli",,,"1:58.515",118515,"1:52.784",112784,"1:46.168",106168,,,,,22
1091,2023,12,2,2,"2","16","charles-leclerc","ferrari","ferrari","pirelli",,,"1:58.300",118300,"1:52.017",112017,"1:46.988",106988,"+0.820",820,"+0.820",820,23
1091,2023,12,3,3,"3","11","sergio-perez","red-bull","honda-rbpt","pirelli",,,"1:58.899",118899,"1:52.353",112353,"1:47.045",107045,"+0.877",877,"+0.057",57,22
1091,2023,12,4,4,"4","44","lewis-hamilton","mercedes","mercedes","pirelli",,,"1:58.563",118563,"1:52.345",112345,"1:47.087",107087,"+0.919",919,"+0.042",42,24
1091,2023,12,5,5,"5","55","carlos-sainz-jr","ferrari","ferrari","pirelli",,,"1:58.688",118688,"1:51.711",111711,"1:47.152",107152,"+0.984",984,"+0.065",65,23
1091,2023,12,6,6,"6","81","oscar-piastri","mclaren","mercedes","pirelli",,,"1:58.872",118872,"1:51.534",111534,"1:47.365",107365,"+1.197",1197,"+0.213",213,23
1091,2023,12,7,7,"7","4","lando-norris","mclaren","mercedes","pirelli",,,"1:59.981",119981,"1:52.252",112252,"1:47.669",107669,"+1.501",1501,"+0.304",304,21
1091,2023,12,8,8,"8","63","george-russell","mercedes","mercedes","pirelli",,,"1:59.035",119035,"1:52.605",112605,"1:47.805",107805,"+1.637",1637,"+0.136",136,24
1091,2023,12,9,9,"9","14","fernando-alonso","aston-martin","mercedes","pirelli",,,"1:58.834",118834,"1:52.751",112751,"1:47.843",107843,"+1.675",1675,"+0.038",38,22
1091,2023,12,10,10,"10","18","lance-stroll","aston-martin","mercedes","pirelli",,,"1:59.663",119663,"1:52.193",112193,"1:48.841",108841,"+2.673",2673,"+0.998",998,22
1091,2023,12,11,11,"11","22","yuki-tsunoda","alphatauri","honda-rbpt","pirelli",,,"1:59.044",119044,"1:53.148",113148,,,,,,,15
1091,2023,12,12,12,"12","10","pierre-gasly","alpine","renault","pirelli",,,"1:59.511",119511,"1:53.671",113671,,,,,,,17
1091,2023,12,13,13,"13","20","kevin-magnussen","haas","ferrari","pirelli",,,"2:00.020",120020,"1:54.160",114160,,,,,,,17
1091,2023,12,14,14,"14","77","valtteri-bottas","alfa-romeo","ferrari","pirelli",,,"1:59.484",119484,"1:54.694",114694,,,,,,,17
1091,2023,12,15,15,"15","31","esteban-ocon","alpine","renault","pirelli",,,"1:59.634",119634,"1:56.372",116372,,,,,,,13
1091,2023,12,16,16,"16","23","alexander-albon","williams","mercedes","pirelli",,,"2:00.314",120314,,,,,,,,,8
1091,2023,12,17,17,"17","24","guanyu-zhou","alfa-romeo","ferrari","pirelli",,,"2:00.832",120832,,,,,,,,,9
1091,2023,12,18,18,"18","2","logan-sargeant","williams","mercedes","pirelli",,,"2:01.535",121535,,,,,,,,,6
1091,2023,12,19,19,"19","3","daniel-ricciardo","alphatauri","honda-rbpt","pirelli",,,"2:02.159",122159,,,,,,,,,8
1091,2023,12,20,20,"20","27","nico-hulkenberg","haas","ferrari","pirelli",,,"2:03.166",123166,,,,,,,,,5
1092,2023,13,1,1,"1","1","max-verstappen","red-bull","honda-rbpt","pirelli",,,"1:20.965",80965,"1:18.856",78856,"1:10.567",70567,,,,,31
1092,2023,13,2,2,"2","4","lando-norris","mclaren","mercedes","pirelli",,,"1:21.276",81276,"1:19.769",79769,"1:11.104",71104,"+0.537",537,"+0.537",537,30
1092,2023,13,3,3,"3","63","george-russell","mercedes","mercedes","pirelli",,,"1:21.345",81345,"1:19.620",79620,"1:11.294",71294,"+0.727",727,"+0.190",190,32
1092,2023,13,4,4,"4","23","alexander-albon","williams","mercedes","pirelli",,,"1:20.939",80939,"1:19.399",79399,"1:11.419",71419,"+0.852",852,"+0.125",125,32
1092,2023,13,5,5,"5","14","fernando-alonso","aston-martin","mercedes","pirelli",,,"1:21.840",81840,"1:19.429",79429,"1:11.506",71506,"+0.939",939,"+0.087",87,30
1092,2023,13,6,6,"6","55","carlos-sainz-jr","ferrari","ferrari","pirelli",,,"1:21.321",81321,"1:19.929",79929,"1:11.754",71754,"+1.187",1187,"+0.248",248,32
1092,2023,13,7,7,"7","11","sergio-perez","red-bull","honda-rbpt","pirelli",,,"1:21.972",81972,"1:19.856",79856,"1:11.880",71880,"+1.313",1313,"+0.126",126,33
1092,2023,13,8,8,"8","81","oscar-piastri","mclaren","mercedes","pirelli",,,"1:21.231",81231,"1:19.392",79392,"1:11.938",71938,"+1.371",1371,"+0.058",58,31
1092,2023,13,9,9,"9","16","charles-leclerc","ferrari","ferrari","pirelli",,,"1:22.019",82019,"1:19.600",79600,"1:12.665",72665,"+2.098",2098,"+0.727",727,27
1092,2023,13,10,10,"10","2","logan-sargeant","williams","mercedes","pirelli",,,"1:22.036",82036,"1:20.067",80067,"1:16.748",76748,"+6.181",6181,"+4.083",4083,27
1092,2023,13,11,11,"11","18","lance-stroll","aston-martin","mercedes","pirelli",,,"1:21.570",81570,"1:20.121",80121,,,,,,,22
1092,2023,13,12,12,"12","10","pierre-gasly","alpine","renault","pirelli",,,"1:21.735",81735,"1:20.128",80128,,,,,,,21
1092,2023,13,13,13,"13","44","lewis-hamilton","mercedes","mercedes","pirelli",,,"1:21.919",81919,"1:20.151",80151,,,,,,,23
1092,2023,13,14,14,"14","22","yuki-tsunoda","alphatauri","honda-rbpt","pirelli",,,"1:21.781",81781,"1:20.230",80230,,,,,,,22
1092,2023,13,15,15,"15","27","nico-hulkenberg","haas","ferrari","pirelli",,,"1:21.891",81891,"1:20.250",80250,,,,,,,20
1092,2023,13,16,16,"16","24","guanyu-zhou","alfa-romeo","ferrari","pirelli",,,"1:22.067",82067,,,,,,,,,12
1092,2023,13,17,17,"17","31","esteban-ocon","alpine","renault","pirelli",,,"1:22.110",82110,,,,,,,,,12
1092,2023,13,18,18,"18","20","kevin-magnussen","haas","ferrari","pirelli",,,"1:22.192",82192,,,,,,,,,11
1092,2023,13,19,19,"19","77","valtteri-bottas","alfa-romeo","ferrari","pirelli",,,"1:22.260",82260,,,,,,,,,12
1092,2023,13,20,20,"20","40","liam-lawson","alphatauri","honda-rbpt","pirelli",,,"1:23.420",83420,,,,,,,,,12
1093,2023,14,1,1,"1","55","carlos-sainz-jr","ferrari","ferrari","pirelli",,,"1:21.965",81965,"1:20.991",80991,"1:20.294",80294,,,,,20
1093,2023,14,2,2,"2","1","max-verstappen","red-bull","honda-rbpt","pirelli",,,"1:21.573",81573,"1:20.937",80937,"1:20.307",80307,"+0.013",13,"+0.013",13,21
1093,2023,14,3,3,"3","16","charles-leclerc","ferrari","ferrari","pirelli",,,"1:21.788",81788,"1:20.977",80977,"1:20.361",80361,"+0.067",67,"+0.054",54,21
1093,2023,14,4,4,"4","63","george-russell","mercedes","mercedes","pirelli",,,"1:22.148",82148,"1:21.382",81382,"1:20.671",80671,"+0.377",377,"+0.310",310,21
1093,2023,14,5,5,"5","11","sergio-perez","red-bull","honda-rbpt","pirelli",,,"1:21.911",81911,"1:21.240",81240,"1:20.688",80688,"+0.394",394,"+0.017",17,21
1093,2023,14,6,6,"6","23","alexander-albon","williams","mercedes","pirelli",,,"1:21.661",81661,"1:21.272",81272,"1:20.760",80760,"+0.466",466,"+0.072",72,21
1093,2023,14,7,7,"7","81","oscar-piastri","mclaren","mercedes","pirelli",,,"1:22.106",82106,"1:21.527",81527,"1:20.785",80785,"+0.491",491,"+0.025",25,24
1093,2023,14,8,8,"8","44","lewis-hamilton","mercedes","mercedes","pirelli",,,"1:21.977",81977,"1:21.369",81369,"1:20.820",80820,"+0.526",526,"+0.035",35,21
1093,2023,14,9,9,"9","4","lando-norris","mclaren","mercedes","pirelli",,,"1:21.995",81995,"1:21.581",81581,"1:20.979",80979,"+0.685",685,"+0.159",159,23
1093,2023,14,10,10,"10","14","fernando-alonso","aston-martin","mercedes","pirelli",,,"1:22.043",82043,"1:21.543",81543,"1:21.417",81417,"+1.123",1123,"+0.438",438,19
1093,2023,14,11,11,"11","22","yuki-tsunoda","alphatauri","honda-rbpt","pirelli",,,"1:21.852",81852,"1:21.594",81594,,,,,,,15
1093,2023,14,12,12,"12","40","liam-lawson","alphatauri","honda-rbpt","pirelli",,,"1:22.112",82112,"1:21.758",81758,,,,,,,15
1093,2023,14,13,13,"13","27","nico-hulkenberg","haas","ferrari","pirelli",,,"1:22.343",82343,"1:21.776",81776,,,,,,,16
1093,2023,14,14,14,"14","77","valtteri-bottas","alfa-romeo","ferrari","pirelli",,,"1:22.249",82249,"1:21.940",81940,,,,,,,14
1093,2023,14,15,15,"15","2","logan-sargeant","williams","mercedes","pirelli",,,"1:21.930",81930,"1:21.944",81944,,,,,,,15
1093,2023,14,16,16,"16","24","guanyu-zhou","alfa-romeo","ferrari","pirelli",,,"1:22.390",82390,,,,,,,,,8
1093,2023,14,17,17,"17","10","pierre-gasly","alpine","renault","pirelli",,,"1:22.545",82545,,,,,,,,,7
1093,2023,14,18,18,"18","31","esteban-ocon","alpine","renault","pirelli",,,"1:22.548",82548,,,,,,,,,8
1093,2023,14,19,19,"19","20","kevin-magnussen","haas","ferrari","pirelli",,,"1:22.592",82592,,,,,,,,,8
1093,2023,14,20,20,"20","18","lance-stroll","aston-martin","mercedes","pirelli",,,"1:22.860",82860,,,,,,,,,9
1094,2023,15,1,1,"1","55","carlos-sainz-jr","ferrari","ferrari","pirelli",,,"1:32.339",92339,"1:31.439",91439,"1:30.984",90984,,,,,20
1094,2023,15,2,2,"2","63","george-russell","mercedes","mercedes","pirelli",,,"1:32.331",92331,"1:31.743",91743,"1:31.056",91056,"+0.072",72,"+0.072",72,17
1094,2023,15,3,3,"3","16","charles-leclerc","ferrari","ferrari","pirelli",,,"1:32.406",92406,"1:32.012",92012,"1:31.063",91063,"+0.079",79,"+0.007",7,21
1094,2023,15,4,4,"4","4","lando-norris","mclaren","mercedes","pirelli",,,"1:32.483",92483,"1:31.951",91951,"1:31.270",91270,"+0.286",286,"+0.207",207,20
1094,2023,15,5,5,"5","44","lewis-hamilton","mercedes","mercedes","pirelli",,,"1:32.651",92651,"1:32.019",92019,"1:31.485",91485,"+0.501",501,"+0.215",215,16
1094,2023,15,6,6,"6","20","kevin-magnussen","haas","ferrari","pirelli",,,"1:32.242",92242,"1:31.892",91892,"1:31.575",91575,"+0.591",591,"+0.090",90,21
1094,2023,15,7,7,"7","14","fernando-alonso","aston-martin","mercedes","pirelli",,,"1:32.584",92584,"1:31.835",91835,"1:31.615",91615,"+0.631",631,"+0.040",40,17
1094,2023,15,8,8,"8","31","esteban-ocon","alpine","renault","pirelli",,,"1:32.369",92369,"1:32.089",92089,"1:31.673",91673,"+0.689",689,"+0.058",58,18
1094,2023,15,9,9,"9","27","nico-hulkenberg","haas","ferrari","pirelli",,,"1:32.100",92100,"1:31.994",91994,"1:31.808",91808,"+0.824",824,"+0.135",135,21
1094,2023,15,10,10,"10","40","liam-lawson","alphatauri","honda-rbpt","pirelli",,,"1:32.215",92215,"1:32.166",92166,"1:32.268",92268,"+1.284",1284,"+0.460",460,21
1094,2023,15,11,11,"11","1","max-verstappen","red-bull","honda-rbpt","pirelli",,,"1:32.398",92398,"1:32.173",92173,,,,,,,14
1094,2023,15,12,12,"12","10","pierre-gasly","alpine","renault","pirelli",,,"1:32.452",92452,"1:32.274",92274,,,,,,,12
1094,2023,15,13,13,"13","11","sergio-perez","red-bull","honda-rbpt","pirelli",,,"1:32.099",92099,"1:32.310",92310,,,,,,,13
1094,2023,15,14,14,"14","23","alexander-albon","williams","mercedes","pirelli",,,"1:32.668",92668,"1:33.719",93719,,,,,,,12
1094,2023,15,15,15,"15","22","yuki-tsunoda","alphatauri","honda-rbpt","pirelli",,,"1:31.991",91991,,,,,,,,,10
1094,2023,15,16,16,"16","77","valtteri-bottas","alfa-romeo","ferrari","pirelli",,,"1:32.809",92809,,,,,,,,,9
1094,2023,15,17,17,"17","81","oscar-piastri","mclaren","mercedes","pirelli",,,"1:32.902",92902,,,,,,,,,9
1094,2023,15,18,18,"18","2","logan-sargeant","williams","mercedes","pirelli",,,"1:33.252",93252,,,,,,,,,9
1094,2023,15,19,19,"19","24","guanyu-zhou","alfa-romeo","ferrari","pirelli",,,"1:33.258",93258,,,,,,,,,9
1094,2023,15,20,20,"20","18","lance-stroll","aston-martin","mercedes","pirelli",,,"1:33.397",93397,,,,,,,,,8
1095,2023,16,1,1,"1","1","max-verstappen","red-bull","honda-rbpt","pirelli",,,"1:29.878",89878,"1:29.964",89964,"1:28.877",88877,,,,,12
1095,2023,16,2,2,"2","81","oscar-piastri","mclaren","mercedes","pirelli",,,"1:30.439",90439,"1:30.122",90122,"1:29.458",89458,"+0.581",581,"+0.581",581,14
1095,2023,16,3,3,"3","4","lando-norris","mclaren","mercedes","pirelli",,,"1:30.063",90063,"1:30.296",90296,"1:29.493",89493,"+0.616",616,"+0.035",35,12
1095,2023,16,4,4,"4","16","charles-leclerc","ferrari","ferrari","pirelli",,,"1:30.393",90393,"1:29.940",89940,"1:29.542",89542,"+0.665",665,"+0.049",49,14
1095,2023,16,5,5,"5","11","sergio-perez","red-bull","honda-rbpt","pirelli",,,"1:30.652",90652,"1:29.965",89965,"1:29.650",89650,"+0.773",773,"+0.108",108,18
1095,2023,16,6,6,"6","55","carlos-sainz-jr","ferrari","ferrari","pirelli",,,"1:30.651",90651,"1:30.067",90067,"1:29.850",89850,"+0.973",973,"+0.200",200,14
1095,2023,16,7,7,"7","44","lewis-hamilton","mercedes","mercedes","pirelli",,,"1:30.811",90811,"1:30.040",90040,"1:29.908",89908,"+1.031",1031,"+0.058",58,18
1095,2023,16,8,8,"8","63","george-russell","mercedes","mercedes","pirelli",,,"1:30.811",90811,"1:30.268",90268,"1:30.219",90219,"+1.342",1342,"+0.311",311,15
1095,2023,16,9,9,"9","22","yuki-tsunoda","alphatauri","honda-rbpt","pirelli",,,"1:30.733",90733,"1:30.204",90204,"1:30.303",90303,"+1.426",1426,"+0.084",84,18
1095,2023,16,10,10,"10","14","fernando-alonso","aston-martin","mercedes","pirelli",,,"1:30.971",90971,"1:30.465",90465,"1:30.560",90560,"+1.683",1683,"+0.257",257,15
1095,2023,16,11,11,"11","40","liam-lawson","alphatauri","honda-rbpt","pirelli",,,"1:30.425",90425,"1:30.508",90508,,,,,,,16
1095,2023,16,12,12,"12","10","pierre-gasly","alpine","renault","pirelli",,,"1:30.843",90843,"1:30.509",90509,,,,,,,12
1095,2023,16,13,13,"13","23","alexander-albon","williams","mercedes","pirelli",,,"1:30.941",90941,"1:30.537",90537,,,,,,,12
1095,2023,16,14,14,"14","31","esteban-ocon","alpine","renault","pirelli",,,"1:30.960",90960,"1:30.586",90586,,,,,,,12
1095,2023,16,15,15,"15","20","kevin-magnussen","haas","ferrari","pirelli",,,"1:30.976",90976,"1:30.665",90665,,,,,,,9
1095,2023,16,16,16,"16","77","valtteri-bottas","alfa-romeo","ferrari","pirelli",,,"1:31.049",91049,,,,,,,,,5
1095,2023,16,17,17,"17","18","lance-stroll","aston-martin","mercedes","pirelli",,,"1:31.181",91181,,,,,,,,,7
1095,2023,16,18,18,"18","27","nico-hulkenberg","haas","ferrari","pirelli",,,"1:31.299",91299,,,,,,,,,6
1095,2023,16,19,19,"19","24","guanyu-zhou","alfa-romeo","ferrari","pirelli",,,"1:31.398",91398,,,,,,,,,6
1095,2023,16,20,,"NC","2","logan-sargeant","williams","mercedes","pirelli",,,,,,,,,,,,,2
1096,2023,17,1,1,"1","1","max-verstappen","red-bull","honda-rbpt","pirelli",,,"1:25.007",85007,"1:24.483",84483,"1:23.778",83778,,,,,19
1096,2023,17,2,2,"2","63","george-russell","mercedes","mercedes","pirelli",,,"1:25.334",85334,"1:24.827",84827,"1:24.219",84219,"+0.441",441,"+0.441",441,21
1096,2023,17,3,3,"3","44","lewis-hamilton","mercedes","mercedes","pirelli",,,"1:26.076",86076,"1:24.381",84381,"1:24.305",84305,"+0.527",527,"+0.086",86,20
1096,2023,17,4,4,"4","14","fernando-alonso","aston-martin","mercedes","pirelli",,,"1:25.223",85223,"1:25.241",85241,"1:24.369",84369,"+0.591",591,"+0.064",64,21
1096,2023,17,5,5,"5","16","charles-leclerc","ferrari","ferrari","pirelli",,,"1:25.452",85452,"1:25.079",85079,"1:24.424",84424,"+0.646",646,"+0.055",55,26
1096,2023,17,6,6,"6","81","oscar-piastri","mclaren","mercedes","pirelli",,,"1:25.266",85266,"1:24.724",84724,"1:24.540",84540,"+0.762",762,"+0.116",116,23
1096,2023,17,7,7,"7","10","pierre-gasly","alpine","renault","pirelli",,,"1:25.566",85566,"1:24.918",84918,"1:24.553",84553,"+0.775",775,"+0.013",13,23
1096,2023,17,8,8,"8","31","esteban-ocon","alpine","renault","pirelli",,,"1:25.711",85711,"1:24.928",84928,"1:24.763",84763,"+0.985",985,"+0.210",210,24
1096,2023,17,9,9,"9","77","valtteri-bottas","alfa-romeo","ferrari","pirelli",,,"1:26.038",86038,"1:25.297",85297,"1:25.058",85058,"+1.280",1280,"+0.295",295,21
1096,2023,17,10,10,"10","4","lando-norris","mclaren","mercedes","pirelli",,,"1:25.131",85131,"1:24.685",84685,,,,,,,21
1096,2023,17,11,11,"11","22","yuki-tsunoda","alphatauri","honda-rbpt","pirelli",,,"1:26.058",86058,"1:25.301",85301,,,,,,,16
1096,2023,17,12,12,"12","55","carlos-sainz-jr","ferrari","ferrari","pirelli",,,"1:25.808",85808,"1:25.328",85328,,,,,,,18
1096,2023,17,13,13,"13","11","sergio-perez","red-bull","honda-rbpt","pirelli",,,"1:25.991",85991,"1:25.462",85462,,,,,,,16
1096,2023,17,14,14,"14","23","alexander-albon","williams","mercedes","pirelli",,,"1:26.118",86118,"1:25.707",85707,,,,,,,15
1096,2023,17,15,15,"15","27","nico-hulkenberg","haas","ferrari","pirelli",,,"1:25.904",85904,"1:25.783",85783,,,,,,,12
1096,2023,17,16,16,"16","2","logan-sargeant","williams","mercedes","pirelli",,,"1:26.210",86210,,,,,,,,,10
1096,2023,17,17,17,"17","18","lance-stroll","aston-martin","mercedes","pirelli",,,"1:26.345",86345,,,,,,,,,10
1096,2023,17,18,18,"18","40","liam-lawson","alphatauri","honda-rbpt","pirelli",,,"1:26.635",86635,,,,,,,,,10
1096,2023,17,19,19,"19","20","kevin-magnussen","haas","ferrari","pirelli",,,"1:27.046",87046,,,,,,,,,9
1096,2023,17,20,20,"20","24","guanyu-zhou","alfa-romeo","ferrari","pirelli",,,"1:27.432",87432,,,,,,,,,9
1097,2023,18,1,1,"1","16","charles-leclerc","ferrari","ferrari","pirelli",,,"1:36.061",96061,"1:35.004",95004,"1:34.723",94723,,,,,21
1097,2023,18,2,2,"2","4","lando-norris","mclaren","mercedes","pirelli",,,"1:35.110",95110,"1:35.441",95441,"1:34.853",94853,"+0.130",130,"+0.130",130,20
1097,2023,18,3,3,"3","44","lewis-hamilton","mercedes","mercedes","pirelli",,,"1:35.091",95091,"1:35.240",95240,"1:34.862",94862,"+0.139",139,"+0.009",9,18
1097,2023,18,4,4,"4","55","carlos-sainz-jr","ferrari","ferrari","pirelli",,,"1:35.824",95824,"1:35.302",95302,"1:34.945",94945,"+0.222",222,"+0.083",83,18
1097,2023,18,5,5,"5","63","george-russell","mercedes","mercedes","pirelli",,,"1:36.165",96165,"1:35.606",95606,"1:35.079",95079,"+0.356",356,"+0.134",134,18
1097,2023,18,6,6,"6","1","max-verstappen","red-bull","honda-rbpt","pirelli",,,"1:35.346",95346,"1:35.008",95008,"1:35.081",95081,"+0.358",358,"+0.002",2,18
1097,2023,18,7,7,"7","10","pierre-gasly","alpine","renault","pirelli",,,"1:36.158",96158,"1:35.496",95496,"1:35.089",95089,"+0.366",366,"+0.008",8,19
1097,2023,18,8,8,"8","31","esteban-ocon","alpine","renault","pirelli",,,"1:36.131",96131,"1:35.413",95413,"1:35.154",95154,"+0.431",431,"+0.065",65,21
1097,2023,18,9,9,"9","11","sergio-perez","red-bull","honda-rbpt","pirelli",,,"1:35.989",95989,"1:35.679",95679,"1:35.173",95173,"+0.450",450,"+0.019",19,17
1097,2023,18,10,10,"10","81","oscar-piastri","mclaren","mercedes","pirelli",,,"1:36.064",96064,"1:35.576",95576,"1:35.467",95467,"+0.744",744,"+0.294",294,20
1097,2023,18,11,11,"11","22","yuki-tsunoda","alphatauri","honda-rbpt","pirelli",,,"1:35.913",95913,"1:35.697",95697,,,,,,,12
1097,2023,18,12,12,"12","24","guanyu-zhou","alfa-romeo","ferrari","pirelli",,,"1:36.052",96052,"1:35.698",95698,,,,,,,15
1097,2023,18,13,13,"13","77","valtteri-bottas","alfa-romeo","ferrari","pirelli",,,"1:36.082",96082,"1:35.858",95858,,,,,,,15
1097,2023,18,14,14,"14","20","kevin-magnussen","haas","ferrari","pirelli",,,"1:36.009",96009,"1:35.880",95880,,,,,,,12
1097,2023,18,15,15,"15","3","daniel-ricciardo","alphatauri","honda-rbpt","pirelli",,,"1:36.213",96213,"1:35.974",95974,,,,,,,12
1097,2023,18,16,16,"16","27","nico-hulkenberg","haas","ferrari","pirelli",,,"1:36.235",96235,,,,,,,,,6
1097,2023,18,17,17,"17","14","fernando-alonso","aston-martin","mercedes","pirelli",,,"1:36.268",96268,,,,,,,,,8
1097,2023,18,18,18,"18","23","alexander-albon","williams","mercedes","pirelli",,,"1:36.315",96315,,,,,,,,,6
1097,2023,18,19,19,"19","18","lance-stroll","aston-martin","mercedes","pirelli",,,"1:36.589",96589,,,,,,,,,9
1097,2023,18,20,20,"20","2","logan-sargeant","williams","mercedes","pirelli",,,"1:36.827",96827,,,,,,,,,8
1098,2023,19,1,1,"1","16","charles-leclerc","ferrari","ferrari","pirelli",,,"1:18.401",78401,"1:17.901",77901,"1:17.166",77166,,,,,17
1098,2023,19,2,2,"2","55","carlos-sainz-jr","ferrari","ferrari","pirelli",,,"1:18.755",78755,"1:18.382",78382,"1:17.233",77233,"+0.067",67,"+0.067",67,17
1098,2023,19,3,3,"3","1","max-verstappen","red-bull","honda-rbpt","pirelli",,,"1:18.099",78099,"1:17.625",77625,"1:17.263",77263,"+0.097",97,"+0.030",30,15
1098,2023,19,4,4,"4","3","daniel-ricciardo","alphatauri","honda-rbpt","pirelli",,,"1:18.341",78341,"1:17.706",77706,"1:17.382",77382,"+0.216",216,"+0.119",119,15
1098,2023,19,5,5,"5","11","sergio-perez","red-bull","honda-rbpt","pirelli",,,"1:18.553",78553,"1:18.124",78124,"1:17.423",77423,"+0.257",257,"+0.041",41,16
1098,2023,19,6,6,"6","44","lewis-hamilton","mercedes","mercedes","pirelli",,,"1:18.677",78677,"1:17.571",77571,"1:17.454",77454,"+0.288",288,"+0.031",31,18
1098,2023,19,7,7,"7","81","oscar-piastri","mclaren","mercedes","pirelli",,,"1:18.241",78241,"1:17.874",77874,"1:17.623",77623,"+0.457",457,"+0.169",169,18
1098,2023,19,8,8,"8","63","george-russell","mercedes","mercedes","pirelli",,,"1:18.893",78893,"1:17.673",77673,"1:17.674",77674,"+0.508",508,"+0.051",51,19
1098,2023,19,9,9,"9","77","valtteri-bottas","alfa-romeo","ferrari","pirelli",,,"1:18.429",78429,"1:18.016",78016,"1:18.032",78032,"+0.866",866,"+0.358",358,17
1098,2023,19,10,10,"10","24","guanyu-zhou","alfa-romeo","ferrari","pirelli",,,"1:19.016",79016,"1:18.440",78440,"1:18.050",78050,"+0.884",884,"+0.018",18,15
1098,2023,19,11,11,"11","10","pierre-gasly","alpine","renault","pirelli",,,"1:18.945",78945,"1:18.521",78521,,,,,,,15
1098,2023,19,12,12,"12","27","nico-hulkenberg","haas","ferrari","pirelli",,,"1:18.969",78969,"1:18.524",78524,,,,,,,12
1098,2023,19,13,13,"13","14","fernando-alonso","aston-martin","mercedes","pirelli",,,"1:18.848",78848,"1:18.738",78738,,,,,,,14
1098,2023,19,14,14,"14","23","alexander-albon","williams","mercedes","pirelli",,,"1:18.828",78828,"1:19.147",79147,,,,,,,12
1098,2023,19,15,15,"15","22","yuki-tsunoda","alphatauri","honda-rbpt","pirelli",,,"1:18.890",78890,,,,,,,,,11
1098,2023,19,16,16,"16","31","esteban-ocon","alpine","renault","pirelli",,,"1:19.080",79080,,,,,,,,,6
1098,2023,19,17,17,"17","20","kevin-magnussen","haas","ferrari","pirelli",,,"1:19.163",79163,,,,,,,,,9
1098,2023,19,18,18,"18","18","lance-stroll","aston-martin","mercedes","pirelli",,,"1:19.227",79227,,,,,,,,,9
1098,2023,19,19,19,"19","4","lando-norris","mclaren","mercedes","pirelli",,,"1:21.554",81554,,,,,,,,,6
1098,2023,19,20,,"NC","2","logan-sargeant","williams","mercedes","pirelli",,,,,,,,,,,,,6
1099,2023,20,1,1,"1","1","max-verstappen","red-bull","honda-rbpt","pirelli",,,"1:10.436",70436,"1:10.162",70162,"1:10.727",70727,,,,,18
1099,2023,20,2,2,"2","16","charles-leclerc","ferrari","ferrari","pirelli",,,"1:10.472",70472,"1:10.303",70303,"1:11.021",71021,"+0.294",294,"+0.294",294,18
1099,2023,20,3,3,"3","18","lance-stroll","aston-martin","mercedes","pirelli",,,"1:10.551",70551,"1:10.375",70375,"1:11.344",71344,"+0.617",617,"+0.323",323,16
1099,2023,20,4,4,"4","14","fernando-alonso","aston-martin","mercedes","pirelli",,,"1:10.557",70557,"1:10.237",70237,"1:11.387",71387,"+0.660",660,"+0.043",43,18
1099,2023,20,5,5,"5","44","lewis-hamilton","mercedes","mercedes","pirelli",,,"1:10.604",70604,"1:10.266",70266,"1:11.469",71469,"+0.742",742,"+0.082",82,21
1099,2023,20,6,6,"6","63","george-russell","mercedes","mercedes","pirelli",,,"1:10.340",70340,"1:10.316",70316,"1:11.590",71590,"+0.863",863,"+0.121",121,21
1099,2023,20,7,7,"7","4","lando-norris","mclaren","mercedes","pirelli",,,"1:10.623",70623,"1:10.021",70021,"1:11.987",71987,"+1.260",1260,"+0.397",397,13
1099,2023,20,8,8,"8","55","carlos-sainz-jr","ferrari","ferrari","pirelli",,,"1:10.624",70624,"1:10.254",70254,"1:11.989",71989,"+1.262",1262,"+0.002",2,20
1099,2023,20,9,9,"9","11","sergio-perez","red-bull","honda-rbpt","pirelli",,,"1:10.668",70668,"1:10.219",70219,"1:12.321",72321,"+1.594",1594,"+0.332",332,17
1099,2023,20,10,10,"10","81","oscar-piastri","mclaren","mercedes","pirelli",,,"1:10.519",70519,"1:10.330",70330,,,,,,,15
1099,2023,20,11,11,"11","27","nico-hulkenberg","haas","ferrari","pirelli",,,"1:10.475",70475,"1:10.547",70547,,,,,,,15
1099,2023,20,12,12,"12","31","esteban-ocon","alpine","renault","pirelli",,,"1:10.763",70763,"1:10.562",70562,,,,,,,15
1099,2023,20,13,13,"13","10","pierre-gasly","alpine","renault","pirelli",,,"1:10.793",70793,"1:10.567",70567,,,,,,,14
1099,2023,20,14,14,"14","20","kevin-magnussen","haas","ferrari","pirelli",,,"1:10.602",70602,"1:10.723",70723,,,,,,,15
1099,2023,20,15,15,"15","23","alexander-albon","williams","mercedes","pirelli",,,"1:10.621",70621,"1:10.840",70840,,,,,,,15
1099,2023,20,16,16,"16","22","yuki-tsunoda","alphatauri","honda-rbpt","pirelli",,,"1:10.837",70837,,,,,,,,,9
1099,2023,20,17,17,"17","3","daniel-ricciardo","alphatauri","honda-rbpt","pirelli",,,"1:10.843",70843,,,,,,,,,6
1099,2023,20,18,18,"18","77","valtteri-bottas","alfa-romeo","ferrari","pirelli",,,"1:10.955",70955,,,,,,,,,9
1099,2023,20,19,19,"19","2","logan-sargeant","williams","mercedes","pirelli",,,"1:11.035",71035,,,,,,,,,9
1099,2023,20,20,20,"20","24","guanyu-zhou","alfa-romeo","ferrari","pirelli",,,"1:11.275",71275,,,,,,,,,9
1100,2023,21,1,1,"1","16","charles-leclerc","ferrari","ferrari","pirelli",,,"1:33.617",93617,"1:32.775",92775,"1:32.726",92726,,,,,23
1100,2023,21,2,2,"2","55","carlos-sainz-jr","ferrari","ferrari","pirelli",,,"1:33.851",93851,"1:33.338",93338,"1:32.770",92770,"+0.044",44,"+0.044",44,23
1100,2023,21,3,3,"3","1","max-verstappen","red-bull","honda-rbpt","pirelli",,,"1:34.190",94190,"1:33.572",93572,"1:33.104",93104,"+0.378",378,"+0.334",334,19
1100,2023,21,4,4,"4","63","george-russell","mercedes","mercedes","pirelli",,,"1:34.137",94137,"1:33.351",93351,"1:33.112",93112,"+0.386",386,"+0.008",8,22
1100,2023,21,5,5,"5","10","pierre-gasly","alpine","renault","pirelli",,,"1:34.272",94272,"1:33.494",93494,"1:33.239",93239,"+0.513",513,"+0.127",127,25
1100,2023,21,6,6,"6","23","alexander-albon","williams","mercedes","pirelli",,,"1:34.634",94634,"1:33.588",93588,"1:33.323",93323,"+0.597",597,"+0.084",84,21
1100,2023,21,7,7,"7","2","logan-sargeant","williams","mercedes","pirelli",,,"1:34.525",94525,"1:33.733",93733,"1:33.513",93513,"+0.787",787,"+0.190",190,23
1100,2023,21,8,8,"8","77","valtteri-bottas","alfa-romeo","ferrari","pirelli",,,"1:34.305",94305,"1:33.809",93809,"1:33.525",93525,"+0.799",799,"+0.012",12,19
1100,2023,21,9,9,"9","20","kevin-magnussen","haas","ferrari","pirelli",,,"1:34.337",94337,"1:33.664",93664,"1:33.537",93537,"+0.811",811,"+0.012",12,23
1100,2023,21,10,10,"10","14","fernando-alonso","aston-martin","mercedes","pirelli",,,"1:34.422",94422,"1:33.617",93617,"1:33.555",93555,"+0.829",829,"+0.018",18,24
1100,2023,21,11,11,"11","44","lewis-hamilton","mercedes","mercedes","pirelli",,,"1:34.307",94307,"1:33.837",93837,,,,,,,15
1100,2023,21,12,12,"12","11","sergio-perez","red-bull","honda-rbpt","pirelli",,,"1:34.574",94574,"1:33.855",93855,,,,,,,14
1100,2023,21,13,13,"13","27","nico-hulkenberg","haas","ferrari","pirelli",,,"1:34.265",94265,"1:33.979",93979,,,,,,,17
1100,2023,21,14,14,"14","18","lance-stroll","aston-martin","mercedes","pirelli",,,"1:34.504",94504,"1:34.199",94199,,,,,,,18
1100,2023,21,15,15,"15","3","daniel-ricciardo","alphatauri","honda-rbpt","pirelli",,,"1:34.683",94683,"1:34.308",94308,,,,,,,18
1100,2023,21,16,16,"16","4","lando-norris","mclaren","mercedes","pirelli",,,"1:34.703",94703,,,,,,,,,9
1100,2023,21,17,17,"17","31","esteban-ocon","alpine","renault","pirelli",,,"1:34.834",94834,,,,,,,,,10
1100,2023,21,18,18,"18","24","guanyu-zhou","alfa-romeo","ferrari","pirelli",,,"1:34.849",94849,,,,,,,,,10
1100,2023,21,19,19,"19","81","oscar-piastri","mclaren","mercedes","pirelli",,,"1:34.850",94850,,,,,,,,,10
1100,2023,21,20,20,"20","22","yuki-tsunoda","alphatauri","honda-rbpt","pirelli",,,"1:36.447",96447,,,,,,,,,9
1101,2023,22,1,1,"1","1","max-verstappen","red-bull","honda-rbpt","pirelli",,,"1:24.160",84160,"1:23.740",83740,"1:23.445",83445,,,,,15
1101,2023,22,2,2,"2","16","charles-leclerc","ferrari","ferrari","pirelli",,,"1:24.459",84459,"1:23.969",83969,"1:23.584",83584,"+0.139",139,"+0.139",139,18
1101,2023,22,3,3,"3","81","oscar-piastri","mclaren","mercedes","pirelli",,,"1:24.487",84487,"1:24.278",84278,"1:23.782",83782,"+0.337",337,"+0.198",198,17
1101,2023,22,4,4,"4","63","george-russell","mercedes","mercedes","pirelli",,,"1:24.337",84337,"1:24.013",84013,"1:23.788",83788,"+0.343",343,"+0.006",6,18
1101,2023,22,5,5,"5","4","lando-norris","mclaren","mercedes","pirelli",,,"1:24.368",84368,"1:23.920",83920,"1:23.816",83816,"+0.371",371,"+0.028",28,16
1101,2023,22,6,6,"6","22","yuki-tsunoda","alphatauri","honda-rbpt","pirelli",,,"1:24.286",84286,"1:24.207",84207,"1:23.968",83968,"+0.523",523,"+0.152",152,18
1101,2023,22,7,7,"7","14","fernando-alonso","aston-martin","mercedes","pirelli",,,"1:24.501",84501,"1:24.131",84131,"1:24.084",84084,"+0.639",639,"+0.116",116,18
1101,2023,22,8,8,"8","27","nico-hulkenberg","haas","ferrari","pirelli",,,"1:24.425",84425,"1:24.213",84213,"1:24.108",84108,"+0.663",663,"+0.024",24,18
1101,2023,22,9,9,"9","11","sergio-perez","red-bull","honda-rbpt","pirelli",,,"1:24.209",84209,"1:24.116",84116,"1:24.171",84171,"+0.726",726,"+0.063",63,17
1101,2023,22,10,10,"10","10","pierre-gasly","alpine","renault","pirelli",,,"1:24.600",84600,"1:24.078",84078,"1:24.548",84548,"+1.103",1103,"+0.377",377,18
1101,2023,22,11,11,"11","44","lewis-hamilton","mercedes","mercedes","pirelli",,,"1:24.437",84437,"1:24.359",84359,,,,,,,12
1101,2023,22,12,12,"12","31","esteban-ocon","alpine","renault","pirelli",,,"1:24.565",84565,"1:24.391",84391,,,,,,,12
1101,2023,22,13,13,"13","18","lance-stroll","aston-martin","mercedes","pirelli",,,"1:24.405",84405,"1:24.422",84422,,,,,,,12
1101,2023,22,14,14,"14","23","alexander-albon","williams","mercedes","pirelli",,,"1:24.298",84298,"1:24.439",84439,,,,,,,12
1101,2023,22,15,15,"15","3","daniel-ricciardo","alphatauri","honda-rbpt","pirelli",,,"1:24.461",84461,"1:24.442",84442,,,,,,,12
1101,2023,22,16,16,"16","55","carlos-sainz-jr","ferrari","ferrari","pirelli",,,"1:24.738",84738,,,,,,,,,6
1101,2023,22,17,17,"17","20","kevin-magnussen","haas","ferrari","pirelli",,,"1:24.764",84764,,,,,,,,,6
1101,2023,22,18,18,"18","77","valtteri-bottas","alfa-romeo","ferrari","pirelli",,,"1:24.788",84788,,,,,,,,,6
1101,2023,22,19,19,"19","24","guanyu-zhou","alfa-romeo","ferrari","pirelli",,,"1:25.159",85159,,,,,,,,,6
1101,2023,22,20,,"NC","2","logan-sargeant","williams","mercedes","pirelli",,,,,,,,,,,,,6
1102,2024,1,1,1,"1","1","max-verstappen","red-bull","honda-rbpt","pirelli",,,"1:30.031",90031,"1:29.374",89374,"1:29.179",89179,,,,,17
1102,2024,1,2,2,"2","16","charles-leclerc","ferrari","ferrari","pirelli",,,"1:30.243",90243,"1:29.165",89165,"1:29.407",89407,"+0.228",228,"+0.228",228,19
1102,2024,1,3,3,"3","63","george-russell","mercedes","mercedes","pirelli",,,"1:30.350",90350,"1:29.922",89922,"1:29.485",89485,"+0.306",306,"+0.078",78,17
1102,2024,1,4,4,"4","55","carlos-sainz-jr","ferrari","ferrari","pirelli",,,"1:29.909",89909,"1:29.573",89573,"1:29.507",89507,"+0.328",328,"+0.022",22,18
1102,2024,1,5,5,"5","11","sergio-perez","red-bull","honda-rbpt","pirelli",,,"1:30.221",90221,"1:29.932",89932,"1:29.537",89537,"+0.358",358,"+0.030",30,17
1102,2024,1,6,6,"6","14","fernando-alonso","aston-martin","mercedes","pirelli",,,"1:30.179",90179,"1:29.801",89801,"1:29.542",89542,"+0.363",363,"+0.005",5,14
1102,2024,1,7,7,"7","4","lando-norris","mclaren","mercedes","pirelli",,,"1:30.143",90143,"1:29.941",89941,"1:29.614",89614,"+0.435",435,"+0.072",72,15
1102,2024,1,8,8,"8","81","oscar-piastri","mclaren","mercedes","pirelli",,,"1:30.531",90531,"1:30.122",90122,"1:29.683",89683,"+0.504",504,"+0.069",69,18
1102,2024,1,9,9,"9","44","lewis-hamilton","mercedes","mercedes","pirelli",,,"1:30.451",90451,"1:29.718",89718,"1:29.710",89710,"+0.531",531,"+0.027",27,18
1102,2024,1,10,10,"10","27","nico-hulkenberg","haas","ferrari","pirelli",,,"1:30.566",90566,"1:29.851",89851,"1:30.502",90502,"+1.323",1323,"+0.792",792,18
1102,2024,1,11,11,"11","22","yuki-tsunoda","rb","honda-rbpt","pirelli",,,"1:30.481",90481,"1:30.129",90129,,,,,,,12
1102,2024,1,12,12,"12","18","lance-stroll","aston-martin","mercedes","pirelli",,,"1:29.965",89965,"1:30.200",90200,,,,,,,12
1102,2024,1,13,13,"13","23","alexander-albon","williams","mercedes","pirelli",,,"1:30.397",90397,"1:30.221",90221,,,,,,,12
1102,2024,1,14,14,"14","3","daniel-ricciardo","rb","honda-rbpt","pirelli",,,"1:30.562",90562,"1:30.278",90278,,,,,,,12
1102,2024,1,15,15,"15","20","kevin-magnussen","haas","ferrari","pirelli",,,"1:30.646",90646,"1:30.529",90529,,,,,,,12
1102,2024,1,16,16,"16","77","valtteri-bottas","kick-sauber","ferrari","pirelli",,,"1:30.756",90756,,,,,,,,,6
1102,2024,1,17,17,"17","24","guanyu-zhou","kick-sauber","ferrari","pirelli",,,"1:30.757",90757,,,,,,,,,6
1102,2024,1,18,18,"18","2","logan-sargeant","williams","mercedes","pirelli",,,"1:30.770",90770,,,,,,,,,6
1102,2024,1,19,19,"19","31","esteban-ocon","alpine","renault","pirelli",,,"1:30.793",90793,,,,,,,,,9
1102,2024,1,20,20,"20","10","pierre-gasly","alpine","renault","pirelli",,,"1:30.948",90948,,,,,,,,,9
1103,2024,2,1,1,"1","1","max-verstappen","red-bull","honda-rbpt","pirelli",,,"1:28.171",88171,"1:28.033",88033,"1:27.472",87472,,,,,18
1103,2024,2,2,2,"2","16","charles-leclerc","ferrari","ferrari","pirelli",,,"1:28.318",88318,"1:28.112",88112,"1:27.791",87791,"+0.319",319,"+0.319",319,23
1103,2024,2,3,3,"3","11","sergio-perez","red-bull","honda-rbpt","pirelli",,,"1:28.638",88638,"1:28.467",88467,"1:27.807",87807,"+0.335",335,"+0.016",16,19
1103,2024,2,4,4,"4","14","fernando-alonso","aston-martin","mercedes","pirelli",,,"1:28.706",88706,"1:28.122",88122,"1:27.846",87846,"+0.374",374,"+0.039",39,17
1103,2024,2,5,5,"5","81","oscar-piastri","mclaren","mercedes","pirelli",,,"1:28.755",88755,"1:28.343",88343,"1:28.089",88089,"+0.617",617,"+0.243",243,22
1103,2024,2,6,6,"6","4","lando-norris","mclaren","mercedes","pirelli",,,"1:28.805",88805,"1:28.479",88479,"1:28.132",88132,"+0.660",660,"+0.043",43,22
1103,2024,2,7,7,"7","63","george-russell","mercedes","mercedes","pirelli",,,"1:28.749",88749,"1:28.448",88448,"1:28.316",88316,"+0.844",844,"+0.184",184,22
1103,2024,2,8,8,"8","44","lewis-hamilton","mercedes","mercedes","pirelli",,,"1:28.994",88994,"1:28.606",88606,"1:28.460",88460,"+0.988",988,"+0.144",144,24
1103,2024,2,9,9,"9","22","yuki-tsunoda","rb","honda-rbpt","pirelli",,,"1:28.988",88988,"1:28.564",88564,"1:28.547",88547,"+1.075",1075,"+0.087",87,18
1103,2024,2,10,10,"10","18","lance-stroll","aston-martin","mercedes","pirelli",,,"1:28.250",88250,"1:28.578",88578,"1:28.572",88572,"+1.100",1100,"+0.025",25,19
1103,2024,2,11,11,"11","38","oliver-bearman","ferrari","ferrari","pirelli",,,"1:28.984",88984,"1:28.642",88642,,,,,,,18
1103,2024,2,12,12,"12","23","alexander-albon","williams","mercedes","pirelli",,,"1:29.107",89107,"1:28.980",88980,,,,,,,16
1103,2024,2,13,13,"13","20","kevin-magnussen","haas","ferrari","pirelli",,,"1:29.069",89069,"1:29.020",89020,,,,,,,17
1103,2024,2,14,14,"14","3","daniel-ricciardo","rb","honda-rbpt","pirelli",,,"1:29.065",89065,"1:29.025",89025,,,,,,,12
1103,2024,2,15,15,"15","27","nico-hulkenberg","haas","ferrari","pirelli",,,"1:29.055",89055,,,,,,,,,10
1103,2024,2,16,16,"16","77","valtteri-bottas","kick-sauber","ferrari","pirelli",,,"1:29.179",89179,,,,,,,,,9
1103,2024,2,17,17,"17","31","esteban-ocon","alpine","renault","pirelli",,,"1:29.475",89475,,,,,,,,,10
1103,2024,2,18,18,"18","10","pierre-gasly","alpine","renault","pirelli",,,"1:29.479",89479,,,,,,,,,9
1103,2024,2,19,19,"19","2","logan-sargeant","williams","mercedes","pirelli",,,"1:29.526",89526,,,,,,,,,9
1103,2024,2,20,,"NC","24","guanyu-zhou","kick-sauber","ferrari","pirelli",,,,,,,,,,,,,2
1104,2024,3,1,1,"1","1","max-verstappen","red-bull","honda-rbpt","pirelli",,,"1:16.819",76819,"1:16.387",76387,"1:15.915",75915,,,,,21
1104,2024,3,2,2,"2","55","carlos-sainz-jr","ferrari","ferrari","pirelli",,,"1:16.731",76731,"1:16.189",76189,"1:16.185",76185,"+0.270",270,"+0.270",270,18
1104,2024,3,3,3,"3","11","sergio-perez","red-bull","honda-rbpt","pirelli",,,"1:16.805",76805,"1:16.631",76631,"1:16.274",76274,"+0.359",359,"+0.089",89,22
1104,2024,3,4,4,"4","4","lando-norris","mclaren","mercedes","pirelli",,,"1:17.430",77430,"1:16.750",76750,"1:16.315",76315,"+0.400",400,"+0.041",41,19
1104,2024,3,5,5,"5","16","charles-leclerc","ferrari","ferrari","pirelli",,,"1:16.984",76984,"1:16.304",76304,"1:16.435",76435,"+0.520",520,"+0.120",120,20
1104,2024,3,6,6,"6","81","oscar-piastri","mclaren","mercedes","pirelli",,,"1:17.369",77369,"1:16.601",76601,"1:16.572",76572,"+0.657",657,"+0.137",137,18
1104,2024,3,7,7,"7","63","george-russell","mercedes","mercedes","pirelli",,,"1:17.062",77062,"1:16.901",76901,"1:16.724",76724,"+0.809",809,"+0.152",152,23
1104,2024,3,8,8,"8","22","yuki-tsunoda","rb","honda-rbpt","pirelli",,,"1:17.356",77356,"1:16.791",76791,"1:16.788",76788,"+0.873",873,"+0.064",64,18
1104,2024,3,9,9,"9","18","lance-stroll","aston-martin","mercedes","pirelli",,,"1:17.376",77376,"1:16.780",76780,"1:17.072",77072,"+1.157",1157,"+0.284",284,23
1104,2024,3,10,10,"10","14","fernando-alonso","aston-martin","mercedes","pirelli",,,"1:16.991",76991,"1:16.710",76710,"1:17.552",77552,"+1.637",1637,"+0.480",480,21
1104,2024,3,11,11,"11","44","lewis-hamilton","mercedes","mercedes","pirelli",,,"1:17.499",77499,"1:16.960",76960,,,,,,,15
1104,2024,3,12,12,"12","23","alexander-albon","williams","mercedes","pirelli",,,"1:17.130",77130,"1:17.167",77167,,,,,,,15
1104,2024,3,13,13,"13","77","valtteri-bottas","kick-sauber","ferrari","pirelli",,,"1:17.543",77543,"1:17.340",77340,,,,,,,15
1104,2024,3,14,14,"14","20","kevin-magnussen","haas","ferrari","pirelli",,,"1:17.709",77709,"1:17.427",77427,,,,,,,13
1104,2024,3,15,15,"15","31","esteban-ocon","alpine","renault","pirelli",,,"1:17.617",77617,"1:17.697",77697,,,,,,,21
1104,2024,3,16,16,"16","27","nico-hulkenberg","haas","ferrari","pirelli",,,"1:17.976",77976,,,,,,,,,8
1104,2024,3,17,17,"17","10","pierre-gasly","alpine","renault","pirelli",,,"1:17.982",77982,,,,,,,,,11
1104,2024,3,18,18,"18","3","daniel-ricciardo","rb","honda-rbpt","pirelli",,,"1:18.085",78085,,,,,,,,,6
1104,2024,3,19,19,"19","24","guanyu-zhou","kick-sauber","ferrari","pirelli",,,"1:18.188",78188,,,,,,,,,9
1105,2024,4,1,1,"1","1","max-verstappen","red-bull","honda-rbpt","pirelli",,,"1:28.866",88866,"1:28.740",88740,"1:28.197",88197,,,,,12
1105,2024,4,2,2,"2","11","sergio-perez","red-bull","honda-rbpt","pirelli",,,"1:29.303",89303,"1:28.752",88752,"1:28.263",88263,"+0.066",66,"+0.066",66,12
1105,2024,4,3,3,"3","4","lando-norris","mclaren","mercedes","pirelli",,,"1:29.536",89536,"1:28.940",88940,"1:28.489",88489,"+0.292",292,"+0.226",226,13
1105,2024,4,4,4,"4","55","carlos-sainz-jr","ferrari","ferrari","pirelli",,,"1:29.513",89513,"1:29.099",89099,"1:28.682",88682,"+0.485",485,"+0.193",193,12
1105,2024,4,5,5,"5","14","fernando-alonso","aston-martin","mercedes","pirelli",,,"1:29.254",89254,"1:29.082",89082,"1:28.686",88686,"+0.489",489,"+0.004",4,12
1105,2024,4,6,6,"6","81","oscar-piastri","mclaren","mercedes","pirelli",,,"1:29.425",89425,"1:29.148",89148,"1:28.760",88760,"+0.563",563,"+0.074",74,12
1105,2024,4,7,7,"7","44","lewis-hamilton","mercedes","mercedes","pirelli",,,"1:29.661",89661,"1:28.887",88887,"1:28.766",88766,"+0.569",569,"+0.006",6,15
1105,2024,4,8,8,"8","16","charles-leclerc","ferrari","ferrari","pirelli",,,"1:29.338",89338,"1:29.196",89196,"1:28.786",88786,"+0.589",589,"+0.020",20,12
1105,2024,4,9,9,"9","63","george-russell","mercedes","mercedes","pirelli",,,"1:29.799",89799,"1:29.140",89140,"1:29.008",89008,"+0.811",811,"+0.222",222,15
1105,2024,4,10,10,"10","22","yuki-tsunoda","rb","honda-rbpt","pirelli",,,"1:29.775",89775,"1:29.417",89417,"1:29.413",89413,"+1.216",1216,"+0.405",405,18
1105,2024,4,11,11,"11","3","daniel-ricciardo","rb","honda-rbpt","pirelli",,,"1:29.727",89727,"1:29.472",89472,,,,,,,12
1105,2024,4,12,12,"12","27","nico-hulkenberg","haas","ferrari","pirelli",,,"1:29.821",89821,"1:29.494",89494,,,,,,,12
1105,2024,4,13,13,"13","77","valtteri-bottas","kick-sauber","ferrari","pirelli",,,"1:29.602",89602,"1:29.593",89593,,,,,,,12
1105,2024,4,14,14,"14","23","alexander-albon","williams","mercedes","pirelli",,,"1:29.963",89963,"1:29.714",89714,,,,,,,9
1105,2024,4,15,15,"15","31","esteban-ocon","alpine","renault","pirelli",,,"1:29.811",89811,"1:29.816",89816,,,,,,,12
1105,2024,4,16,16,"16","18","lance-stroll","aston-martin","mercedes","pirelli",,,"1:30.024",90024,,,,,,,,,6
1105,2024,4,17,17,"17","10","pierre-gasly","alpine","renault","pirelli",,,"1:30.119",90119,,,,,,,,,6
1105,2024,4,18,18,"18","20","kevin-magnussen","haas","ferrari","pirelli",,,"1:30.131",90131,,,,,,,,,9
1105,2024,4,19,19,"19","2","logan-sargeant","williams","mercedes","pirelli",,,"1:30.139",90139,,,,,,,,,6
1105,2024,4,20,20,"20","24","guanyu-zhou","kick-sauber","ferrari","pirelli",,,"1:30.143",90143,,,,,,,,,6
1106,2024,5,1,1,"1","1","max-verstappen","red-bull","honda-rbpt","pirelli",,,"1:34.742",94742,"1:33.794",93794,"1:33.660",93660,,,,,18
1106,2024,5,2,2,"2","11","sergio-perez","red-bull","honda-rbpt","pirelli",,,"1:35.457",95457,"1:34.026",94026,"1:33.982",93982,"+0.322",322,"+0.322",322,19
1106,2024,5,3,3,"3","14","fernando-alonso","aston-martin","mercedes","pirelli",,,"1:35.116",95116,"1:34.652",94652,"1:34.148",94148,"+0.488",488,"+0.166",166,15
1106,2024,5,4,4,"4","4","lando-norris","mclaren","mercedes","pirelli",,,"1:34.842",94842,"1:34.460",94460,"1:34.165",94165,"+0.505",505,"+0.017",17,15
1106,2024,5,5,5,"5","81","oscar-piastri","mclaren","mercedes","pirelli",,,"1:35.014",95014,"1:34.659",94659,"1:34.273",94273,"+0.613",613,"+0.108",108,16
1106,2024,5,6,6,"6","16","charles-leclerc","ferrari","ferrari","pirelli",,,"1:34.797",94797,"1:34.399",94399,"1:34.289",94289,"+0.629",629,"+0.016",16,20
1106,2024,5,7,7,"7","55","carlos-sainz-jr","ferrari","ferrari","pirelli",,,"1:34.970",94970,"1:34.368",94368,"1:34.297",94297,"+0.637",637,"+0.008",8,17
1106,2024,5,8,8,"8","63","george-russell","mercedes","mercedes","pirelli",,,"1:35.084",95084,"1:34.609",94609,"1:34.433",94433,"+0.773",773,"+0.136",136,20
1106,2024,5,9,9,"9","27","nico-hulkenberg","haas","ferrari","pirelli",,,"1:35.068",95068,"1:34.667",94667,"1:34.604",94604,"+0.944",944,"+0.171",171,21
1106,2024,5,10,10,"10","77","valtteri-bottas","kick-sauber","ferrari","pirelli",,,"1:35.169",95169,"1:34.769",94769,"1:34.665",94665,"+1.005",1005,"+0.061",61,15
1106,2024,5,11,11,"11","18","lance-stroll","aston-martin","mercedes","pirelli",,,"1:35.334",95334,"1:34.838",94838,,,,,,,12
1106,2024,5,12,12,"12","3","daniel-ricciardo","rb","honda-rbpt","pirelli",,,"1:35.443",95443,"1:34.934",94934,,,,,,,12
1106,2024,5,13,13,"13","31","esteban-ocon","alpine","renault","pirelli",,,"1:35.356",95356,"1:35.223",95223,,,,,,,15
1106,2024,5,14,14,"14","23","alexander-albon","williams","mercedes","pirelli",,,"1:35.384",95384,"1:35.241",95241,,,,,,,14
1106,2024,5,15,15,"15","10","pierre-gasly","alpine","renault","pirelli",,,"1:35.287",95287,"1:35.463",95463,,,,,,,15
1106,2024,5,16,16,"16","24","guanyu-zhou","kick-sauber","ferrari","pirelli",,,"1:35.505",95505,,,,,,,,,8
1106,2024,5,17,17,"17","20","kevin-magnussen","haas","ferrari","pirelli",,,"1:35.516",95516,,,,,,,,,6
1106,2024,5,18,18,"18","44","lewis-hamilton","mercedes","mercedes","pirelli",,,"1:35.573",95573,,,,,,,,,6
1106,2024,5,19,19,"19","22","yuki-tsunoda","rb","honda-rbpt","pirelli",,,"1:35.746",95746,,,,,,,,,9
1106,2024,5,20,20,"20","2","logan-sargeant","williams","mercedes","pirelli",,,"1:36.358",96358,,,,,,,,,7
1107,2024,6,1,1,"1","1","max-verstappen","red-bull","honda-rbpt","pirelli",,,"1:27.689",87689,"1:27.566",87566,"1:27.241",87241,,,,,18
1107,2024,6,2,2,"2","16","charles-leclerc","ferrari","ferrari","pirelli",,,"1:28.081",88081,"1:27.533",87533,"1:27.382",87382,"+0.141",141,"+0.141",141,21
1107,2024,6,3,3,"3","55","carlos-sainz-jr","ferrari","ferrari","pirelli",,,"1:27.937",87937,"1:27.941",87941,"1:27.455",87455,"+0.214",214,"+0.073",73,21
1107,2024,6,4,4,"4","11","sergio-perez","red-bull","honda-rbpt","pirelli",,,"1:27.772",87772,"1:27.839",87839,"1:27.460",87460,"+0.219",219,"+0.005",5,18
1107,2024,6,5,5,"5","4","lando-norris","mclaren","mercedes","pirelli",,,"1:27.913",87913,"1:27.871",87871,"1:27.594",87594,"+0.353",353,"+0.134",134,21
1107,2024,6,6,6,"6","81","oscar-piastri","mclaren","mercedes","pirelli",,,"1:28.032",88032,"1:27.721",87721,"1:27.675",87675,"+0.434",434,"+0.081",81,19
1107,2024,6,7,7,"7","63","george-russell","mercedes","mercedes","pirelli",,,"1:28.159",88159,"1:28.095",88095,"1:28.067",88067,"+0.826",826,"+0.392",392,21
1107,2024,6,8,8,"8","44","lewis-hamilton","mercedes","mercedes","pirelli",,,"1:28.167",88167,"1:27.697",87697,"1:28.107",88107,"+0.866",866,"+0.040",40,21
1107,2024,6,9,9,"9","27","nico-hulkenberg","haas","ferrari","pirelli",,,"1:28.383",88383,"1:28.200",88200,"1:28.146",88146,"+0.905",905,"+0.039",39,21
1107,2024,6,10,10,"10","22","yuki-tsunoda","rb","honda-rbpt","pirelli",,,"1:28.324",88324,"1:28.167",88167,"1:28.192",88192,"+0.951",951,"+0.046",46,21
1107,2024,6,11,11,"11","18","lance-stroll","aston-martin","mercedes","pirelli",,,"1:28.177",88177,"1:28.222",88222,,,,,,,15
1107,2024,6,12,12,"12","10","pierre-gasly","alpine","renault","pirelli",,,"1:27.976",87976,"1:28.324",88324,,,,,,,15
1107,2024,6,13,13,"13","31","esteban-ocon","alpine","renault","pirelli",,,"1:28.209",88209,"1:28.371",88371,,,,,,,15
1107,2024,6,14,14,"14","23","alexander-albon","williams","mercedes","pirelli",,,"1:28.343",88343,"1:28.413",88413,,,,,,,15
1107,2024,6,15,15,"15","14","fernando-alonso","aston-martin","mercedes","pirelli",,,"1:28.453",88453,"1:28.427",88427,,,,,,,15
1107,2024,6,16,16,"16","77","valtteri-bottas","kick-sauber","ferrari","pirelli",,,"1:28.463",88463,,,,,,,,,6
1107,2024,6,17,17,"17","2","logan-sargeant","williams","mercedes","pirelli",,,"1:28.487",88487,,,,,,,,,8
1107,2024,6,18,18,"18","3","daniel-ricciardo","rb","honda-rbpt","pirelli",,,"1:28.617",88617,,,,,,,,,9
1107,2024,6,19,19,"19","20","kevin-magnussen","haas","ferrari","pirelli",,,"1:28.619",88619,,,,,,,,,9
1107,2024,6,20,20,"20","24","guanyu-zhou","kick-sauber","ferrari","pirelli",,,"1:28.824",88824,,,,,,,,,9
1108,2024,7,1,1,"1","1","max-verstappen","red-bull","honda-rbpt","pirelli",,,"1:15.762",75762,"1:15.176",75176,"1:14.746",74746,,,,,18
1108,2024,7,2,2,"2","81","oscar-piastri","mclaren","mercedes","pirelli",,,"1:15.940",75940,"1:15.407",75407,"1:14.820",74820,"+0.074",74,"+0.074",74,15
1108,2024,7,3,3,"3","4","lando-norris","mclaren","mercedes","pirelli",,,"1:15.915",75915,"1:15.371",75371,"1:14.837",74837,"+0.091",91,"+0.017",17,19
1108,2024,7,4,4,"4","16","charles-leclerc","ferrari","ferrari","pirelli",,,"1:15.823",75823,"1:15.328",75328,"1:14.970",74970,"+0.224",224,"+0.133",133,21
1108,2024,7,5,5,"5","55","carlos-sainz-jr","ferrari","ferrari","pirelli",,,"1:16.015",76015,"1:15.512",75512,"1:15.233",75233,"+0.487",487,"+0.263",263,20
1108,2024,7,6,6,"6","63","george-russell","mercedes","mercedes","pirelli",,,"1:16.107",76107,"1:15.671",75671,"1:15.234",75234,"+0.488",488,"+0.001",1,18
1108,2024,7,7,7,"7","22","yuki-tsunoda","rb","honda-rbpt","pirelli",,,"1:15.894",75894,"1:15.358",75358,"1:15.465",75465,"+0.719",719,"+0.231",231,15
1108,2024,7,8,8,"8","44","lewis-hamilton","mercedes","mercedes","pirelli",,,"1:16.604",76604,"1:15.677",75677,"1:15.504",75504,"+0.758",758,"+0.039",39,20
1108,2024,7,9,9,"9","3","daniel-ricciardo","rb","honda-rbpt","pirelli",,,"1:16.060",76060,"1:15.691",75691,"1:15.674",75674,"+0.928",928,"+0.170",170,15
1108,2024,7,10,10,"10","27","nico-hulkenberg","haas","ferrari","pirelli",,,"1:15.841",75841,"1:15.569",75569,"1:15.980",75980,"+1.234",1234,"+0.306",306,21
1108,2024,7,11,11,"11","11","sergio-perez","red-bull","honda-rbpt","pirelli",,,"1:16.404",76404,"1:15.706",75706,,,,,,,10
1108,2024,7,12,12,"12","31","esteban-ocon","alpine","renault","pirelli",,,"1:16.361",76361,"1:15.906",75906,,,,,,,15
1108,2024,7,13,13,"13","18","lance-stroll","aston-martin","mercedes","pirelli",,,"1:16.458",76458,"1:15.992",75992,,,,,,,15
1108,2024,7,14,14,"14","23","alexander-albon","williams","mercedes","pirelli",,,"1:16.524",76524,"1:16.200",76200,,,,,,,12
1108,2024,7,15,15,"15","10","pierre-gasly","alpine","renault","pirelli",,,"1:16.015",76015,"1:16.381",76381,,,,,,,14
1108,2024,7,16,16,"16","77","valtteri-bottas","kick-sauber","ferrari","pirelli",,,"1:16.626",76626,,,,,,,,,6
1108,2024,7,17,17,"17","24","guanyu-zhou","kick-sauber","ferrari","pirelli",,,"1:16.834",76834,,,,,,,,,9
1108,2024,7,18,18,"18","20","kevin-magnussen","haas","ferrari","pirelli",,,"1:16.854",76854,,,,,,,,,8
1108,2024,7,19,19,"19","14","fernando-alonso","aston-martin","mercedes","pirelli",,,"1:16.917",76917,,,,,,,,,7
1108,2024,7,20,,"NC","2","logan-sargeant","williams","mercedes","pirelli",,,,,,,,,,,,,8
1109,2024,8,1,1,"1","16","charles-leclerc","ferrari","ferrari","pirelli",,,"1:11.584",71584,"1:10.825",70825,"1:10.270",70270,,,,,26
1109,2024,8,2,2,"2","81","oscar-piastri","mclaren","mercedes","pirelli",,,"1:11.500",71500,"1:10.756",70756,"1:10.424",70424,"+0.154",154,"+0.154",154,24
1109,2024,8,3,3,"3","55","carlos-sainz-jr","ferrari","ferrari","pirelli",,,"1:11.543",71543,"1:11.075",71075,"1:10.518",70518,"+0.248",248,"+0.094",94,28
1109,2024,8,4,4,"4","4","lando-norris","mclaren","mercedes","pirelli",,,"1:11.760",71760,"1:10.732",70732,"1:10.542",70542,"+0.272",272,"+0.024",24,27
1109,2024,8,5,5,"5","63","george-russell","mercedes","mercedes","pirelli",,,"1:11.492",71492,"1:10.929",70929,"1:10.543",70543,"+0.273",273,"+0.001",1,28
1109,2024,8,6,6,"6","1","max-verstappen","red-bull","honda-rbpt","pirelli",,,"1:11.711",71711,"1:10.745",70745,"1:10.567",70567,"+0.297",297,"+0.024",24,28
1109,2024,8,7,7,"7","44","lewis-hamilton","mercedes","mercedes","pirelli",,,"1:11.528",71528,"1:11.056",71056,"1:10.621",70621,"+0.351",351,"+0.054",54,28
1109,2024,8,8,8,"8","22","yuki-tsunoda","rb","honda-rbpt","pirelli",,,"1:11.852",71852,"1:11.106",71106,"1:10.858",70858,"+0.588",588,"+0.237",237,25
1109,2024,8,9,9,"9","23","alexander-albon","williams","mercedes","pirelli",,,"1:11.623",71623,"1:11.216",71216,"1:10.948",70948,"+0.678",678,"+0.090",90,29
1109,2024,8,10,10,"10","10","pierre-gasly","alpine","renault","pirelli",,,"1:11.714",71714,"1:10.896",70896,"1:11.311",71311,"+1.041",1041,"+0.363",363,30
1109,2024,8,11,11,"11","31","esteban-ocon","alpine","renault","pirelli",,,"1:11.887",71887,"1:11.285",71285,,,,,,,20
1109,2024,8,12,12,"12","3","daniel-ricciardo","rb","honda-rbpt","pirelli",,,"1:11.785",71785,"1:11.482",71482,,,,,,,21
1109,2024,8,13,13,"13","18","lance-stroll","aston-martin","mercedes","pirelli",,,"1:11.728",71728,"1:11.563",71563,,,,,,,17
1109,2024,8,14,14,"14","14","fernando-alonso","aston-martin","mercedes","pirelli",,,"1:12.019",72019,,,,,,,,,11
1109,2024,8,15,15,"15","2","logan-sargeant","williams","mercedes","pirelli",,,"1:12.020",72020,,,,,,,,,12
1109,2024,8,16,16,"16","11","sergio-perez","red-bull","honda-rbpt","pirelli",,,"1:12.060",72060,,,,,,,,,12
1109,2024,8,17,17,"17","77","valtteri-bottas","kick-sauber","ferrari","pirelli",,,"1:12.512",72512,,,,,,,,,11
1109,2024,8,18,18,"18","24","guanyu-zhou","kick-sauber","ferrari","pirelli",,,"1:13.028",73028,,,,,,,,,11
1109,2024,8,19,,"DSQ","27","nico-hulkenberg","haas","ferrari","pirelli",,,"1:11.876",71876,"1:11.440",71440,,,,,,,20
1109,2024,8,20,,"DSQ","20","kevin-magnussen","haas","ferrari","pirelli",,,"1:11.832",71832,"1:11.725",71725,,,,,,,18
1110,2024,9,1,1,"1","63","george-russell","mercedes","mercedes","pirelli",,,"1:13.013",73013,"1:11.742",71742,"1:12.000",72000,,,,,26
1110,2024,9,2,2,"2","1","max-verstappen","red-bull","honda-rbpt","pirelli",,,"1:12.360",72360,"1:12.549",72549,"1:12.000",72000,"+0.000",0,"+0.000",0,27
1110,2024,9,3,3,"3","4","lando-norris","mclaren","mercedes","pirelli",,,"1:12.959",72959,"1:12.201",72201,"1:12.021",72021,"+0.021",21,"+0.021",21,25
1110,2024,9,4,4,"4","81","oscar-piastri","mclaren","mercedes","pirelli",,,"1:12.907",72907,"1:12.462",72462,"1:12.103",72103,"+0.103",103,"+0.082",82,29
1110,2024,9,5,5,"5","3","daniel-ricciardo","rb","honda-rbpt","pirelli",,,"1:13.240",73240,"1:12.572",72572,"1:12.178",72178,"+0.178",178,"+0.075",75,25
1110,2024,9,6,6,"6","14","fernando-alonso","aston-martin","mercedes","pirelli",,,"1:13.117",73117,"1:12.635",72635,"1:12.228",72228,"+0.228",228,"+0.050",50,23
1110,2024,9,7,7,"7","44","lewis-hamilton","mercedes","mercedes","pirelli",,,"1:12.851",72851,"1:11.979",71979,"1:12.280",72280,"+0.280",280,"+0.052",52,26
1110,2024,9,8,8,"8","22","yuki-tsunoda","rb","honda-rbpt","pirelli",,,"1:12.748",72748,"1:12.303",72303,"1:12.414",72414,"+0.414",414,"+0.134",134,24
1110,2024,9,9,9,"9","18","lance-stroll","aston-martin","mercedes","pirelli",,,"1:13.088",73088,"1:12.659",72659,"1:12.701",72701,"+0.701",701,"+0.287",287,25
1110,2024,9,10,10,"10","23","alexander-albon","williams","mercedes","pirelli",,,"1:12.896",72896,"1:12.485",72485,"1:12.796",72796,"+0.796",796,"+0.095",95,26
1110,2024,9,11,11,"11","16","charles-leclerc","ferrari","ferrari","pirelli",,,"1:13.107",73107,"1:12.691",72691,,,,,,,21
1110,2024,9,12,12,"12","55","carlos-sainz-jr","ferrari","ferrari","pirelli",,,"1:13.038",73038,"1:12.728",72728,,,,,,,22
1110,2024,9,13,13,"13","2","logan-sargeant","williams","mercedes","pirelli",,,"1:13.063",73063,"1:12.736",72736,,,,,,,22
1110,2024,9,14,14,"14","20","kevin-magnussen","haas","ferrari","pirelli",,,"1:13.217",73217,"1:12.916",72916,,,,,,,16
1110,2024,9,15,15,"15","10","pierre-gasly","alpine","renault","pirelli",,,"1:13.289",73289,"1:12.940",72940,,,,,,,18
1110,2024,9,16,16,"16","11","sergio-perez","red-bull","honda-rbpt","pirelli",,,"1:13.326",73326,,,,,,,,,11
1110,2024,9,17,17,"17","77","valtteri-bottas","kick-sauber","ferrari","pirelli",,,"1:13.366",73366,,,,,,,,,10
1110,2024,9,18,18,"18","31","esteban-ocon","alpine","renault","pirelli",,,"1:13.435",73435,,,,,,,,,11
1110,2024,9,19,19,"19","27","nico-hulkenberg","haas","ferrari","pirelli",,,"1:13.978",73978,,,,,,,,,10
1110,2024,9,20,20,"20","24","guanyu-zhou","kick-sauber","ferrari","pirelli",,,"1:14.292",74292,,,,,,,,,11
1111,2024,10,1,1,"1","4","lando-norris","mclaren","mercedes","pirelli",,,"1:12.386",72386,"1:11.872",71872,"1:11.383",71383,,,,,12
1111,2024,10,2,2,"2","1","max-verstappen","red-bull","honda-rbpt","pirelli",,,"1:12.306",72306,"1:11.653",71653,"1:11.403",71403,"+0.020",20,"+0.020",20,12
1111,2024,10,3,3,"3","44","lewis-hamilton","mercedes","mercedes","pirelli",,,"1:12.143",72143,"1:11.792",71792,"1:11.701",71701,"+0.318",318,"+0.298",298,18
1111,2024,10,4,4,"4","63","george-russell","mercedes","mercedes","pirelli",,,"1:12.456",72456,"1:11.812",71812,"1:11.703",71703,"+0.320",320,"+0.002",2,16
1111,2024,10,5,5,"5","16","charles-leclerc","ferrari","ferrari","pirelli",,,"1:12.257",72257,"1:12.038",72038,"1:11.731",71731,"+0.348",348,"+0.028",28,12
1111,2024,10,6,6,"6","55","carlos-sainz-jr","ferrari","ferrari","pirelli",,,"1:12.403",72403,"1:11.874",71874,"1:11.736",71736,"+0.353",353,"+0.005",5,12
1111,2024,10,7,7,"7","10","pierre-gasly","alpine","renault","pirelli",,,"1:12.651",72651,"1:12.079",72079,"1:11.857",71857,"+0.474",474,"+0.121",121,18
1111,2024,10,8,8,"8","11","sergio-perez","red-bull","honda-rbpt","pirelli",,,"1:12.477",72477,"1:12.054",72054,"1:12.061",72061,"+0.678",678,"+0.204",204,18
1111,2024,10,9,9,"9","31","esteban-ocon","alpine","renault","pirelli",,,"1:12.691",72691,"1:12.109",72109,"1:12.125",72125,"+0.742",742,"+0.064",64,18
1111,2024,10,10,10,"10","81","oscar-piastri","mclaren","mercedes","pirelli",,,"1:12.460",72460,"1:12.011",72011,,,,,,,16
1111,2024,10,11,11,"11","14","fernando-alonso","aston-martin","mercedes","pirelli",,,"1:12.505",72505,"1:12.128",72128,,,,,,,12
1111,2024,10,12,12,"12","77","valtteri-bottas","kick-sauber","ferrari","pirelli",,,"1:12.758",72758,"1:12.227",72227,,,,,,,12
1111,2024,10,13,13,"13","27","nico-hulkenberg","haas","ferrari","pirelli",,,"1:12.708",72708,"1:12.310",72310,,,,,,,12
1111,2024,10,14,14,"14","18","lance-stroll","aston-martin","mercedes","pirelli",,,"1:12.881",72881,"1:12.372",72372,,,,,,,15
1111,2024,10,15,15,"15","24","guanyu-zhou","kick-sauber","ferrari","pirelli",,,"1:12.880",72880,"1:12.738",72738,,,,,,,15
1111,2024,10,16,16,"16","20","kevin-magnussen","haas","ferrari","pirelli",,,"1:12.937",72937,,,,,,,,,6
1111,2024,10,17,17,"17","22","yuki-tsunoda","rb","honda-rbpt","pirelli",,,"1:12.985",72985,,,,,,,,,9
1111,2024,10,18,18,"18","3","daniel-ricciardo","rb","honda-rbpt","pirelli",,,"1:13.075",73075,,,,,,,,,9
1111,2024,10,19,19,"19","23","alexander-albon","williams","mercedes","pirelli",,,"1:13.153",73153,,,,,,,,,6
1111,2024,10,20,20,"20","2","logan-sargeant","williams","mercedes","pirelli",,,"1:13.509",73509,,,,,,,,,9
1112,2024,11,1,1,"1","1","max-verstappen","red-bull","honda-rbpt","pirelli",,,"1:05.336",65336,"1:04.469",64469,"1:04.314",64314,,,,,18
1112,2024,11,2,2,"2","4","lando-norris","mclaren","mercedes","pirelli",,,"1:05.450",65450,"1:05.103",65103,"1:04.718",64718,"+0.404",404,"+0.404",404,20
1112,2024,11,3,3,"3","63","george-russell","mercedes","mercedes","pirelli",,,"1:05.585",65585,"1:05.016",65016,"1:04.840",64840,"+0.526",526,"+0.122",122,18
1112,2024,11,4,4,"4","55","carlos-sainz-jr","ferrari","ferrari","pirelli",,,"1:05.263",65263,"1:05.016",65016,"1:04.851",64851,"+0.537",537,"+0.011",11,18
1112,2024,11,5,5,"5","44","lewis-hamilton","mercedes","mercedes","pirelli",,,"1:05.541",65541,"1:05.053",65053,"1:04.903",64903,"+0.589",589,"+0.052",52,18
1112,2024,11,6,6,"6","16","charles-leclerc","ferrari","ferrari","pirelli",,,"1:05.509",65509,"1:05.104",65104,"1:05.044",65044,"+0.730",730,"+0.141",141,22
1112,2024,11,7,7,"7","81","oscar-piastri","mclaren","mercedes","pirelli",,,"1:05.311",65311,"1:05.070",65070,"1:05.048",65048,"+0.734",734,"+0.004",4,17
1112,2024,11,8,8,"8","11","sergio-perez","red-bull","honda-rbpt","pirelli",,,"1:05.587",65587,"1:05.144",65144,"1:05.202",65202,"+0.888",888,"+0.154",154,21
1112,2024,11,9,9,"9","27","nico-hulkenberg","haas","ferrari","pirelli",,,"1:05.596",65596,"1:05.262",65262,"1:05.385",65385,"+1.071",1071,"+0.183",183,21
1112,2024,11,10,10,"10","31","esteban-ocon","alpine","renault","pirelli",,,"1:05.574",65574,"1:05.274",65274,"1:05.883",65883,"+1.569",1569,"+0.498",498,24
1112,2024,11,11,11,"11","3","daniel-ricciardo","rb","honda-rbpt","pirelli",,,"1:05.569",65569,"1:05.289",65289,,,,,,,15
1112,2024,11,12,12,"12","20","kevin-magnussen","haas","ferrari","pirelli",,,"1:05.508",65508,"1:05.347",65347,,,,,,,15
1112,2024,11,13,13,"13","10","pierre-gasly","alpine","renault","pirelli",,,"1:05.598",65598,"1:05.359",65359,,,,,,,18
1112,2024,11,14,14,"14","22","yuki-tsunoda","rb","honda-rbpt","pirelli",,,"1:05.563",65563,"1:05.412",65412,,,,,,,15
1112,2024,11,15,15,"15","14","fernando-alonso","aston-martin","mercedes","pirelli",,,"1:05.656",65656,"1:05.639",65639,,,,,,,15
1112,2024,11,16,16,"16","23","alexander-albon","williams","mercedes","pirelli",,,"1:05.736",65736,,,,,,,,,9
1112,2024,11,17,17,"17","18","lance-stroll","aston-martin","mercedes","pirelli",,,"1:05.819",65819,,,,,,,,,9
1112,2024,11,18,18,"18","77","valtteri-bottas","kick-sauber","ferrari","pirelli",,,"1:05.847",65847,,,,,,,,,9
1112,2024,11,19,19,"19","2","logan-sargeant","williams","mercedes","pirelli",,,"1:05.856",65856,,,,,,,,,9
1112,2024,11,20,20,"20","24","guanyu-zhou","kick-sauber","ferrari","pirelli",,,"1:06.061",66061,,,,,,,,,9
1113,2024,12,1,1,"1","63","george-russell","mercedes","mercedes","pirelli",,,"1:30.106",90106,"1:26.723",86723,"1:25.819",85819,,,,,26
1113,2024,12,2,2,"2","44","lewis-hamilton","mercedes","mercedes","pirelli",,,"1:29.547",89547,"1:26.770",86770,"1:25.990",85990,"+0.171",171,"+0.171",171,25
1113,2024,12,3,3,"3","4","lando-norris","mclaren","mercedes","pirelli",,,"1:31.596",91596,"1:26.559",86559,"1:26.030",86030,"+0.211",211,"+0.040",40,22
1113,2024,12,4,4,"4","1","max-verstappen","red-bull","honda-rbpt","pirelli",,,"1:31.342",91342,"1:26.796",86796,"1:26.203",86203,"+0.384",384,"+0.173",173,24
1113,2024,12,5,5,"5","81","oscar-piastri","mclaren","mercedes","pirelli",,,"1:30.895",90895,"1:26.733",86733,"1:26.237",86237,"+0.418",418,"+0.034",34,24
1113,2024,12,6,6,"6","27","nico-hulkenberg","haas","ferrari","pirelli",,,"1:31.929",91929,"1:26.847",86847,"1:26.338",86338,"+0.519",519,"+0.101",101,17
1113,2024,12,7,7,"7","55","carlos-sainz-jr","ferrari","ferrari","pirelli",,,"1:30.557",90557,"1:26.843",86843,"1:26.509",86509,"+0.690",690,"+0.171",171,24
1113,2024,12,8,8,"8","18","lance-stroll","aston-martin","mercedes","pirelli",,,"1:31.410",91410,"1:26.938",86938,"1:26.585",86585,"+0.766",766,"+0.076",76,24
1113,2024,12,9,9,"9","23","alexander-albon","williams","mercedes","pirelli",,,"1:31.135",91135,"1:26.933",86933,"1:26.640",86640,"+0.821",821,"+0.055",55,23
1113,2024,12,10,10,"10","14","fernando-alonso","aston-martin","mercedes","pirelli",,,"1:31.264",91264,"1:26.730",86730,"1:26.917",86917,"+1.098",1098,"+0.277",277,24
1113,2024,12,11,11,"11","16","charles-leclerc","ferrari","ferrari","pirelli",,,"1:30.496",90496,"1:27.097",87097,,,,,,,18
1113,2024,12,12,12,"12","2","logan-sargeant","williams","mercedes","pirelli",,,"1:31.608",91608,"1:27.175",87175,,,,,,,20
1113,2024,12,13,13,"13","22","yuki-tsunoda","rb","honda-rbpt","pirelli",,,"1:30.994",90994,"1:27.269",87269,,,,,,,17
1113,2024,12,14,14,"14","24","guanyu-zhou","kick-sauber","ferrari","pirelli",,,"1:31.190",91190,"1:27.867",87867,,,,,,,22
1113,2024,12,15,15,"15","3","daniel-ricciardo","rb","honda-rbpt","pirelli",,,"1:31.291",91291,"1:27.949",87949,,,,,,,18
1113,2024,12,16,16,"16","77","valtteri-bottas","kick-sauber","ferrari","pirelli",,,"1:32.431",92431,,,,,,,,,11
1113,2024,12,17,17,"17","20","kevin-magnussen","haas","ferrari","pirelli",,,"1:32.905",92905,,,,,,,,,6
1113,2024,12,18,18,"18","31","esteban-ocon","alpine","renault","pirelli",,,"1:34.557",94557,,,,,,,,,11
1113,2024,12,19,19,"19","11","sergio-perez","red-bull","honda-rbpt","pirelli",,,"1:38.348",98348,,,,,,,,,5
1113,2024,12,20,20,"20","10","pierre-gasly","alpine","renault","pirelli",,,"1:39.804",99804,,,,,,,,,7
1114,2024,13,1,1,"1","4","lando-norris","mclaren","mercedes","pirelli",,,"1:17.755",77755,"1:15.540",75540,"1:15.227",75227,,,,,22
1114,2024,13,2,2,"2","81","oscar-piastri","mclaren","mercedes","pirelli",,,"1:17.504",77504,"1:15.785",75785,"1:15.249",75249,"+0.022",22,"+0.022",22,21
1114,2024,13,3,3,"3","1","max-verstappen","red-bull","honda-rbpt","pirelli",,,"1:17.087",77087,"1:15.770",75770,"1:15.273",75273,"+0.046",46,"+0.024",24,21
1114,2024,13,4,4,"4","55","carlos-sainz-jr","ferrari","ferrari","pirelli",,,"1:17.244",77244,"1:15.885",75885,"1:15.696",75696,"+0.469",469,"+0.423",423,26
1114,2024,13,5,5,"5","44","lewis-hamilton","mercedes","mercedes","pirelli",,,"1:17.087",77087,"1:16.307",76307,"1:15.854",75854,"+0.627",627,"+0.158",158,24
1114,2024,13,6,6,"6","16","charles-leclerc","ferrari","ferrari","pirelli",,,"1:17.437",77437,"1:15.891",75891,"1:15.905",75905,"+0.678",678,"+0.051",51,22
1114,2024,13,7,7,"7","14","fernando-alonso","aston-martin","mercedes","pirelli",,,"1:17.624",77624,"1:16.117",76117,"1:16.043",76043,"+0.816",816,"+0.138",138,18
1114,2024,13,8,8,"8","18","lance-stroll","aston-martin","mercedes","pirelli",,,"1:17.405",77405,"1:16.075",76075,"1:16.244",76244,"+1.017",1017,"+0.201",201,22
1114,2024,13,9,9,"9","3","daniel-ricciardo","rb","honda-rbpt","pirelli",,,"1:17.050",77050,"1:16.202",76202,"1:16.447",76447,"+1.220",1220,"+0.203",203,20
1114,2024,13,10,10,"10","22","yuki-tsunoda","rb","honda-rbpt","pirelli",,,"1:17.436",77436,"1:16.121",76121,"1:16.477",76477,"+1.250",1250,"+0.030",30,20
1114,2024,13,11,11,"11","27","nico-hulkenberg","haas","ferrari","pirelli",,,"1:17.362",77362,"1:16.317",76317,,,,,,,16
1114,2024,13,12,12,"12","77","valtteri-bottas","kick-sauber","ferrari","pirelli",,,"1:17.487",77487,"1:16.384",76384,,,,,,,19
1114,2024,13,13,13,"13","23","alexander-albon","williams","mercedes","pirelli",,,"1:17.280",77280,"1:16.429",76429,,,,,,,16
1114,2024,13,14,14,"14","2","logan-sargeant","williams","mercedes","pirelli",,,"1:17.770",77770,"1:16.543",76543,,,,,,,13
1114,2024,13,15,15,"15","20","kevin-magnussen","haas","ferrari","pirelli",,,"1:17.851",77851,"1:16.548",76548,,,,,,,15
1114,2024,13,16,16,"16","11","sergio-perez","red-bull","honda-rbpt","pirelli",,,"1:17.886",77886,,,,,,,,,6
1114,2024,13,17,17,"17","63","george-russell","mercedes","mercedes","pirelli",,,"1:17.968",77968,,,,,,,,,9
1114,2024,13,18,18,"18","24","guanyu-zhou","kick-sauber","ferrari","pirelli",,,"1:18.037",78037,,,,,,,,,12
1114,2024,13,19,19,"19","31","esteban-ocon","alpine","renault","pirelli",,,"1:18.049",78049,,,,,,,,,6
1114,2024,13,20,20,"20","10","pierre-gasly","alpine","renault","pirelli",,,"1:18.166",78166,,,,,,,,,6
1115,2024,14,1,1,"1","1","max-verstappen","red-bull","honda-rbpt","pirelli",,,"1:54.938",114938,"1:53.837",113837,"1:53.159",113159,,,,,21
1115,2024,14,2,2,"2","16","charles-leclerc","ferrari","ferrari","pirelli",,,"1:55.349",115349,"1:54.193",114193,"1:53.754",113754,"+0.595",595,"+0.595",595,22
1115,2024,14,3,3,"3","11","sergio-perez","red-bull","honda-rbpt","pirelli",,,"1:55.139",115139,"1:54.470",114470,"1:53.765",113765,"+0.606",606,"+0.011",11,21
1115,2024,14,4,4,"4","44","lewis-hamilton","mercedes","mercedes","pirelli",,,"1:55.692",115692,"1:54.037",114037,"1:53.835",113835,"+0.676",676,"+0.070",70,22
1115,2024,14,5,5,"5","4","lando-norris","mclaren","mercedes","pirelli",,,"1:55.582",115582,"1:54.358",114358,"1:53.981",113981,"+0.822",822,"+0.146",146,24
1115,2024,14,6,6,"6","81","oscar-piastri","mclaren","mercedes","pirelli",,,"1:54.835",114835,"1:54.136",114136,"1:54.027",114027,"+0.868",868,"+0.046",46,23
1115,2024,14,7,7,"7","63","george-russell","mercedes","mercedes","pirelli",,,"1:55.353",115353,"1:54.095",114095,"1:54.184",114184,"+1.025",1025,"+0.157",157,22
1115,2024,14,8,8,"8","55","carlos-sainz-jr","ferrari","ferrari","pirelli",,,"1:55.169",115169,"1:54.112",114112,"1:54.477",114477,"+1.318",1318,"+0.293",293,23
1115,2024,14,9,9,"9","14","fernando-alonso","aston-martin","mercedes","pirelli",,,"1:55.489",115489,"1:54.258",114258,"1:54.765",114765,"+1.606",1606,"+0.288",288,23
1115,2024,14,10,10,"10","31","esteban-ocon","alpine","renault","pirelli",,,"1:55.417",115417,"1:54.460",114460,"1:54.810",114810,"+1.651",1651,"+0.045",45,23
1115,2024,14,11,11,"11","23","alexander-albon","williams","mercedes","pirelli",,,"1:55.722",115722,"1:54.473",114473,,,,,,,16
1115,2024,14,12,12,"12","10","pierre-gasly","alpine","renault","pirelli",,,"1:54.911",114911,"1:54.635",114635,,,,,,,17
1115,2024,14,13,13,"13","3","daniel-ricciardo","rb","honda-rbpt","pirelli",,,"1:55.451",115451,"1:54.682",114682,,,,,,,14
1115,2024,14,14,14,"14","77","valtteri-bottas","kick-sauber","ferrari","pirelli",,,"1:55.531",115531,"1:54.764",114764,,,,,,,17
1115,2024,14,15,15,"15","18","lance-stroll","aston-martin","mercedes","pirelli",,,"1:56.072",116072,"1:55.716",115716,,,,,,,17
1115,2024,14,16,16,"16","27","nico-hulkenberg","haas","ferrari","pirelli",,,"1:56.308",116308,,,,,,,,,9
1115,2024,14,17,17,"17","20","kevin-magnussen","haas","ferrari","pirelli",,,"1:56.500",116500,,,,,,,,,9
1115,2024,14,18,18,"18","22","yuki-tsunoda","rb","honda-rbpt","pirelli",,,"1:56.593",116593,,,,,,,,,8
1115,2024,14,19,19,"19","2","logan-sargeant","williams","mercedes","pirelli",,,"1:57.230",117230,,,,,,,,,8
1115,2024,14,20,20,"20","24","guanyu-zhou","kick-sauber","ferrari","pirelli",,,"1:57.775",117775,,,,,,,,,9
1116,2024,15,1,1,"1","4","lando-norris","mclaren","mercedes","pirelli",,,"1:11.377",71377,"1:10.496",70496,"1:09.673",69673,,,,,14
1116,2024,15,2,2,"2","1","max-verstappen","red-bull","honda-rbpt","pirelli",,,"1:11.393",71393,"1:10.811",70811,"1:10.029",70029,"+0.356",356,"+0.356",356,14
1116,2024,15,3,3,"3","81","oscar-piastri","mclaren","mercedes","pirelli",,,"1:11.541",71541,"1:10.505",70505,"1:10.172",70172,"+0.499",499,"+0.143",143,16
1116,2024,15,4,4,"4","63","george-russell","mercedes","mercedes","pirelli",,,"1:11.049",71049,"1:10.552",70552,"1:10.244",70244,"+0.571",571,"+0.072",72,18
1116,2024,15,5,5,"5","11","sergio-perez","red-bull","honda-rbpt","pirelli",,,"1:11.006",71006,"1:10.678",70678,"1:10.416",70416,"+0.743",743,"+0.172",172,17
1116,2024,15,6,6,"6","16","charles-leclerc","ferrari","ferrari","pirelli",,,"1:11.370",71370,"1:10.689",70689,"1:10.582",70582,"+0.909",909,"+0.166",166,24
1116,2024,15,7,7,"7","14","fernando-alonso","aston-martin","mercedes","pirelli",,,"1:11.493",71493,"1:10.845",70845,"1:10.633",70633,"+0.960",960,"+0.051",51,16
1116,2024,15,8,8,"8","18","lance-stroll","aston-martin","mercedes","pirelli",,,"1:11.518",71518,"1:10.661",70661,"1:10.857",70857,"+1.184",1184,,,19
1116,2024,15,9,9,"9","10","pierre-gasly","alpine","renault","pirelli",,,"1:11.718",71718,"1:10.815",70815,"1:10.977",70977,"+1.304",1304,"+0.120",120,20
1116,2024,15,10,10,"10","55","carlos-sainz-jr","ferrari","ferrari","pirelli",,,"1:11.327",71327,"1:10.914",70914,,,,,,,18
1116,2024,15,11,11,"11","44","lewis-hamilton","mercedes","mercedes","pirelli",,,"1:11.375",71375,"1:10.948",70948,,,,,,,13
1116,2024,15,12,12,"12","22","yuki-tsunoda","rb","honda-rbpt","pirelli",,,"1:11.603",71603,"1:10.955",70955,,,,,,,15
1116,2024,15,13,13,"13","27","nico-hulkenberg","haas","ferrari","pirelli",,,"1:11.832",71832,"1:11.215",71215,,,,,,,17
1116,2024,15,14,14,"14","20","kevin-magnussen","haas","ferrari","pirelli",,,"1:11.630",71630,"1:11.295",71295,,,,,,,15
1116,2024,15,15,15,"15","3","daniel-ricciardo","rb","honda-rbpt","pirelli",,,"1:11.943",71943,,,,,,,,,9
1116,2024,15,16,16,"16","31","esteban-ocon","alpine","renault","pirelli",,,"1:11.995",71995,,,,,,,,,9
1116,2024,15,17,17,"17","77","valtteri-bottas","kick-sauber","ferrari","pirelli",,,"1:12.168",72168,,,,,,,,,9
1116,2024,15,18,18,"18","24","guanyu-zhou","kick-sauber","ferrari","pirelli",,,"1:13.261",73261,,,,,,,,,9
1116,2024,15,19,,"DSQ","23","alexander-albon","williams","mercedes","pirelli",,,,,,,,,,,,,0
1117,2024,16,1,1,"1","4","lando-norris","mclaren","mercedes","pirelli",,,"1:19.911",79911,"1:19.727",79727,"1:19.327",79327,,,,,12
1117,2024,16,2,2,"2","81","oscar-piastri","mclaren","mercedes","pirelli",,,"1:20.076",80076,"1:19.808",79808,"1:19.436",79436,"+0.109",109,"+0.109",109,19
1117,2024,16,3,3,"3","63","george-russell","mercedes","mercedes","pirelli",,,"1:20.169",80169,"1:19.877",79877,"1:19.440",79440,"+0.113",113,"+0.004",4,18
1117,2024,16,4,4,"4","16","charles-leclerc","ferrari","ferrari","pirelli",,,"1:20.074",80074,"1:20.007",80007,"1:19.461",79461,"+0.134",134,"+0.021",21,21
1117,2024,16,5,5,"5","55","carlos-sainz-jr","ferrari","ferrari","pirelli",,,"1:20.149",80149,"1:19.799",79799,"1:19.467",79467,"+0.140",140,"+0.006",6,18
1117,2024,16,6,6,"6","44","lewis-hamilton","mercedes","mercedes","pirelli",,,"1:20.477",80477,"1:19.641",79641,"1:19.513",79513,"+0.186",186,"+0.046",46,18
1117,2024,16,7,7,"7","1","max-verstappen","red-bull","honda-rbpt","pirelli",,,"1:20.226",80226,"1:19.662",79662,"1:20.022",80022,"+0.695",695,"+0.509",509,18
1117,2024,16,8,8,"8","11","sergio-perez","red-bull","honda-rbpt","pirelli",,,"1:20.598",80598,"1:20.216",80216,"1:20.062",80062,"+0.735",735,"+0.040",40,17
1117,2024,16,9,9,"9","23","alexander-albon","williams","mercedes","pirelli",,,"1:20.542",80542,"1:20.314",80314,"1:20.299",80299,"+0.972",972,"+0.237",237,18
1117,2024,16,10,10,"10","27","nico-hulkenberg","haas","ferrari","pirelli",,,"1:20.781",80781,"1:20.411",80411,"1:20.339",80339,"+1.012",1012,"+0.040",40,18
1117,2024,16,11,11,"11","14","fernando-alonso","aston-martin","mercedes","pirelli",,,"1:20.617",80617,"1:20.421",80421,,,,,,,11
1117,2024,16,12,12,"12","3","daniel-ricciardo","rb","honda-rbpt","pirelli",,,"1:20.901",80901,"1:20.479",80479,,,,,,,12
1117,2024,16,13,13,"13","20","kevin-magnussen","haas","ferrari","pirelli",,,"1:20.856",80856,"1:20.698",80698,,,,,,,11
1117,2024,16,14,14,"14","10","pierre-gasly","alpine","renault","pirelli",,,"1:20.748",80748,"1:20.738",80738,,,,,,,16
1117,2024,16,15,15,"15","31","esteban-ocon","alpine","renault","pirelli",,,"1:20.764",80764,"1:20.766",80766,,,,,,,16
1117,2024,16,16,16,"16","22","yuki-tsunoda","rb","honda-rbpt","pirelli",,,"1:20.945",80945,,,,,,,,,6
1117,2024,16,17,17,"17","18","lance-stroll","aston-martin","mercedes","pirelli",,,"1:21.013",81013,,,,,,,,,6
1117,2024,16,18,18,"18","43","franco-colapinto","williams","mercedes","pirelli",,,"1:21.061",81061,,,,,,,,,6
1117,2024,16,19,19,"19","77","valtteri-bottas","kick-sauber","ferrari","pirelli",,,"1:21.101",81101,,,,,,,,,6
1117,2024,16,20,20,"20","24","guanyu-zhou","kick-sauber","ferrari","pirelli",,,"1:21.445",81445,,,,,,,,,9
1118,2024,17,1,1,"1","16","charles-leclerc","ferrari","ferrari","pirelli",,,"1:42.775",102775,"1:42.056",102056,"1:41.365",101365,,,,,20
1118,2024,17,2,2,"2","81","oscar-piastri","mclaren","mercedes","pirelli",,,"1:43.033",103033,"1:42.598",102598,"1:41.686",101686,"+0.321",321,"+0.321",321,19
1118,2024,17,3,3,"3","55","carlos-sainz-jr","ferrari","ferrari","pirelli",,,"1:43.357",103357,"1:42.503",102503,"1:41.805",101805,"+0.440",440,"+0.119",119,23
1118,2024,17,4,4,"4","11","sergio-perez","red-bull","honda-rbpt","pirelli",,,"1:43.213",103213,"1:42.263",102263,"1:41.813",101813,"+0.448",448,"+0.008",8,15
1118,2024,17,5,5,"5","63","george-russell","mercedes","mercedes","pirelli",,,"1:43.139",103139,"1:42.329",102329,"1:41.874",101874,"+0.509",509,"+0.061",61,20
1118,2024,17,6,6,"6","1","max-verstappen","red-bull","honda-rbpt","pirelli",,,"1:43.097",103097,"1:42.042",102042,"1:42.023",102023,"+0.658",658,"+0.149",149,20
1118,2024,17,7,7,"7","44","lewis-hamilton","mercedes","mercedes","pirelli",,,"1:43.089",103089,"1:42.765",102765,"1:42.289",102289,"+0.924",924,"+0.266",266,22
1118,2024,17,8,8,"8","14","fernando-alonso","aston-martin","mercedes","pirelli",,,"1:43.472",103472,"1:42.426",102426,"1:42.369",102369,"+1.004",1004,"+0.080",80,19
1118,2024,17,9,9,"9","43","franco-colapinto","williams","mercedes","pirelli",,,"1:43.138",103138,"1:42.473",102473,"1:42.530",102530,"+1.165",1165,"+0.161",161,20
1118,2024,17,10,10,"10","23","alexander-albon","williams","mercedes","pirelli",,,"1:42.899",102899,"1:42.840",102840,"1:42.859",102859,"+1.494",1494,"+0.329",329,19
1118,2024,17,11,11,"11","50","oliver-bearman","haas","ferrari","pirelli",,,"1:43.471",103471,"1:42.968",102968,,,,,,,14
1118,2024,17,12,12,"12","22","yuki-tsunoda","rb","honda-rbpt","pirelli",,,"1:43.337",103337,"1:43.035",103035,,,,,,,16
1118,2024,17,13,13,"13","27","nico-hulkenberg","haas","ferrari","pirelli",,,"1:43.101",103101,"1:43.191",103191,,,,,,,14
1118,2024,17,14,14,"14","18","lance-stroll","aston-martin","mercedes","pirelli",,,"1:43.370",103370,"1:43.404",103404,,,,,,,14
1118,2024,17,15,15,"15","3","daniel-ricciardo","rb","honda-rbpt","pirelli",,,"1:43.547",103547,,,,,,,,,9
1118,2024,17,16,16,"16","4","lando-norris","mclaren","mercedes","pirelli",,,"1:43.609",103609,,,,,,,,,7
1118,2024,17,17,17,"17","77","valtteri-bottas","kick-sauber","ferrari","pirelli",,,"1:43.618",103618,,,,,,,,,7
1118,2024,17,18,18,"18","24","guanyu-zhou","kick-sauber","ferrari","pirelli",,,"1:44.246",104246,,,,,,,,,10
1118,2024,17,19,19,"19","31","esteban-ocon","alpine","renault","pirelli",,,"1:44.504",104504,,,,,,,,,8
1118,2024,17,20,,"DSQ","10","pierre-gasly","alpine","renault","pirelli",,,,,,,,,,,,,0
1119,2024,18,1,1,"1","4","lando-norris","mclaren","mercedes","pirelli",,,"1:30.002",90002,"1:30.007",90007,"1:29.525",89525,,,,,16
1119,2024,18,2,2,"2","1","max-verstappen","red-bull","honda-rbpt","pirelli",,,"1:30.157",90157,"1:29.680",89680,"1:29.728",89728,"+0.203",203,"+0.203",203,18
1119,2024,18,3,3,"3","44","lewis-hamilton","mercedes","mercedes","pirelli",,,"1:30.393",90393,"1:29.929",89929,"1:29.841",89841,"+0.316",316,"+0.113",113,16
1119,2024,18,4,4,"4","63","george-russell","mercedes","mercedes","pirelli",,,"1:30.811",90811,"1:30.153",90153,"1:29.867",89867,"+0.342",342,"+0.026",26,17
1119,2024,18,5,5,"5","81","oscar-piastri","mclaren","mercedes","pirelli",,,"1:30.258",90258,"1:29.640",89640,"1:29.953",89953,"+0.428",428,"+0.086",86,18
1119,2024,18,6,6,"6","27","nico-hulkenberg","haas","ferrari","pirelli",,,"1:30.724",90724,"1:30.150",90150,"1:30.115",90115,"+0.590",590,"+0.162",162,18
1119,2024,18,7,7,"7","14","fernando-alonso","aston-martin","mercedes","pirelli",,,"1:30.684",90684,"1:30.450",90450,"1:30.214",90214,"+0.689",689,"+0.099",99,17
1119,2024,18,8,8,"8","22","yuki-tsunoda","rb","honda-rbpt","pirelli",,,"1:30.716",90716,"1:30.289",90289,"1:30.354",90354,"+0.829",829,"+0.140",140,17
1119,2024,18,9,9,"9","16","charles-leclerc","ferrari","ferrari","pirelli",,,"1:30.786",90786,"1:29.747",89747,,,,,,,19
1119,2024,18,10,10,"10","55","carlos-sainz-jr","ferrari","ferrari","pirelli",,,"1:30.670",90670,"1:30.108",90108,,,,,,,16
1119,2024,18,11,11,"11","23","alexander-albon","williams","mercedes","pirelli",,,"1:30.679",90679,"1:30.474",90474,,,,,,,12
1119,2024,18,12,12,"12","43","franco-colapinto","williams","mercedes","pirelli",,,"1:30.704",90704,"1:30.481",90481,,,,,,,12
1119,2024,18,13,13,"13","11","sergio-perez","red-bull","honda-rbpt","pirelli",,,"1:30.624",90624,"1:30.579",90579,,,,,,,14
1119,2024,18,14,14,"14","20","kevin-magnussen","haas","ferrari","pirelli",,,"1:30.829",90829,"1:30.653",90653,,,,,,,12
1119,2024,18,15,15,"15","31","esteban-ocon","alpine","renault","pirelli",,,"1:30.958",90958,"1:30.769",90769,,,,,,,15
1119,2024,18,16,16,"16","3","daniel-ricciardo","rb","honda-rbpt","pirelli",,,"1:31.085",91085,,,,,,,,,6
1119,2024,18,17,17,"17","18","lance-stroll","aston-martin","mercedes","pirelli",,,"1:31.094",91094,,,,,,,,,6
1119,2024,18,18,18,"18","10","pierre-gasly","alpine","renault","pirelli",,,"1:31.312",91312,,,,,,,,,9
1119,2024,18,19,19,"19","77","valtteri-bottas","kick-sauber","ferrari","pirelli",,,"1:31.572",91572,,,,,,,,,9
1119,2024,18,20,20,"20","24","guanyu-zhou","kick-sauber","ferrari","pirelli",,,"1:32.054",92054,,,,,,,,,9
1120,2024,19,1,1,"1","4","lando-norris","mclaren","mercedes","pirelli",,,"1:33.616",93616,"1:32.851",92851,"1:32.330",92330,,,,,16
1120,2024,19,2,2,"2","1","max-verstappen","red-bull","honda-rbpt","pirelli",,,"1:33.046",93046,"1:32.584",92584,"1:32.361",92361,"+0.031",31,"+0.031",31,17
1120,2024,19,3,3,"3","55","carlos-sainz-jr","ferrari","ferrari","pirelli",,,"1:33.556",93556,"1:32.836",92836,"1:32.652",92652,"+0.322",322,"+0.291",291,19
1120,2024,19,4,4,"4","16","charles-leclerc","ferrari","ferrari","pirelli",,,"1:33.241",93241,"1:32.962",92962,"1:32.740",92740,"+0.410",410,"+0.088",88,20
1120,2024,19,5,5,"5","81","oscar-piastri","mclaren","mercedes","pirelli",,,"1:33.864",93864,"1:33.057",93057,"1:32.950",92950,"+0.620",620,"+0.210",210,19
1120,2024,19,6,6,"6","63","george-russell","mercedes","mercedes","pirelli",,,"1:33.536",93536,"1:33.142",93142,"1:32.974",92974,"+0.644",644,"+0.024",24,15
1120,2024,19,7,7,"7","10","pierre-gasly","alpine","renault","pirelli",,,"1:33.550",93550,"1:33.162",93162,"1:33.018",93018,"+0.688",688,"+0.044",44,20
1120,2024,19,8,8,"8","14","fernando-alonso","aston-martin","mercedes","pirelli",,,"1:33.973",93973,"1:33.429",93429,"1:33.309",93309,"+0.979",979,"+0.291",291,18
1120,2024,19,9,9,"9","20","kevin-magnussen","haas","ferrari","pirelli",,,"1:33.564",93564,"1:33.474",93474,"1:33.481",93481,"+1.151",1151,"+0.172",172,17
1120,2024,19,10,10,"10","11","sergio-perez","red-bull","honda-rbpt","pirelli",,,"1:33.611",93611,"1:33.020",93020,,,,,,,17
1120,2024,19,11,11,"11","22","yuki-tsunoda","rb","honda-rbpt","pirelli",,,"1:33.795",93795,"1:33.506",93506,,,,,,,14
1120,2024,19,12,12,"12","27","nico-hulkenberg","haas","ferrari","pirelli",,,"1:33.601",93601,"1:33.544",93544,,,,,,,12
1120,2024,19,13,13,"13","31","esteban-ocon","alpine","renault","pirelli",,,"1:33.986",93986,"1:33.597",93597,,,,,,,15
1120,2024,19,14,14,"14","18","lance-stroll","aston-martin","mercedes","pirelli",,,"1:34.033",94033,"1:33.759",93759,,,,,,,14
1120,2024,19,15,15,"15","30","liam-lawson","rb","honda-rbpt","pirelli",,,"1:33.339",93339,,,,,,,,,11
1120,2024,19,16,16,"16","23","alexander-albon","williams","mercedes","pirelli",,,"1:34.051",94051,,,,,,,,,8
1120,2024,19,17,17,"17","43","franco-colapinto","williams","mercedes","pirelli",,,"1:34.062",94062,,,,,,,,,6
1120,2024,19,18,18,"18","77","valtteri-bottas","kick-sauber","ferrari","pirelli",,,"1:34.152",94152,,,,,,,,,9
1120,2024,19,19,19,"19","44","lewis-hamilton","mercedes","mercedes","pirelli",,,"1:34.154",94154,,,,,,,,,6
1120,2024,19,20,20,"20","24","guanyu-zhou","kick-sauber","ferrari","pirelli",,,"1:34.228",94228,,,,,,,,,9
1121,2024,20,1,1,"1","55","carlos-sainz-jr","ferrari","ferrari","pirelli",,,"1:16.778",76778,"1:16.515",76515,"1:15.946",75946,,,,,21
1121,2024,20,2,2,"2","1","max-verstappen","red-bull","honda-rbpt","pirelli",,,"1:16.803",76803,"1:16.514",76514,"1:16.171",76171,"+0.225",225,"+0.225",225,18
1121,2024,20,3,3,"3","4","lando-norris","mclaren","mercedes","pirelli",,,"1:16.505",76505,"1:16.301",76301,"1:16.260",76260,"+0.314",314,"+0.089",89,15
1121,2024,20,4,4,"4","16","charles-leclerc","ferrari","ferrari","pirelli",,,"1:16.972",76972,"1:16.641",76641,"1:16.265",76265,"+0.319",319,"+0.005",5,21
1121,2024,20,5,5,"5","63","george-russell","mercedes","mercedes","pirelli",,,"1:17.194",77194,"1:16.937",76937,"1:16.356",76356,"+0.410",410,"+0.091",91,19
1121,2024,20,6,6,"6","44","lewis-hamilton","mercedes","mercedes","pirelli",,,"1:17.306",77306,"1:16.973",76973,"1:16.651",76651,"+0.705",705,"+0.295",295,19
1121,2024,20,7,7,"7","20","kevin-magnussen","haas","ferrari","pirelli",,,"1:17.125",77125,"1:17.003",77003,"1:16.886",76886,"+0.940",940,"+0.235",235,18
1121,2024,20,8,8,"8","10","pierre-gasly","alpine","renault","pirelli",,,"1:17.149",77149,"1:17.048",77048,"1:16.892",76892,"+0.946",946,"+0.006",6,18
1121,2024,20,9,9,"9","23","alexander-albon","williams","mercedes","pirelli",,,"1:17.189",77189,"1:16.988",76988,"1:17.065",77065,"+1.119",1119,"+0.173",173,18
1121,2024,20,10,10,"10","27","nico-hulkenberg","haas","ferrari","pirelli",,,"1:17.186",77186,"1:16.995",76995,"1:17.365",77365,"+1.419",1419,"+0.300",300,18
1121,2024,20,11,11,"11","22","yuki-tsunoda","rb","honda-rbpt","pirelli",,,"1:17.182",77182,"1:17.129",77129,,,,,,,11
1121,2024,20,12,12,"12","30","liam-lawson","rb","honda-rbpt","pirelli",,,"1:17.380",77380,"1:17.162",77162,,,,,,,11
1121,2024,20,13,13,"13","14","fernando-alonso","aston-martin","mercedes","pirelli",,,"1:17.307",77307,"1:17.168",77168,,,,,,,13
1121,2024,20,14,14,"14","18","lance-stroll","aston-martin","mercedes","pirelli",,,"1:17.407",77407,"1:17.294",77294,,,,,,,14
1121,2024,20,15,15,"15","77","valtteri-bottas","kick-sauber","ferrari","pirelli",,,"1:17.393",77393,"1:17.817",77817,,,,,,,14
1121,2024,20,16,16,"16","43","franco-colapinto","williams","mercedes","pirelli",,,"1:17.558",77558,,,,,,,,,6
1121,2024,20,17,17,"17","81","oscar-piastri","mclaren","mercedes","pirelli",,,"1:17.597",77597,,,,,,,,,8
1121,2024,20,18,18,"18","11","sergio-perez","red-bull","honda-rbpt","pirelli",,,"1:17.611",77611,,,,,,,,,9
1121,2024,20,19,19,"19","31","esteban-ocon","alpine","renault","pirelli",,,"1:17.617",77617,,,,,,,,,9
1121,2024,20,20,20,"20","24","guanyu-zhou","kick-sauber","ferrari","pirelli",,,"1:18.072",78072,,,,,,,,,9
1122,2024,21,1,1,"1","4","lando-norris","mclaren","mercedes","pirelli",,,"1:30.944",90944,"1:24.844",84844,"1:23.405",83405,,,,,33
1122,2024,21,2,2,"2","63","george-russell","mercedes","mercedes","pirelli",,,"1:29.121",89121,"1:26.307",86307,"1:23.578",83578,"+0.173",173,"+0.173",173,29
1122,2024,21,3,3,"3","22","yuki-tsunoda","rb","honda-rbpt","pirelli",,,"1:29.172",89172,"1:26.464",86464,"1:24.111",84111,"+0.706",706,"+0.533",533,30
1122,2024,21,4,4,"4","31","esteban-ocon","alpine","renault","pirelli",,,"1:29.171",89171,"1:26.206",86206,"1:24.475",84475,"+1.070",1070,"+0.364",364,31
1122,2024,21,5,5,"5","30","liam-lawson","rb","honda-rbpt","pirelli",,,"1:30.758",90758,"1:25.654",85654,"1:24.484",84484,"+1.079",1079,"+0.009",9,30
1122,2024,21,6,6,"6","16","charles-leclerc","ferrari","ferrari","pirelli",,,"1:29.839",89839,"1:26.097",86097,"1:24.525",84525,"+1.120",1120,"+0.041",41,29
1122,2024,21,7,7,"7","23","alexander-albon","williams","mercedes","pirelli",,,"1:29.072",89072,"1:25.889",85889,"1:24.657",84657,"+1.252",1252,"+0.132",132,28
1122,2024,21,8,8,"8","81","oscar-piastri","mclaren","mercedes","pirelli",,,"1:30.114",90114,"1:25.179",85179,"1:24.686",84686,"+1.281",1281,"+0.029",29,28
1122,2024,21,9,9,"9","14","fernando-alonso","aston-martin","mercedes","pirelli",,,"1:30.207",90207,"1:25.035",85035,"1:28.998",88998,"+5.593",5593,"+4.312",4312,21
1122,2024,21,10,10,"10","18","lance-stroll","aston-martin","mercedes","pirelli",,,"1:30.580",90580,"1:26.334",86334,,,,,,,19
1122,2024,21,11,11,"11","77","valtteri-bottas","kick-sauber","ferrari","pirelli",,,"1:30.633",90633,"1:26.472",86472,,,,,,,21
1122,2024,21,12,12,"12","1","max-verstappen","red-bull","honda-rbpt","pirelli",,,"1:28.522",88522,"1:27.771",87771,,,,,,,19
1122,2024,21,13,13,"13","11","sergio-perez","red-bull","honda-rbpt","pirelli",,,"1:30.035",90035,"1:28.158",88158,,,,,,,18
1122,2024,21,14,14,"14","55","carlos-sainz-jr","ferrari","ferrari","pirelli",,,"1:30.303",90303,"1:29.406",89406,,,,,,,17
1122,2024,21,15,15,"15","10","pierre-gasly","alpine","renault","pirelli",,,"1:29.420",89420,"1:29.614",89614,,,,,,,21
1122,2024,21,16,16,"16","44","lewis-hamilton","mercedes","mercedes","pirelli",,,"1:31.150",91150,,,,,,,,,11
1122,2024,21,17,17,"17","50","oliver-bearman","haas","ferrari","pirelli",,,"1:31.229",91229,,,,,,,,,11
1122,2024,21,18,18,"18","43","franco-colapinto","williams","mercedes","pirelli",,,"1:31.270",91270,,,,,,,,,5
1122,2024,21,19,19,"19","27","nico-hulkenberg","haas","ferrari","pirelli",,,"1:31.623",91623,,,,,,,,,12
1122,2024,21,20,20,"20","24","guanyu-zhou","kick-sauber","ferrari","pirelli",,,"1:32.263",92263,,,,,,,,,12
1123,2024,22,1,1,"1","63","george-russell","mercedes","mercedes","pirelli",,,"1:33.186",93186,"1:32.779",92779,"1:32.312",92312,,,,,25
1123,2024,22,2,2,"2","55","carlos-sainz-jr","ferrari","ferrari","pirelli",,,"1:33.484",93484,"1:32.711",92711,"1:32.410",92410,"+0.098",98,"+0.098",98,24
1123,2024,22,3,3,"3","10","pierre-gasly","alpine","renault","pirelli",,,"1:33.691",93691,"1:32.879",92879,"1:32.664",92664,"+0.352",352,"+0.254",254,25
1123,2024,22,4,4,"4","16","charles-leclerc","ferrari","ferrari","pirelli",,,"1:33.446",93446,"1:33.016",93016,"1:32.783",92783,"+0.471",471,"+0.119",119,23
1123,2024,22,5,5,"5","1","max-verstappen","red-bull","honda-rbpt","pirelli",,,"1:33.299",93299,"1:33.085",93085,"1:32.797",92797,"+0.485",485,"+0.014",14,21
1123,2024,22,6,6,"6","4","lando-norris","mclaren","mercedes","pirelli",,,"1:33.592",93592,"1:33.099",93099,"1:33.008",93008,"+0.696",696,"+0.211",211,20
1123,2024,22,7,7,"7","22","yuki-tsunoda","rb","honda-rbpt","pirelli",,,"1:33.789",93789,"1:33.089",93089,"1:33.029",93029,"+0.717",717,"+0.021",21,25
1123,2024,22,8,8,"8","81","oscar-piastri","mclaren","mercedes","pirelli",,,"1:33.450",93450,"1:33.024",93024,"1:33.033",93033,"+0.721",721,"+0.004",4,21
1123,2024,22,9,9,"9","27","nico-hulkenberg","haas","ferrari","pirelli",,,"1:33.920",93920,"1:33.114",93114,"1:33.062",93062,"+0.750",750,"+0.029",29,17
1123,2024,22,10,10,"10","44","lewis-hamilton","mercedes","mercedes","pirelli",,,"1:33.225",93225,"1:32.567",92567,"1:48.106",108106,"+15.794",15794,"+15.044",15044,24
1123,2024,22,11,11,"11","31","esteban-ocon","alpine","renault","pirelli",,,"1:33.968",93968,"1:33.221",93221,,,,,,,18
1123,2024,22,12,12,"12","20","kevin-magnussen","haas","ferrari","pirelli",,,"1:33.991",93991,"1:33.297",93297,,,,,,,12
1123,2024,22,13,13,"13","24","guanyu-zhou","kick-sauber","ferrari","pirelli",,,"1:34.079",94079,"1:33.566",93566,,,,,,,17
1123,2024,22,14,14,"14","43","franco-colapinto","williams","mercedes","pirelli",,,"1:33.746",93746,"1:33.749",93749,,,,,,,16
1123,2024,22,15,15,"15","30","liam-lawson","rb","honda-rbpt","pirelli",,,"1:34.087",94087,"1:34.257",94257,,,,,,,17
1123,2024,22,16,16,"16","11","sergio-perez","red-bull","honda-rbpt","pirelli",,,"1:34.155",94155,,,,,,,,,10
1123,2024,22,17,17,"17","14","fernando-alonso","aston-martin","mercedes","pirelli",,,"1:34.258",94258,,,,,,,,,9
1123,2024,22,18,18,"18","23","alexander-albon","williams","mercedes","pirelli",,,"1:34.425",94425,,,,,,,,,10
1123,2024,22,19,19,"19","77","valtteri-bottas","kick-sauber","ferrari","pirelli",,,"1:34.430",94430,,,,,,,,,10
1123,2024,22,20,20,"20","18","lance-stroll","aston-martin","mercedes","pirelli",,,"1:34.484",94484,,,,,,,,,3
1124,2024,23,1,1,"1","1","max-verstappen","red-bull","honda-rbpt","pirelli",,,"1:21.579",81579,"1:20.687",80687,"1:20.520",80520,,,,,22
1124,2024,23,2,2,"2","63","george-russell","mercedes","mercedes","pirelli",,,"1:21.241",81241,"1:21.069",81069,"1:20.575",80575,"+0.055",55,"+0.055",55,28
1124,2024,23,3,3,"3","4","lando-norris","mclaren","mercedes","pirelli",,,"1:21.578",81578,"1:20.983",80983,"1:20.772",80772,"+0.252",252,"+0.197",197,22
1124,2024,23,4,4,"4","81","oscar-piastri","mclaren","mercedes","pirelli",,,"1:21.821",81821,"1:21.121",81121,"1:20.829",80829,"+0.309",309,"+0.057",57,22
1124,2024,23,5,5,"5","16","charles-leclerc","ferrari","ferrari","pirelli",,,"1:21.278",81278,"1:21.000",81000,"1:20.852",80852,"+0.332",332,"+0.023",23,26
1124,2024,23,6,6,"6","44","lewis-hamilton","mercedes","mercedes","pirelli",,,"1:21.637",81637,"1:21.095",81095,"1:21.011",81011,"+0.491",491,"+0.159",159,27
1124,2024,23,7,7,"7","55","carlos-sainz-jr","ferrari","ferrari","pirelli",,,"1:21.447",81447,"1:21.199",81199,"1:21.041",81041,"+0.521",521,"+0.030",30,26
1124,2024,23,8,8,"8","14","fernando-alonso","aston-martin","mercedes","pirelli",,,"1:21.608",81608,"1:21.208",81208,"1:21.251",81251,"+0.731",731,"+0.210",210,19
1124,2024,23,9,9,"9","11","sergio-perez","red-bull","honda-rbpt","pirelli",,,"1:21.675",81675,"1:21.425",81425,"1:21.425",81425,"+0.905",905,"+0.174",174,22
1124,2024,23,10,10,"10","20","kevin-magnussen","haas","ferrari","pirelli",,,"1:21.891",81891,"1:21.387",81387,"1:21.500",81500,"+0.980",980,"+0.075",75,26
1124,2024,23,11,11,"11","10","pierre-gasly","alpine","renault","pirelli",,,"1:21.843",81843,"1:21.437",81437,,,,,,,18
1124,2024,23,12,12,"12","24","guanyu-zhou","kick-sauber","ferrari","pirelli",,,"1:22.103",82103,"1:21.501",81501,,,,,,,19
1124,2024,23,13,13,"13","77","valtteri-bottas","kick-sauber","ferrari","pirelli",,,"1:21.927",81927,"1:21.731",81731,,,,,,,19
1124,2024,23,14,14,"14","22","yuki-tsunoda","rb","honda-rbpt","pirelli",,,"1:22.364",82364,"1:21.771",81771,,,,,,,16
1124,2024,23,15,15,"15","18","lance-stroll","aston-martin","mercedes","pirelli",,,"1:22.011",82011,"1:21.911",81911,,,,,,,14
1124,2024,23,16,16,"16","23","alexander-albon","williams","mercedes","pirelli",,,"1:22.390",82390,,,,,,,,,9
1124,2024,23,17,17,"17","30","liam-lawson","rb","honda-rbpt","pirelli",,,"1:22.411",82411,,,,,,,,,10
1124,2024,23,18,18,"18","27","nico-hulkenberg","haas","ferrari","pirelli",,,"1:22.442",82442,,,,,,,,,10
1124,2024,23,19,19,"19","43","franco-colapinto","williams","mercedes","pirelli",,,"1:22.594",82594,,,,,,,,,9
1124,2024,23,20,20,"20","31","esteban-ocon","alpine","renault","pirelli",,,"1:22.714",82714,,,,,,,,,10
1125,2024,24,1,1,"1","4","lando-norris","mclaren","mercedes","pirelli",,,"1:23.682",83682,"1:23.098",83098,"1:22.595",82595,,,,,16
1125,2024,24,2,2,"2","81","oscar-piastri","mclaren","mercedes","pirelli",,,"1:23.640",83640,"1:23.199",83199,"1:22.804",82804,"+0.209",209,"+0.209",209,16
1125,2024,24,3,3,"3","55","carlos-sainz-jr","ferrari","ferrari","pirelli",,,"1:23.487",83487,"1:22.985",82985,"1:22.824",82824,"+0.229",229,"+0.020",20,16
1125,2024,24,4,4,"4","27","nico-hulkenberg","haas","ferrari","pirelli",,,"1:23.722",83722,"1:23.040",83040,"1:22.886",82886,"+0.291",291,"+0.062",62,17
1125,2024,24,5,5,"5","1","max-verstappen","red-bull","honda-rbpt","pirelli",,,"1:23.516",83516,"1:22.998",82998,"1:22.945",82945,"+0.350",350,"+0.059",59,15
1125,2024,24,6,6,"6","10","pierre-gasly","alpine","renault","pirelli",,,"1:23.548",83548,"1:23.086",83086,"1:22.984",82984,"+0.389",389,"+0.039",39,18
1125,2024,24,7,7,"7","63","george-russell","mercedes","mercedes","pirelli",,,"1:23.678",83678,"1:23.283",83283,"1:23.132",83132,"+0.537",537,"+0.148",148,19
1125,2024,24,8,8,"8","14","fernando-alonso","aston-martin","mercedes","pirelli",,,"1:23.794",83794,"1:23.268",83268,"1:23.196",83196,"+0.601",601,"+0.064",64,19
1125,2024,24,9,9,"9","77","valtteri-bottas","kick-sauber","ferrari","pirelli",,,"1:23.481",83481,"1:23.341",83341,"1:23.204",83204,"+0.609",609,"+0.008",8,15
1125,2024,24,10,10,"10","11","sergio-perez","red-bull","honda-rbpt","pirelli",,,"1:23.559",83559,"1:23.379",83379,"1:23.264",83264,"+0.669",669,"+0.060",60,18
1125,2024,24,11,11,"11","22","yuki-tsunoda","rb","honda-rbpt","pirelli",,,"1:23.735",83735,"1:23.419",83419,,,,,,,12
1125,2024,24,12,12,"12","30","liam-lawson","rb","honda-rbpt","pirelli",,,"1:23.733",83733,"1:23.472",83472,,,,,,,12
1125,2024,24,13,13,"13","18","lance-stroll","aston-martin","mercedes","pirelli",,,"1:23.729",83729,"1:23.784",83784,,,,,,,14
1125,2024,24,14,14,"14","16","charles-leclerc","ferrari","ferrari","pirelli",,,"1:23.302",83302,"1:23.833",83833,,,,,,,12
1125,2024,24,15,15,"15","20","kevin-magnussen","haas","ferrari","pirelli",,,"1:23.632",83632,"1:23.877",83877,,,,,,,11
1125,2024,24,16,16,"16","23","alexander-albon","williams","mercedes","pirelli",,,"1:23.821",83821,,,,,,,,,6
1125,2024,24,17,17,"17","24","guanyu-zhou","kick-sauber","ferrari","pirelli",,,"1:23.880",83880,,,,,,,,,6
1125,2024,24,18,18,"18","44","lewis-hamilton","mercedes","mercedes","pirelli",,,"1:23.887",83887,,,,,,,,,7
1125,2024,24,19,19,"19","43","franco-colapinto","williams","mercedes","pirelli",,,"1:23.912",83912,,,,,,,,,6
1125,2024,24,20,20,"20","61","jack-doohan","alpine","renault","pirelli",,,"1:24.105",84105,,,,,,,,,6
1126,2025,1,1,1,"1","4","lando-norris","mclaren","mercedes","pirelli",,,"1:15.912",75912,"1:15.415",75415,"1:15.096",75096,,,,,20
1126,2025,1,2,2,"2","81","oscar-piastri","mclaren","mercedes","pirelli",,,"1:16.062",76062,"1:15.468",75468,"1:15.180",75180,"+0.084",84,"+0.084",84,18
1126,2025,1,3,3,"3","1","max-verstappen","red-bull","honda-rbpt","pirelli",,,"1:16.018",76018,"1:15.565",75565,"1:15.481",75481,"+0.385",385,"+0.301",301,17
1126,2025,1,4,4,"4","63","george-russell","mercedes","mercedes","pirelli",,,"1:15.971",75971,"1:15.798",75798,"1:15.546",75546,"+0.450",450,"+0.065",65,21
1126,2025,1,5,5,"5","22","yuki-tsunoda","racing-bulls","honda-rbpt","pirelli",,,"1:16.225",76225,"1:16.009",76009,"1:15.670",75670,"+0.574",574,"+0.124",124,18
1126,2025,1,6,6,"6","23","alexander-albon","williams","mercedes","pirelli",,,"1:16.245",76245,"1:16.017",76017,"1:15.737",75737,"+0.641",641,"+0.067",67,21
1126,2025,1,7,7,"7","16","charles-leclerc","ferrari","ferrari","pirelli",,,"1:16.029",76029,"1:15.827",75827,"1:15.755",75755,"+0.659",659,"+0.018",18,20
1126,2025,1,8,8,"8","44","lewis-hamilton","ferrari","ferrari","pirelli",,,"1:16.213",76213,"1:15.919",75919,"1:15.973",75973,"+0.877",877,"+0.218",218,23
1126,2025,1,9,9,"9","10","pierre-gasly","alpine","renault","pirelli",,,"1:16.328",76328,"1:16.112",76112,"1:15.980",75980,"+0.884",884,"+0.007",7,21
1126,2025,1,10,10,"10","55","carlos-sainz-jr","williams","mercedes","pirelli",,,"1:16.360",76360,"1:15.931",75931,"1:16.062",76062,"+0.966",966,"+0.082",82,21
1126,2025,1,11,11,"11","6","isack-hadjar","racing-bulls","honda-rbpt","pirelli",,,"1:16.354",76354,"1:16.175",76175,,,,,,,12
1126,2025,1,12,12,"12","14","fernando-alonso","aston-martin","mercedes","pirelli",,,"1:16.288",76288,"1:16.453",76453,,,,,,,13
1126,2025,1,13,13,"13","18","lance-stroll","aston-martin","mercedes","pirelli",,,"1:16.369",76369,"1:16.483",76483,,,,,,,15
1126,2025,1,14,14,"14","7","jack-doohan","alpine","renault","pirelli",,,"1:16.315",76315,"1:16.863",76863,,,,,,,15
1126,2025,1,15,15,"15","5","gabriel-bortoleto","kick-sauber","ferrari","pirelli",,,"1:16.516",76516,"1:17.520",77520,,,,,,,13
1126,2025,1,16,16,"16","12","kimi-antonelli","mercedes","mercedes","pirelli",,,"1:16.525",76525,,,,,,,,,9
1126,2025,1,17,17,"17","27","nico-hulkenberg","kick-sauber","ferrari","pirelli",,,"1:16.579",76579,,,,,,,,,9
1126,2025,1,18,18,"18","30","liam-lawson","red-bull","honda-rbpt","pirelli",,,"1:17.094",77094,,,,,,,,,7
1126,2025,1,19,19,"19","31","esteban-ocon","haas","ferrari","pirelli",,,"1:17.147",77147,,,,,,,,,9
1126,2025,1,20,,"NC","87","oliver-bearman","haas","ferrari","pirelli",,,,,,,,,,,,,1
1127,2025,2,1,1,"1","81","oscar-piastri","mclaren","mercedes","pirelli",,,"1:31.591",91591,"1:31.200",91200,"1:30.641",90641,,,,,20
1127,2025,2,2,2,"2","63","george-russell","mercedes","mercedes","pirelli",,,"1:31.295",91295,"1:31.307",91307,"1:30.723",90723,"+0.082",82,"+0.082",82,22
1127,2025,2,3,3,"3","4","lando-norris","mclaren","mercedes","pirelli",,,"1:30.983",90983,"1:30.787",90787,"1:30.793",90793,"+0.152",152,"+0.070",70,17
1127,2025,2,4,4,"4","1","max-verstappen","red-bull","honda-rbpt","pirelli",,,"1:31.424",91424,"1:31.142",91142,"1:30.817",90817,"+0.176",176,"+0.024",24,15
1127,2025,2,5,5,"5","44","lewis-hamilton","ferrari","ferrari","pirelli",,,"1:31.690",91690,"1:31.501",91501,"1:30.927",90927,"+0.286",286,"+0.110",110,21
1127,2025,2,6,6,"6","16","charles-leclerc","ferrari","ferrari","pirelli",,,"1:31.579",91579,"1:31.450",91450,"1:31.021",91021,"+0.380",380,"+0.094",94,21
1127,2025,2,7,7,"7","6","isack-hadjar","racing-bulls","honda-rbpt","pirelli",,,"1:31.162",91162,"1:31.253",91253,"1:31.079",91079,"+0.438",438,"+0.058",58,20
1127,2025,2,8,8,"8","12","kimi-antonelli","mercedes","mercedes","pirelli",,,"1:31.676",91676,"1:31.590",91590,"1:31.103",91103,"+0.462",462,"+0.024",24,22
1127,2025,2,9,9,"9","22","yuki-tsunoda","racing-bulls","honda-rbpt","pirelli",,,"1:31.238",91238,"1:31.260",91260,"1:31.638",91638,"+0.997",997,"+0.535",535,19
1127,2025,2,10,10,"10","23","alexander-albon","williams","mercedes","pirelli",,,"1:31.503",91503,"1:31.595",91595,"1:31.706",91706,"+1.065",1065,"+0.068",68,20
1127,2025,2,11,11,"11","31","esteban-ocon","haas","ferrari","pirelli",,,"1:31.876",91876,"1:31.625",91625,,,,,,,15
1127,2025,2,12,12,"12","27","nico-hulkenberg","kick-sauber","ferrari","pirelli",,,"1:31.921",91921,"1:31.632",91632,,,,,,,15
1127,2025,2,13,13,"13","14","fernando-alonso","aston-martin","mercedes","pirelli",,,"1:31.719",91719,"1:31.688",91688,,,,,,,15
1127,2025,2,14,14,"14","18","lance-stroll","aston-martin","mercedes","pirelli",,,"1:31.923",91923,"1:31.773",91773,,,,,,,15
1127,2025,2,15,15,"15","55","carlos-sainz-jr","williams","mercedes","pirelli",,,"1:31.628",91628,"1:31.840",91840,,,,,,,15
1127,2025,2,16,16,"16","10","pierre-gasly","alpine","renault","pirelli",,,"1:31.992",91992,,,,,,,,,9
1127,2025,2,17,17,"17","87","oliver-bearman","haas","ferrari","pirelli",,,"1:32.018",92018,,,,,,,,,8
1127,2025,2,18,18,"18","7","jack-doohan","alpine","renault","pirelli",,,"1:32.092",92092,,,,,,,,,8
1127,2025,2,19,19,"19","5","gabriel-bortoleto","kick-sauber","ferrari","pirelli",,,"1:32.141",92141,,,,,,,,,9
1127,2025,2,20,20,"20","30","liam-lawson","red-bull","honda-rbpt","pirelli",,,"1:32.174",92174,,,,,,,,,8
1128,2025,3,1,1,"1","1","max-verstappen","red-bull","honda-rbpt","pirelli",,,"1:27.943",87943,"1:27.502",87502,"1:26.983",86983,,,,,17
1128,2025,3,2,2,"2","4","lando-norris","mclaren","mercedes","pirelli",,,"1:27.845",87845,"1:27.146",87146,"1:26.995",86995,"+0.012",12,"+0.012",12,15
1128,2025,3,3,3,"3","81","oscar-piastri","mclaren","mercedes","pirelli",,,"1:27.687",87687,"1:27.507",87507,"1:27.027",87027,"+0.044",44,"+0.032",32,18
1128,2025,3,4,4,"4","16","charles-leclerc","ferrari","ferrari","pirelli",,,"1:27.920",87920,"1:27.555",87555,"1:27.299",87299,"+0.316",316,"+0.272",272,21
1128,2025,3,5,5,"5","63","george-russell","mercedes","mercedes","pirelli",,,"1:27.843",87843,"1:27.400",87400,"1:27.318",87318,"+0.335",335,"+0.019",19,17
1128,2025,3,6,6,"6","12","kimi-antonelli","mercedes","mercedes","pirelli",,,"1:27.968",87968,"1:27.639",87639,"1:27.555",87555,"+0.572",572,"+0.237",237,18
1128,2025,3,7,7,"7","6","isack-hadjar","racing-bulls","honda-rbpt","pirelli",,,"1:28.278",88278,"1:27.775",87775,"1:27.569",87569,"+0.586",586,"+0.014",14,18
1128,2025,3,8,8,"8","44","lewis-hamilton","ferrari","ferrari","pirelli",,,"1:27.942",87942,"1:27.610",87610,"1:27.610",87610,"+0.627",627,"+0.041",41,23
1128,2025,3,9,9,"9","23","alexander-albon","williams","mercedes","pirelli",,,"1:28.218",88218,"1:27.783",87783,"1:27.615",87615,"+0.632",632,"+0.005",5,20
1128,2025,3,10,10,"10","87","oliver-bearman","haas","ferrari","pirelli",,,"1:28.228",88228,"1:27.711",87711,"1:27.867",87867,"+0.884",884,"+0.252",252,21
1128,2025,3,11,11,"11","10","pierre-gasly","alpine","renault","pirelli",,,"1:28.186",88186,"1:27.822",87822,,,,,,,12
1128,2025,3,12,12,"12","55","carlos-sainz-jr","williams","mercedes","pirelli",,,"1:28.209",88209,"1:27.836",87836,,,,,,,15
1128,2025,3,13,13,"13","14","fernando-alonso","aston-martin","mercedes","pirelli",,,"1:28.337",88337,"1:27.897",87897,,,,,,,12
1128,2025,3,14,14,"14","30","liam-lawson","racing-bulls","honda-rbpt","pirelli",,,"1:28.554",88554,"1:27.906",87906,,,,,,,12
1128,2025,3,15,15,"15","22","yuki-tsunoda","red-bull","honda-rbpt","pirelli",,,"1:27.967",87967,"1:28.000",88000,,,,,,,12
1128,2025,3,16,16,"16","27","nico-hulkenberg","kick-sauber","ferrari","pirelli",,,"1:28.570",88570,,,,,,,,,9
1128,2025,3,17,17,"17","5","gabriel-bortoleto","kick-sauber","ferrari","pirelli",,,"1:28.622",88622,,,,,,,,,9
1128,2025,3,18,18,"18","31","esteban-ocon","haas","ferrari","pirelli",,,"1:28.696",88696,,,,,,,,,9
1128,2025,3,19,19,"19","7","jack-doohan","alpine","renault","pirelli",,,"1:28.877",88877,,,,,,,,,9
1128,2025,3,20,20,"20","18","lance-stroll","aston-martin","mercedes","pirelli",,,"1:29.271",89271,,,,,,,,,5
1129,2025,4,1,1,"1","81","oscar-piastri","mclaren","mercedes","pirelli",,,"1:31.392",91392,"1:30.454",90454,"1:29.841",89841,,,,,15
1129,2025,4,2,2,"2","63","george-russell","mercedes","mercedes","pirelli",,,"1:31.494",91494,"1:30.664",90664,"1:30.009",90009,"+0.168",168,"+0.168",168,20
1129,2025,4,3,3,"3","16","charles-leclerc","ferrari","ferrari","pirelli",,,"1:31.454",91454,"1:30.724",90724,"1:30.175",90175,"+0.334",334,"+0.166",166,16
1129,2025,4,4,4,"4","12","kimi-antonelli","mercedes","mercedes","pirelli",,,"1:31.415",91415,"1:30.716",90716,"1:30.213",90213,"+0.372",372,"+0.038",38,20
1129,2025,4,5,5,"5","10","pierre-gasly","alpine","renault","pirelli",,,"1:31.462",91462,"1:30.643",90643,"1:30.216",90216,"+0.375",375,"+0.003",3,19
1129,2025,4,6,6,"6","4","lando-norris","mclaren","mercedes","pirelli",,,"1:31.107",91107,"1:30.560",90560,"1:30.267",90267,"+0.426",426,"+0.051",51,18
1129,2025,4,7,7,"7","1","max-verstappen","red-bull","honda-rbpt","pirelli",,,"1:31.303",91303,"1:31.019",91019,"1:30.423",90423,"+0.582",582,"+0.156",156,17
1129,2025,4,8,8,"8","55","carlos-sainz-jr","williams","mercedes","pirelli",,,"1:31.591",91591,"1:30.844",90844,"1:30.680",90680,"+0.839",839,"+0.257",257,19
1129,2025,4,9,9,"9","44","lewis-hamilton","ferrari","ferrari","pirelli",,,"1:31.219",91219,"1:31.009",91009,"1:30.772",90772,"+0.931",931,"+0.092",92,18
1129,2025,4,10,10,"10","22","yuki-tsunoda","red-bull","honda-rbpt","pirelli",,,"1:31.751",91751,"1:31.228",91228,"1:31.303",91303,"+1.462",1462,"+0.531",531,17
1129,2025,4,11,11,"11","7","jack-doohan","alpine","renault","pirelli",,,"1:31.414",91414,"1:31.245",91245,,,,,,,13
1129,2025,4,12,12,"12","6","isack-hadjar","racing-bulls","honda-rbpt","pirelli",,,"1:31.591",91591,"1:31.271",91271,,,,,,,12
1129,2025,4,13,13,"13","14","fernando-alonso","aston-martin","mercedes","pirelli",,,"1:31.634",91634,"1:31.886",91886,,,,,,,15
1129,2025,4,14,14,"14","31","esteban-ocon","haas","ferrari","pirelli",,,"1:31.594",91594,,,,,,,,,8
1129,2025,4,15,15,"15","23","alexander-albon","williams","mercedes","pirelli",,,"1:32.040",92040,,,,,,,,,6
1129,2025,4,16,16,"16","27","nico-hulkenberg","kick-sauber","ferrari","pirelli",,,"1:32.067",92067,,,,,,,,,17
1129,2025,4,17,17,"17","30","liam-lawson","racing-bulls","honda-rbpt","pirelli",,,"1:32.165",92165,,,,,,,,,6
1129,2025,4,18,18,"18","5","gabriel-bortoleto","kick-sauber","ferrari","pirelli",,,"1:32.186",92186,,,,,,,,,6
1129,2025,4,19,19,"19","18","lance-stroll","aston-martin","mercedes","pirelli",,,"1:32.283",92283,,,,,,,,,9
1129,2025,4,20,20,"20","87","oliver-bearman","haas","ferrari","pirelli",,,"1:32.373",92373,,,,,,,,,6
1130,2025,5,1,1,"1","1","max-verstappen","red-bull","honda-rbpt","pirelli",,,"1:27.778",87778,"1:27.529",87529,"1:27.294",87294,,,,,19
1130,2025,5,2,2,"2","81","oscar-piastri","mclaren","mercedes","pirelli",,,"1:27.901",87901,"1:27.545",87545,"1:27.304",87304,"+0.010",10,"+0.010",10,18
1130,2025,5,3,3,"3","63","george-russell","mercedes","mercedes","pirelli",,,"1:28.282",88282,"1:27.599",87599,"1:27.407",87407,"+0.113",113,"+0.103",103,16
1130,2025,5,4,4,"4","16","charles-leclerc","ferrari","ferrari","pirelli",,,"1:28.552",88552,"1:27.866",87866,"1:27.670",87670,"+0.376",376,"+0.263",263,19
1130,2025,5,5,5,"5","12","kimi-antonelli","mercedes","mercedes","pirelli",,,"1:28.128",88128,"1:27.798",87798,"1:27.866",87866,"+0.572",572,"+0.196",196,17
1130,2025,5,6,6,"6","55","carlos-sainz-jr","williams","mercedes","pirelli",,,"1:28.354",88354,"1:28.024",88024,"1:28.164",88164,"+0.870",870,"+0.298",298,23
1130,2025,5,7,7,"7","44","lewis-hamilton","ferrari","ferrari","pirelli",,,"1:28.372",88372,"1:28.102",88102,"1:28.201",88201,"+0.907",907,"+0.037",37,20
1130,2025,5,8,8,"8","22","yuki-tsunoda","red-bull","honda-rbpt","pirelli",,,"1:28.226",88226,"1:27.990",87990,"1:28.204",88204,"+0.910",910,"+0.003",3,16
1130,2025,5,9,9,"9","10","pierre-gasly","alpine","renault","pirelli",,,"1:28.421",88421,"1:28.025",88025,"1:28.367",88367,"+1.073",1073,"+0.163",163,22
1130,2025,5,10,10,"10","4","lando-norris","mclaren","mercedes","pirelli",,,"1:27.805",87805,"1:27.481",87481,,,,,,,11
1130,2025,5,11,11,"11","23","alexander-albon","williams","mercedes","pirelli",,,"1:28.279",88279,"1:28.109",88109,,,,,,,14
1130,2025,5,12,12,"12","30","liam-lawson","racing-bulls","honda-rbpt","pirelli",,,"1:28.561",88561,"1:28.191",88191,,,,,,,11
1130,2025,5,13,13,"13","14","fernando-alonso","aston-martin","mercedes","pirelli",,,"1:28.548",88548,"1:28.303",88303,,,,,,,14
1130,2025,5,14,14,"14","6","isack-hadjar","racing-bulls","honda-rbpt","pirelli",,,"1:28.571",88571,"1:28.418",88418,,,,,,,12
1130,2025,5,15,15,"15","87","oliver-bearman","haas","ferrari","pirelli",,,"1:28.536",88536,"1:28.648",88648,,,,,,,15
1130,2025,5,16,16,"16","18","lance-stroll","aston-martin","mercedes","pirelli",,,"1:28.645",88645,,,,,,,,,9
1130,2025,5,17,17,"17","7","jack-doohan","alpine","renault","pirelli",,,"1:28.739",88739,,,,,,,,,9
1130,2025,5,18,18,"18","27","nico-hulkenberg","kick-sauber","ferrari","pirelli",,,"1:28.782",88782,,,,,,,,,8
1130,2025,5,19,19,"19","31","esteban-ocon","haas","ferrari","pirelli",,,"1:29.092",89092,,,,,,,,,9
1130,2025,5,20,20,"20","5","gabriel-bortoleto","kick-sauber","ferrari","pirelli",,,"1:29.462",89462,,,,,,,,,8
1131,2025,6,1,1,"1","1","max-verstappen","red-bull","honda-rbpt","pirelli",,,"1:26.870",86870,"1:26.643",86643,"1:26.204",86204,,,,,18
1131,2025,6,2,2,"2","4","lando-norris","mclaren","mercedes","pirelli",,,"1:26.955",86955,"1:26.499",86499,"1:26.269",86269,"+0.065",65,"+0.065",65,21
1131,2025,6,3,3,"3","12","kimi-antonelli","mercedes","mercedes","pirelli",,,"1:27.077",87077,"1:26.606",86606,"1:26.271",86271,"+0.067",67,"+0.002",2,20
1131,2025,6,4,4,"4","81","oscar-piastri","mclaren","mercedes","pirelli",,,"1:27.006",87006,"1:26.269",86269,"1:26.375",86375,"+0.171",171,"+0.104",104,16
1131,2025,6,5,5,"5","63","george-russell","mercedes","mercedes","pirelli",,,"1:27.014",87014,"1:26.575",86575,"1:26.385",86385,"+0.181",181,"+0.010",10,20
1131,2025,6,6,6,"6","55","carlos-sainz-jr","williams","mercedes","pirelli",,,"1:27.098",87098,"1:26.847",86847,"1:26.569",86569,"+0.365",365,"+0.184",184,20
1131,2025,6,7,7,"7","23","alexander-albon","williams","mercedes","pirelli",,,"1:27.042",87042,"1:26.855",86855,"1:26.682",86682,"+0.478",478,"+0.113",113,20
1131,2025,6,8,8,"8","16","charles-leclerc","ferrari","ferrari","pirelli",,,"1:27.417",87417,"1:26.948",86948,"1:26.754",86754,"+0.550",550,"+0.072",72,20
1131,2025,6,9,9,"9","31","esteban-ocon","haas","ferrari","pirelli",,,"1:27.450",87450,"1:26.967",86967,"1:26.824",86824,"+0.620",620,"+0.070",70,21
1131,2025,6,10,10,"10","22","yuki-tsunoda","red-bull","honda-rbpt","pirelli",,,"1:27.298",87298,"1:26.959",86959,"1:26.943",86943,"+0.739",739,"+0.119",119,21
1131,2025,6,11,11,"11","6","isack-hadjar","racing-bulls","honda-rbpt","pirelli",,,"1:27.301",87301,"1:26.987",86987,,,,,,,13
1131,2025,6,12,12,"12","44","lewis-hamilton","ferrari","ferrari","pirelli",,,"1:27.279",87279,"1:27.006",87006,,,,,,,15
1131,2025,6,13,13,"13","5","gabriel-bortoleto","kick-sauber","ferrari","pirelli",,,"1:27.343",87343,"1:27.151",87151,,,,,,,15
1131,2025,6,14,14,"14","7","jack-doohan","alpine","renault","pirelli",,,"1:27.422",87422,"1:27.186",87186,,,,,,,15
1131,2025,6,15,15,"15","30","liam-lawson","racing-bulls","honda-rbpt","pirelli",,,"1:27.444",87444,"1:27.363",87363,,,,,,,14
1131,2025,6,16,16,"16","27","nico-hulkenberg","kick-sauber","ferrari","pirelli",,,"1:27.473",87473,,,,,,,,,9
1131,2025,6,17,17,"17","14","fernando-alonso","aston-martin","mercedes","pirelli",,,"1:27.604",87604,,,,,,,,,9
1131,2025,6,18,18,"18","10","pierre-gasly","alpine","renault","pirelli",,,"1:27.710",87710,,,,,,,,,9
1131,2025,6,19,19,"19","18","lance-stroll","aston-martin","mercedes","pirelli",,,"1:27.830",87830,,,,,,,,,9
1131,2025,6,20,20,"20","87","oliver-bearman","haas","ferrari","pirelli",,,"1:27.999",87999,,,,,,,,,9
1132,2025,7,1,1,"1","81","oscar-piastri","mclaren","mercedes","pirelli",,,"1:15.500",75500,"1:15.214",75214,"1:14.670",74670,,,,,18
1132,2025,7,2,2,"2","1","max-verstappen","red-bull","honda-rbpt","pirelli",,,"1:15.175",75175,"1:15.394",75394,"1:14.704",74704,"+0.034",34,"+0.034",34,17
1132,2025,7,3,3,"3","63","george-russell","mercedes","mercedes","pirelli",,,"1:15.852",75852,"1:15.334",75334,"1:14.807",74807,"+0.137",137,"+0.103",103,17
1132,2025,7,4,4,"4","4","lando-norris","mclaren","mercedes","pirelli",,,"1:15.894",75894,"1:15.261",75261,"1:14.962",74962,"+0.292",292,"+0.155",155,19
1132,2025,7,5,5,"5","14","fernando-alonso","aston-martin","mercedes","pirelli",,,"1:15.695",75695,"1:15.442",75442,"1:15.431",75431,"+0.761",761,"+0.469",469,19
1132,2025,7,6,6,"6","55","carlos-sainz-jr","williams","mercedes","pirelli",,,"1:15.987",75987,"1:15.198",75198,"1:15.432",75432,"+0.762",762,"+0.001",1,21
1132,2025,7,7,7,"7","23","alexander-albon","williams","mercedes","pirelli",,,"1:16.123",76123,"1:15.521",75521,"1:15.473",75473,"+0.803",803,"+0.041",41,20
1132,2025,7,8,8,"8","18","lance-stroll","aston-martin","mercedes","pirelli",,,"1:15.817",75817,"1:15.497",75497,"1:15.581",75581,"+0.911",911,"+0.108",108,21
1132,2025,7,9,9,"9","6","isack-hadjar","racing-bulls","honda-rbpt","pirelli",,,"1:16.253",76253,"1:15.510",75510,"1:15.746",75746,"+1.076",1076,"+0.165",165,17
1132,2025,7,10,10,"10","10","pierre-gasly","alpine","renault","pirelli",,,"1:15.937",75937,"1:15.505",75505,"1:15.787",75787,"+1.117",1117,"+0.041",41,17
1132,2025,7,11,11,"11","16","charles-leclerc","ferrari","ferrari","pirelli",,,"1:16.108",76108,"1:15.604",75604,,,,,,,14
1132,2025,7,12,12,"12","44","lewis-hamilton","ferrari","ferrari","pirelli",,,"1:16.163",76163,"1:15.765",75765,,,,,,,14
1132,2025,7,13,13,"13","12","kimi-antonelli","mercedes","mercedes","pirelli",,,"1:15.943",75943,"1:15.772",75772,,,,,,,13
1132,2025,7,14,14,"14","5","gabriel-bortoleto","kick-sauber","ferrari","pirelli",,,"1:16.340",76340,"1:16.260",76260,,,,,,,15
1132,2025,7,15,15,"15","43","franco-colapinto","alpine","renault","pirelli",,,"1:16.256",76256,,,,,,,,,5
1132,2025,7,16,16,"16","30","liam-lawson","racing-bulls","honda-rbpt","pirelli",,,"1:16.379",76379,,,,,,,,,6
1132,2025,7,17,17,"17","27","nico-hulkenberg","kick-sauber","ferrari","pirelli",,,"1:16.518",76518,,,,,,,,,9
1132,2025,7,18,18,"18","31","esteban-ocon","haas","ferrari","pirelli",,,"1:16.613",76613,,,,,,,,,9
1132,2025,7,19,19,"19","87","oliver-bearman","haas","ferrari","pirelli",,,"1:16.918",76918,,,,,,,,,8
1132,2025,7,20,,"NC","22","yuki-tsunoda","red-bull","honda-rbpt","pirelli",,,,,,,,,,,,,2
1133,2025,8,1,1,"1","4","lando-norris","mclaren","mercedes","pirelli",,,"1:11.285",71285,"1:10.570",70570,"1:09.954",69954,,,,,27
1133,2025,8,2,2,"2","16","charles-leclerc","ferrari","ferrari","pirelli",,,"1:11.229",71229,"1:10.581",70581,"1:10.063",70063,"+0.109",109,"+0.109",109,27
1133,2025,8,3,3,"3","81","oscar-piastri","mclaren","mercedes","pirelli",,,"1:11.308",71308,"1:10.858",70858,"1:10.129",70129,"+0.175",175,"+0.066",66,29
1133,2025,8,4,4,"4","44","lewis-hamilton","ferrari","ferrari","pirelli",,,"1:11.575",71575,"1:10.883",70883,"1:10.382",70382,"+0.428",428,"+0.253",253,28
1133,2025,8,5,5,"5","1","max-verstappen","red-bull","honda-rbpt","pirelli",,,"1:11.431",71431,"1:10.875",70875,"1:10.669",70669,"+0.715",715,"+0.287",287,21
1133,2025,8,6,6,"6","6","isack-hadjar","racing-bulls","honda-rbpt","pirelli",,,"1:11.811",71811,"1:11.040",71040,"1:10.923",70923,"+0.969",969,"+0.254",254,27
1133,2025,8,7,7,"7","14","fernando-alonso","aston-martin","mercedes","pirelli",,,"1:11.674",71674,"1:11.182",71182,"1:10.924",70924,"+0.970",970,"+0.001",1,30
1133,2025,8,8,8,"8","31","esteban-ocon","haas","ferrari","pirelli",,,"1:11.839",71839,"1:11.262",71262,"1:10.942",70942,"+0.988",988,"+0.018",18,32
1133,2025,8,9,9,"9","30","liam-lawson","racing-bulls","honda-rbpt","pirelli",,,"1:11.818",71818,"1:11.250",71250,"1:11.129",71129,"+1.175",1175,"+0.187",187,26
1133,2025,8,10,10,"10","23","alexander-albon","williams","mercedes","pirelli",,,"1:11.629",71629,"1:10.732",70732,"1:11.213",71213,"+1.259",1259,"+0.084",84,34
1133,2025,8,11,11,"11","55","carlos-sainz-jr","williams","mercedes","pirelli",,,"1:11.707",71707,"1:11.362",71362,,,,,,,25
1133,2025,8,12,12,"12","22","yuki-tsunoda","red-bull","honda-rbpt","pirelli",,,"1:11.800",71800,"1:11.415",71415,,,,,,,20
1133,2025,8,13,13,"13","27","nico-hulkenberg","kick-sauber","ferrari","pirelli",,,"1:11.871",71871,"1:11.596",71596,,,,,,,23
1133,2025,8,14,14,"14","63","george-russell","mercedes","mercedes","pirelli",,,"1:11.507",71507,,,,,,,,,13
1133,2025,8,15,15,"15","12","kimi-antonelli","mercedes","mercedes","pirelli",,,"1:11.880",71880,,,,,,,,,11
1133,2025,8,16,16,"16","5","gabriel-bortoleto","kick-sauber","ferrari","pirelli",,,"1:11.902",71902,,,,,,,,,13
1133,2025,8,17,17,"17","87","oliver-bearman","haas","ferrari","pirelli",,,"1:11.979",71979,,,,,,,,,13
1133,2025,8,18,18,"18","10","pierre-gasly","alpine","renault","pirelli",,,"1:11.994",71994,,,,,,,,,11
1133,2025,8,19,19,"19","18","lance-stroll","aston-martin","mercedes","pirelli",,,"1:12.563",72563,,,,,,,,,11
1133,2025,8,20,20,"20","43","franco-colapinto","alpine","renault","pirelli",,,"1:12.597",72597,,,,,,,,,12
1134,2025,9,1,1,"1","81","oscar-piastri","mclaren","mercedes","pirelli",,,"1:12.551",72551,"1:11.998",71998,"1:11.546",71546,,,,,14
1134,2025,9,2,2,"2","4","lando-norris","mclaren","mercedes","pirelli",,,"1:12.799",72799,"1:12.056",72056,"1:11.755",71755,"+0.209",209,"+0.209",209,15
1134,2025,9,3,3,"3","1","max-verstappen","red-bull","honda-rbpt","pirelli",,,"1:12.798",72798,"1:12.358",72358,"1:11.848",71848,"+0.302",302,"+0.093",93,12
1134,2025,9,4,4,"4","63","george-russell","mercedes","mercedes","pirelli",,,"1:12.806",72806,"1:12.407",72407,"1:11.848",71848,"+0.302",302,"+0.000",0,12
1134,2025,9,5,5,"5","44","lewis-hamilton","ferrari","ferrari","pirelli",,,"1:13.058",73058,"1:12.447",72447,"1:12.045",72045,"+0.499",499,"+0.197",197,15
1134,2025,9,6,6,"6","12","kimi-antonelli","mercedes","mercedes","pirelli",,,"1:12.815",72815,"1:12.585",72585,"1:12.111",72111,"+0.565",565,"+0.066",66,18
1134,2025,9,7,7,"7","16","charles-leclerc","ferrari","ferrari","pirelli",,,"1:13.014",73014,"1:12.495",72495,"1:12.131",72131,"+0.585",585,"+0.020",20,12
1134,2025,9,8,8,"8","10","pierre-gasly","alpine","renault","pirelli",,,"1:13.081",73081,"1:12.611",72611,"1:12.199",72199,"+0.653",653,"+0.068",68,18
1134,2025,9,9,9,"9","6","isack-hadjar","racing-bulls","honda-rbpt","pirelli",,,"1:13.139",73139,"1:12.461",72461,"1:12.252",72252,"+0.706",706,"+0.053",53,15
1134,2025,9,10,10,"10","14","fernando-alonso","aston-martin","mercedes","pirelli",,,"1:13.102",73102,"1:12.523",72523,"1:12.284",72284,"+0.738",738,"+0.032",32,14
1134,2025,9,11,11,"11","23","alexander-albon","williams","mercedes","pirelli",,,"1:13.044",73044,"1:12.641",72641,,,,,,,14
1134,2025,9,12,12,"12","5","gabriel-bortoleto","kick-sauber","ferrari","pirelli",,,"1:13.045",73045,"1:12.756",72756,,,,,,,12
1134,2025,9,13,13,"13","30","liam-lawson","racing-bulls","honda-rbpt","pirelli",,,"1:13.039",73039,"1:12.763",72763,,,,,,,12
1134,2025,9,14,14,"14","18","lance-stroll","aston-martin","mercedes","pirelli",,,"1:13.038",73038,"1:13.058",73058,,,,,,,15
1134,2025,9,15,15,"15","87","oliver-bearman","haas","ferrari","pirelli",,,"1:13.074",73074,"1:13.315",73315,,,,,,,15
1134,2025,9,16,16,"16","27","nico-hulkenberg","kick-sauber","ferrari","pirelli",,,"1:13.190",73190,,,,,,,,,6
1134,2025,9,17,17,"17","31","esteban-ocon","haas","ferrari","pirelli",,,"1:13.201",73201,,,,,,,,,9
1134,2025,9,18,18,"18","55","carlos-sainz-jr","williams","mercedes","pirelli",,,"1:13.203",73203,,,,,,,,,6
1134,2025,9,19,19,"19","43","franco-colapinto","alpine","renault","pirelli",,,"1:13.334",73334,,,,,,,,,7
1134,2025,9,20,20,"20","22","yuki-tsunoda","red-bull","honda-rbpt","pirelli",,,"1:13.385",73385,,,,,,,,,6
1135,2025,10,1,1,"1","63","george-russell","mercedes","mercedes","pirelli",,,"1:12.075",72075,"1:11.570",71570,"1:10.899",70899,,,,,21
1135,2025,10,2,2,"2","1","max-verstappen","red-bull","honda-rbpt","pirelli",,,"1:12.054",72054,"1:11.638",71638,"1:11.059",71059,"+0.160",160,"+0.160",160,20
1135,2025,10,3,3,"3","81","oscar-piastri","mclaren","mercedes","pirelli",,,"1:11.939",71939,"1:11.715",71715,"1:11.120",71120,"+0.221",221,"+0.061",61,23
1135,2025,10,4,4,"4","12","kimi-antonelli","mercedes","mercedes","pirelli",,,"1:12.279",72279,"1:11.974",71974,"1:11.391",71391,"+0.492",492,"+0.271",271,21
1135,2025,10,5,5,"5","44","lewis-hamilton","ferrari","ferrari","pirelli",,,"1:11.952",71952,"1:11.885",71885,"1:11.526",71526,"+0.627",627,"+0.135",135,27
1135,2025,10,6,6,"6","14","fernando-alonso","aston-martin","mercedes","pirelli",,,"1:12.073",72073,"1:11.805",71805,"1:11.586",71586,"+0.687",687,"+0.060",60,27
1135,2025,10,7,7,"7","4","lando-norris","mclaren","mercedes","pirelli",,,"1:11.826",71826,"1:11.599",71599,"1:11.625",71625,"+0.726",726,"+0.039",39,22
1135,2025,10,8,8,"8","16","charles-leclerc","ferrari","ferrari","pirelli",,,"1:12.038",72038,"1:11.626",71626,"1:11.682",71682,"+0.783",783,"+0.057",57,27
1135,2025,10,9,9,"9","6","isack-hadjar","racing-bulls","honda-rbpt","pirelli",,,"1:12.211",72211,"1:12.003",72003,"1:11.867",71867,"+0.968",968,"+0.185",185,21
1135,2025,10,10,10,"10","23","alexander-albon","williams","mercedes","pirelli",,,"1:12.090",72090,"1:11.892",71892,"1:11.907",71907,"+1.008",1008,"+0.040",40,30
1135,2025,10,11,11,"11","22","yuki-tsunoda","red-bull","honda-rbpt","pirelli",,,"1:12.334",72334,"1:12.102",72102,,,,,,,15
1135,2025,10,12,12,"12","43","franco-colapinto","alpine","renault","pirelli",,,"1:12.234",72234,"1:12.142",72142,,,,,,,20
1135,2025,10,13,13,"13","27","nico-hulkenberg","kick-sauber","ferrari","pirelli",,,"1:12.323",72323,"1:12.183",72183,,,,,,,18
1135,2025,10,14,14,"14","87","oliver-bearman","haas","ferrari","pirelli",,,"1:12.306",72306,"1:12.340",72340,,,,,,,19
1135,2025,10,15,15,"15","31","esteban-ocon","haas","ferrari","pirelli",,,"1:12.378",72378,"1:12.634",72634,,,,,,,21
1135,2025,10,16,16,"16","5","gabriel-bortoleto","kick-sauber","ferrari","pirelli",,,"1:12.385",72385,,,,,,,,,11
1135,2025,10,17,17,"17","55","carlos-sainz-jr","williams","mercedes","pirelli",,,"1:12.398",72398,,,,,,,,,13
1135,2025,10,18,18,"18","18","lance-stroll","aston-martin","mercedes","pirelli",,,"1:12.517",72517,,,,,,,,,12
1135,2025,10,19,19,"19","30","liam-lawson","racing-bulls","honda-rbpt","pirelli",,,"1:12.525",72525,,,,,,,,,10
1135,2025,10,20,20,"20","10","pierre-gasly","alpine","renault","pirelli",,,"1:12.667",72667,,,,,,,,,12
1136,2025,11,1,1,"1","4","lando-norris","mclaren","mercedes","pirelli",,,"1:04.672",64672,"1:04.410",64410,"1:03.971",63971,,,,,18
1136,2025,11,2,2,"2","16","charles-leclerc","ferrari","ferrari","pirelli",,,"1:05.197",65197,"1:04.734",64734,"1:04.492",64492,"+0.521",521,"+0.521",521,21
1136,2025,11,3,3,"3","81","oscar-piastri","mclaren","mercedes","pirelli",,,"1:04.966",64966,"1:04.556",64556,"1:04.554",64554,"+0.583",583,"+0.062",62,19
1136,2025,11,4,4,"4","44","lewis-hamilton","ferrari","ferrari","pirelli",,,"1:05.115",65115,"1:04.896",64896,"1:04.582",64582,"+0.611",611,"+0.028",28,21
1136,2025,11,5,5,"5","63","george-russell","mercedes","mercedes","pirelli",,,"1:05.189",65189,"1:04.860",64860,"1:04.763",64763,"+0.792",792,"+0.181",181,18
1136,2025,11,6,6,"6","30","liam-lawson","racing-bulls","honda-rbpt","pirelli",,,"1:05.017",65017,"1:05.041",65041,"1:04.926",64926,"+0.955",955,"+0.163",163,17
1136,2025,11,7,7,"7","1","max-verstappen","red-bull","honda-rbpt","pirelli",,,"1:05.106",65106,"1:04.836",64836,"1:04.929",64929,"+0.958",958,"+0.003",3,18
1136,2025,11,8,8,"8","5","gabriel-bortoleto","kick-sauber","ferrari","pirelli",,,"1:05.123",65123,"1:04.846",64846,"1:05.132",65132,"+1.161",1161,"+0.203",203,21
1136,2025,11,9,9,"9","12","kimi-antonelli","mercedes","mercedes","pirelli",,,"1:05.178",65178,"1:05.052",65052,"1:05.276",65276,"+1.305",1305,"+0.144",144,17
1136,2025,11,10,10,"10","10","pierre-gasly","alpine","renault","pirelli",,,"1:05.054",65054,"1:04.846",64846,"1:05.649",65649,"+1.678",1678,"+0.373",373,21
1136,2025,11,11,11,"11","14","fernando-alonso","aston-martin","mercedes","pirelli",,,"1:05.197",65197,"1:05.128",65128,,,,,,,14
1136,2025,11,12,12,"12","23","alexander-albon","williams","mercedes","pirelli",,,"1:05.143",65143,"1:05.205",65205,,,,,,,18
1136,2025,11,13,13,"13","6","isack-hadjar","racing-bulls","honda-rbpt","pirelli",,,"1:05.063",65063,"1:05.226",65226,,,,,,,12
1136,2025,11,14,14,"14","43","franco-colapinto","alpine","renault","pirelli",,,"1:05.278",65278,"1:05.288",65288,,,,,,,15
1136,2025,11,15,15,"15","87","oliver-bearman","haas","ferrari","pirelli",,,"1:05.218",65218,"1:05.312",65312,,,,,,,15
1136,2025,11,16,16,"16","18","lance-stroll","aston-martin","mercedes","pirelli",,,"1:05.329",65329,,,,,,,,,9
1136,2025,11,17,17,"17","31","esteban-ocon","haas","ferrari","pirelli",,,"1:05.364",65364,,,,,,,,,9
1136,2025,11,18,18,"18","22","yuki-tsunoda","red-bull","honda-rbpt","pirelli",,,"1:05.369",65369,,,,,,,,,6
1136,2025,11,19,19,"19","55","carlos-sainz-jr","williams","mercedes","pirelli",,,"1:05.582",65582,,,,,,,,,12
1136,2025,11,20,20,"20","27","nico-hulkenberg","kick-sauber","ferrari","pirelli",,,"1:05.606",65606,,,,,,,,,9
1137,2025,12,1,1,"1","1","max-verstappen","red-bull","honda-rbpt","pirelli",,,"1:25.886",85886,"1:25.316",85316,"1:24.892",84892,,,,,18
1137,2025,12,2,2,"2","81","oscar-piastri","mclaren","mercedes","pirelli",,,"1:25.963",85963,"1:25.316",85316,"1:24.995",84995,"+0.103",103,"+0.103",103,21
1137,2025,12,3,3,"3","4","lando-norris","mclaren","mercedes","pirelli",,,"1:26.123",86123,"1:25.231",85231,"1:25.010",85010,"+0.118",118,"+0.015",15,20
1137,2025,12,4,4,"4","63","george-russell","mercedes","mercedes","pirelli",,,"1:26.236",86236,"1:25.637",85637,"1:25.029",85029,"+0.137",137,"+0.019",19,19
1137,2025,12,5,5,"5","44","lewis-hamilton","ferrari","ferrari","pirelli",,,"1:26.296",86296,"1:25.084",85084,"1:25.095",85095,"+0.203",203,"+0.066",66,19
1137,2025,12,6,6,"6","16","charles-leclerc","ferrari","ferrari","pirelli",,,"1:26.186",86186,"1:25.133",85133,"1:25.121",85121,"+0.229",229,"+0.026",26,21
1137,2025,12,7,7,"7","12","kimi-antonelli","mercedes","mercedes","pirelli",,,"1:26.265",86265,"1:25.620",85620,"1:25.374",85374,"+0.482",482,"+0.253",253,18
1137,2025,12,8,8,"8","87","oliver-bearman","haas","ferrari","pirelli",,,"1:26.005",86005,"1:25.534",85534,"1:25.471",85471,"+0.579",579,"+0.097",97,18
1137,2025,12,9,9,"9","14","fernando-alonso","aston-martin","mercedes","pirelli",,,"1:26.108",86108,"1:25.593",85593,"1:25.621",85621,"+0.729",729,"+0.150",150,15
1137,2025,12,10,10,"10","10","pierre-gasly","alpine","renault","pirelli",,,"1:26.328",86328,"1:25.711",85711,"1:25.785",85785,"+0.893",893,"+0.164",164,21
1137,2025,12,11,11,"11","55","carlos-sainz-jr","williams","mercedes","pirelli",,,"1:26.175",86175,"1:25.746",85746,,,,,,,12
1137,2025,12,12,12,"12","22","yuki-tsunoda","red-bull","honda-rbpt","pirelli",,,"1:26.275",86275,"1:25.826",85826,,,,,,,13
1137,2025,12,13,13,"13","6","isack-hadjar","racing-bulls","honda-rbpt","pirelli",,,"1:26.177",86177,"1:25.864",85864,,,,,,,12
1137,2025,12,14,14,"14","23","alexander-albon","williams","mercedes","pirelli",,,"1:26.093",86093,"1:25.889",85889,,,,,,,13
1137,2025,12,15,15,"15","31","esteban-ocon","haas","ferrari","pirelli",,,"1:26.136",86136,"1:25.950",85950,,,,,,,12
1137,2025,12,16,16,"16","30","liam-lawson","racing-bulls","honda-rbpt","pirelli",,,"1:26.440",86440,,,,,,,,,6
1137,2025,12,17,17,"17","5","gabriel-bortoleto","kick-sauber","ferrari","pirelli",,,"1:26.446",86446,,,,,,,,,9
1137,2025,12,18,18,"18","18","lance-stroll","aston-martin","mercedes","pirelli",,,"1:26.504",86504,,,,,,,,,9
1137,2025,12,19,19,"19","27","nico-hulkenberg","kick-sauber","ferrari","pirelli",,,"1:26.574",86574,,,,,,,,,9
1137,2025,12,20,20,"20","43","franco-colapinto","alpine","renault","pirelli",,,"1:27.060",87060,,,,,,,,,6
1138,2025,13,1,1,"1","4","lando-norris","mclaren","mercedes","pirelli",,,"1:41.010",101010,"1:40.715",100715,"1:40.562",100562,,,,,20
1138,2025,13,2,2,"2","81","oscar-piastri","mclaren","mercedes","pirelli",,,"1:41.201",101201,"1:40.626",100626,"1:40.647",100647,"+0.085",85,"+0.085",85,21
1138,2025,13,3,3,"3","16","charles-leclerc","ferrari","ferrari","pirelli",,,"1:41.635",101635,"1:41.084",101084,"1:40.900",100900,"+0.338",338,"+0.253",253,18
1138,2025,13,4,4,"4","1","max-verstappen","red-bull","honda-rbpt","pirelli",,,"1:41.334",101334,"1:40.951",100951,"1:40.903",100903,"+0.341",341,"+0.003",3,15
1138,2025,13,5,5,"5","23","alexander-albon","williams","mercedes","pirelli",,,"1:41.772",101772,"1:41.505",101505,"1:41.201",101201,"+0.639",639,"+0.298",298,20
1138,2025,13,6,6,"6","63","george-russell","mercedes","mercedes","pirelli",,,"1:41.784",101784,"1:41.254",101254,"1:41.260",101260,"+0.698",698,"+0.059",59,18
1138,2025,13,7,7,"7","22","yuki-tsunoda","red-bull","honda-rbpt","pirelli",,,"1:41.840",101840,"1:41.245",101245,"1:41.284",101284,"+0.722",722,"+0.024",24,17
1138,2025,13,8,8,"8","6","isack-hadjar","racing-bulls","honda-rbpt","pirelli",,,"1:41.572",101572,"1:41.281",101281,"1:41.310",101310,"+0.748",748,"+0.026",26,19
1138,2025,13,9,9,"9","30","liam-lawson","racing-bulls","honda-rbpt","pirelli",,,"1:41.748",101748,"1:41.297",101297,"1:41.328",101328,"+0.766",766,"+0.018",18,20
1138,2025,13,10,10,"10","5","gabriel-bortoleto","kick-sauber","ferrari","pirelli",,,"1:41.908",101908,"1:41.336",101336,"1:42.387",102387,"+1.825",1825,"+1.059",1059,18
1138,2025,13,11,11,"11","31","esteban-ocon","haas","ferrari","pirelli",,,"1:41.884",101884,"1:41.525",101525,,,,,,,14
1138,2025,13,12,12,"12","87","oliver-bearman","haas","ferrari","pirelli",,,"1:41.617",101617,"1:41.617",101617,,,,,,,13
1138,2025,13,13,13,"13","10","pierre-gasly","alpine","renault","pirelli",,,"1:41.800",101800,"1:41.633",101633,,,,,,,14
1138,2025,13,14,14,"14","27","nico-hulkenberg","kick-sauber","ferrari","pirelli",,,"1:41.844",101844,"1:41.707",101707,,,,,,,14
1138,2025,13,15,15,"15","55","carlos-sainz-jr","williams","mercedes","pirelli",,,"1:41.691",101691,"1:41.758",101758,,,,,,,13
1138,2025,13,16,16,"16","44","lewis-hamilton","ferrari","ferrari","pirelli",,,"1:41.939",101939,,,,,,,,,8
1138,2025,13,17,17,"17","43","franco-colapinto","alpine","renault","pirelli",,,"1:42.022",102022,,,,,,,,,8
1138,2025,13,18,18,"18","12","kimi-antonelli","mercedes","mercedes","pirelli",,,"1:42.139",102139,,,,,,,,,6
1138,2025,13,19,19,"19","14","fernando-alonso","aston-martin","mercedes","pirelli",,,"1:42.385",102385,,,,,,,,,8
1138,2025,13,20,20,"20","18","lance-stroll","aston-martin","mercedes","pirelli",,,"1:42.502",102502,,,,,,,,,8
1139,2025,14,1,1,"1","16","charles-leclerc","ferrari","ferrari","pirelli",,,"1:15.582",75582,"1:15.455",75455,"1:15.372",75372,,,,,18
1139,2025,14,2,2,"2","81","oscar-piastri","mclaren","mercedes","pirelli",,,"1:15.211",75211,"1:14.941",74941,"1:15.398",75398,"+0.026",26,"+0.026",26,18
1139,2025,14,3,3,"3","4","lando-norris","mclaren","mercedes","pirelli",,,"1:15.523",75523,"1:14.890",74890,"1:15.413",75413,"+0.041",41,"+0.015",15,18
1139,2025,14,4,4,"4","63","george-russell","mercedes","mercedes","pirelli",,,"1:15.627",75627,"1:15.201",75201,"1:15.425",75425,"+0.053",53,"+0.012",12,15
1139,2025,14,5,5,"5","14","fernando-alonso","aston-martin","mercedes","pirelli",,,"1:15.281",75281,"1:15.395",75395,"1:15.481",75481,"+0.109",109,"+0.056",56,15
1139,2025,14,6,6,"6","18","lance-stroll","aston-martin","mercedes","pirelli",,,"1:15.673",75673,"1:15.129",75129,"1:15.498",75498,"+0.126",126,"+0.017",17,18
1139,2025,14,7,7,"7","5","gabriel-bortoleto","kick-sauber","ferrari","pirelli",,,"1:15.586",75586,"1:15.687",75687,"1:15.725",75725,"+0.353",353,"+0.227",227,18
1139,2025,14,8,8,"8","1","max-verstappen","red-bull","honda-rbpt","pirelli",,,"1:15.736",75736,"1:15.547",75547,"1:15.728",75728,"+0.356",356,"+0.003",3,18
1139,2025,14,9,9,"9","30","liam-lawson","racing-bulls","honda-rbpt","pirelli",,,"1:15.849",75849,"1:15.630",75630,"1:15.821",75821,"+0.449",449,"+0.093",93,18
1139,2025,14,10,10,"10","6","isack-hadjar","racing-bulls","honda-rbpt","pirelli",,,"1:15.516",75516,"1:15.469",75469,"1:15.915",75915,"+0.543",543,"+0.094",94,15
1139,2025,14,11,11,"11","87","oliver-bearman","haas","ferrari","pirelli",,,"1:15.750",75750,"1:15.694",75694,,,,,,,12
1139,2025,14,12,12,"12","44","lewis-hamilton","ferrari","ferrari","pirelli",,,"1:15.733",75733,"1:15.702",75702,,,,,,,12
1139,2025,14,13,13,"13","55","carlos-sainz-jr","williams","mercedes","pirelli",,,"1:15.652",75652,"1:15.781",75781,,,,,,,15
1139,2025,14,14,14,"14","43","franco-colapinto","alpine","renault","pirelli",,,"1:15.875",75875,"1:16.159",76159,,,,,,,12
1139,2025,14,15,15,"15","12","kimi-antonelli","mercedes","mercedes","pirelli",,,"1:15.782",75782,"1:16.386",76386,,,,,,,9
1139,2025,14,16,16,"16","22","yuki-tsunoda","red-bull","honda-rbpt","pirelli",,,"1:15.899",75899,,,,,,,,,6
1139,2025,14,17,17,"17","10","pierre-gasly","alpine","renault","pirelli",,,"1:15.966",75966,,,,,,,,,6
1139,2025,14,18,18,"18","31","esteban-ocon","haas","ferrari","pirelli",,,"1:16.023",76023,,,,,,,,,6
1139,2025,14,19,19,"19","27","nico-hulkenberg","kick-sauber","ferrari","pirelli",,,"1:16.081",76081,,,,,,,,,6
1139,2025,14,20,20,"20","23","alexander-albon","williams","mercedes","pirelli",,,"1:16.223",76223,,,,,,,,,9
1140,2025,15,1,1,"1","81","oscar-piastri","mclaren","mercedes","pirelli",,,"1:09.338",69338,"1:08.964",68964,"1:08.662",68662,,,,,18
1140,2025,15,2,2,"2","4","lando-norris","mclaren","mercedes","pirelli",,,"1:09.469",69469,"1:08.874",68874,"1:08.674",68674,"+0.012",12,"+0.012",12,18
1140,2025,15,3,3,"3","1","max-verstappen","red-bull","honda-rbpt","pirelli",,,"1:09.696",69696,"1:09.122",69122,"1:08.925",68925,"+0.263",263,"+0.251",251,18
1140,2025,15,4,4,"4","6","isack-hadjar","racing-bulls","honda-rbpt","pirelli",,,"1:09.966",69966,"1:09.439",69439,"1:09.208",69208,"+0.546",546,"+0.283",283,18
1140,2025,15,5,5,"5","63","george-russell","mercedes","mercedes","pirelli",,,"1:09.676",69676,"1:09.313",69313,"1:09.255",69255,"+0.593",593,"+0.047",47,18
1140,2025,15,6,6,"6","16","charles-leclerc","ferrari","ferrari","pirelli",,,"1:09.906",69906,"1:09.304",69304,"1:09.340",69340,"+0.678",678,"+0.085",85,22
1140,2025,15,7,7,"7","44","lewis-hamilton","ferrari","ferrari","pirelli",,,"1:09.900",69900,"1:09.261",69261,"1:09.390",69390,"+0.728",728,"+0.050",50,21
1140,2025,15,8,8,"8","30","liam-lawson","racing-bulls","honda-rbpt","pirelli",,,"1:09.779",69779,"1:09.383",69383,"1:09.500",69500,"+0.838",838,"+0.110",110,18
1140,2025,15,9,9,"9","55","carlos-sainz-jr","williams","mercedes","pirelli",,,"1:09.980",69980,"1:09.472",69472,"1:09.505",69505,"+0.843",843,"+0.005",5,18
1140,2025,15,10,10,"10","14","fernando-alonso","aston-martin","mercedes","pirelli",,,"1:09.950",69950,"1:09.366",69366,"1:09.630",69630,"+0.968",968,"+0.125",125,17
1140,2025,15,11,11,"11","12","kimi-antonelli","mercedes","mercedes","pirelli",,,"1:09.845",69845,"1:09.493",69493,,,,,,,12
1140,2025,15,12,12,"12","22","yuki-tsunoda","red-bull","honda-rbpt","pirelli",,,"1:09.954",69954,"1:09.622",69622,,,,,,,15
1140,2025,15,13,13,"13","5","gabriel-bortoleto","kick-sauber","ferrari","pirelli",,,"1:10.037",70037,"1:09.622",69622,,,,,,,12
1140,2025,15,14,14,"14","10","pierre-gasly","alpine","renault","pirelli",,,"1:09.894",69894,"1:09.637",69637,,,,,,,15
1140,2025,15,15,15,"15","23","alexander-albon","williams","mercedes","pirelli",,,"1:09.792",69792,"1:09.652",69652,,,,,,,12
1140,2025,15,16,16,"16","43","franco-colapinto","alpine","renault","pirelli",,,"1:10.104",70104,,,,,,,,,9
1140,2025,15,17,17,"17","27","nico-hulkenberg","kick-sauber","ferrari","pirelli",,,"1:10.195",70195,,,,,,,,,9
1140,2025,15,18,18,"18","31","esteban-ocon","haas","ferrari","pirelli",,,"1:10.197",70197,,,,,,,,,9
1140,2025,15,19,19,"19","87","oliver-bearman","haas","ferrari","pirelli",,,"1:10.262",70262,,,,,,,,,9
1140,2025,15,20,,"NC","18","lance-stroll","aston-martin","mercedes","pirelli",,,,,,,,,,,,,2
1141,2025,16,1,1,"1","1","max-verstappen","red-bull","honda-rbpt","pirelli",,,"1:19.455",79455,"1:19.140",79140,"1:18.792",78792,,,,,18
1141,2025,16,2,2,"2","4","lando-norris","mclaren","mercedes","pirelli",,,"1:19.517",79517,"1:19.293",79293,"1:18.869",78869,"+0.077",77,"+0.077",77,21
1141,2025,16,3,3,"3","81","oscar-piastri","mclaren","mercedes","pirelli",,,"1:19.711",79711,"1:19.286",79286,"1:18.982",78982,"+0.190",190,"+0.113",113,19
1141,2025,16,4,4,"4","16","charles-leclerc","ferrari","ferrari","pirelli",,,"1:19.689",79689,"1:19.310",79310,"1:19.007",79007,"+0.215",215,"+0.025",25,20
1141,2025,16,5,5,"5","44","lewis-hamilton","ferrari","ferrari","pirelli",,,"1:19.765",79765,"1:19.371",79371,"1:19.124",79124,"+0.332",332,"+0.117",117,20
1141,2025,16,6,6,"6","63","george-russell","mercedes","mercedes","pirelli",,,"1:19.414",79414,"1:19.287",79287,"1:19.157",79157,"+0.365",365,"+0.033",33,18
1141,2025,16,7,7,"7","12","kimi-antonelli","mercedes","mercedes","pirelli",,,"1:19.747",79747,"1:19.245",79245,"1:19.200",79200,"+0.408",408,"+0.043",43,22
1141,2025,16,8,8,"8","5","gabriel-bortoleto","kick-sauber","ferrari","pirelli",,,"1:19.688",79688,"1:19.323",79323,"1:19.390",79390,"+0.598",598,"+0.190",190,21
1141,2025,16,9,9,"9","14","fernando-alonso","aston-martin","mercedes","pirelli",,,"1:19.658",79658,"1:19.362",79362,"1:19.424",79424,"+0.632",632,"+0.034",34,20
1141,2025,16,10,10,"10","22","yuki-tsunoda","red-bull","honda-rbpt","pirelli",,,"1:19.619",79619,"1:19.433",79433,"1:19.519",79519,"+0.727",727,"+0.095",95,18
1141,2025,16,11,11,"11","87","oliver-bearman","haas","ferrari","pirelli",,,"1:19.688",79688,"1:19.446",79446,,,,,,,15
1141,2025,16,12,12,"12","27","nico-hulkenberg","kick-sauber","ferrari","pirelli",,,"1:19.777",79777,"1:19.498",79498,,,,,,,15
1141,2025,16,13,13,"13","55","carlos-sainz-jr","williams","mercedes","pirelli",,,"1:19.644",79644,"1:19.528",79528,,,,,,,19
1141,2025,16,14,14,"14","23","alexander-albon","williams","mercedes","pirelli",,,"1:19.837",79837,"1:19.583",79583,,,,,,,16
1141,2025,16,15,15,"15","31","esteban-ocon","haas","ferrari","pirelli",,,"1:19.816",79816,"1:19.707",79707,,,,,,,15
1141,2025,16,16,16,"16","6","isack-hadjar","racing-bulls","honda-rbpt","pirelli",,,"1:19.917",79917,,,,,,,,,6
1141,2025,16,17,17,"17","18","lance-stroll","aston-martin","mercedes","pirelli",,,"1:19.948",79948,,,,,,,,,9
1141,2025,16,18,18,"18","43","franco-colapinto","alpine","renault","pirelli",,,"1:19.992",79992,,,,,,,,,9
1141,2025,16,19,19,"19","10","pierre-gasly","alpine","renault","pirelli",,,"1:20.103",80103,,,,,,,,,9
1141,2025,16,20,20,"20","30","liam-lawson","racing-bulls","honda-rbpt","pirelli",,,"1:20.279",80279,,,,,,,,,5
1142,2025,17,1,1,"1","1","max-verstappen","red-bull","honda-rbpt","pirelli",,,"1:41.331",101331,"1:41.255",101255,"1:41.117",101117,,,,,23
1142,2025,17,2,2,"2","55","carlos-sainz-jr","williams","mercedes","pirelli",,,"1:42.635",102635,"1:41.675",101675,"1:41.595",101595,"+0.478",478,"+0.478",478,23
1142,2025,17,3,3,"3","30","liam-lawson","racing-bulls","honda-rbpt","pirelli",,,"1:42.257",102257,"1:41.537",101537,"1:41.707",101707,"+0.590",590,"+0.112",112,26
1142,2025,17,4,4,"4","12","kimi-antonelli","mercedes","mercedes","pirelli",,,"1:42.247",102247,"1:41.464",101464,"1:41.717",101717,"+0.600",600,"+0.010",10,21
1142,2025,17,5,5,"5","63","george-russell","mercedes","mercedes","pirelli",,,"1:41.646",101646,"1:41.455",101455,"1:42.070",102070,"+0.953",953,"+0.353",353,22
1142,2025,17,6,6,"6","22","yuki-tsunoda","red-bull","honda-rbpt","pirelli",,,"1:42.347",102347,"1:41.788",101788,"1:42.143",102143,"+1.026",1026,"+0.073",73,23
1142,2025,17,7,7,"7","4","lando-norris","mclaren","mercedes","pirelli",,,"1:41.322",101322,"1:41.396",101396,"1:42.239",102239,"+1.122",1122,"+0.096",96,21
1142,2025,17,8,8,"8","6","isack-hadjar","racing-bulls","honda-rbpt","pirelli",,,"1:41.656",101656,"1:41.647",101647,"1:42.372",102372,"+1.255",1255,"+0.133",133,25
1142,2025,17,9,9,"9","81","oscar-piastri","mclaren","mercedes","pirelli",,,"1:41.839",101839,"1:41.414",101414,,,,,,,18
1142,2025,17,10,10,"10","16","charles-leclerc","ferrari","ferrari","pirelli",,,"1:41.458",101458,"1:41.519",101519,,,,,,,19
1142,2025,17,11,11,"11","14","fernando-alonso","aston-martin","mercedes","pirelli",,,"1:42.211",102211,"1:41.857",101857,,,,,,,18
1142,2025,17,12,12,"12","44","lewis-hamilton","ferrari","ferrari","pirelli",,,"1:41.821",101821,"1:42.183",102183,,,,,,,17
1142,2025,17,13,13,"13","5","gabriel-bortoleto","kick-sauber","ferrari","pirelli",,,"1:42.511",102511,"1:42.277",102277,,,,,,,16
1142,2025,17,14,14,"14","18","lance-stroll","aston-martin","mercedes","pirelli",,,"1:42.101",102101,"1:43.061",103061,,,,,,,16
1142,2025,17,15,15,"15","87","oliver-bearman","haas","ferrari","pirelli",,,"1:42.666",102666,,,,,,,,,11
1142,2025,17,16,16,"16","43","franco-colapinto","alpine","renault","pirelli",,,"1:42.779",102779,,,,,,,,,8
1142,2025,17,17,17,"17","27","nico-hulkenberg","kick-sauber","ferrari","pirelli",,,"1:42.916",102916,,,,,,,,,8
1142,2025,17,18,18,"18","10","pierre-gasly","alpine","renault","pirelli",,,"1:43.139",103139,,,,,,,,,8
1142,2025,17,19,19,"19","23","alexander-albon","williams","mercedes","pirelli",,,"1:43.778",103778,,,,,,,,,4
1142,2025,17,20,,"DSQ","31","esteban-ocon","haas","ferrari","pirelli",,,,,,,,,,,,,
1143,2025,18,1,1,"1","63","george-russell","mercedes","mercedes","pirelli",,,"1:29.928",89928,"1:29.562",89562,"1:29.158",89158,,,,,18
1143,2025,18,2,2,"2","1","max-verstappen","red-bull","honda-rbpt","pirelli",,,"1:30.028",90028,"1:29.572",89572,"1:29.340",89340,"+0.182",182,"+0.182",182,18
1143,2025,18,3,3,"3","81","oscar-piastri","mclaren","mercedes","pirelli",,,"1:30.313",90313,"1:29.813",89813,"1:29.524",89524,"+0.366",366,"+0.184",184,20
1143,2025,18,4,4,"4","12","kimi-antonelli","mercedes","mercedes","pirelli",,,"1:30.036",90036,"1:29.649",89649,"1:29.537",89537,"+0.379",379,"+0.013",13,17
1143,2025,18,5,5,"5","4","lando-norris","mclaren","mercedes","pirelli",,,"1:29.932",89932,"1:29.809",89809,"1:29.586",89586,"+0.428",428,"+0.049",49,20
1143,2025,18,6,6,"6","44","lewis-hamilton","ferrari","ferrari","pirelli",,,"1:29.765",89765,"1:29.936",89936,"1:29.688",89688,"+0.530",530,"+0.102",102,20
1143,2025,18,7,7,"7","16","charles-leclerc","ferrari","ferrari","pirelli",,,"1:30.370",90370,"1:29.914",89914,"1:29.784",89784,"+0.626",626,"+0.096",96,22
1143,2025,18,8,8,"8","6","isack-hadjar","racing-bulls","honda-rbpt","pirelli",,,"1:30.214",90214,"1:30.016",90016,"1:29.846",89846,"+0.688",688,"+0.062",62,19
1143,2025,18,9,9,"9","87","oliver-bearman","haas","ferrari","pirelli",,,"1:30.420",90420,"1:30.076",90076,"1:29.868",89868,"+0.710",710,"+0.022",22,17
1143,2025,18,10,10,"10","14","fernando-alonso","aston-martin","mercedes","pirelli",,,"1:30.745",90745,"1:30.054",90054,"1:29.955",89955,"+0.797",797,"+0.087",87,18
1143,2025,18,11,11,"11","27","nico-hulkenberg","kick-sauber","ferrari","pirelli",,,"1:30.715",90715,"1:30.141",90141,,,,,,,15
1143,2025,18,12,12,"12","30","liam-lawson","racing-bulls","honda-rbpt","pirelli",,,"1:30.681",90681,"1:30.320",90320,,,,,,,14
1143,2025,18,13,13,"13","22","yuki-tsunoda","red-bull","honda-rbpt","pirelli",,,"1:30.574",90574,"1:30.353",90353,,,,,,,12
1143,2025,18,14,14,"14","5","gabriel-bortoleto","kick-sauber","ferrari","pirelli",,,"1:30.820",90820,,,,,,,,,8
1143,2025,18,15,15,"15","18","lance-stroll","aston-martin","mercedes","pirelli",,,"1:30.949",90949,,,,,,,,,9
1143,2025,18,16,16,"16","43","franco-colapinto","alpine","renault","pirelli",,,"1:30.982",90982,,,,,,,,,9
1143,2025,18,17,17,"17","31","esteban-ocon","haas","ferrari","pirelli",,,"1:30.989",90989,,,,,,,,,6
1143,2025,18,18,18,"18","10","pierre-gasly","alpine","renault","pirelli",,,"1:31.261",91261,,,,,,,,,8
1143,2025,18,19,,"DSQ","23","alexander-albon","williams","mercedes","pirelli",,,,,"1:30.202",90202,,,,,,,
1143,2025,18,20,,"DSQ","55","carlos-sainz-jr","williams","mercedes","pirelli",,,,,"1:30.235",90235,,,,,,,
1144,2025,19,1,1,"1","1","max-verstappen","red-bull","honda-rbpt","pirelli",,,"1:33.207",93207,"1:32.701",92701,"1:32.510",92510,,,,,14
1144,2025,19,2,2,"2","4","lando-norris","mclaren","mercedes","pirelli",,,"1:33.843",93843,"1:32.876",92876,"1:32.801",92801,"+0.291",291,"+0.291",291,20
1144,2025,19,3,3,"3","16","charles-leclerc","ferrari","ferrari","pirelli",,,"1:33.525",93525,"1:32.869",92869,"1:32.807",92807,"+0.297",297,"+0.006",6,17
1144,2025,19,4,4,"4","63","george-russell","mercedes","mercedes","pirelli",,,"1:33.311",93311,"1:33.058",93058,"1:32.826",92826,"+0.316",316,"+0.019",19,19
1144,2025,19,5,5,"5","44","lewis-hamilton","ferrari","ferrari","pirelli",,,"1:33.685",93685,"1:32.914",92914,"1:32.912",92912,"+0.402",402,"+0.086",86,18
1144,2025,19,6,6,"6","81","oscar-piastri","mclaren","mercedes","pirelli",,,"1:33.746",93746,"1:33.228",93228,"1:33.084",93084,"+0.574",574,"+0.172",172,19
1144,2025,19,7,7,"7","12","kimi-antonelli","mercedes","mercedes","pirelli",,,"1:33.501",93501,"1:33.044",93044,"1:33.114",93114,"+0.604",604,"+0.030",30,18
1144,2025,19,8,8,"8","87","oliver-bearman","haas","ferrari","pirelli",,,"1:33.921",93921,"1:33.238",93238,"1:33.139",93139,"+0.629",629,"+0.025",25,19
1144,2025,19,9,9,"9","55","carlos-sainz-jr","williams","mercedes","pirelli",,,"1:33.739",93739,"1:33.124",93124,"1:33.150",93150,"+0.640",640,"+0.011",11,20
1144,2025,19,10,10,"10","14","fernando-alonso","aston-martin","mercedes","pirelli",,,"1:33.741",93741,"1:33.237",93237,"1:33.160",93160,"+0.650",650,"+0.010",10,18
1144,2025,19,11,11,"11","27","nico-hulkenberg","kick-sauber","ferrari","pirelli",,,"1:33.551",93551,"1:33.334",93334,,,,,,,14
1144,2025,19,12,12,"12","30","liam-lawson","racing-bulls","honda-rbpt","pirelli",,,"1:33.549",93549,"1:33.360",93360,,,,,,,14
1144,2025,19,13,13,"13","22","yuki-tsunoda","red-bull","honda-rbpt","pirelli",,,"1:33.935",93935,"1:33.466",93466,,,,,,,13
1144,2025,19,14,14,"14","10","pierre-gasly","alpine","renault","pirelli",,,"1:33.599",93599,"1:33.651",93651,,,,,,,14
1144,2025,19,15,15,"15","43","franco-colapinto","alpine","renault","pirelli",,,"1:34.039",94039,"1:34.044",94044,,,,,,,14
1144,2025,19,16,16,"16","5","gabriel-bortoleto","kick-sauber","ferrari","pirelli",,,"1:34.125",94125,,,,,,,,,8
1144,2025,19,17,17,"17","31","esteban-ocon","haas","ferrari","pirelli",,,"1:34.136",94136,,,,,,,,,8
1144,2025,19,18,18,"18","18","lance-stroll","aston-martin","mercedes","pirelli",,,"1:34.540",94540,,,,,,,,,7
1144,2025,19,19,19,"19","23","alexander-albon","williams","mercedes","pirelli",,,"1:34.690",94690,,,,,,,,,9
1144,2025,19,20,,"NC","6","isack-hadjar","racing-bulls","honda-rbpt","pirelli",,,,,,,,,,,,,2
1145,2025,20,1,1,"1","4","lando-norris","mclaren","mercedes","pirelli",,,"1:16.899",76899,"1:16.252",76252,"1:15.586",75586,,,,,21
1145,2025,20,2,2,"2","16","charles-leclerc","ferrari","ferrari","pirelli",,,"1:17.024",77024,"1:16.658",76658,"1:15.848",75848,"+0.262",262,"+0.262",262,20
1145,2025,20,3,3,"3","44","lewis-hamilton","ferrari","ferrari","pirelli",,,"1:16.736",76736,"1:16.458",76458,"1:15.938",75938,"+0.352",352,"+0.090",90,21
1145,2025,20,4,4,"4","63","george-russell","mercedes","mercedes","pirelli",,,"1:16.895",76895,"1:16.537",76537,"1:16.034",76034,"+0.448",448,"+0.096",96,18
1145,2025,20,5,5,"5","1","max-verstappen","red-bull","honda-rbpt","pirelli",,,"1:17.076",77076,"1:16.605",76605,"1:16.070",76070,"+0.484",484,"+0.036",36,18
1145,2025,20,6,6,"6","12","kimi-antonelli","mercedes","mercedes","pirelli",,,"1:17.291",77291,"1:16.773",76773,"1:16.118",76118,"+0.532",532,"+0.048",48,18
1145,2025,20,7,7,"7","55","carlos-sainz-jr","williams","mercedes","pirelli",,,"1:17.171",77171,"1:16.607",76607,"1:16.172",76172,"+0.586",586,"+0.054",54,18
1145,2025,20,8,8,"8","81","oscar-piastri","mclaren","mercedes","pirelli",,,"1:17.158",77158,"1:16.737",76737,"1:16.174",76174,"+0.588",588,"+0.002",2,20
1145,2025,20,9,9,"9","6","isack-hadjar","racing-bulls","honda-rbpt","pirelli",,,"1:16.733",76733,"1:16.804",76804,"1:16.252",76252,"+0.666",666,"+0.078",78,18
1145,2025,20,10,10,"10","87","oliver-bearman","haas","ferrari","pirelli",,,"1:17.040",77040,"1:16.787",76787,"1:16.460",76460,"+0.874",874,"+0.208",208,21
1145,2025,20,11,11,"11","22","yuki-tsunoda","red-bull","honda-rbpt","pirelli",,,"1:17.234",77234,"1:16.816",76816,,,,,,,12
1145,2025,20,12,12,"12","31","esteban-ocon","haas","ferrari","pirelli",,,"1:16.948",76948,"1:16.837",76837,,,,,,,15
1145,2025,20,13,13,"13","27","nico-hulkenberg","kick-sauber","ferrari","pirelli",,,"1:17.251",77251,"1:17.016",77016,,,,,,,15
1145,2025,20,14,14,"14","14","fernando-alonso","aston-martin","mercedes","pirelli",,,"1:17.232",77232,"1:17.103",77103,,,,,,,15
1145,2025,20,15,15,"15","30","liam-lawson","racing-bulls","honda-rbpt","pirelli",,,"1:16.961",76961,"1:18.072",78072,,,,,,,13
1145,2025,20,16,16,"16","5","gabriel-bortoleto","kick-sauber","ferrari","pirelli",,,"1:17.412",77412,,,,,,,,,9
1145,2025,20,17,17,"17","23","alexander-albon","williams","mercedes","pirelli",,,"1:17.490",77490,,,,,,,,,9
1145,2025,20,18,18,"18","10","pierre-gasly","alpine","renault","pirelli",,,"1:17.546",77546,,,,,,,,,9
1145,2025,20,19,19,"19","18","lance-stroll","aston-martin","mercedes","pirelli",,,"1:17.606",77606,,,,,,,,,9
1145,2025,20,20,20,"20","43","franco-colapinto","alpine","renault","pirelli",,,"1:17.670",77670,,,,,,,,,8
1146,2025,21,1,1,"1","4","lando-norris","mclaren","mercedes","pirelli",,,"1:09.656",69656,"1:09.616",69616,"1:09.511",69511,,,,,21
1146,2025,21,2,2,"2","12","kimi-antonelli","mercedes","mercedes","pirelli",,,"1:10.192",70192,"1:09.774",69774,"1:09.685",69685,"+0.174",174,"+0.174",174,16
1146,2025,21,3,3,"3","16","charles-leclerc","ferrari","ferrari","pirelli",,,"1:09.934",69934,"1:09.801",69801,"1:09.805",69805,"+0.294",294,"+0.120",120,22
1146,2025,21,4,4,"4","81","oscar-piastri","mclaren","mercedes","pirelli",,,"1:09.928",69928,"1:09.835",69835,"1:09.886",69886,"+0.375",375,"+0.081",81,19
1146,2025,21,5,5,"5","6","isack-hadjar","racing-bulls","honda-rbpt","pirelli",,,"1:10.083",70083,"1:09.970",69970,"1:09.931",69931,"+0.420",420,"+0.045",45,21
1146,2025,21,6,6,"6","63","george-russell","mercedes","mercedes","pirelli",,,"1:09.935",69935,"1:09.880",69880,"1:09.942",69942,"+0.431",431,"+0.011",11,16
1146,2025,21,7,7,"7","30","liam-lawson","racing-bulls","honda-rbpt","pirelli",,,"1:10.108",70108,"1:09.950",69950,"1:09.962",69962,"+0.451",451,"+0.020",20,21
1146,2025,21,8,8,"8","87","oliver-bearman","haas","ferrari","pirelli",,,"1:09.891",69891,"1:09.755",69755,"1:09.977",69977,"+0.466",466,"+0.015",15,19
1146,2025,21,9,9,"9","10","pierre-gasly","alpine","renault","pirelli",,,"1:09.885",69885,"1:09.857",69857,"1:10.002",70002,"+0.491",491,"+0.025",25,21
1146,2025,21,10,10,"10","27","nico-hulkenberg","kick-sauber","ferrari","pirelli",,,"1:10.337",70337,"1:09.985",69985,"1:10.039",70039,"+0.528",528,"+0.037",37,23
1146,2025,21,11,11,"11","14","fernando-alonso","aston-martin","mercedes","pirelli",,,"1:10.181",70181,"1:10.001",70001,,,,,,,15
1146,2025,21,12,12,"12","23","alexander-albon","williams","mercedes","pirelli",,,"1:10.115",70115,"1:10.053",70053,,,,,,,18
1146,2025,21,13,13,"13","44","lewis-hamilton","ferrari","ferrari","pirelli",,,"1:10.016",70016,"1:10.100",70100,,,,,,,16
1146,2025,21,14,14,"14","18","lance-stroll","aston-martin","mercedes","pirelli",,,"1:10.041",70041,"1:10.161",70161,,,,,,,15
1146,2025,21,15,15,"15","55","carlos-sainz-jr","williams","mercedes","pirelli",,,"1:10.184",70184,"1:10.472",70472,,,,,,,17
1146,2025,21,16,16,"16","1","max-verstappen","red-bull","honda-rbpt","pirelli",,,"1:10.403",70403,,,,,,,,,9
1146,2025,21,17,17,"17","31","esteban-ocon","haas","ferrari","pirelli",,,"1:10.438",70438,,,,,,,,,9
1146,2025,21,18,18,"18","43","franco-colapinto","alpine","renault","pirelli",,,"1:10.632",70632,,,,,,,,,9
1146,2025,21,19,19,"19","22","yuki-tsunoda","red-bull","honda-rbpt","pirelli",,,"1:10.711",70711,,,,,,,,,9
1147,2025,22,1,1,"1","4","lando-norris","mclaren","mercedes","pirelli",,,"1:55.473",115473,"1:51.379",111379,"1:47.934",107934,,,,,25
1147,2025,22,2,2,"2","1","max-verstappen","red-bull","honda-rbpt","pirelli",,,"1:53.458",113458,"1:51.593",111593,"1:48.257",108257,"+0.323",323,"+0.323",323,24
1147,2025,22,3,3,"3","55","carlos-sainz-jr","williams","mercedes","pirelli",,,"1:54.873",114873,"1:51.144",111144,"1:48.296",108296,"+0.362",362,"+0.039",39,24
1147,2025,22,4,4,"4","63","george-russell","mercedes","mercedes","pirelli",,,"1:53.144",113144,"1:50.935",110935,"1:48.803",108803,"+0.869",869,"+0.507",507,25
1147,2025,22,5,5,"5","81","oscar-piastri","mclaren","mercedes","pirelli",,,"1:54.544",114544,"1:52.126",112126,"1:48.961",108961,"+1.027",1027,"+0.158",158,23
1147,2025,22,6,6,"6","30","liam-lawson","racing-bulls","honda-rbpt","pirelli",,,"1:54.828",114828,"1:51.621",111621,"1:49.062",109062,"+1.128",1128,"+0.101",101,25
1147,2025,22,7,7,"7","14","fernando-alonso","aston-martin","mercedes","pirelli",,,"1:53.739",113739,"1:51.865",111865,"1:49.466",109466,"+1.532",1532,"+0.404",404,25
1147,2025,22,8,8,"8","6","isack-hadjar","racing-bulls","honda-rbpt","pirelli",,,"1:55.613",115613,"1:51.120",111120,"1:49.554",109554,"+1.620",1620,"+0.088",88,25
1147,2025,22,9,9,"9","16","charles-leclerc","ferrari","ferrari","pirelli",,,"1:54.814",114814,"1:51.952",111952,"1:49.872",109872,"+1.938",1938,"+0.318",318,24
1147,2025,22,10,10,"10","10","pierre-gasly","alpine","renault","pirelli",,,"1:54.432",114432,"1:51.760",111760,"1:51.540",111540,"+3.606",3606,"+1.668",1668,25
1147,2025,22,11,11,"11","27","nico-hulkenberg","kick-sauber","ferrari","pirelli",,,"1:54.555",114555,"1:52.781",112781,,,,,,,18
1147,2025,22,12,12,"12","18","lance-stroll","aston-martin","mercedes","pirelli",,,"1:54.416",114416,"1:52.850",112850,,,,,,,18
1147,2025,22,13,13,"13","31","esteban-ocon","haas","ferrari","pirelli",,,"1:54.635",114635,"1:52.987",112987,,,,,,,17
1147,2025,22,14,14,"14","87","oliver-bearman","haas","ferrari","pirelli",,,"1:56.016",116016,"1:53.094",113094,,,,,,,17
1147,2025,22,15,15,"15","43","franco-colapinto","alpine","renault","pirelli",,,"1:54.847",114847,"1:53.683",113683,,,,,,,17
1147,2025,22,16,16,"16","23","alexander-albon","williams","mercedes","pirelli",,,"1:56.220",116220,,,,,,,,,8
1147,2025,22,17,17,"17","12","kimi-antonelli","mercedes","mercedes","pirelli",,,"1:56.314",116314,,,,,,,,,8
1147,2025,22,18,18,"18","5","gabriel-bortoleto","kick-sauber","ferrari","pirelli",,,"1:56.674",116674,,,,,,,,,9
1147,2025,22,19,19,"19","22","yuki-tsunoda","red-bull","honda-rbpt","pirelli",,,"1:56.798",116798,,,,,,,,,9
1147,2025,22,20,20,"20","44","lewis-hamilton","ferrari","ferrari","pirelli",,,"1:57.115",117115,,,,,,,,,9
1148,2025,23,1,1,"1","81","oscar-piastri","mclaren","mercedes","pirelli",,,"1:20.234",80234,"1:19.650",79650,"1:19.387",79387,,,,,18
1148,2025,23,2,2,"2","4","lando-norris","mclaren","mercedes","pirelli",,,"1:20.157",80157,"1:19.861",79861,"1:19.495",79495,"+0.108",108,"+0.108",108,17
1148,2025,23,3,3,"3","1","max-verstappen","red-bull","honda-rbpt","pirelli",,,"1:20.472",80472,"1:19.985",79985,"1:19.651",79651,"+0.264",264,"+0.156",156,23
1148,2025,23,4,4,"4","63","george-russell","mercedes","mercedes","pirelli",,,"1:20.074",80074,"1:20.186",80186,"1:19.662",79662,"+0.275",275,"+0.011",11,26
1148,2025,23,5,5,"5","12","kimi-antonelli","mercedes","mercedes","pirelli",,,"1:20.576",80576,"1:20.084",80084,"1:19.846",79846,"+0.459",459,"+0.184",184,22
1148,2025,23,6,6,"6","6","isack-hadjar","racing-bulls","honda-rbpt","pirelli",,,"1:20.603",80603,"1:20.350",80350,"1:20.114",80114,"+0.727",727,"+0.268",268,20
1148,2025,23,7,7,"7","55","carlos-sainz-jr","williams","mercedes","pirelli",,,"1:20.520",80520,"1:20.251",80251,"1:20.287",80287,"+0.900",900,"+0.173",173,25
1148,2025,23,8,8,"8","14","fernando-alonso","aston-martin","mercedes","pirelli",,,"1:20.598",80598,"1:20.219",80219,"1:20.418",80418,"+1.031",1031,"+0.131",131,21
1148,2025,23,9,9,"9","10","pierre-gasly","alpine","renault","pirelli",,,"1:20.681",80681,"1:20.324",80324,"1:20.477",80477,"+1.090",1090,"+0.059",59,21
1148,2025,23,10,10,"10","16","charles-leclerc","ferrari","ferrari","pirelli",,,"1:20.564",80564,"1:20.343",80343,"1:20.561",80561,"+1.174",1174,"+0.084",84,23
1148,2025,23,11,11,"11","27","nico-hulkenberg","kick-sauber","ferrari","pirelli",,,"1:20.630",80630,"1:20.353",80353,,,,,,,20
1148,2025,23,12,12,"12","30","liam-lawson","racing-bulls","honda-rbpt","pirelli",,,"1:20.539",80539,"1:20.433",80433,,,,,,,15
1148,2025,23,13,13,"13","87","oliver-bearman","haas","ferrari","pirelli",,,"1:20.548",80548,"1:20.438",80438,,,,,,,20
1148,2025,23,14,14,"14","5","gabriel-bortoleto","kick-sauber","ferrari","pirelli",,,"1:20.653",80653,"1:20.534",80534,,,,,,,20
1148,2025,23,15,15,"15","23","alexander-albon","williams","mercedes","pirelli",,,"1:20.629",80629,"1:20.629",80629,,,,,,,19
1148,2025,23,16,16,"16","22","yuki-tsunoda","red-bull","honda-rbpt","pirelli",,,"1:20.761",80761,,,,,,,,,9
1148,2025,23,17,17,"17","31","esteban-ocon","haas","ferrari","pirelli",,,"1:20.864",80864,,,,,,,,,11
1148,2025,23,18,18,"18","44","lewis-hamilton","ferrari","ferrari","pirelli",,,"1:20.907",80907,,,,,,,,,9
1148,2025,23,19,19,"19","18","lance-stroll","aston-martin","mercedes","pirelli",,,"1:21.058",81058,,,,,,,,,10
1148,2025,23,20,20,"20","43","franco-colapinto","alpine","renault","pirelli",,,"1:21.137",81137,,,,,,,,,9
1149,2025,24,1,1,"1","1","max-verstappen","red-bull","honda-rbpt","pirelli",,,"1:22.877",82877,"1:22.752",82752,"1:22.207",82207,,,,,18
1149,2025,24,2,2,"2","4","lando-norris","mclaren","mercedes","pirelli",,,"1:23.178",83178,"1:22.804",82804,"1:22.408",82408,"+0.201",201,"+0.201",201,17
1149,2025,24,3,3,"3","81","oscar-piastri","mclaren","mercedes","pirelli",,,"1:22.605",82605,"1:23.021",83021,"1:22.437",82437,"+0.230",230,"+0.029",29,17
1149,2025,24,4,4,"4","63","george-russell","mercedes","mercedes","pirelli",,,"1:23.247",83247,"1:22.730",82730,"1:22.645",82645,"+0.438",438,"+0.208",208,18
1149,2025,24,5,5,"5","16","charles-leclerc","ferrari","ferrari","pirelli",,,"1:23.163",83163,"1:22.948",82948,"1:22.730",82730,"+0.523",523,"+0.085",85,18
1149,2025,24,6,6,"6","14","fernando-alonso","aston-martin","mercedes","pirelli",,,"1:23.071",83071,"1:22.861",82861,"1:22.902",82902,"+0.695",695,"+0.172",172,18
1149,2025,24,7,7,"7","5","gabriel-bortoleto","kick-sauber","ferrari","pirelli",,,"1:23.374",83374,"1:22.874",82874,"1:22.904",82904,"+0.697",697,"+0.002",2,21
1149,2025,24,8,8,"8","31","esteban-ocon","haas","ferrari","pirelli",,,"1:23.334",83334,"1:23.023",83023,"1:22.913",82913,"+0.706",706,"+0.009",9,18
1149,2025,24,9,9,"9","6","isack-hadjar","racing-bulls","honda-rbpt","pirelli",,,"1:23.373",83373,"1:22.997",82997,"1:23.072",83072,"+0.865",865,"+0.159",159,18
1149,2025,24,10,10,"10","22","yuki-tsunoda","red-bull","honda-rbpt","pirelli",,,"1:23.386",83386,"1:23.034",83034,,,,,,,17
1149,2025,24,11,11,"11","87","oliver-bearman","haas","ferrari","pirelli",,,"1:23.254",83254,"1:23.041",83041,,,,,,,11
1149,2025,24,12,12,"12","55","carlos-sainz-jr","williams","mercedes","pirelli",,,"1:23.187",83187,"1:23.042",83042,,,,,,,12
1149,2025,24,13,13,"13","30","liam-lawson","racing-bulls","honda-rbpt","pirelli",,,"1:23.265",83265,"1:23.077",83077,,,,,,,14
1149,2025,24,14,14,"14","12","kimi-antonelli","mercedes","mercedes","pirelli",,,"1:22.894",82894,"1:23.080",83080,,,,,,,12
1149,2025,24,15,15,"15","18","lance-stroll","aston-martin","mercedes","pirelli",,,"1:23.316",83316,"1:23.097",83097,,,,,,,15
1149,2025,24,16,16,"16","44","lewis-hamilton","ferrari","ferrari","pirelli",,,"1:23.394",83394,,,,,,,,,9
1149,2025,24,17,17,"17","23","alexander-albon","williams","mercedes","pirelli",,,"1:23.416",83416,,,,,,,,,6
1149,2025,24,18,18,"18","27","nico-hulkenberg","kick-sauber","ferrari","pirelli",,,"1:23.450",83450,,,,,,,,,9
1149,2025,24,19,19,"19","10","pierre-gasly","alpine","renault","pirelli",,,"1:23.468",83468,,,,,,,,,9
1149,2025,24,20,20,"20","43","franco-colapinto","alpine","renault","pirelli",,,"1:23.890",83890,,,,,,,,,9
1150,2026,1,1,1,"1","63","george-russell","mercedes","mercedes","pirelli",,,"1:19.507",79507,"1:18.934",78934,"1:18.518",78518,,,,,22
1150,2026,1,2,2,"2","12","kimi-antonelli","mercedes","mercedes","pirelli",,,"1:20.120",80120,"1:19.435",79435,"1:18.811",78811,"+0.293",293,"+0.293",293,18
1150,2026,1,3,3,"3","6","isack-hadjar","red-bull","red-bull-ford","pirelli",,,"1:20.023",80023,"1:19.653",79653,"1:19.303",79303,"+0.785",785,"+0.492",492,19
1150,2026,1,4,4,"4","16","charles-leclerc","ferrari","ferrari","pirelli",,,"1:20.226",80226,"1:19.357",79357,"1:19.327",79327,"+0.809",809,"+0.024",24,24
1150,2026,1,5,5,"5","81","oscar-piastri","mclaren","mercedes","pirelli",,,"1:19.664",79664,"1:19.525",79525,"1:19.380",79380,"+0.862",862,"+0.053",53,26
1150,2026,1,6,6,"6","1","lando-norris","mclaren","mercedes","pirelli",,,"1:20.010",80010,"1:19.882",79882,"1:19.475",79475,"+0.957",957,"+0.095",95,26
1150,2026,1,7,7,"7","44","lewis-hamilton","ferrari","ferrari","pirelli",,,"1:19.811",79811,"1:19.921",79921,"1:19.478",79478,"+0.960",960,"+0.003",3,25
1150,2026,1,8,8,"8","30","liam-lawson","racing-bulls","red-bull-ford","pirelli",,,"1:20.491",80491,"1:20.144",80144,"1:19.994",79994,"+1.476",1476,"+0.516",516,24
1150,2026,1,9,9,"9","41","arvid-lindblad","racing-bulls","red-bull-ford","pirelli",,,"1:20.409",80409,"1:19.971",79971,"1:21.247",81247,"+2.729",2729,"+1.253",1253,25
1150,2026,1,10,10,"10","5","gabriel-bortoleto","audi","audi","pirelli",,,"1:20.495",80495,"1:20.221",80221,,,,,,,14
1150,2026,1,11,11,"11","27","nico-hulkenberg","audi","audi","pirelli",,,"1:21.024",81024,"1:20.303",80303,,,,,,,18
1150,2026,1,12,12,"12","87","oliver-bearman","haas","ferrari","pirelli",,,"1:21.247",81247,"1:20.311",80311,,,,,,,18
1150,2026,1,13,13,"13","31","esteban-ocon","haas","ferrari","pirelli",,,"1:20.759",80759,"1:20.491",80491,,,,,,,18
1150,2026,1,14,14,"14","10","pierre-gasly","alpine","mercedes","pirelli",,,"1:21.138",81138,"1:20.501",80501,,,,,,,18
1150,2026,1,15,15,"15","23","alexander-albon","williams","mercedes","pirelli",,,"1:21.051",81051,"1:20.941",80941,,,,,,,19
1150,2026,1,16,16,"16","43","franco-colapinto","alpine","mercedes","pirelli",,,"1:21.200",81200,"1:21.270",81270,,,,,,,18
1150,2026,1,17,17,"17","14","fernando-alonso","aston-martin","honda","pirelli",,,"1:21.969",81969,,,,,,,,,10
1150,2026,1,18,18,"18","11","sergio-perez","cadillac","ferrari","pirelli",,,"1:22.605",82605,,,,,,,,,7
1150,2026,1,19,19,"19","77","valtteri-bottas","cadillac","ferrari","pirelli",,,"1:23.244",83244,,,,,,,,,8
1151,2026,2,1,1,"1","12","kimi-antonelli","mercedes","mercedes","pirelli",,,"1:33.305",93305,"1:32.443",92443,"1:32.064",92064,,,,,15
1151,2026,2,2,2,"2","63","george-russell","mercedes","mercedes","pirelli",,,"1:33.262",93262,"1:32.523",92523,"1:32.286",92286,"+0.222",222,"+0.222",222,13
1151,2026,2,3,3,"3","44","lewis-hamilton","ferrari","ferrari","pirelli",,,"1:33.522",93522,"1:32.567",92567,"1:32.415",92415,"+0.351",351,"+0.129",129,19
1151,2026,2,4,4,"4","16","charles-leclerc","ferrari","ferrari","pirelli",,,"1:33.175",93175,"1:32.486",92486,"1:32.428",92428,"+0.364",364,"+0.013",13,20
1151,2026,2,5,5,"5","81","oscar-piastri","mclaren","mercedes","pirelli",,,"1:33.590",93590,"1:33.130",93130,"1:32.550",92550,"+0.486",486,"+0.122",122,20
1151,2026,2,6,6,"6","1","lando-norris","mclaren","mercedes","pirelli",,,"1:33.535",93535,"1:32.910",92910,"1:32.608",92608,"+0.544",544,"+0.058",58,20
1151,2026,2,7,7,"7","10","pierre-gasly","alpine","mercedes","pirelli",,,"1:33.788",93788,"1:33.003",93003,"1:32.873",92873,"+0.809",809,"+0.265",265,21
1151,2026,2,8,8,"8","3","max-verstappen","red-bull","red-bull-ford","pirelli",,,"1:33.417",93417,"1:33.098",93098,"1:33.002",93002,"+0.938",938,"+0.129",129,20
1151,2026,2,9,9,"9","6","isack-hadjar","red-bull","red-bull-ford","pirelli",,,"1:33.632",93632,"1:33.352",93352,"1:33.121",93121,"+1.057",1057,"+0.119",119,20
1151,2026,2,10,10,"10","87","oliver-bearman","haas","ferrari","pirelli",,,"1:33.687",93687,"1:33.197",93197,"1:33.292",93292,"+1.228",1228,"+0.171",171,19
1151,2026,2,11,11,"11","27","nico-hulkenberg","audi","audi","pirelli",,,"1:34.116",94116,"1:33.354",93354,,,,,,,12
1151,2026,2,12,12,"12","43","franco-colapinto","alpine","mercedes","pirelli",,,"1:33.634",93634,"1:33.357",93357,,,,,,,15
1151,2026,2,13,13,"13","31","esteban-ocon","haas","ferrari","pirelli",,,"1:33.974",93974,"1:33.538",93538,,,,,,,14
1151,2026,2,14,14,"14","30","liam-lawson","racing-bulls","red-bull-ford","pirelli",,,"1:34.139",94139,"1:33.765",93765,,,,,,,15
1151,2026,2,15,15,"15","41","arvid-lindblad","racing-bulls","red-bull-ford","pirelli",,,"1:33.906",93906,"1:33.784",93784,,,,,,,15
1151,2026,2,16,16,"16","5","gabriel-bortoleto","audi","audi","pirelli",,,"1:33.549",93549,"1:33.965",93965,,,,,,,14
1151,2026,2,17,17,"17","55","carlos-sainz-jr","williams","mercedes","pirelli",,,"1:34.317",94317,,,,,,,,,10
1151,2026,2,18,18,"18","23","alexander-albon","williams","mercedes","pirelli",,,"1:34.772",94772,,,,,,,,,10
1151,2026,2,19,19,"19","14","fernando-alonso","aston-martin","honda","pirelli",,,"1:35.203",95203,,,,,,,,,9
1151,2026,2,20,20,"20","77","valtteri-bottas","cadillac","ferrari","pirelli",,,"1:35.436",95436,,,,,,,,,9
1151,2026,2,21,21,"21","18","lance-stroll","aston-martin","honda","pirelli",,,"1:35.995",95995,,,,,,,,,9
1151,2026,2,22,22,"22","11","sergio-perez","cadillac","ferrari","pirelli",,,"1:36.906",96906,,,,,,,,,6
1152,2026,3,1,1,"1","12","kimi-antonelli","mercedes","mercedes","pirelli",,,"1:30.035",90035,"1:29.048",89048,"1:28.778",88778,,,,,15
1152,2026,3,2,2,"2","63","george-russell","mercedes","mercedes","pirelli",,,"1:29.967",89967,"1:29.686",89686,"1:29.076",89076,"+0.298",298,"+0.298",298,21
1152,2026,3,3,3,"3","81","oscar-piastri","mclaren","mercedes","pirelli",,,"1:30.200",90200,"1:29.451",89451,"1:29.132",89132,"+0.354",354,"+0.056",56,20
1152,2026,3,4,4,"4","16","charles-leclerc","ferrari","ferrari","pirelli",,,"1:29.915",89915,"1:29.303",89303,"1:29.405",89405,"+0.627",627,"+0.273",273,18
1152,2026,3,5,5,"5","1","lando-norris","mclaren","mercedes","pirelli",,,"1:30.401",90401,"1:29.795",89795,"1:29.409",89409,"+0.631",631,"+0.004",4,20
1152,2026,3,6,6,"6","44","lewis-hamilton","ferrari","ferrari","pirelli",,,"1:30.309",90309,"1:29.589",89589,"1:29.567",89567,"+0.789",789,"+0.158",158,20
1152,2026,3,7,7,"7","10","pierre-gasly","alpine","mercedes","pirelli",,,"1:30.584",90584,"1:29.874",89874,"1:29.691",89691,"+0.913",913,"+0.124",124,18
1152,2026,3,8,8,"8","6","isack-hadjar","red-bull","red-bull-ford","pirelli",,,"1:30.662",90662,"1:30.104",90104,"1:29.978",89978,"+1.200",1200,"+0.287",287,17
1152,2026,3,9,9,"9","5","gabriel-bortoleto","audi","audi","pirelli",,,"1:30.359",90359,"1:29.990",89990,"1:30.274",90274,"+1.496",1496,"+0.296",296,20
1152,2026,3,10,10,"10","41","arvid-lindblad","racing-bulls","red-bull-ford","pirelli",,,"1:30.781",90781,"1:30.109",90109,"1:30.319",90319,"+1.541",1541,"+0.045",45,21
1152,2026,3,11,11,"11","3","max-verstappen","red-bull","red-bull-ford","pirelli",,,"1:30.519",90519,"1:30.262",90262,,,,,,,12
1152,2026,3,12,12,"12","31","esteban-ocon","haas","ferrari","pirelli",,,"1:30.915",90915,"1:30.309",90309,,,,,,,15
1152,2026,3,13,13,"13","27","nico-hulkenberg","audi","audi","pirelli",,,"1:30.358",90358,"1:30.387",90387,,,,,,,14
1152,2026,3,14,14,"14","30","liam-lawson","racing-bulls","red-bull-ford","pirelli",,,"1:30.657",90657,"1:30.495",90495,,,,,,,15
1152,2026,3,15,15,"15","43","franco-colapinto","alpine","mercedes","pirelli",,,"1:30.931",90931,"1:30.627",90627,,,,,,,12
1152,2026,3,16,16,"16","55","carlos-sainz-jr","williams","mercedes","pirelli",,,"1:30.927",90927,"1:31.033",91033,,,,,,,15
1152,2026,3,17,17,"17","23","alexander-albon","williams","mercedes","pirelli",,,"1:31.088",91088,,,,,,,,,9
1152,2026,3,18,18,"18","87","oliver-bearman","haas","ferrari","pirelli",,,"1:31.090",91090,,,,,,,,,9
1152,2026,3,19,19,"19","11","sergio-perez","cadillac","ferrari","pirelli",,,"1:32.206",92206,,,,,,,,,6
1152,2026,3,20,20,"20","77","valtteri-bottas","cadillac","ferrari","pirelli",,,"1:32.330",92330,,,,,,,,,9
1152,2026,3,21,21,"21","14","fernando-alonso","aston-martin","honda","pirelli",,,"1:32.646",92646,,,,,,,,,9
1152,2026,3,22,22,"22","18","lance-stroll","aston-martin","honda","pirelli",,,"1:32.920",92920,,,,,,,,,9
1153,2026,4,1,1,"1","12","kimi-antonelli","mercedes","mercedes","pirelli",,,"1:28.653",88653,"1:28.289",88289,"1:27.798",87798,,,,,17
1153,2026,4,2,2,"2","3","max-verstappen","red-bull","red-bull-ford","pirelli",,,"1:29.099",89099,"1:28.116",88116,"1:27.964",87964,"+0.166",166,"+0.166",166,15
1153,2026,4,3,3,"3","16","charles-leclerc","ferrari","ferrari","pirelli",,,"1:28.938",88938,"1:28.315",88315,"1:28.143",88143,"+0.345",345,"+0.179",179,21
1153,2026,4,4,4,"4","1","lando-norris","mclaren","mercedes","pirelli",,,"1:29.183",89183,"1:28.920",88920,"1:28.183",88183,"+0.385",385,"+0.040",40,20
1153,2026,4,5,5,"5","63","george-russell","mercedes","mercedes","pirelli",,,"1:29.492",89492,"1:28.477",88477,"1:28.197",88197,"+0.399",399,"+0.014",14,18
1153,2026,4,6,6,"6","44","lewis-hamilton","ferrari","ferrari","pirelli",,,"1:29.483",89483,"1:28.477",88477,"1:28.319",88319,"+0.521",521,"+0.122",122,21
1153,2026,4,7,7,"7","81","oscar-piastri","mclaren","mercedes","pirelli",,,"1:29.920",89920,"1:28.332",88332,"1:28.500",88500,"+0.702",702,"+0.181",181,20
1153,2026,4,8,8,"8","43","franco-colapinto","alpine","mercedes","pirelli",,,"1:29.584",89584,"1:28.975",88975,"1:28.762",88762,"+0.964",964,"+0.262",262,19
1153,2026,4,9,9,"9","10","pierre-gasly","alpine","mercedes","pirelli",,,"1:29.914",89914,"1:29.070",89070,"1:28.810",88810,"+1.012",1012,"+0.048",48,20
1153,2026,4,10,10,"10","27","nico-hulkenberg","audi","audi","pirelli",,,"1:29.645",89645,"1:29.439",89439,,,,,,,14
1153,2026,4,11,11,"11","30","liam-lawson","racing-bulls","red-bull-ford","pirelli",,,"1:29.595",89595,"1:29.499",89499,,,,,,,14
1153,2026,4,12,12,"12","87","oliver-bearman","haas","ferrari","pirelli",,,"1:29.340",89340,"1:29.567",89567,,,,,,,12
1153,2026,4,13,13,"13","55","carlos-sainz-jr","williams","mercedes","pirelli",,,"1:29.540",89540,"1:29.568",89568,,,,,,,15
1153,2026,4,14,14,"14","31","esteban-ocon","haas","ferrari","pirelli",,,"1:29.838",89838,"1:29.772",89772,,,,,,,15
1153,2026,4,15,15,"15","23","alexander-albon","williams","mercedes","pirelli",,,"1:29.720",89720,"1:29.946",89946,,,,,,,15
1153,2026,4,16,16,"16","41","arvid-lindblad","racing-bulls","red-bull-ford","pirelli",,,"1:30.133",90133,,,,,,,,,9
1153,2026,4,17,17,"17","14","fernando-alonso","aston-martin","honda","pirelli",,,"1:31.098",91098,,,,,,,,,8
1153,2026,4,18,18,"18","18","lance-stroll","aston-martin","honda","pirelli",,,"1:31.164",91164,,,,,,,,,9
1153,2026,4,19,19,"19","77","valtteri-bottas","cadillac","ferrari","pirelli",,,"1:31.629",91629,,,,,,,,,9
1153,2026,4,20,20,"20","11","sergio-perez","cadillac","ferrari","pirelli",,,"1:31.967",91967,,,,,,,,,9
1153,2026,4,21,21,"21","5","gabriel-bortoleto","audi","audi","pirelli",,,"1:33.737",93737,,,,,,,,,3
1153,2026,4,22,,"DSQ","6","isack-hadjar","red-bull","red-bull-ford","pirelli",,,"1:29.324",89324,"1:28.941",88941,"1:28.789",88789,,,,,
1154,2026,5,1,1,"1","63","george-russell","mercedes","mercedes","pirelli",,,"1:13.953",73953,"1:13.079",73079,"1:12.578",72578,,,,,24
1154,2026,5,2,2,"2","12","kimi-antonelli","mercedes","mercedes","pirelli",,,"1:13.380",73380,"1:13.076",73076,"1:12.646",72646,"+0.068",68,"+0.068",68,24
1154,2026,5,3,3,"3","1","lando-norris","mclaren","mercedes","pirelli",,,"1:13.503",73503,"1:13.049",73049,"1:12.729",72729,"+0.151",151,"+0.083",83,28
1154,2026,5,4,4,"4","81","oscar-piastri","mclaren","mercedes","pirelli",,,"1:13.559",73559,"1:13.285",73285,"1:12.781",72781,"+0.203",203,"+0.052",52,29
1154,2026,5,5,5,"5","44","lewis-hamilton","ferrari","ferrari","pirelli",,,"1:13.767",73767,"1:13.041",73041,"1:12.868",72868,"+0.290",290,"+0.087",87,27
1154,2026,5,6,6,"6","3","max-verstappen","red-bull","red-bull-ford","pirelli",,,"1:14.067",74067,"1:13.479",73479,"1:12.907",72907,"+0.329",329,"+0.039",39,23
1154,2026,5,7,7,"7","6","isack-hadjar","red-bull","red-bull-ford","pirelli",,,"1:13.654",73654,"1:12.975",72975,"1:12.935",72935,"+0.357",357,"+0.028",28,22
1154,2026,5,8,8,"8","16","charles-leclerc","ferrari","ferrari","pirelli",,,"1:13.825",73825,"1:13.496",73496,"1:12.976",72976,"+0.398",398,"+0.041",41,29
1154,2026,5,9,9,"9","41","arvid-lindblad","racing-bulls","red-bull-ford","pirelli",,,"1:13.895",73895,"1:13.548",73548,"1:13.280",73280,"+0.702",702,"+0.304",304,28
1154,2026,5,10,10,"10","43","franco-colapinto","alpine","mercedes","pirelli",,,"1:14.466",74466,"1:13.857",73857,"1:13.697",73697,"+1.119",1119,"+0.417",417,27
1154,2026,5,11,11,"11","27","nico-hulkenberg","audi","audi","pirelli",,,"1:14.562",74562,"1:13.886",73886,,,,,,,21
1154,2026,5,12,12,"12","30","liam-lawson","racing-bulls","red-bull-ford","pirelli",,,"1:14.346",74346,"1:13.897",73897,,,,,,,22
1154,2026,5,13,13,"13","5","gabriel-bortoleto","audi","audi","pirelli",,,"1:14.775",74775,"1:14.071",74071,,,,,,,22
1154,2026,5,14,14,"14","10","pierre-gasly","alpine","mercedes","pirelli",,,"1:14.698",74698,"1:14.187",74187,,,,,,,20
1154,2026,5,15,15,"15","55","carlos-sainz-jr","williams","mercedes","pirelli",,,"1:14.276",74276,"1:14.273",74273,,,,,,,21
1154,2026,5,16,16,"16","87","oliver-bearman","haas","ferrari","pirelli",,,"1:14.449",74449,"1:14.416",74416,,,,,,,22
1154,2026,5,17,17,"17","31","esteban-ocon","haas","ferrari","pirelli",,,"1:14.845",74845,,,,,,,,,12
1154,2026,5,18,18,"18","23","alexander-albon","williams","mercedes","pirelli",,,"1:14.851",74851,,,,,,,,,13
1154,2026,5,19,19,"19","14","fernando-alonso","aston-martin","honda","pirelli",,,"1:15.196",75196,,,,,,,,,11
1154,2026,5,20,20,"20","11","sergio-perez","cadillac","ferrari","pirelli",,,"1:15.429",75429,,,,,,,,,11
1154,2026,5,21,21,"21","18","lance-stroll","aston-martin","honda","pirelli",,,"1:16.195",76195,,,,,,,,,10
1154,2026,5,22,22,"22","77","valtteri-bottas","cadillac","ferrari","pirelli",,,"1:16.272",76272,,,,,,,,,10
1155,2026,6,1,1,"1","12","kimi-antonelli","mercedes","mercedes","pirelli",,,"1:13.599",73599,"1:12.704",72704,"1:12.051",72051,,,,,28
1155,2026,6,2,2,"2","3","max-verstappen","red-bull","red-bull-ford","pirelli",,,"1:13.490",73490,"1:12.499",72499,"1:12.094",72094,"+0.043",43,"+0.043",43,26
1155,2026,6,3,3,"3","44","lewis-hamilton","ferrari","ferrari","pirelli",,,"1:13.777",73777,"1:12.934",72934,"1:12.279",72279,"+0.228",228,"+0.185",185,28
1155,2026,6,4,4,"4","16","charles-leclerc","ferrari","ferrari","pirelli",,,"1:13.293",73293,"1:12.774",72774,"1:12.351",72351,"+0.300",300,"+0.072",72,29
1155,2026,6,5,5,"5","6","isack-hadjar","red-bull","red-bull-ford","pirelli",,,"1:14.408",74408,"1:12.722",72722,"1:12.434",72434,"+0.383",383,"+0.083",83,25
1155,2026,6,6,6,"6","63","george-russell","mercedes","mercedes","pirelli",,,"1:14.214",74214,"1:13.238",73238,"1:12.445",72445,"+0.394",394,"+0.011",11,28
1155,2026,6,7,7,"7","81","oscar-piastri","mclaren","mercedes","pirelli",,,"1:14.159",74159,"1:12.983",72983,"1:12.624",72624,"+0.573",573,"+0.179",179,29
1155,2026,6,8,8,"8","1","lando-norris","mclaren","mercedes","pirelli",,,"1:13.630",73630,"1:12.919",72919,"1:12.765",72765,"+0.714",714,"+0.141",141,28
1155,2026,6,9,9,"9","10","pierre-gasly","alpine","mercedes","pirelli",,,"1:14.469",74469,"1:13.762",73762,"1:13.226",73226,"+1.175",1175,"+0.461",461,32
1155,2026,6,10,10,"10","30","liam-lawson","racing-bulls","red-bull-ford","pirelli",,,"1:14.498",74498,"1:13.471",73471,"1:13.412",73412,"+1.361",1361,"+0.186",186,29
1155,2026,6,11,11,"11","23","alexander-albon","williams","mercedes","pirelli",,,"1:14.321",74321,"1:13.787",73787,,,,,,,24
1155,2026,6,12,12,"12","55","carlos-sainz-jr","williams","mercedes","pirelli",,,"1:14.348",74348,"1:13.815",73815,,,,,,,23
1155,2026,6,13,13,"13","27","nico-hulkenberg","audi","audi","pirelli",,,"1:13.923",73923,"1:13.902",73902,,,,,,,21
1155,2026,6,14,14,"14","43","franco-colapinto","alpine","mercedes","pirelli",,,"1:14.573",74573,"1:13.995",73995,,,,,,,24
1155,2026,6,15,15,"15","41","arvid-lindblad","racing-bulls","red-bull-ford","pirelli",,,"1:14.685",74685,"1:14.248",74248,,,,,,,23
1155,2026,6,16,16,"16","5","gabriel-bortoleto","audi","audi","pirelli",,,"1:14.683",74683,,,,,,,,,10
1155,2026,6,17,17,"17","31","esteban-ocon","haas","ferrari","pirelli",,,"1:14.722",74722,,,,,,,,,14
1155,2026,6,18,18,"18","11","sergio-perez","cadillac","ferrari","pirelli",,,"1:14.747",74747,,,,,,,,,12
1155,2026,6,19,19,"19","87","oliver-bearman","haas","ferrari","pirelli",,,"1:14.814",74814,,,,,,,,,14
1155,2026,6,20,20,"20","77","valtteri-bottas","cadillac","ferrari","pirelli",,,"1:15.283",75283,,,,,,,,,13
1155,2026,6,21,21,"21","14","fernando-alonso","aston-martin","honda","pirelli",,,"1:15.349",75349,,,,,,,,,13
1155,2026,6,22,22,"22","18","lance-stroll","aston-martin","honda","pirelli",,,"1:16.061",76061,,,,,,,,,11
1156,2026,7,1,1,"1","63","george-russell","mercedes","mercedes","pirelli",,,"1:15.717",75717,"1:15.228",75228,"1:14.679",74679,,,,,13
1156,2026,7,2,2,"2","44","lewis-hamilton","ferrari","ferrari","pirelli",,,"1:15.625",75625,"1:15.418",75418,"1:14.743",74743,"+0.064",64,"+0.064",64,14
1156,2026,7,3,3,"3","12","kimi-antonelli","mercedes","mercedes","pirelli",,,"1:15.977",75977,"1:15.295",75295,"1:14.998",74998,"+0.319",319,"+0.255",255,14
1156,2026,7,4,4,"4","1","lando-norris","mclaren","mercedes","pirelli",,,"1:16.287",76287,"1:15.361",75361,"1:15.001",75001,"+0.322",322,"+0.003",3,14
1156,2026,7,5,5,"5","3","max-verstappen","red-bull","red-bull-ford","pirelli",,,"1:16.352",76352,"1:15.484",75484,"1:15.021",75021,"+0.342",342,"+0.020",20,12
1156,2026,7,6,6,"6","6","isack-hadjar","red-bull","red-bull-ford","pirelli",,,"1:16.427",76427,"1:15.754",75754,"1:15.077",75077,"+0.398",398,"+0.056",56,14
1156,2026,7,7,7,"7","81","oscar-piastri","mclaren","mercedes","pirelli",,,"1:16.138",76138,"1:15.518",75518,"1:15.090",75090,"+0.411",411,"+0.013",13,15
1156,2026,7,8,8,"8","30","liam-lawson","racing-bulls","red-bull-ford","pirelli",,,"1:16.673",76673,"1:15.585",75585,"1:16.542",76542,"+1.863",1863,"+1.452",1452,14
1156,2026,7,9,9,"9","27","nico-hulkenberg","audi","audi","pirelli",,,"1:16.066",76066,"1:15.768",75768,"1:16.657",76657,"+1.978",1978,"+0.115",115,17
1156,2026,7,10,10,"10","16","charles-leclerc","ferrari","ferrari","pirelli",,,"1:15.964",75964,"1:15.281",75281,,,,,,,8
1156,2026,7,11,11,"11","41","arvid-lindblad","racing-bulls","red-bull-ford","pirelli",,,"1:16.425",76425,"1:15.840",75840,,,,,,,8
1156,2026,7,12,12,"12","5","gabriel-bortoleto","audi","audi","pirelli",,,"1:16.616",76616,"1:16.001",76001,,,,,,,9
1156,2026,7,13,13,"13","43","franco-colapinto","alpine","mercedes","pirelli",,,"1:16.590",76590,"1:16.191",76191,,,,,,,12
1156,2026,7,14,14,"14","10","pierre-gasly","alpine","mercedes","pirelli",,,"1:16.599",76599,"1:16.261",76261,,,,,,,12
1156,2026,7,15,15,"15","87","oliver-bearman","haas","ferrari","pirelli",,,"1:16.571",76571,"1:16.389",76389,,,,,,,15
1156,2026,7,16,16,"16","55","carlos-sainz-jr","williams","mercedes","pirelli",,,"1:16.881",76881,"1:17.827",77827,,,,,,,15
1156,2026,7,17,17,"17","31","esteban-ocon","haas","ferrari","pirelli",,,"1:17.073",77073,,,,,,,,,9
1156,2026,7,18,18,"18","23","alexander-albon","williams","mercedes","pirelli",,,"1:17.424",77424,,,,,,,,,9
1156,2026,7,19,19,"19","11","sergio-perez","cadillac","ferrari","pirelli",,,"1:17.545",77545,,,,,,,,,6
1156,2026,7,20,20,"20","77","valtteri-bottas","cadillac","ferrari","pirelli",,,"1:17.757",77757,,,,,,,,,9
1156,2026,7,21,21,"21","18","lance-stroll","aston-martin","honda","pirelli",,,"1:18.758",78758,,,,,,,,,8
1156,2026,7,22,22,"22","14","fernando-alonso","aston-martin","honda","pirelli",,,"1:18.815",78815,,,,,,,,,8
1157,2026,8,1,1,"1","63","george-russell","mercedes","mercedes","pirelli",,,"1:07.398",67398,"1:06.979",66979,"1:06.113",66113,,,,,20
1157,2026,8,2,2,"2","16","charles-leclerc","ferrari","ferrari","pirelli",,,"1:07.543",67543,"1:07.030",67030,"1:06.349",66349,"+0.236",236,"+0.236",236,15
1157,2026,8,3,3,"3","44","lewis-hamilton","ferrari","ferrari","pirelli",,,"1:07.290",67290,"1:06.994",66994,"1:06.408",66408,"+0.295",295,"+0.059",59,14
1157,2026,8,4,4,"4","12","kimi-antonelli","mercedes","mercedes","pirelli",,,"1:07.083",67083,"1:06.763",66763,"1:06.414",66414,"+0.301",301,"+0.006",6,17
1157,2026,8,5,5,"5","3","max-verstappen","red-bull","red-bull-ford","pirelli",,,"1:07.407",67407,"1:07.183",67183,"1:06.475",66475,"+0.362",362,"+0.061",61,11
1157,2026,8,6,6,"6","1","lando-norris","mclaren","mercedes","pirelli",,,"1:07.259",67259,"1:06.897",66897,"1:06.502",66502,"+0.389",389,"+0.027",27,15
1157,2026,8,7,7,"7","81","oscar-piastri","mclaren","mercedes","pirelli",,,"1:07.487",67487,"1:06.890",66890,"1:06.511",66511,"+0.398",398,"+0.009",9,14
1157,2026,8,8,8,"8","6","isack-hadjar","red-bull","red-bull-ford","pirelli",,,"1:07.408",67408,"1:07.086",67086,"1:06.632",66632,"+0.519",519,"+0.121",121,18
1157,2026,8,9,9,"9","30","liam-lawson","racing-bulls","red-bull-ford","pirelli",,,"1:07.385",67385,"1:07.136",67136,"1:06.955",66955,"+0.842",842,"+0.323",323,18
1157,2026,8,10,10,"10","41","arvid-lindblad","racing-bulls","red-bull-ford","pirelli",,,"1:07.549",67549,"1:07.155",67155,"1:07.007",67007,"+0.894",894,"+0.052",52,18
1157,2026,8,11,11,"11","10","pierre-gasly","alpine","mercedes","pirelli",,,"1:08.038",68038,"1:07.223",67223,,,,,,,12
1157,2026,8,12,12,"12","5","gabriel-bortoleto","audi","audi","pirelli",,,"1:08.035",68035,"1:07.293",67293,,,,,,,12
1157,2026,8,13,13,"13","87","oliver-bearman","haas","ferrari","pirelli",,,"1:08.061",68061,"1:07.523",67523,,,,,,,12
1157,2026,8,14,14,"14","27","nico-hulkenberg","audi","audi","pirelli",,,"1:08.066",68066,"1:07.611",67611,,,,,,,15
1157,2026,8,15,15,"15","31","esteban-ocon","haas","ferrari","pirelli",,,"1:08.231",68231,"1:07.817",67817,,,,,,,15
1157,2026,8,16,16,"16","43","franco-colapinto","alpine","mercedes","pirelli",,,"1:07.894",67894,"1:08.171",68171,,,,,,,11
1157,2026,8,17,17,"17","55","carlos-sainz-jr","williams","mercedes","pirelli",,,"1:08.252",68252,,,,,,,,,9
1157,2026,8,18,18,"18","23","alexander-albon","williams","mercedes","pirelli",,,"1:08.509",68509,,,,,,,,,9
1157,2026,8,19,19,"19","11","sergio-perez","cadillac","ferrari","pirelli",,,"1:08.945",68945,,,,,,,,,9
1157,2026,8,20,20,"20","77","valtteri-bottas","cadillac","ferrari","pirelli",,,"1:09.030",69030,,,,,,,,,9
1157,2026,8,21,21,"21","14","fernando-alonso","aston-martin","honda","pirelli",,,"1:09.942",69942,,,,,,,,,9
1157,2026,8,22,22,"22","18","lance-stroll","aston-martin","honda","pirelli",,,"1:10.363",70363,,,,,,,,,8
